2.697206420898437500e+02
2.696307067871093750e+02
2.692645874023437500e+02
2.697257995605468750e+02
2.703046569824218750e+02
2.708276977539062500e+02
2.707807312011718750e+02
2.708557128906250000e+02
2.713132324218750000e+02
2.712613525390625000e+02
2.708158264160156250e+02
2.715449523925781250e+02
2.718406066894531250e+02
2.711895446777343750e+02
2.707709045410156250e+02
2.722738037109375000e+02
2.723330688476562500e+02
2.710515136718750000e+02
2.704381103515625000e+02
2.711732788085937500e+02
2.713456420898437500e+02
2.710477905273437500e+02
2.701622924804687500e+02
2.699545593261718750e+02
2.693976135253906250e+02
2.697767028808593750e+02
2.697422180175781250e+02
2.699234008789062500e+02
2.696898193359375000e+02
2.699200744628906250e+02
2.701122741699218750e+02
2.714244689941406250e+02
2.713755187988281250e+02
2.706604614257812500e+02
2.699350891113281250e+02
2.712004394531250000e+02
2.711842651367187500e+02
2.715387573242187500e+02
2.709745178222656250e+02
2.707157592773437500e+02
2.705204467773437500e+02
2.704058837890625000e+02
2.704045715332031250e+02
2.704800720214843750e+02
2.704275207519531250e+02
2.709051818847656250e+02
2.706628417968750000e+02
2.702365722656250000e+02
2.707293701171875000e+02
2.712398681640625000e+02
2.705364990234375000e+02
2.701171875000000000e+02
2.700745849609375000e+02
2.698687438964843750e+02
2.696031188964843750e+02
2.713727416992187500e+02
2.720220642089843750e+02
2.711963500976562500e+02
2.709169006347656250e+02
2.709243164062500000e+02
2.717626647949218750e+02
2.718582763671875000e+02
2.720915527343750000e+02
2.725237731933593750e+02
2.729505004882812500e+02
2.721824645996093750e+02
2.717269287109375000e+02
2.718677062988281250e+02
2.720745239257812500e+02
2.711078796386718750e+02
2.705436401367187500e+02
2.698095092773437500e+02
2.702749023437500000e+02
2.708418579101562500e+02
2.709552612304687500e+02
2.710989379882812500e+02
2.712875671386718750e+02
2.704423522949218750e+02
2.692890319824218750e+02
2.685921325683593750e+02
2.705858764648437500e+02
2.716950988769531250e+02
2.715393981933593750e+02
2.702987365722656250e+02
2.697318115234375000e+02
2.701290283203125000e+02
2.702873229980468750e+02
2.697765808105468750e+02
2.698275451660156250e+02
2.709460449218750000e+02
2.712265014648437500e+02
2.715969238281250000e+02
2.714909667968750000e+02
2.709691162109375000e+02
2.706886596679687500e+02
2.703995666503906250e+02
2.701965637207031250e+02
2.706615905761718750e+02
2.704829406738281250e+02
2.694302368164062500e+02
2.690468139648437500e+02
2.690290832519531250e+02
2.696324462890625000e+02
2.687352294921875000e+02
2.687164611816406250e+02
2.690650634765625000e+02
2.693518676757812500e+02
2.687333068847656250e+02
2.685856323242187500e+02
2.687568054199218750e+02
2.690733642578125000e+02
2.686246643066406250e+02
2.688506774902343750e+02
2.691038818359375000e+02
2.690832214355468750e+02
2.696236572265625000e+02
2.696124572753906250e+02
2.689257507324218750e+02
2.687454528808593750e+02
2.686110534667968750e+02
2.691867065429687500e+02
2.693945617675781250e+02
2.694100341796875000e+02
2.699284667968750000e+02
2.696248168945312500e+02
2.690093994140625000e+02
2.682624511718750000e+02
2.677070007324218750e+02
2.672747497558593750e+02
2.666575317382812500e+02
2.662616271972656250e+02
2.663323669433593750e+02
2.675753173828125000e+02
2.688545227050781250e+02
2.690476074218750000e+02
2.683648376464843750e+02
2.676795959472656250e+02
2.672212524414062500e+02
2.673631591796875000e+02
2.663288574218750000e+02
2.656684875488281250e+02
2.648374023437500000e+02
2.648119812011718750e+02
2.646803283691406250e+02
2.647330932617187500e+02
2.645960998535156250e+02
2.653928833007812500e+02
2.664429016113281250e+02
2.682808837890625000e+02
2.690600585937500000e+02
2.698469848632812500e+02
2.700843505859375000e+02
2.707811889648437500e+02
2.710575866699218750e+02
2.715917358398437500e+02
2.726183776855468750e+02
2.727346801757812500e+02
2.725558776855468750e+02
2.725168457031250000e+02
2.726534118652343750e+02
2.727271423339843750e+02
2.722624816894531250e+02
2.722175598144531250e+02
2.723693237304687500e+02
2.724780273437500000e+02
2.721085815429687500e+02
2.717558593750000000e+02
2.718616943359375000e+02
2.718139953613281250e+02
2.716397094726562500e+02
2.717852478027343750e+02
2.719156494140625000e+02
2.720646362304687500e+02
2.716191101074218750e+02
2.708950500488281250e+02
2.715658569335937500e+02
2.717036437988281250e+02
2.711091613769531250e+02
2.706619873046875000e+02
2.715357666015625000e+02
2.721580505371093750e+02
2.720600891113281250e+02
2.718461303710937500e+02
2.714216613769531250e+02
2.712812194824218750e+02
2.709681091308593750e+02
2.709202880859375000e+02
2.708617248535156250e+02
2.709382324218750000e+02
2.695643615722656250e+02
2.696187133789062500e+02
2.705599670410156250e+02
2.705938110351562500e+02
2.693190612792968750e+02
2.680139770507812500e+02
2.681014404296875000e+02
2.687218933105468750e+02
2.692268676757812500e+02
2.694401245117187500e+02
2.701983032226562500e+02
2.698422851562500000e+02
2.698492431640625000e+02
2.701896667480468750e+02
2.712013549804687500e+02
2.718572082519531250e+02
2.713816833496093750e+02
2.713413085937500000e+02
2.720057373046875000e+02
2.720894470214843750e+02
2.719461059570312500e+02
2.717924499511718750e+02
2.719635314941406250e+02
2.718892211914062500e+02
2.713186035156250000e+02
2.708957214355468750e+02
2.706292419433593750e+02
2.705330200195312500e+02
2.697207031250000000e+02
2.690039062500000000e+02
2.676573791503906250e+02
2.664119262695312500e+02
2.656578369140625000e+02
2.662109680175781250e+02
2.673109436035156250e+02
2.671206970214843750e+02
2.666316833496093750e+02
2.666571960449218750e+02
2.671455383300781250e+02
2.663240661621093750e+02
2.657496032714843750e+02
2.645248718261718750e+02
2.632465515136718750e+02
2.645568847656250000e+02
2.663811950683593750e+02
2.666010437011718750e+02
2.658764953613281250e+02
2.658228149414062500e+02
2.660814208984375000e+02
2.668980102539062500e+02
2.678207397460937500e+02
2.684361572265625000e+02
2.691945190429687500e+02
2.689307556152343750e+02
2.680214538574218750e+02
2.672515869140625000e+02
2.679096679687500000e+02
2.688513183593750000e+02
2.694326782226562500e+02
2.696448974609375000e+02
2.695656127929687500e+02
2.700210876464843750e+02
2.702341613769531250e+02
2.700097045898437500e+02
2.697182617187500000e+02
2.696843872070312500e+02
2.686030273437500000e+02
2.678278503417968750e+02
2.679579772949218750e+02
2.674704589843750000e+02
2.667370910644531250e+02
2.673046264648437500e+02
2.687230529785156250e+02
2.700556640625000000e+02
2.708993530273437500e+02
2.706923217773437500e+02
2.700938415527343750e+02
2.699654541015625000e+02
2.689844360351562500e+02
2.674438171386718750e+02
2.648826293945312500e+02
2.622722778320312500e+02
2.617578430175781250e+02
2.621911926269531250e+02
2.627892761230468750e+02
2.626546325683593750e+02
2.622065429687500000e+02
2.618856811523437500e+02
2.608417053222656250e+02
2.607767639160156250e+02
2.613743591308593750e+02
2.612938232421875000e+02
2.615078735351562500e+02
2.621289978027343750e+02
2.635229187011718750e+02
2.656892700195312500e+02
2.675127563476562500e+02
2.688840332031250000e+02
2.695115966796875000e+02
2.703994750976562500e+02
2.705082397460937500e+02
2.705347900390625000e+02
2.707622070312500000e+02
2.705279846191406250e+02
2.698526916503906250e+02
2.693804931640625000e+02
2.695451354980468750e+02
2.695782470703125000e+02
2.694153442382812500e+02
2.691998291015625000e+02
2.689348144531250000e+02
2.683553771972656250e+02
2.676867675781250000e+02
2.660299377441406250e+02
2.641026916503906250e+02
2.624207153320312500e+02
2.630509033203125000e+02
2.659765625000000000e+02
2.671722412109375000e+02
2.671098632812500000e+02
2.662633361816406250e+02
2.669338378906250000e+02
2.672606201171875000e+02
2.655906982421875000e+02
2.621763916015625000e+02
2.603153991699218750e+02
2.613688049316406250e+02
2.640570068359375000e+02
2.678248291015625000e+02
2.689146728515625000e+02
2.664601440429687500e+02
2.633306274414062500e+02
2.604998779296875000e+02
2.622310791015625000e+02
2.672377014160156250e+02
2.688761901855468750e+02
2.678024291992187500e+02
2.669801940917968750e+02
2.658267822265625000e+02
2.631737976074218750e+02
2.611089477539062500e+02
2.597124938964843750e+02
2.592951049804687500e+02
2.590681762695312500e+02
2.595317077636718750e+02
2.604644470214843750e+02
2.663374328613281250e+02
2.691866149902343750e+02
2.684164123535156250e+02
2.672281799316406250e+02
2.665338439941406250e+02
2.652965698242187500e+02
2.636350708007812500e+02
2.629825744628906250e+02
2.636858825683593750e+02
2.640205993652343750e+02
2.623131713867187500e+02
2.618032531738281250e+02
2.666601257324218750e+02
2.681799011230468750e+02
2.684456176757812500e+02
2.681273193359375000e+02
2.678649291992187500e+02
2.674216918945312500e+02
2.660872802734375000e+02
2.660298767089843750e+02
2.677087707519531250e+02
2.698163757324218750e+02
2.718002014160156250e+02
2.707354431152343750e+02
2.694674072265625000e+02
2.711803588867187500e+02
2.702097167968750000e+02
2.697843933105468750e+02
2.711166076660156250e+02
2.706100463867187500e+02
2.689846191406250000e+02
2.683454895019531250e+02
2.682902832031250000e+02
2.692990112304687500e+02
2.688729858398437500e+02
2.682878417968750000e+02
2.689257202148437500e+02
2.687096557617187500e+02
2.663872070312500000e+02
2.630780029296875000e+02
2.612053833007812500e+02
2.601100769042968750e+02
2.595563964843750000e+02
2.577022705078125000e+02
2.546395874023437500e+02
2.545753021240234375e+02
2.575032653808593750e+02
2.581121520996093750e+02
2.581826782226562500e+02
2.584541931152343750e+02
2.583241882324218750e+02
2.625372924804687500e+02
2.648002319335937500e+02
2.660219726562500000e+02
2.646344909667968750e+02
2.639430541992187500e+02
2.631974792480468750e+02
2.624445495605468750e+02
2.619593505859375000e+02
2.617790222167968750e+02
2.632363281250000000e+02
2.642136535644531250e+02
2.636935424804687500e+02
2.636711425781250000e+02
2.640191040039062500e+02
2.640360717773437500e+02
2.635734863281250000e+02
2.633527832031250000e+02
2.635942077636718750e+02
2.640040283203125000e+02
2.635856323242187500e+02
2.627014770507812500e+02
2.643294982910156250e+02
2.660120239257812500e+02
2.660785217285156250e+02
2.674922485351562500e+02
2.672490234375000000e+02
2.666127624511718750e+02
2.662568969726562500e+02
2.671190490722656250e+02
2.689294128417968750e+02
2.690335693359375000e+02
2.690046081542968750e+02
2.689546813964843750e+02
2.673693237304687500e+02
2.668117370605468750e+02
2.661622009277343750e+02
2.658829040527343750e+02
2.649008789062500000e+02
2.645317687988281250e+02
2.650993041992187500e+02
2.674401245117187500e+02
2.696033325195312500e+02
2.711027221679687500e+02
2.723056945800781250e+02
2.737323608398437500e+02
2.724467163085937500e+02
2.695223999023437500e+02
2.672605895996093750e+02
2.662224731445312500e+02
2.651516113281250000e+02
2.652746276855468750e+02
2.650823059082031250e+02
2.645417785644531250e+02
2.645000915527343750e+02
2.641391906738281250e+02
2.633024597167968750e+02
2.625833129882812500e+02
2.611010437011718750e+02
2.601953735351562500e+02
2.591672363281250000e+02
2.587299499511718750e+02
2.582654724121093750e+02
2.580889587402343750e+02
2.558905334472656250e+02
2.549122772216796875e+02
2.558879547119140625e+02
2.565964660644531250e+02
2.563590087890625000e+02
2.552899932861328125e+02
2.541336059570312500e+02
2.530699920654296875e+02
2.522014923095703125e+02
2.522025299072265625e+02
2.520335693359375000e+02
2.520565032958984375e+02
2.521742095947265625e+02
2.521678771972656250e+02
2.525451965332031250e+02
2.531757965087890625e+02
2.537335968017578125e+02
2.539916229248046875e+02
2.538804016113281250e+02
2.542821197509765625e+02
2.544118194580078125e+02
2.550098724365234375e+02
2.608937988281250000e+02
2.629166564941406250e+02
2.584957580566406250e+02
2.561372680664062500e+02
2.554301147460937500e+02
2.547574310302734375e+02
2.544026031494140625e+02
2.552323913574218750e+02
2.567976684570312500e+02
2.575567932128906250e+02
2.559486846923828125e+02
2.561940917968750000e+02
2.558491058349609375e+02
2.550974884033203125e+02
2.540683135986328125e+02
2.537576141357421875e+02
2.544392852783203125e+02
2.568592529296875000e+02
2.612850646972656250e+02
2.629923400878906250e+02
2.613675537109375000e+02
2.589235229492187500e+02
2.555252838134765625e+02
2.538578796386718750e+02
2.516585235595703125e+02
2.509266967773437500e+02
2.506532287597656250e+02
2.506293029785156250e+02
2.522285461425781250e+02
2.546999206542968750e+02
2.550427246093750000e+02
2.541978759765625000e+02
2.527355194091796875e+02
2.515264129638671875e+02
2.507689971923828125e+02
2.507415008544921875e+02
2.509469604492187500e+02
2.512887420654296875e+02
2.509364776611328125e+02
2.512950897216796875e+02
2.520138092041015625e+02
2.524744262695312500e+02
2.523988952636718750e+02
2.516933441162109375e+02
2.507403259277343750e+02
2.524055480957031250e+02
2.552261657714843750e+02
2.566247863769531250e+02
2.565604858398437500e+02
2.559165344238281250e+02
2.546819152832031250e+02
2.535416870117187500e+02
2.517171783447265625e+02
2.506800994873046875e+02
2.495800323486328125e+02
2.487532958984375000e+02
2.477644195556640625e+02
2.471504058837890625e+02
2.479919586181640625e+02
2.528499755859375000e+02
2.604272460937500000e+02
2.609955749511718750e+02
2.577989196777343750e+02
2.563458557128906250e+02
2.543610534667968750e+02
2.521315460205078125e+02
2.513793029785156250e+02
2.531093292236328125e+02
2.578515014648437500e+02
2.610320129394531250e+02
2.621489562988281250e+02
2.647701721191406250e+02
2.679097900390625000e+02
2.680759582519531250e+02
2.674572143554687500e+02
2.659918823242187500e+02
2.626946105957031250e+02
2.593713989257812500e+02
2.576049499511718750e+02
2.565558776855468750e+02
2.539369812011718750e+02
2.529423522949218750e+02
2.525171966552734375e+02
2.533976593017578125e+02
2.554041595458984375e+02
2.596977844238281250e+02
2.608801879882812500e+02
2.600801086425781250e+02
2.575982971191406250e+02
2.540902862548828125e+02
2.529283447265625000e+02
2.530006713867187500e+02
2.540508880615234375e+02
2.548408050537109375e+02
2.561556701660156250e+02
2.595425109863281250e+02
2.645070800781250000e+02
2.703896179199218750e+02
2.717052612304687500e+02
2.680823974609375000e+02
2.665502319335937500e+02
2.660761108398437500e+02
2.680995178222656250e+02
2.699536437988281250e+02
2.690940551757812500e+02
2.696335449218750000e+02
2.698589782714843750e+02
2.696819458007812500e+02
2.701370239257812500e+02
2.719325561523437500e+02
2.725838012695312500e+02
2.731527709960937500e+02
2.730461120605468750e+02
2.726563415527343750e+02
2.707705688476562500e+02
2.694634704589843750e+02
2.696311950683593750e+02
2.686505126953125000e+02
2.670844421386718750e+02
2.654938049316406250e+02
2.621582946777343750e+02
2.615764465332031250e+02
2.621831054687500000e+02
2.640326538085937500e+02
2.660785522460937500e+02
2.669881896972656250e+02
2.669102478027343750e+02
2.667189941406250000e+02
2.659332580566406250e+02
2.655449829101562500e+02
2.662901611328125000e+02
2.678507080078125000e+02
2.672973632812500000e+02
2.666800537109375000e+02
2.642713317871093750e+02
2.621065979003906250e+02
2.612160339355468750e+02
2.626504516601562500e+02
2.653968811035156250e+02
2.668417968750000000e+02
2.666178588867187500e+02
2.666700439453125000e+02
2.685942687988281250e+02
2.687154541015625000e+02
2.672530517578125000e+02
2.641811523437500000e+02
2.598259887695312500e+02
2.560859069824218750e+02
2.542713317871093750e+02
2.537648773193359375e+02
2.544322357177734375e+02
2.543569793701171875e+02
2.548061981201171875e+02
2.559268035888671875e+02
2.612098388671875000e+02
2.675198059082031250e+02
2.692512207031250000e+02
2.688216552734375000e+02
2.689880676269531250e+02
2.694453430175781250e+02
2.714205017089843750e+02
2.692595214843750000e+02
2.684274291992187500e+02
2.666659851074218750e+02
2.657056274414062500e+02
2.651528015136718750e+02
2.653344421386718750e+02
2.631395874023437500e+02
2.617373657226562500e+02
2.618892517089843750e+02
2.633640441894531250e+02
2.635405883789062500e+02
2.611182556152343750e+02
2.610270080566406250e+02
2.606915588378906250e+02
2.606203308105468750e+02
2.593581848144531250e+02
2.561318664550781250e+02
2.530525665283203125e+02
2.523766479492187500e+02
2.529320831298828125e+02
2.528239898681640625e+02
2.544317779541015625e+02
2.591930236816406250e+02
2.635027465820312500e+02
2.651090087890625000e+02
2.647979736328125000e+02
2.637647399902343750e+02
2.624888305664062500e+02
2.625271606445312500e+02
2.632933654785156250e+02
2.655509948730468750e+02
2.678119812011718750e+02
2.694985656738281250e+02
2.702905578613281250e+02
2.712154541015625000e+02
2.711867675781250000e+02
2.709141540527343750e+02
2.706781005859375000e+02
2.704772338867187500e+02
2.699343872070312500e+02
2.697762756347656250e+02
2.698511962890625000e+02
2.702033386230468750e+02
2.704000854492187500e+02
2.707667846679687500e+02
2.707323608398437500e+02
2.705332336425781250e+02
2.705934448242187500e+02
2.709580993652343750e+02
2.718023376464843750e+02
2.724219970703125000e+02
2.721258850097656250e+02
2.723995361328125000e+02
2.723502502441406250e+02
2.709252624511718750e+02
2.693166809082031250e+02
2.682751464843750000e+02
2.682684631347656250e+02
2.679723510742187500e+02
2.682854919433593750e+02
2.678502502441406250e+02
2.681648864746093750e+02
2.674054260253906250e+02
2.659608154296875000e+02
2.648773498535156250e+02
2.641086120605468750e+02
2.638581848144531250e+02
2.624467468261718750e+02
2.615490722656250000e+02
2.599543457031250000e+02
2.592634887695312500e+02
2.589712219238281250e+02
2.605056457519531250e+02
2.625365295410156250e+02
2.620281066894531250e+02
2.575946350097656250e+02
2.532179260253906250e+02
2.501977996826171875e+02
2.491542663574218750e+02
2.482785949707031250e+02
2.483141174316406250e+02
2.484093475341796875e+02
2.489596252441406250e+02
2.494573974609375000e+02
2.490749359130859375e+02
2.488213348388671875e+02
2.482046966552734375e+02
2.479995880126953125e+02
2.481283721923828125e+02
2.477391204833984375e+02
2.474160461425781250e+02
2.480847015380859375e+02
2.487171325683593750e+02
2.484281158447265625e+02
2.479859619140625000e+02
2.474911041259765625e+02
2.469028625488281250e+02
2.455693054199218750e+02
2.460168914794921875e+02
2.463161163330078125e+02
2.466636962890625000e+02
2.463195343017578125e+02
2.462592163085937500e+02
2.460289306640625000e+02
2.454429931640625000e+02
2.456134185791015625e+02
2.460017700195312500e+02
2.472895355224609375e+02
2.483006744384765625e+02
2.474090728759765625e+02
2.468052825927734375e+02
2.464961853027343750e+02
2.461569671630859375e+02
2.455875244140625000e+02
2.455450286865234375e+02
2.449983825683593750e+02
2.445305938720703125e+02
2.439746246337890625e+02
2.439479217529296875e+02
2.439684753417968750e+02
2.441986236572265625e+02
2.439632110595703125e+02
2.455610198974609375e+02
2.488913421630859375e+02
2.508576965332031250e+02
2.518660736083984375e+02
2.544044799804687500e+02
2.607080993652343750e+02
2.597966918945312500e+02
2.601816101074218750e+02
2.665529479980468750e+02
2.693496093750000000e+02
2.653251342773437500e+02
2.622107849121093750e+02
2.596741333007812500e+02
2.594219360351562500e+02
2.622872619628906250e+02
2.639650573730468750e+02
2.646936645507812500e+02
2.644864501953125000e+02
2.640296020507812500e+02
2.638458251953125000e+02
2.651601867675781250e+02
2.642819824218750000e+02
2.631964416503906250e+02
2.658125610351562500e+02
2.713386840820312500e+02
2.732536926269531250e+02
2.735190124511718750e+02
2.726227111816406250e+02
2.694371032714843750e+02
2.644331054687500000e+02
2.626102294921875000e+02
2.612963867187500000e+02
2.611756591796875000e+02
2.645331420898437500e+02
2.669604187011718750e+02
2.680493164062500000e+02
2.689935302734375000e+02
2.697613525390625000e+02
2.700599365234375000e+02
2.699627075195312500e+02
2.703591308593750000e+02
2.677697143554687500e+02
2.653372192382812500e+02
2.639229736328125000e+02
2.636993408203125000e+02
2.659800109863281250e+02
2.664280700683593750e+02
2.663404541015625000e+02
2.659900512695312500e+02
2.647254943847656250e+02
2.646569213867187500e+02
2.637919311523437500e+02
2.621319274902343750e+02
2.597707519531250000e+02
2.575086364746093750e+02
2.562321777343750000e+02
2.552180480957031250e+02
2.543037719726562500e+02
2.535525817871093750e+02
2.532572479248046875e+02
2.528988189697265625e+02
2.524490509033203125e+02
2.531527709960937500e+02
2.541201629638671875e+02
2.564881591796875000e+02
2.579656982421875000e+02
2.587351684570312500e+02
2.581087951660156250e+02
2.568104248046875000e+02
2.550179443359375000e+02
2.537519836425781250e+02
2.541856384277343750e+02
2.554691314697265625e+02
2.590451049804687500e+02
2.599093017578125000e+02
2.582349853515625000e+02
2.575111083984375000e+02
2.546343383789062500e+02
2.547609710693359375e+02
2.570648193359375000e+02
2.635008544921875000e+02
2.628875122070312500e+02
2.630224914550781250e+02
2.669066467285156250e+02
2.700981750488281250e+02
2.691548156738281250e+02
2.687878723144531250e+02
2.667437133789062500e+02
2.633987426757812500e+02
2.597290039062500000e+02
2.546527557373046875e+02
2.525034332275390625e+02
2.519015960693359375e+02
2.512971801757812500e+02
2.515329437255859375e+02
2.510345764160156250e+02
2.512735443115234375e+02
2.518023529052734375e+02
2.548343658447265625e+02
2.598702392578125000e+02
2.656780700683593750e+02
2.674228210449218750e+02
2.674901428222656250e+02
2.676872558593750000e+02
2.681832580566406250e+02
2.661705932617187500e+02
2.653182983398437500e+02
2.640267333984375000e+02
2.628575134277343750e+02
2.603580932617187500e+02
2.586872253417968750e+02
2.583665161132812500e+02
2.571367797851562500e+02
2.558000488281250000e+02
2.554242858886718750e+02
2.550436706542968750e+02
2.556943206787109375e+02
2.560857849121093750e+02
2.574205322265625000e+02
2.575585632324218750e+02
2.588817443847656250e+02
2.604505310058593750e+02
2.621395874023437500e+02
2.632204589843750000e+02
2.658225097656250000e+02
2.655426940917968750e+02
2.613718261718750000e+02
2.588730773925781250e+02
2.572138061523437500e+02
2.574152526855468750e+02
2.598853454589843750e+02
2.596025695800781250e+02
2.587239074707031250e+02
2.571973571777343750e+02
2.559007568359375000e+02
2.541343536376953125e+02
2.520787658691406250e+02
2.507749786376953125e+02
2.506110382080078125e+02
2.500311126708984375e+02
2.500087890625000000e+02
2.491838531494140625e+02
2.496808471679687500e+02
2.492004852294921875e+02
2.485460968017578125e+02
2.473173522949218750e+02
2.467200927734375000e+02
2.443706207275390625e+02
2.450192718505859375e+02
2.452584838867187500e+02
2.443414764404296875e+02
2.443380889892578125e+02
2.446637268066406250e+02
2.451621398925781250e+02
2.458317718505859375e+02
2.451863250732421875e+02
2.463801422119140625e+02
2.464741363525390625e+02
2.461135711669921875e+02
2.459702453613281250e+02
2.452716827392578125e+02
2.446284484863281250e+02
2.441607666015625000e+02
2.438345642089843750e+02
2.440174865722656250e+02
2.441754760742187500e+02
2.445563354492187500e+02
2.449715728759765625e+02
2.457435607910156250e+02
2.455929260253906250e+02
2.456835021972656250e+02
2.449281311035156250e+02
2.459826660156250000e+02
2.466890258789062500e+02
2.472976226806640625e+02
2.467673797607421875e+02
2.474409942626953125e+02
2.519932250976562500e+02
2.543231811523437500e+02
2.536135559082031250e+02
2.533090667724609375e+02
2.526363067626953125e+02
2.519827423095703125e+02
2.513458709716796875e+02
2.501997375488281250e+02
2.490861053466796875e+02
2.482902374267578125e+02
2.470501403808593750e+02
2.461888122558593750e+02
2.442335815429687500e+02
2.439729461669921875e+02
2.464165191650390625e+02
2.505809936523437500e+02
2.509881286621093750e+02
2.495025482177734375e+02
2.486468200683593750e+02
2.478158264160156250e+02
2.456859741210937500e+02
2.450608062744140625e+02
2.438970489501953125e+02
2.435572052001953125e+02
2.428029785156250000e+02
2.436553802490234375e+02
2.441887054443359375e+02
2.457971649169921875e+02
2.455462951660156250e+02
2.459138946533203125e+02
2.455623779296875000e+02
2.453846282958984375e+02
2.463470001220703125e+02
2.476983032226562500e+02
2.468753967285156250e+02
2.476565551757812500e+02
2.474198150634765625e+02
2.480359802246093750e+02
2.489590148925781250e+02
2.508123321533203125e+02
2.553171234130859375e+02
2.614527282714843750e+02
2.661196289062500000e+02
2.685560913085937500e+02
2.687896728515625000e+02
2.668333740234375000e+02
2.608349609375000000e+02
2.580484313964843750e+02
2.571885986328125000e+02
2.567890625000000000e+02
2.557493286132812500e+02
2.549444885253906250e+02
2.536898345947265625e+02
2.529790802001953125e+02
2.525417480468750000e+02
2.549206085205078125e+02
2.582438049316406250e+02
2.606242675781250000e+02
2.610697021484375000e+02
2.601589965820312500e+02
2.599331665039062500e+02
2.597753295898437500e+02
2.596826477050781250e+02
2.594088745117187500e+02
2.584905395507812500e+02
2.579064331054687500e+02
2.562690124511718750e+02
2.555491333007812500e+02
2.556248779296875000e+02
2.548763427734375000e+02
2.525495605468750000e+02
2.518346862792968750e+02
2.526313781738281250e+02
2.537777404785156250e+02
2.528365478515625000e+02
2.532416076660156250e+02
2.534127502441406250e+02
2.540843048095703125e+02
2.529208068847656250e+02
2.530934295654296875e+02
2.564627075195312500e+02
2.576686401367187500e+02
2.575479431152343750e+02
2.563791503906250000e+02
2.543452301025390625e+02
2.537181091308593750e+02
2.535801849365234375e+02
2.538033142089843750e+02
2.549807586669921875e+02
2.552561798095703125e+02
2.545879821777343750e+02
2.539834289550781250e+02
2.533024139404296875e+02
2.539635925292968750e+02
2.558494415283203125e+02
2.589150085449218750e+02
2.611905822753906250e+02
2.611064758300781250e+02
2.587518615722656250e+02
2.565224609375000000e+02
2.557126922607421875e+02
2.547566986083984375e+02
2.532940826416015625e+02
2.524885711669921875e+02
2.519853668212890625e+02
2.506854858398437500e+02
2.492373657226562500e+02
2.483444671630859375e+02
2.485571136474609375e+02
2.483706665039062500e+02
2.468555145263671875e+02
2.461700286865234375e+02
2.478833923339843750e+02
2.518537597656250000e+02
2.556348724365234375e+02
2.610447387695312500e+02
2.586455688476562500e+02
2.584608459472656250e+02
2.590079956054687500e+02
2.591513366699218750e+02
2.555732879638671875e+02
2.526053771972656250e+02
2.533810119628906250e+02
2.590719604492187500e+02
2.621828613281250000e+02
2.655842590332031250e+02
2.654265441894531250e+02
2.644060058593750000e+02
2.622598266601562500e+02
2.619120788574218750e+02
2.616453857421875000e+02
2.621554565429687500e+02
2.626597595214843750e+02
2.634181518554687500e+02
2.591678161621093750e+02
2.571526184082031250e+02
2.569270935058593750e+02
2.573943481445312500e+02
2.563251342773437500e+02
2.553110656738281250e+02
2.549822692871093750e+02
2.548533172607421875e+02
2.533604583740234375e+02
2.525930023193359375e+02
2.527547760009765625e+02
2.533475341796875000e+02
2.523203582763671875e+02
2.531231079101562500e+02
2.557603454589843750e+02
2.567543640136718750e+02
2.553819274902343750e+02
2.551455688476562500e+02
2.563634948730468750e+02
2.588002624511718750e+02
2.607030639648437500e+02
2.626696166992187500e+02
2.643762207031250000e+02
2.635740051269531250e+02
2.624310607910156250e+02
2.615381774902343750e+02
2.624780578613281250e+02
2.645504455566406250e+02
2.653297119140625000e+02
2.640791320800781250e+02
2.615185852050781250e+02
2.593933715820312500e+02
2.573304748535156250e+02
2.617344665527343750e+02
2.675937805175781250e+02
2.701164550781250000e+02
2.715262756347656250e+02
2.723054504394531250e+02
2.722144775390625000e+02
2.632294311523437500e+02
2.580159301757812500e+02
2.601107482910156250e+02
2.636406555175781250e+02
2.669227905273437500e+02
2.680885009765625000e+02
2.664992065429687500e+02
2.654918518066406250e+02
2.656289672851562500e+02
2.635791931152343750e+02
2.629151306152343750e+02
2.648061218261718750e+02
2.642094421386718750e+02
2.602612304687500000e+02
2.585137329101562500e+02
2.567922058105468750e+02
2.550596923828125000e+02
2.534525909423828125e+02
2.527717437744140625e+02
2.523693389892578125e+02
2.516837768554687500e+02
2.511341094970703125e+02
2.500710601806640625e+02
2.491741180419921875e+02
2.504309539794921875e+02
2.509910430908203125e+02
2.524236755371093750e+02
2.554039764404296875e+02
2.577903747558593750e+02
2.564103698730468750e+02
2.558352355957031250e+02
2.578526000976562500e+02
2.593531799316406250e+02
2.586687622070312500e+02
2.582683105468750000e+02
2.587420349121093750e+02
2.591991577148437500e+02
2.598790893554687500e+02
2.605223083496093750e+02
2.610621032714843750e+02
2.627670593261718750e+02
2.647726745605468750e+02
2.668800964355468750e+02
2.701950073242187500e+02
2.710398254394531250e+02
2.708674621582031250e+02
2.707611999511718750e+02
2.717474670410156250e+02
2.699260559082031250e+02
2.655835266113281250e+02
2.617809143066406250e+02
2.608968200683593750e+02
2.621629638671875000e+02
2.624015808105468750e+02
2.617757263183593750e+02
2.658933715820312500e+02
2.685411682128906250e+02
2.677781066894531250e+02
2.674156494140625000e+02
2.687788085937500000e+02
2.691301879882812500e+02
2.693681945800781250e+02
2.700695190429687500e+02
2.716771545410156250e+02
2.723471374511718750e+02
2.707904052734375000e+02
2.679760742187500000e+02
2.694672851562500000e+02
2.714150695800781250e+02
2.727236328125000000e+02
2.716458740234375000e+02
2.701058959960937500e+02
2.695378723144531250e+02
2.675536193847656250e+02
2.656787109375000000e+02
2.649151611328125000e+02
2.649219970703125000e+02
2.647542114257812500e+02
2.642109985351562500e+02
2.638474426269531250e+02
2.637964172363281250e+02
2.614786376953125000e+02
2.596490478515625000e+02
2.608260803222656250e+02
2.626076354980468750e+02
2.665579223632812500e+02
2.680419311523437500e+02
2.662681274414062500e+02
2.639144287109375000e+02
2.602061157226562500e+02
2.583934020996093750e+02
2.581977539062500000e+02
2.588249816894531250e+02
2.580622558593750000e+02
2.577471923828125000e+02
2.571849365234375000e+02
2.584088134765625000e+02
2.583686218261718750e+02
2.578002929687500000e+02
2.577534179687500000e+02
2.591192016601562500e+02
2.603705444335937500e+02
2.631093444824218750e+02
2.660920104980468750e+02
2.679489746093750000e+02
2.673046264648437500e+02
2.660030212402343750e+02
2.647113342285156250e+02
2.627671203613281250e+02
2.613883361816406250e+02
2.651877441406250000e+02
2.695054931640625000e+02
2.708560791015625000e+02
2.702697448730468750e+02
2.682984313964843750e+02
2.658190612792968750e+02
2.629691162109375000e+02
2.595178527832031250e+02
2.579935302734375000e+02
2.567905578613281250e+02
2.572291259765625000e+02
2.581489868164062500e+02
2.584533081054687500e+02
2.578660278320312500e+02
2.584538879394531250e+02
2.584751892089843750e+02
2.602961730957031250e+02
2.641894226074218750e+02
2.656717224121093750e+02
2.631817016601562500e+02
2.602867736816406250e+02
2.592845458984375000e+02
2.594841613769531250e+02
2.585800170898437500e+02
2.571905212402343750e+02
2.588721618652343750e+02
2.611176452636718750e+02
2.607709655761718750e+02
2.605543518066406250e+02
2.601966857910156250e+02
2.596061096191406250e+02
2.582504577636718750e+02
2.582706298828125000e+02
2.597520446777343750e+02
2.615837402343750000e+02
2.617141723632812500e+02
2.615317382812500000e+02
2.612347412109375000e+02
2.620372619628906250e+02
2.613003845214843750e+02
2.609124755859375000e+02
2.634850158691406250e+02
2.642538757324218750e+02
2.640439758300781250e+02
2.640470275878906250e+02
2.641555786132812500e+02
2.655493469238281250e+02
2.651662902832031250e+02
2.650293273925781250e+02
2.653322143554687500e+02
2.658837280273437500e+02
2.656904602050781250e+02
2.655510253906250000e+02
2.651568908691406250e+02
2.651719055175781250e+02
2.630779418945312500e+02
2.613861694335937500e+02
2.632777404785156250e+02
2.657417602539062500e+02
2.643252258300781250e+02
2.627467041015625000e+02
2.632631835937500000e+02
2.640038757324218750e+02
2.638885498046875000e+02
2.642857666015625000e+02
2.657805786132812500e+02
2.645620117187500000e+02
2.626931762695312500e+02
2.621374816894531250e+02
2.638843994140625000e+02
2.650867919921875000e+02
2.639812011718750000e+02
2.630997924804687500e+02
2.652501220703125000e+02
2.660723571777343750e+02
2.658508605957031250e+02
2.672647399902343750e+02
2.696773376464843750e+02
2.695339965820312500e+02
2.683182373046875000e+02
2.684844665527343750e+02
2.698902282714843750e+02
2.716197814941406250e+02
2.721910705566406250e+02
2.728873291015625000e+02
2.728565368652343750e+02
2.732559204101562500e+02
2.734100646972656250e+02
2.733213806152343750e+02
2.736555786132812500e+02
2.738683471679687500e+02
2.736429443359375000e+02
2.736116638183593750e+02
2.738024291992187500e+02
2.736844787597656250e+02
2.727264709472656250e+02
2.727477416992187500e+02
2.728177185058593750e+02
2.730993652343750000e+02
2.726274414062500000e+02
2.727584228515625000e+02
2.730062866210937500e+02
2.728661804199218750e+02
2.720111694335937500e+02
2.718098449707031250e+02
2.721135253906250000e+02
2.728300781250000000e+02
2.722337951660156250e+02
2.716281738281250000e+02
2.709606933593750000e+02
2.705702819824218750e+02
2.702198181152343750e+02
2.705345764160156250e+02
2.712867431640625000e+02
2.714546508789062500e+02
2.703489379882812500e+02
2.694869995117187500e+02
2.696315307617187500e+02
2.701553649902343750e+02
2.687777099609375000e+02
2.684194946289062500e+02
2.694478149414062500e+02
2.698096923828125000e+02
2.678589172363281250e+02
2.660025939941406250e+02
2.648306884765625000e+02
2.663786621093750000e+02
2.656932678222656250e+02
2.633748474121093750e+02
2.627997436523437500e+02
2.634004516601562500e+02
2.645861816406250000e+02
2.653487243652343750e+02
2.668927917480468750e+02
2.691437988281250000e+02
2.703088684082031250e+02
2.711901855468750000e+02
2.723927917480468750e+02
2.725713195800781250e+02
2.718737792968750000e+02
2.710557556152343750e+02
2.709098510742187500e+02
2.712060852050781250e+02
2.700437316894531250e+02
2.676319580078125000e+02
2.690181884765625000e+02
2.706954345703125000e+02
2.704307861328125000e+02
2.698949279785156250e+02
2.691386413574218750e+02
2.695412292480468750e+02
2.701508483886718750e+02
2.707416687011718750e+02
2.711176147460937500e+02
2.715365905761718750e+02
2.719157409667968750e+02
2.716786804199218750e+02
2.715053710937500000e+02
2.718308715820312500e+02
2.719000244140625000e+02
2.716291503906250000e+02
2.720472412109375000e+02
2.722952270507812500e+02
2.713067016601562500e+02
2.705352172851562500e+02
2.711397094726562500e+02
2.712254638671875000e+02
2.707250976562500000e+02
2.705913085937500000e+02
2.705863037109375000e+02
2.707973937988281250e+02
2.702152099609375000e+02
2.699483642578125000e+02
2.696104125976562500e+02
2.697680969238281250e+02
2.696148376464843750e+02
2.693224487304687500e+02
2.693059997558593750e+02
2.696799926757812500e+02
2.690267639160156250e+02
2.687603454589843750e+02
2.681845092773437500e+02
2.688227844238281250e+02
2.693362426757812500e+02
2.692411499023437500e+02
2.700124511718750000e+02
2.697025146484375000e+02
2.694920043945312500e+02
2.690508422851562500e+02
2.700127868652343750e+02
2.698340148925781250e+02
2.703310852050781250e+02
2.710449523925781250e+02
2.719080505371093750e+02
2.719290161132812500e+02
2.711786804199218750e+02
2.708101501464843750e+02
2.706228942871093750e+02
2.707474975585937500e+02
2.703322753906250000e+02
2.699800415039062500e+02
2.697145996093750000e+02
2.695347900390625000e+02
2.697694091796875000e+02
2.694853820800781250e+02
2.685458374023437500e+02
2.680409240722656250e+02
2.685617675781250000e+02
2.689719848632812500e+02
2.680618591308593750e+02
2.682941894531250000e+02
2.693030090332031250e+02
2.697025146484375000e+02
2.708347778320312500e+02
2.717893066406250000e+02
2.717230224609375000e+02
2.716143798828125000e+02
2.710148620605468750e+02
2.716343688964843750e+02
2.717113037109375000e+02
2.719577331542968750e+02
2.724239196777343750e+02
2.726321716308593750e+02
2.720173645019531250e+02
2.715095214843750000e+02
2.711748962402343750e+02
2.704154357910156250e+02
2.700798950195312500e+02
2.700447998046875000e+02
2.717071533203125000e+02
2.722721252441406250e+02
2.718120117187500000e+02
2.718409118652343750e+02
2.724003601074218750e+02
2.727859497070312500e+02
2.722877807617187500e+02
2.718088989257812500e+02
2.723855895996093750e+02
2.726120605468750000e+02
2.722149963378906250e+02
2.720482482910156250e+02
2.722458801269531250e+02
2.719807434082031250e+02
2.716025390625000000e+02
2.711460266113281250e+02
2.706789550781250000e+02
