2.703669738769531250e+02
2.702430114746093750e+02
2.697623901367187500e+02
2.705386047363281250e+02
2.715062255859375000e+02
2.714299011230468750e+02
2.712338562011718750e+02
2.714724121093750000e+02
2.711564941406250000e+02
2.697972412109375000e+02
2.686358947753906250e+02
2.687056579589843750e+02
2.681431884765625000e+02
2.684607238769531250e+02
2.680345458984375000e+02
2.680711975097656250e+02
2.695502929687500000e+02
2.703683166503906250e+02
2.700408935546875000e+02
2.707644042968750000e+02
2.710356140136718750e+02
2.707612915039062500e+02
2.703840026855468750e+02
2.709653015136718750e+02
2.720822753906250000e+02
2.716186218261718750e+02
2.715947875976562500e+02
2.719307861328125000e+02
2.722518920898437500e+02
2.718404846191406250e+02
2.716241149902343750e+02
2.719422302246093750e+02
2.723452148437500000e+02
2.717472534179687500e+02
2.715385437011718750e+02
2.716911621093750000e+02
2.716217956542968750e+02
2.713520812988281250e+02
2.706820678710937500e+02
2.707534790039062500e+02
2.709035644531250000e+02
2.709299011230468750e+02
2.711747436523437500e+02
2.723547058105468750e+02
2.731634826660156250e+02
2.728789978027343750e+02
2.725504455566406250e+02
2.721538085937500000e+02
2.713585815429687500e+02
2.699693298339843750e+02
2.697622985839843750e+02
2.706922912597656250e+02
2.713613586425781250e+02
2.710750122070312500e+02
2.709925842285156250e+02
2.714710693359375000e+02
2.715936584472656250e+02
2.707929077148437500e+02
2.697957458496093750e+02
2.702112731933593750e+02
2.696316528320312500e+02
2.700454406738281250e+02
2.689337768554687500e+02
2.694052429199218750e+02
2.700216674804687500e+02
2.703396301269531250e+02
2.695607604980468750e+02
2.705758361816406250e+02
2.704504699707031250e+02
2.704819030761718750e+02
2.695345764160156250e+02
2.704302673339843750e+02
2.698083801269531250e+02
2.704832763671875000e+02
2.695882873535156250e+02
2.702390747070312500e+02
2.696770629882812500e+02
2.705904846191406250e+02
2.698889160156250000e+02
2.714161682128906250e+02
2.714423828125000000e+02
2.712973022460937500e+02
2.710419311523437500e+02
2.705074157714843750e+02
2.714277954101562500e+02
2.712812194824218750e+02
2.703326721191406250e+02
2.716073303222656250e+02
2.715017700195312500e+02
2.711986083984375000e+02
2.712807617187500000e+02
2.727380676269531250e+02
2.728988952636718750e+02
2.727114562988281250e+02
2.725139465332031250e+02
2.730152893066406250e+02
2.733412780761718750e+02
2.727918395996093750e+02
2.725837402343750000e+02
2.730865478515625000e+02
2.733642578125000000e+02
2.720314636230468750e+02
2.704934692382812500e+02
2.719722595214843750e+02
2.723990173339843750e+02
2.707295532226562500e+02
2.693135681152343750e+02
2.709677124023437500e+02
2.707364196777343750e+02
2.701346740722656250e+02
2.695218505859375000e+02
2.697648315429687500e+02
2.698360595703125000e+02
2.697508850097656250e+02
2.693492736816406250e+02
2.690678710937500000e+02
2.696082153320312500e+02
2.699672851562500000e+02
2.689624023437500000e+02
2.702963256835937500e+02
2.703994750976562500e+02
2.704153442382812500e+02
2.700866699218750000e+02
2.713900756835937500e+02
2.714609985351562500e+02
2.712013549804687500e+02
2.709346313476562500e+02
2.716670227050781250e+02
2.715636901855468750e+02
2.708122558593750000e+02
2.699527893066406250e+02
2.714546508789062500e+02
2.716761169433593750e+02
2.711828308105468750e+02
2.705009155273437500e+02
2.704291687011718750e+02
2.699142456054687500e+02
2.706172790527343750e+02
2.703287353515625000e+02
2.701782226562500000e+02
2.700009155273437500e+02
2.705617980957031250e+02
2.699890441894531250e+02
2.697734069824218750e+02
2.699208068847656250e+02
2.697307128906250000e+02
2.693383483886718750e+02
2.695845336914062500e+02
2.701610717773437500e+02
2.702651062011718750e+02
2.702251281738281250e+02
2.706287231445312500e+02
2.714762878417968750e+02
2.716050720214843750e+02
2.713240966796875000e+02
2.718149414062500000e+02
2.716952514648437500e+02
2.708853149414062500e+02
2.704284057617187500e+02
2.708047485351562500e+02
2.707383728027343750e+02
2.705232543945312500e+02
2.706519470214843750e+02
2.708660278320312500e+02
2.710755920410156250e+02
2.705186462402343750e+02
2.701844482421875000e+02
2.710778198242187500e+02
2.713937988281250000e+02
2.708728332519531250e+02
2.703447265625000000e+02
2.709861145019531250e+02
2.716517028808593750e+02
2.720194702148437500e+02
2.718963623046875000e+02
2.721216125488281250e+02
2.722359619140625000e+02
2.715555725097656250e+02
2.709333801269531250e+02
2.711862182617187500e+02
2.711655273437500000e+02
2.712854003906250000e+02
2.708615417480468750e+02
2.703029785156250000e+02
2.699721374511718750e+02
2.706007080078125000e+02
2.700679931640625000e+02
2.700339965820312500e+02
2.706800537109375000e+02
2.705750732421875000e+02
2.700724792480468750e+02
2.713130798339843750e+02
2.708751220703125000e+02
2.700894470214843750e+02
2.694779357910156250e+02
2.694285583496093750e+02
2.692936096191406250e+02
2.697324218750000000e+02
2.698417663574218750e+02
2.696910400390625000e+02
2.695085449218750000e+02
2.694531860351562500e+02
2.687790832519531250e+02
2.697547912597656250e+02
2.701128845214843750e+02
2.693089599609375000e+02
2.681755676269531250e+02
2.674924926757812500e+02
2.662486877441406250e+02
2.652246093750000000e+02
2.652461242675781250e+02
2.669942932128906250e+02
2.685363159179687500e+02
2.698176879882812500e+02
2.714213256835937500e+02
2.727594604492187500e+02
2.724293518066406250e+02
2.715564575195312500e+02
2.710373229980468750e+02
2.701900329589843750e+02
2.695335998535156250e+02
2.697481384277343750e+02
2.684564514160156250e+02
2.675220642089843750e+02
2.667102661132812500e+02
2.659644775390625000e+02
2.656029968261718750e+02
2.655569458007812500e+02
2.660530395507812500e+02
2.669847412109375000e+02
2.663502807617187500e+02
2.648937683105468750e+02
2.637927551269531250e+02
2.633018493652343750e+02
2.629022216796875000e+02
2.637069091796875000e+02
2.635989685058593750e+02
2.629595947265625000e+02
2.627653808593750000e+02
2.634989318847656250e+02
2.636950073242187500e+02
2.648824768066406250e+02
2.654808654785156250e+02
2.664360046386718750e+02
2.677578735351562500e+02
2.683530273437500000e+02
2.652424621582031250e+02
2.636774291992187500e+02
2.639052734375000000e+02
2.640908508300781250e+02
2.653948669433593750e+02
2.686311340332031250e+02
2.700503234863281250e+02
2.693977966308593750e+02
2.687861938476562500e+02
2.687770080566406250e+02
2.698533020019531250e+02
2.706468811035156250e+02
2.704227600097656250e+02
2.688052062988281250e+02
2.665627441406250000e+02
2.645972900390625000e+02
2.658527221679687500e+02
2.700243225097656250e+02
2.712818603515625000e+02
2.710241088867187500e+02
2.704178161621093750e+02
2.703026123046875000e+02
2.686959838867187500e+02
2.661227722167968750e+02
2.643336791992187500e+02
2.633586120605468750e+02
2.631337585449218750e+02
2.638047485351562500e+02
2.657850646972656250e+02
2.662243652343750000e+02
2.653157653808593750e+02
2.639331970214843750e+02
2.628524780273437500e+02
2.624322814941406250e+02
2.616535949707031250e+02
2.609314270019531250e+02
2.609834594726562500e+02
2.616193847656250000e+02
2.622174377441406250e+02
2.617583007812500000e+02
2.615246582031250000e+02
2.613274230957031250e+02
2.603054199218750000e+02
2.607284240722656250e+02
2.606602783203125000e+02
2.608599548339843750e+02
2.613926086425781250e+02
2.626088867187500000e+02
2.628742065429687500e+02
2.635407104492187500e+02
2.635058288574218750e+02
2.632994995117187500e+02
2.641320495605468750e+02
2.657685241699218750e+02
2.663703918457031250e+02
2.663208923339843750e+02
2.657035827636718750e+02
2.658525085449218750e+02
2.657000122070312500e+02
2.637258911132812500e+02
2.621495971679687500e+02
2.622405090332031250e+02
2.638257141113281250e+02
2.659898986816406250e+02
2.666513977050781250e+02
2.655296325683593750e+02
2.647308044433593750e+02
2.624195861816406250e+02
2.606250305175781250e+02
2.602781066894531250e+02
2.609404907226562500e+02
2.614110107421875000e+02
2.619246215820312500e+02
2.620327148437500000e+02
2.629988403320312500e+02
2.632127990722656250e+02
2.630888366699218750e+02
2.600539855957031250e+02
2.582757263183593750e+02
2.562475585937500000e+02
2.551237640380859375e+02
2.557864990234375000e+02
2.561143188476562500e+02
2.548531951904296875e+02
2.539427490234375000e+02
2.545518493652343750e+02
2.560951538085937500e+02
2.588841857910156250e+02
2.617193603515625000e+02
2.610885314941406250e+02
2.587101440429687500e+02
2.557050781250000000e+02
2.530417175292968750e+02
2.521887512207031250e+02
2.520674743652343750e+02
2.532507019042968750e+02
2.528013763427734375e+02
2.505436096191406250e+02
2.503096313476562500e+02
2.505937500000000000e+02
2.503249664306640625e+02
2.505305175781250000e+02
2.503079833984375000e+02
2.495566101074218750e+02
2.488109893798828125e+02
2.489638366699218750e+02
2.495548400878906250e+02
2.497049407958984375e+02
2.498487701416015625e+02
2.509256286621093750e+02
2.519409027099609375e+02
2.515369262695312500e+02
2.514209289550781250e+02
2.516752471923828125e+02
2.525234527587890625e+02
2.533201751708984375e+02
2.539182586669921875e+02
2.547459106445312500e+02
2.553572235107421875e+02
2.539509735107421875e+02
2.527645416259765625e+02
2.529930114746093750e+02
2.535806121826171875e+02
2.533061828613281250e+02
2.539530029296875000e+02
2.546366119384765625e+02
2.561707153320312500e+02
2.569117736816406250e+02
2.578878479003906250e+02
2.575289306640625000e+02
2.577026062011718750e+02
2.569083862304687500e+02
2.556018371582031250e+02
2.543209991455078125e+02
2.541491546630859375e+02
2.527629699707031250e+02
2.518195343017578125e+02
2.519337463378906250e+02
2.521420135498046875e+02
2.509150543212890625e+02
2.502960205078125000e+02
2.504861602783203125e+02
2.504607543945312500e+02
2.496625671386718750e+02
2.487212066650390625e+02
2.496725616455078125e+02
2.501695861816406250e+02
2.507774353027343750e+02
2.520365600585937500e+02
2.526461791992187500e+02
2.534854583740234375e+02
2.520299072265625000e+02
2.509434204101562500e+02
2.504786682128906250e+02
2.507664947509765625e+02
2.503922882080078125e+02
2.502993621826171875e+02
2.507616577148437500e+02
2.512936553955078125e+02
2.509058685302734375e+02
2.506665344238281250e+02
2.513983917236328125e+02
2.515381774902343750e+02
2.509870300292968750e+02
2.534384307861328125e+02
2.556769561767578125e+02
2.598334655761718750e+02
2.599880676269531250e+02
2.590676269531250000e+02
2.575233764648437500e+02
2.559732360839843750e+02
2.545351409912109375e+02
2.528613739013671875e+02
2.543343811035156250e+02
2.547076873779296875e+02
2.551788330078125000e+02
2.546565246582031250e+02
2.534812011718750000e+02
2.522930603027343750e+02
2.512660675048828125e+02
2.502887573242187500e+02
2.494703216552734375e+02
2.491855773925781250e+02
2.488306884765625000e+02
2.497352447509765625e+02
2.525464172363281250e+02
2.550122833251953125e+02
2.554746246337890625e+02
2.544756317138671875e+02
2.558430175781250000e+02
2.556197967529296875e+02
2.550224609375000000e+02
2.554324798583984375e+02
2.569999694824218750e+02
2.578596191406250000e+02
2.589654846191406250e+02
2.616840820312500000e+02
2.649102478027343750e+02
2.663579406738281250e+02
2.656111145019531250e+02
2.641774597167968750e+02
2.610880737304687500e+02
2.586707763671875000e+02
2.578633728027343750e+02
2.574216003417968750e+02
2.578275451660156250e+02
2.589003601074218750e+02
2.589640502929687500e+02
2.611741943359375000e+02
2.660725708007812500e+02
2.674188537597656250e+02
2.666112976074218750e+02
2.649789733886718750e+02
2.664843444824218750e+02
2.675190429687500000e+02
2.676293640136718750e+02
2.676282043457031250e+02
2.679601440429687500e+02
2.680898437500000000e+02
2.689162292480468750e+02
2.691080017089843750e+02
2.681798400878906250e+02
2.676612243652343750e+02
2.676163024902343750e+02
2.682784729003906250e+02
2.675738830566406250e+02
2.657933654785156250e+02
2.650426635742187500e+02
2.635401000976562500e+02
2.603428344726562500e+02
2.580574340820312500e+02
2.565147399902343750e+02
2.557820434570312500e+02
2.556839294433593750e+02
2.559922027587890625e+02
2.567514953613281250e+02
2.579817810058593750e+02
2.589643554687500000e+02
2.589050598144531250e+02
2.586746215820312500e+02
2.595013122558593750e+02
2.615144042968750000e+02
2.629264221191406250e+02
2.643171386718750000e+02
2.622236328125000000e+02
2.610940246582031250e+02
2.606408081054687500e+02
2.605475158691406250e+02
2.597772521972656250e+02
2.583506164550781250e+02
2.565406799316406250e+02
2.547458496093750000e+02
2.531235046386718750e+02
2.521101074218750000e+02
2.513402099609375000e+02
2.508069763183593750e+02
2.500005645751953125e+02
2.498844909667968750e+02
2.501363220214843750e+02
2.530476837158203125e+02
2.578546142578125000e+02
2.589814758300781250e+02
2.607690429687500000e+02
2.642246704101562500e+02
2.649762878417968750e+02
2.582796630859375000e+02
2.544505157470703125e+02
2.529352264404296875e+02
2.525847625732421875e+02
2.532169952392578125e+02
2.542989807128906250e+02
2.558803558349609375e+02
2.569042358398437500e+02
2.578524780273437500e+02
2.582715759277343750e+02
2.602325439453125000e+02
2.620784912109375000e+02
2.638338012695312500e+02
2.655340270996093750e+02
2.663869628906250000e+02
2.666354370117187500e+02
2.666960449218750000e+02
2.669566955566406250e+02
2.667585144042968750e+02
2.665847778320312500e+02
2.682278137207031250e+02
2.691074523925781250e+02
2.694087524414062500e+02
2.690501708984375000e+02
2.693333435058593750e+02
2.702095336914062500e+02
2.700016174316406250e+02
2.691588439941406250e+02
2.700408935546875000e+02
2.709483032226562500e+02
2.701057434082031250e+02
2.685350036621093750e+02
2.671470336914062500e+02
2.660126647949218750e+02
2.651776733398437500e+02
2.643636169433593750e+02
2.649948730468750000e+02
2.660451354980468750e+02
2.669841613769531250e+02
2.670520629882812500e+02
2.662780151367187500e+02
2.659116516113281250e+02
2.654739990234375000e+02
2.650010681152343750e+02
2.636632080078125000e+02
2.623330688476562500e+02
2.628601684570312500e+02
2.660363159179687500e+02
2.711293334960937500e+02
2.712058715820312500e+02
2.701547851562500000e+02
2.702276611328125000e+02
2.713233337402343750e+02
2.694255981445312500e+02
2.681831359863281250e+02
2.685596923828125000e+02
2.701009826660156250e+02
2.709204406738281250e+02
2.712675476074218750e+02
2.716798095703125000e+02
2.707647399902343750e+02
2.700982360839843750e+02
2.691932983398437500e+02
2.677258911132812500e+02
2.657294616699218750e+02
2.639152832031250000e+02
2.638892211914062500e+02
2.646220703125000000e+02
2.657235412597656250e+02
2.654489135742187500e+02
2.641462707519531250e+02
2.632380065917968750e+02
2.624355163574218750e+02
2.620632934570312500e+02
2.624483947753906250e+02
2.628734436035156250e+02
2.634230041503906250e+02
2.641445617675781250e+02
2.654651489257812500e+02
2.654731750488281250e+02
2.642871398925781250e+02
2.615784301757812500e+02
2.613146972656250000e+02
2.621924438476562500e+02
2.649158325195312500e+02
2.662438049316406250e+02
2.662717895507812500e+02
2.661986083984375000e+02
2.658547058105468750e+02
2.661629943847656250e+02
2.657865295410156250e+02
2.652733764648437500e+02
2.639941101074218750e+02
2.627450561523437500e+02
2.623200683593750000e+02
2.626643981933593750e+02
2.627604064941406250e+02
2.622593078613281250e+02
2.607268676757812500e+02
2.591710510253906250e+02
2.578564453125000000e+02
2.570280151367187500e+02
2.584423522949218750e+02
2.587236938476562500e+02
2.605099792480468750e+02
2.614459228515625000e+02
2.624260559082031250e+02
2.629274291992187500e+02
2.635826721191406250e+02
2.633119506835937500e+02
2.621315612792968750e+02
2.610271301269531250e+02
2.603803405761718750e+02
2.599049682617187500e+02
2.588154907226562500e+02
2.577347717285156250e+02
2.582745666503906250e+02
2.586641540527343750e+02
2.582658691406250000e+02
2.569208679199218750e+02
2.559134063720703125e+02
2.546525421142578125e+02
2.533729248046875000e+02
2.523129577636718750e+02
2.519323883056640625e+02
2.516778869628906250e+02
2.514281005859375000e+02
2.516992340087890625e+02
2.518843688964843750e+02
2.519195098876953125e+02
2.523536071777343750e+02
2.522854766845703125e+02
2.525830688476562500e+02
2.528093414306640625e+02
2.540025939941406250e+02
2.553442840576171875e+02
2.577915039062500000e+02
2.618707885742187500e+02
2.658816528320312500e+02
2.684349670410156250e+02
2.708205566406250000e+02
2.722611083984375000e+02
2.718139343261718750e+02
2.704661254882812500e+02
2.673272705078125000e+02
2.657179260253906250e+02
2.646706542968750000e+02
2.637448730468750000e+02
2.620231018066406250e+02
2.623537597656250000e+02
2.632524719238281250e+02
2.630865783691406250e+02
2.610895080566406250e+02
2.599231262207031250e+02
2.580588378906250000e+02
2.567647705078125000e+02
2.549256286621093750e+02
2.536214599609375000e+02
2.534306488037109375e+02
2.539611968994140625e+02
2.535430755615234375e+02
2.549361419677734375e+02
2.594184875488281250e+02
2.619122009277343750e+02
2.620940551757812500e+02
2.653110046386718750e+02
2.675742492675781250e+02
2.657234191894531250e+02
2.644483947753906250e+02
2.629374694824218750e+02
2.622982177734375000e+02
2.632301330566406250e+02
2.636968994140625000e+02
2.651148986816406250e+02
2.667255249023437500e+02
2.679653625488281250e+02
2.678347473144531250e+02
2.685729675292968750e+02
2.709725036621093750e+02
2.721002807617187500e+02
2.730311889648437500e+02
2.719182739257812500e+02
2.602882080078125000e+02
2.541955413818359375e+02
2.544477691650390625e+02
2.547642517089843750e+02
2.562846679687500000e+02
2.620125122070312500e+02
2.575032348632812500e+02
2.548856048583984375e+02
2.533544616699218750e+02
2.520278930664062500e+02
2.510895080566406250e+02
2.494128875732421875e+02
2.486844329833984375e+02
2.487899169921875000e+02
2.496506347656250000e+02
2.481322174072265625e+02
2.471960144042968750e+02
2.472557373046875000e+02
2.487303466796875000e+02
2.519653472900390625e+02
2.538961181640625000e+02
2.547191619873046875e+02
2.542995452880859375e+02
2.534824829101562500e+02
2.523406524658203125e+02
2.510486907958984375e+02
2.502614898681640625e+02
2.502183837890625000e+02
2.504638977050781250e+02
2.507375488281250000e+02
2.515063018798828125e+02
2.522080993652343750e+02
2.539881134033203125e+02
2.572138977050781250e+02
2.592913208007812500e+02
2.616624450683593750e+02
2.634745483398437500e+02
2.627279968261718750e+02
2.593764953613281250e+02
2.573096008300781250e+02
2.593661804199218750e+02
2.602677612304687500e+02
2.604834899902343750e+02
2.611260681152343750e+02
2.617163391113281250e+02
2.604997253417968750e+02
2.590792541503906250e+02
2.579225158691406250e+02
2.576734924316406250e+02
2.568848266601562500e+02
2.571054382324218750e+02
2.578623962402343750e+02
2.595152587890625000e+02
2.637894592285156250e+02
2.699249267578125000e+02
2.678355712890625000e+02
2.642766723632812500e+02
2.627893676757812500e+02
2.632410583496093750e+02
2.657746582031250000e+02
2.687124328613281250e+02
2.663663330078125000e+02
2.614472961425781250e+02
2.587609558105468750e+02
2.597719726562500000e+02
2.592677917480468750e+02
2.542530364990234375e+02
2.532317657470703125e+02
2.532780761718750000e+02
2.534998474121093750e+02
2.545166931152343750e+02
2.563183898925781250e+02
2.610173950195312500e+02
2.659780578613281250e+02
2.664434204101562500e+02
2.654547119140625000e+02
2.669663391113281250e+02
2.681347045898437500e+02
2.686660461425781250e+02
2.702990722656250000e+02
2.700724792480468750e+02
2.690400390625000000e+02
2.682697448730468750e+02
2.681343688964843750e+02
2.687326049804687500e+02
2.703482055664062500e+02
2.706611938476562500e+02
2.674570312500000000e+02
2.631395568847656250e+02
2.607301940917968750e+02
2.578536987304687500e+02
2.561775512695312500e+02
2.557655792236328125e+02
2.550566558837890625e+02
2.546593322753906250e+02
2.547162017822265625e+02
2.570844421386718750e+02
2.619890747070312500e+02
2.628569030761718750e+02
2.645842285156250000e+02
2.651184387207031250e+02
2.641065673828125000e+02
2.625805358886718750e+02
2.617180786132812500e+02
2.586419067382812500e+02
2.561691894531250000e+02
2.545411834716796875e+02
2.530587158203125000e+02
2.528840637207031250e+02
2.528462219238281250e+02
2.517606201171875000e+02
2.505691070556640625e+02
2.493694610595703125e+02
2.490137786865234375e+02
2.486404724121093750e+02
2.479880218505859375e+02
2.473096771240234375e+02
2.468850402832031250e+02
2.471573333740234375e+02
2.471260223388671875e+02
2.478428039550781250e+02
2.490893096923828125e+02
2.515399322509765625e+02
2.560962524414062500e+02
2.598470458984375000e+02
2.618751220703125000e+02
2.637675476074218750e+02
2.653630676269531250e+02
2.626459655761718750e+02
2.628602294921875000e+02
2.613711853027343750e+02
2.592955627441406250e+02
2.586625061035156250e+02
2.580833435058593750e+02
2.566430969238281250e+02
2.556224822998046875e+02
2.544450225830078125e+02
2.551877593994140625e+02
2.581232604980468750e+02
2.648927001953125000e+02
2.654608764648437500e+02
2.654981384277343750e+02
2.692885437011718750e+02
2.702672119140625000e+02
2.714170837402343750e+02
2.713616333007812500e+02
2.703851013183593750e+02
2.688923950195312500e+02
2.643447570800781250e+02
2.629260864257812500e+02
2.664465332031250000e+02
2.683200683593750000e+02
2.686550598144531250e+02
2.661461486816406250e+02
2.623799743652343750e+02
2.587174377441406250e+02
2.557440948486328125e+02
2.538439788818359375e+02
2.536428222656250000e+02
2.543840179443359375e+02
2.566420593261718750e+02
2.624942321777343750e+02
2.674811096191406250e+02
2.682260742187500000e+02
2.684122924804687500e+02
2.690620727539062500e+02
2.684763488769531250e+02
2.646087646484375000e+02
2.586193237304687500e+02
2.565823669433593750e+02
2.562052612304687500e+02
2.566250915527343750e+02
2.593782043457031250e+02
2.624332275390625000e+02
2.644570007324218750e+02
2.654570007324218750e+02
2.645426025390625000e+02
2.648688659667968750e+02
2.670785217285156250e+02
2.653317871093750000e+02
2.595323181152343750e+02
2.565462036132812500e+02
2.547093658447265625e+02
2.534386138916015625e+02
2.524813537597656250e+02
2.520183868408203125e+02
2.535783996582031250e+02
2.569246826171875000e+02
2.603969726562500000e+02
2.616376037597656250e+02
2.587874450683593750e+02
2.552245788574218750e+02
2.545901031494140625e+02
2.572261657714843750e+02
2.613105773925781250e+02
2.613133239746093750e+02
2.606942443847656250e+02
2.603094482421875000e+02
2.631357727050781250e+02
2.658092041015625000e+02
2.632622375488281250e+02
2.623810729980468750e+02
2.608241271972656250e+02
2.609448242187500000e+02
2.630462036132812500e+02
2.674539794921875000e+02
2.700800170898437500e+02
2.716437377929687500e+02
2.726821594238281250e+02
2.726173706054687500e+02
2.727260742187500000e+02
2.723866577148437500e+02
2.678406372070312500e+02
2.668890686035156250e+02
2.667423095703125000e+02
2.643825683593750000e+02
2.635979003906250000e+02
2.660455627441406250e+02
2.677974853515625000e+02
2.623760375976562500e+02
2.591793823242187500e+02
2.607859802246093750e+02
2.624304504394531250e+02
2.642947387695312500e+02
2.645177612304687500e+02
2.586727600097656250e+02
2.539515838623046875e+02
2.526157379150390625e+02
2.517664184570312500e+02
2.515202636718750000e+02
2.513015136718750000e+02
2.507893829345703125e+02
2.488777313232421875e+02
2.480410614013671875e+02
2.475535583496093750e+02
2.470672607421875000e+02
2.464012756347656250e+02
2.463457641601562500e+02
2.466287994384765625e+02
2.467490844726562500e+02
2.465862121582031250e+02
2.468932342529296875e+02
2.466741027832031250e+02
2.467832489013671875e+02
2.466876983642578125e+02
2.470255279541015625e+02
2.476490020751953125e+02
2.482828216552734375e+02
2.481953277587890625e+02
2.483378448486328125e+02
2.489558258056640625e+02
2.501778717041015625e+02
2.518042602539062500e+02
2.540612487792968750e+02
2.592407226562500000e+02
2.634840698242187500e+02
2.674080200195312500e+02
2.680923156738281250e+02
2.669449462890625000e+02
2.664094543457031250e+02
2.659056701660156250e+02
2.642372131347656250e+02
2.676928405761718750e+02
2.661342163085937500e+02
2.653555908203125000e+02
2.662223510742187500e+02
2.674708862304687500e+02
2.680118408203125000e+02
2.683423156738281250e+02
2.677625122070312500e+02
2.683064575195312500e+02
2.684005737304687500e+02
2.692496032714843750e+02
2.688677673339843750e+02
2.673923034667968750e+02
2.655781860351562500e+02
2.641206054687500000e+02
2.656284484863281250e+02
2.680032653808593750e+02
2.686975708007812500e+02
2.674718933105468750e+02
2.642747497558593750e+02
2.627037048339843750e+02
2.600077514648437500e+02
2.569842529296875000e+02
2.566284179687500000e+02
2.579290466308593750e+02
2.606177978515625000e+02
2.612754516601562500e+02
2.611100463867187500e+02
2.609754943847656250e+02
2.596174621582031250e+02
2.594141845703125000e+02
2.600264282226562500e+02
2.596356201171875000e+02
2.598727416992187500e+02
2.607521972656250000e+02
2.618296508789062500e+02
2.634912414550781250e+02
2.648259582519531250e+02
2.650706787109375000e+02
2.649816589355468750e+02
2.644274291992187500e+02
2.644244995117187500e+02
2.639073486328125000e+02
2.624351196289062500e+02
2.605212707519531250e+02
2.597441711425781250e+02
2.610487976074218750e+02
2.617898559570312500e+02
2.626506958007812500e+02
2.609606018066406250e+02
2.566055603027343750e+02
2.542363433837890625e+02
2.531342010498046875e+02
2.522442626953125000e+02
2.508713531494140625e+02
2.510864562988281250e+02
2.512506561279296875e+02
2.518829040527343750e+02
2.514184112548828125e+02
2.512970733642578125e+02
2.526611175537109375e+02
2.580641174316406250e+02
2.582965087890625000e+02
2.538482055664062500e+02
2.529037628173828125e+02
2.529219207763671875e+02
2.523827667236328125e+02
2.524021759033203125e+02
2.526161499023437500e+02
2.532576751708984375e+02
2.532250518798828125e+02
2.533704833984375000e+02
2.549440002441406250e+02
2.562966308593750000e+02
2.570052185058593750e+02
2.575939331054687500e+02
2.590003967285156250e+02
2.587307128906250000e+02
2.556883697509765625e+02
2.539152221679687500e+02
2.549761047363281250e+02
2.565327148437500000e+02
2.565544433593750000e+02
2.564891357421875000e+02
2.568157348632812500e+02
2.566761779785156250e+02
2.552682495117187500e+02
2.551529235839843750e+02
2.552992858886718750e+02
2.544847869873046875e+02
2.524540710449218750e+02
2.510333251953125000e+02
2.511440124511718750e+02
2.513887939453125000e+02
2.515739593505859375e+02
2.546897277832031250e+02
2.605516967773437500e+02
2.634107666015625000e+02
2.615621337890625000e+02
2.570701293945312500e+02
2.522859497070312500e+02
2.502113494873046875e+02
2.487963714599609375e+02
2.485518188476562500e+02
2.485390167236328125e+02
2.485028991699218750e+02
2.478182678222656250e+02
2.468998718261718750e+02
2.461148986816406250e+02
2.465053100585937500e+02
2.459306182861328125e+02
2.484641265869140625e+02
2.494411010742187500e+02
2.483670806884765625e+02
2.463225097656250000e+02
2.465204925537109375e+02
2.474371795654296875e+02
2.483899230957031250e+02
2.478339233398437500e+02
2.489500274658203125e+02
2.505584869384765625e+02
2.520343475341796875e+02
2.513695068359375000e+02
2.516056213378906250e+02
2.525758819580078125e+02
2.538788452148437500e+02
2.533869018554687500e+02
2.531037139892578125e+02
2.540651702880859375e+02
2.561483154296875000e+02
2.601613159179687500e+02
2.643489074707031250e+02
2.657206726074218750e+02
2.661392822265625000e+02
2.660451354980468750e+02
2.665954589843750000e+02
2.674486999511718750e+02
2.672143554687500000e+02
2.661620178222656250e+02
2.654558105468750000e+02
2.654849548339843750e+02
2.650325927734375000e+02
2.638545532226562500e+02
2.641966552734375000e+02
2.659926757812500000e+02
2.674873046875000000e+02
2.679146423339843750e+02
2.689313049316406250e+02
2.705688476562500000e+02
2.712494201660156250e+02
2.710892028808593750e+02
2.707778015136718750e+02
2.712613525390625000e+02
2.718435363769531250e+02
2.713428649902343750e+02
2.709440307617187500e+02
2.710773315429687500e+02
2.704811401367187500e+02
2.699070129394531250e+02
2.698670349121093750e+02
2.702667846679687500e+02
2.697047729492187500e+02
2.703167724609375000e+02
2.704948730468750000e+02
2.687581176757812500e+02
2.681537475585937500e+02
2.665612792968750000e+02
2.661086120605468750e+02
2.667627868652343750e+02
2.674265136718750000e+02
2.663273315429687500e+02
2.647291259765625000e+02
2.624865722656250000e+02
2.607330627441406250e+02
2.589043273925781250e+02
2.584082946777343750e+02
2.586105346679687500e+02
2.591384582519531250e+02
2.593896179199218750e+02
2.600573730468750000e+02
2.601993713378906250e+02
2.610376586914062500e+02
2.623943176269531250e+02
2.614905395507812500e+02
2.572132873535156250e+02
2.556276855468750000e+02
2.549270629882812500e+02
2.542395019531250000e+02
2.549503021240234375e+02
2.561189270019531250e+02
2.577338562011718750e+02
2.602416687011718750e+02
2.625654602050781250e+02
2.641896362304687500e+02
2.639290466308593750e+02
2.638193969726562500e+02
2.648187866210937500e+02
2.654149475097656250e+02
2.645970458984375000e+02
2.618935241699218750e+02
2.571978149414062500e+02
2.557828369140625000e+02
2.552496795654296875e+02
2.542265777587890625e+02
2.539820251464843750e+02
2.542094421386718750e+02
2.536497955322265625e+02
2.544729919433593750e+02
2.550497894287109375e+02
2.566361389160156250e+02
2.566487731933593750e+02
2.565309448242187500e+02
2.564776306152343750e+02
2.565317382812500000e+02
2.549642486572265625e+02
2.531497192382812500e+02
2.517921600341796875e+02
2.525428161621093750e+02
2.537619476318359375e+02
2.550789489746093750e+02
2.546739349365234375e+02
2.569514770507812500e+02
2.635342712402343750e+02
2.650418395996093750e+02
2.629120178222656250e+02
2.605424194335937500e+02
2.578414611816406250e+02
2.550697479248046875e+02
2.540494689941406250e+02
2.538108825683593750e+02
2.538758239746093750e+02
2.534781951904296875e+02
2.546814117431640625e+02
2.549111175537109375e+02
2.549256896972656250e+02
2.549018402099609375e+02
2.589327697753906250e+02
2.589855346679687500e+02
2.568542785644531250e+02
2.551237945556640625e+02
2.577535705566406250e+02
2.607129211425781250e+02
2.620509948730468750e+02
2.641528015136718750e+02
2.655348205566406250e+02
2.660304565429687500e+02
2.656600341796875000e+02
2.663009033203125000e+02
2.677420043945312500e+02
2.689820251464843750e+02
2.683335266113281250e+02
2.683454895019531250e+02
2.691830749511718750e+02
2.683274536132812500e+02
2.655597534179687500e+02
2.631468505859375000e+02
2.641885681152343750e+02
2.660288391113281250e+02
2.656702575683593750e+02
2.654207458496093750e+02
2.660516052246093750e+02
2.670222473144531250e+02
2.667029113769531250e+02
2.668345642089843750e+02
2.673050231933593750e+02
2.679166259765625000e+02
2.672704162597656250e+02
2.670863342285156250e+02
2.678866577148437500e+02
2.685581359863281250e+02
2.674962158203125000e+02
2.667870788574218750e+02
2.668569641113281250e+02
2.668749694824218750e+02
2.643563537597656250e+02
2.623956604003906250e+02
2.631082153320312500e+02
2.636317138671875000e+02
2.613465576171875000e+02
2.596212158203125000e+02
2.604051818847656250e+02
2.617118225097656250e+02
2.612242431640625000e+02
2.599166564941406250e+02
2.603722839355468750e+02
2.621579895019531250e+02
2.616041564941406250e+02
2.614562683105468750e+02
2.631338500976562500e+02
2.638121032714843750e+02
2.629190368652343750e+02
2.622074890136718750e+02
2.634827880859375000e+02
2.641136474609375000e+02
2.636901245117187500e+02
2.630893859863281250e+02
2.626027832031250000e+02
2.614089355468750000e+02
2.598928833007812500e+02
2.592363891601562500e+02
2.596723327636718750e+02
2.595239257812500000e+02
2.596045532226562500e+02
2.598162231445312500e+02
2.609110412597656250e+02
2.609688110351562500e+02
2.617673645019531250e+02
2.615845642089843750e+02
2.620953369140625000e+02
2.614919433593750000e+02
2.608527832031250000e+02
2.600895385742187500e+02
2.600042114257812500e+02
2.594317016601562500e+02
2.589020690917968750e+02
2.582779235839843750e+02
2.585451049804687500e+02
2.575659790039062500e+02
2.575921630859375000e+02
2.577566528320312500e+02
2.571451721191406250e+02
2.575538940429687500e+02
2.580647888183593750e+02
2.578533325195312500e+02
2.574735717773437500e+02
2.573274536132812500e+02
2.571996765136718750e+02
2.570832519531250000e+02
2.590145263671875000e+02
2.607833557128906250e+02
2.613527526855468750e+02
2.610060729980468750e+02
2.609396667480468750e+02
2.610286254882812500e+02
2.603195495605468750e+02
2.593775024414062500e+02
2.591039733886718750e+02
2.596959228515625000e+02
2.595137634277343750e+02
2.584110412597656250e+02
2.592202453613281250e+02
2.600289916992187500e+02
2.599430847167968750e+02
2.600706787109375000e+02
2.607285461425781250e+02
2.610794067382812500e+02
2.612739868164062500e+02
2.610685424804687500e+02
2.605956726074218750e+02
2.599069824218750000e+02
2.601025695800781250e+02
2.603786621093750000e+02
2.628870849609375000e+02
2.645707397460937500e+02
2.642519836425781250e+02
2.637615356445312500e+02
2.645275573730468750e+02
2.640005798339843750e+02
2.633940124511718750e+02
2.630749206542968750e+02
2.643692932128906250e+02
2.653755493164062500e+02
2.647613525390625000e+02
2.637980651855468750e+02
2.654917602539062500e+02
2.657203674316406250e+02
2.654425964355468750e+02
2.643605957031250000e+02
2.651742248535156250e+02
2.650729370117187500e+02
2.661166687011718750e+02
2.658629760742187500e+02
2.665432128906250000e+02
2.665510864257812500e+02
2.661320800781250000e+02
2.649696350097656250e+02
2.657131347656250000e+02
2.672638549804687500e+02
2.680636596679687500e+02
2.686128234863281250e+02
2.698868408203125000e+02
2.705664978027343750e+02
2.707362670898437500e+02
2.701772460937500000e+02
2.706603393554687500e+02
2.707357788085937500e+02
2.694012145996093750e+02
2.672733154296875000e+02
2.677954406738281250e+02
2.674547119140625000e+02
2.670238342285156250e+02
2.670060729980468750e+02
2.674981689453125000e+02
2.679708251953125000e+02
2.672344970703125000e+02
2.664099121093750000e+02
2.671806030273437500e+02
2.667496337890625000e+02
2.675389709472656250e+02
2.676121826171875000e+02
2.673027343750000000e+02
2.686130981445312500e+02
2.688815307617187500e+02
2.695520019531250000e+02
2.707436523437500000e+02
2.709922790527343750e+02
2.695552368164062500e+02
2.689702758789062500e+02
2.700342712402343750e+02
2.705545959472656250e+02
2.696769409179687500e+02
2.682482604980468750e+02
2.696819763183593750e+02
2.703614196777343750e+02
2.704947204589843750e+02
2.700657653808593750e+02
2.701336669921875000e+02
2.710048217773437500e+02
2.701594543457031250e+02
2.697521972656250000e+02
2.701221008300781250e+02
2.713323974609375000e+02
2.713473205566406250e+02
2.711730957031250000e+02
2.720110778808593750e+02
2.720134887695312500e+02
2.715972900390625000e+02
2.711014709472656250e+02
2.705358886718750000e+02
2.715920104980468750e+02
2.722802734375000000e+02
2.721672058105468750e+02
2.722987365722656250e+02
2.725085754394531250e+02
2.722735595703125000e+02
2.718802795410156250e+02
2.717778015136718750e+02
2.721317443847656250e+02
2.711710205078125000e+02
2.704409179687500000e+02
2.719630126953125000e+02
2.722954101562500000e+02
2.709489135742187500e+02
2.703133850097656250e+02
2.719602966308593750e+02
2.724915771484375000e+02
2.722909545898437500e+02
2.724076843261718750e+02
2.731540832519531250e+02
2.737625732421875000e+02
2.734170837402343750e+02
2.731471557617187500e+02
2.734689636230468750e+02
2.735220031738281250e+02
2.726839294433593750e+02
2.721288452148437500e+02
2.717292785644531250e+02
2.723431091308593750e+02
2.717377014160156250e+02
2.718108520507812500e+02
2.725103759765625000e+02
2.727949829101562500e+02
2.720977172851562500e+02
2.718690490722656250e+02
2.716781311035156250e+02
2.717923889160156250e+02
2.713096618652343750e+02
2.711404418945312500e+02
2.716798706054687500e+02
2.722092590332031250e+02
2.711647033691406250e+02
2.706688537597656250e+02
2.712256774902343750e+02
2.716184387207031250e+02
2.713449401855468750e+02
2.716369628906250000e+02
2.726186828613281250e+02
2.730063171386718750e+02
2.728422851562500000e+02
2.727718811035156250e+02
2.727408752441406250e+02
2.729621582031250000e+02
2.728106079101562500e+02
2.726972045898437500e+02
2.726477661132812500e+02
2.727685852050781250e+02
2.719745483398437500e+02
2.715301513671875000e+02
2.727862243652343750e+02
2.734152221679687500e+02
2.728135070800781250e+02
2.726353149414062500e+02
2.727996520996093750e+02
2.731024475097656250e+02
2.727079467773437500e+02
2.724574279785156250e+02
2.725472106933593750e+02
2.728200073242187500e+02
2.723495178222656250e+02
2.719031372070312500e+02
2.718761901855468750e+02
2.717826843261718750e+02
2.715450744628906250e+02
2.710331420898437500e+02
2.709750671386718750e+02
