2.713747558593750000e+02
2.706392517089843750e+02
2.705570068359375000e+02
2.709769287109375000e+02
2.712511901855468750e+02
2.708267517089843750e+02
2.702114257812500000e+02
2.708714599609375000e+02
2.716158752441406250e+02
2.700672607421875000e+02
2.691623229980468750e+02
2.699390869140625000e+02
2.715118408203125000e+02
2.709692687988281250e+02
2.704649658203125000e+02
2.706401367187500000e+02
2.701664733886718750e+02
2.690712890625000000e+02
2.682323303222656250e+02
2.691403808593750000e+02
2.699273071289062500e+02
2.703893127441406250e+02
2.694653930664062500e+02
2.687537536621093750e+02
2.681200256347656250e+02
2.690246582031250000e+02
2.692418518066406250e+02
2.696349792480468750e+02
2.701863403320312500e+02
2.708135375976562500e+02
2.706024780273437500e+02
2.703051757812500000e+02
2.700294494628906250e+02
2.701157226562500000e+02
2.699037170410156250e+02
2.706018981933593750e+02
2.706450805664062500e+02
2.702875976562500000e+02
2.700559692382812500e+02
2.708350524902343750e+02
2.709462280273437500e+02
2.700508422851562500e+02
2.682356262207031250e+02
2.675941467285156250e+02
2.672808532714843750e+02
2.677922668457031250e+02
2.682930603027343750e+02
2.677516784667968750e+02
2.674080505371093750e+02
2.683063354492187500e+02
2.684673156738281250e+02
2.681407165527343750e+02
2.679037780761718750e+02
2.689309692382812500e+02
2.696654357910156250e+02
2.710328369140625000e+02
2.716466979980468750e+02
2.710694274902343750e+02
2.708284912109375000e+02
2.708468933105468750e+02
2.715677490234375000e+02
2.716737670898437500e+02
2.721401672363281250e+02
2.718609924316406250e+02
2.712748718261718750e+02
2.710377807617187500e+02
2.707403259277343750e+02
2.699953002929687500e+02
2.697993164062500000e+02
2.701660766601562500e+02
2.703272705078125000e+02
2.701747131347656250e+02
2.702285156250000000e+02
2.702538146972656250e+02
2.705507202148437500e+02
2.699258422851562500e+02
2.698199462890625000e+02
2.700455627441406250e+02
2.699587707519531250e+02
2.705626831054687500e+02
2.712626647949218750e+02
2.710190429687500000e+02
2.703336791992187500e+02
2.703058166503906250e+02
2.698554382324218750e+02
2.693893737792968750e+02
2.699204406738281250e+02
2.708259582519531250e+02
2.711067504882812500e+02
2.710132751464843750e+02
2.703192138671875000e+02
2.705495605468750000e+02
2.710255737304687500e+02
2.705941772460937500e+02
2.704659423828125000e+02
2.707673339843750000e+02
2.711103820800781250e+02
2.708089599609375000e+02
2.707912292480468750e+02
2.712508850097656250e+02
2.715775146484375000e+02
2.700899353027343750e+02
2.690903930664062500e+02
2.701537170410156250e+02
2.707930297851562500e+02
2.706712951660156250e+02
2.709111633300781250e+02
2.715497131347656250e+02
2.715307617187500000e+02
2.709877319335937500e+02
2.704529724121093750e+02
2.695748291015625000e+02
2.686959533691406250e+02
2.673428649902343750e+02
2.667209472656250000e+02
2.656104431152343750e+02
2.648975830078125000e+02
2.653817138671875000e+02
2.658068542480468750e+02
2.645455932617187500e+02
2.644301757812500000e+02
2.646184997558593750e+02
2.649400024414062500e+02
2.652287597656250000e+02
2.658611145019531250e+02
2.668305969238281250e+02
2.672755737304687500e+02
2.668798522949218750e+02
2.671531066894531250e+02
2.667071838378906250e+02
2.660762634277343750e+02
2.650352783203125000e+02
2.645260314941406250e+02
2.645914001464843750e+02
2.651432495117187500e+02
2.662429809570312500e+02
2.662719116210937500e+02
2.669515686035156250e+02
2.666100463867187500e+02
2.652504882812500000e+02
2.644136352539062500e+02
2.654685058593750000e+02
2.659506530761718750e+02
2.683755187988281250e+02
2.689495544433593750e+02
2.692235107421875000e+02
2.691983337402343750e+02
2.705826416015625000e+02
2.713956909179687500e+02
2.712577209472656250e+02
2.706526184082031250e+02
2.690547790527343750e+02
2.673339233398437500e+02
2.654131774902343750e+02
2.640599365234375000e+02
2.639159851074218750e+02
2.641994323730468750e+02
2.637173767089843750e+02
2.636391296386718750e+02
2.643572387695312500e+02
2.650246582031250000e+02
2.655497741699218750e+02
2.653540344238281250e+02
2.657253112792968750e+02
2.648512268066406250e+02
2.644764404296875000e+02
2.649858398437500000e+02
2.666804809570312500e+02
2.676036987304687500e+02
2.671545410156250000e+02
2.665730895996093750e+02
2.679221801757812500e+02
2.675697326660156250e+02
2.663120422363281250e+02
2.653512268066406250e+02
2.634248352050781250e+02
2.632709960937500000e+02
2.625714111328125000e+02
2.619839782714843750e+02
2.617025146484375000e+02
2.615590820312500000e+02
2.618807373046875000e+02
2.621228942871093750e+02
2.630285034179687500e+02
2.629794006347656250e+02
2.630148315429687500e+02
2.630771789550781250e+02
2.633544006347656250e+02
2.629766845703125000e+02
2.627958374023437500e+02
2.626868896484375000e+02
2.638072814941406250e+02
2.635530395507812500e+02
2.639386596679687500e+02
2.639051513671875000e+02
2.643243103027343750e+02
2.633337707519531250e+02
2.628192443847656250e+02
2.636103820800781250e+02
2.652856750488281250e+02
2.671189270019531250e+02
2.671996154785156250e+02
2.656740417480468750e+02
2.653054504394531250e+02
2.664421081542968750e+02
2.664556884765625000e+02
2.665788879394531250e+02
2.666833801269531250e+02
2.667974853515625000e+02
2.667507629394531250e+02
2.663520507812500000e+02
2.659574279785156250e+02
2.658014221191406250e+02
2.646062316894531250e+02
2.637796325683593750e+02
2.644756469726562500e+02
2.646606140136718750e+02
2.643871765136718750e+02
2.639742126464843750e+02
2.651624450683593750e+02
2.670665893554687500e+02
2.688066711425781250e+02
2.688898925781250000e+02
2.676989746093750000e+02
2.672439270019531250e+02
2.664771118164062500e+02
2.664198608398437500e+02
2.654785766601562500e+02
2.639040527343750000e+02
2.620877075195312500e+02
2.613841857910156250e+02
2.616731872558593750e+02
2.616586608886718750e+02
2.607203674316406250e+02
2.612555541992187500e+02
2.643194885253906250e+02
2.692797851562500000e+02
2.700319213867187500e+02
2.700021362304687500e+02
2.701600341796875000e+02
2.705753173828125000e+02
2.707699584960937500e+02
2.710518188476562500e+02
2.712796630859375000e+02
2.706518249511718750e+02
2.685213623046875000e+02
2.674418945312500000e+02
2.673278503417968750e+02
2.664834289550781250e+02
2.658529357910156250e+02
2.656549072265625000e+02
2.671530151367187500e+02
2.680365295410156250e+02
2.687890930175781250e+02
2.694306335449218750e+02
2.702626342773437500e+02
2.707852172851562500e+02
2.701703491210937500e+02
2.699378967285156250e+02
2.702975158691406250e+02
2.702734680175781250e+02
2.694757995605468750e+02
2.687337036132812500e+02
2.683738708496093750e+02
2.689003601074218750e+02
2.692611389160156250e+02
2.687029418945312500e+02
2.679808044433593750e+02
2.669902038574218750e+02
2.667026672363281250e+02
2.657988586425781250e+02
2.655209655761718750e+02
2.657946472167968750e+02
2.656953430175781250e+02
2.660641784667968750e+02
2.660865478515625000e+02
2.663341979980468750e+02
2.665668029785156250e+02
2.655634765625000000e+02
2.632379455566406250e+02
2.617386474609375000e+02
2.599101257324218750e+02
2.589110412597656250e+02
2.591646728515625000e+02
2.603645629882812500e+02
2.637021789550781250e+02
2.640564880371093750e+02
2.620282592773437500e+02
2.633426818847656250e+02
2.632147521972656250e+02
2.627503051757812500e+02
2.614530944824218750e+02
2.599602355957031250e+02
2.580859069824218750e+02
2.570014953613281250e+02
2.575807495117187500e+02
2.581862792968750000e+02
2.584237060546875000e+02
2.588508911132812500e+02
2.580283508300781250e+02
2.583697814941406250e+02
2.593643798828125000e+02
2.599677429199218750e+02
2.643336181640625000e+02
2.655119323730468750e+02
2.663802490234375000e+02
2.650136108398437500e+02
2.630841369628906250e+02
2.614898681640625000e+02
2.610324401855468750e+02
2.625755310058593750e+02
2.663507690429687500e+02
2.672245788574218750e+02
2.671642761230468750e+02
2.669067687988281250e+02
2.666406555175781250e+02
2.657424316406250000e+02
2.650347900390625000e+02
2.643177490234375000e+02
2.627290344238281250e+02
2.612893066406250000e+02
2.597877502441406250e+02
2.586444091796875000e+02
2.572081298828125000e+02
2.566362304687500000e+02
2.588301391601562500e+02
2.641470947265625000e+02
2.663843688964843750e+02
2.598511352539062500e+02
2.552983703613281250e+02
2.564052429199218750e+02
2.572442016601562500e+02
2.566910095214843750e+02
2.559362487792968750e+02
2.552792816162109375e+02
2.554062957763671875e+02
2.556135864257812500e+02
2.569945068359375000e+02
2.598979797363281250e+02
2.624468383789062500e+02
2.639981079101562500e+02
2.646379699707031250e+02
2.644929504394531250e+02
2.644709777832031250e+02
2.637798461914062500e+02
2.630711059570312500e+02
2.628688354492187500e+02
2.628715820312500000e+02
2.635166931152343750e+02
2.665391845703125000e+02
2.685163574218750000e+02
2.694400329589843750e+02
2.699929504394531250e+02
2.701375122070312500e+02
2.700759277343750000e+02
2.696716918945312500e+02
2.689178161621093750e+02
2.673513793945312500e+02
2.667608032226562500e+02
2.684602355957031250e+02
2.690352172851562500e+02
2.687448120117187500e+02
2.661263427734375000e+02
2.656615295410156250e+02
2.672015380859375000e+02
2.685606079101562500e+02
2.700675354003906250e+02
2.720699768066406250e+02
2.727074890136718750e+02
2.724587707519531250e+02
2.721614990234375000e+02
2.714808959960937500e+02
2.718800048828125000e+02
2.721772766113281250e+02
2.723376464843750000e+02
2.722287597656250000e+02
2.720473937988281250e+02
2.702356567382812500e+02
2.692054748535156250e+02
2.698625488281250000e+02
2.712386169433593750e+02
2.711625061035156250e+02
2.702288513183593750e+02
2.695304260253906250e+02
2.690957641601562500e+02
2.677984313964843750e+02
2.671710815429687500e+02
2.663624267578125000e+02
2.656347351074218750e+02
2.646714172363281250e+02
2.638379821777343750e+02
2.640547485351562500e+02
2.652308349609375000e+02
2.674121704101562500e+02
2.686019287109375000e+02
2.684676208496093750e+02
2.684230346679687500e+02
2.695239562988281250e+02
2.702164611816406250e+02
2.697332153320312500e+02
2.695412597656250000e+02
2.698288574218750000e+02
2.700335693359375000e+02
2.695692443847656250e+02
2.700148620605468750e+02
2.710496215820312500e+02
2.714483642578125000e+02
2.709399108886718750e+02
2.705490112304687500e+02
2.703969726562500000e+02
2.702919006347656250e+02
2.696624450683593750e+02
2.691427612304687500e+02
2.676598815917968750e+02
2.656527709960937500e+02
2.652917785644531250e+02
2.665967407226562500e+02
2.668079833984375000e+02
2.643199768066406250e+02
2.617029418945312500e+02
2.601333923339843750e+02
2.582723999023437500e+02
2.587411804199218750e+02
2.596528320312500000e+02
2.615373229980468750e+02
2.595612792968750000e+02
2.584549255371093750e+02
2.585613708496093750e+02
2.595488281250000000e+02
2.619512634277343750e+02
2.637473754882812500e+02
2.635547485351562500e+02
2.625589599609375000e+02
2.584476928710937500e+02
2.564693908691406250e+02
2.561578369140625000e+02
2.561428527832031250e+02
2.557139129638671875e+02
2.554352111816406250e+02
2.550293579101562500e+02
2.551184997558593750e+02
2.550597991943359375e+02
2.550064086914062500e+02
2.549505004882812500e+02
2.546349945068359375e+02
2.540929412841796875e+02
2.541155090332031250e+02
2.540363006591796875e+02
2.535124664306640625e+02
2.535354614257812500e+02
2.532983245849609375e+02
2.537076263427734375e+02
2.543892517089843750e+02
2.573577880859375000e+02
2.600586242675781250e+02
2.622288818359375000e+02
2.634377746582031250e+02
2.648416137695312500e+02
2.641058044433593750e+02
2.642404479980468750e+02
2.625313110351562500e+02
2.601761779785156250e+02
2.565580749511718750e+02
2.549252319335937500e+02
2.545897216796875000e+02
2.547804565429687500e+02
2.549184875488281250e+02
2.557335815429687500e+02
2.572558898925781250e+02
2.580404052734375000e+02
2.595393066406250000e+02
2.598294067382812500e+02
2.600339965820312500e+02
2.619966125488281250e+02
2.637411193847656250e+02
2.659835510253906250e+02
2.654145507812500000e+02
2.654632568359375000e+02
2.690894470214843750e+02
2.693497314453125000e+02
2.679652099609375000e+02
2.667438049316406250e+02
2.647365722656250000e+02
2.667757263183593750e+02
2.691749572753906250e+02
2.673746337890625000e+02
2.658485412597656250e+02
2.660458374023437500e+02
2.662597961425781250e+02
2.663591308593750000e+02
2.659420776367187500e+02
2.655230712890625000e+02
2.647179870605468750e+02
2.631132202148437500e+02
2.620814514160156250e+02
2.602904052734375000e+02
2.594675903320312500e+02
2.588976440429687500e+02
2.586567077636718750e+02
2.608934631347656250e+02
2.618440246582031250e+02
2.621173400878906250e+02
2.613121337890625000e+02
2.595527038574218750e+02
2.583414306640625000e+02
2.568446655273437500e+02
2.555353240966796875e+02
2.530240936279296875e+02
2.514718017578125000e+02
2.500342864990234375e+02
2.497233886718750000e+02
2.484516448974609375e+02
2.476650848388671875e+02
2.469754486083984375e+02
2.464756469726562500e+02
2.468403930664062500e+02
2.476326751708984375e+02
2.477650756835937500e+02
2.475941925048828125e+02
2.472286529541015625e+02
2.467543029785156250e+02
2.461953582763671875e+02
2.457212371826171875e+02
2.453420257568359375e+02
2.455311279296875000e+02
2.448940734863281250e+02
2.444942474365234375e+02
2.436178283691406250e+02
2.430491027832031250e+02
2.431970062255859375e+02
2.428046722412109375e+02
2.440455780029296875e+02
2.443377227783203125e+02
2.440700683593750000e+02
2.440714111328125000e+02
2.444758453369140625e+02
2.452909240722656250e+02
2.471302490234375000e+02
2.484800262451171875e+02
2.476574707031250000e+02
2.464638214111328125e+02
2.461034240722656250e+02
2.455240936279296875e+02
2.449428100585937500e+02
2.448052215576171875e+02
2.449300537109375000e+02
2.449036407470703125e+02
2.444776458740234375e+02
2.447947845458984375e+02
2.449795227050781250e+02
2.443029174804687500e+02
2.443174438476562500e+02
2.455236053466796875e+02
2.483585968017578125e+02
2.506381072998046875e+02
2.515752563476562500e+02
2.514162902832031250e+02
2.497364654541015625e+02
2.483984222412109375e+02
2.474838562011718750e+02
2.471414031982421875e+02
2.458560333251953125e+02
2.453148651123046875e+02
2.487797393798828125e+02
2.535991516113281250e+02
2.547427215576171875e+02
2.543392486572265625e+02
2.523386230468750000e+02
2.502830352783203125e+02
2.486857757568359375e+02
2.484019622802734375e+02
2.486014099121093750e+02
2.478706970214843750e+02
2.468857727050781250e+02
2.468728485107421875e+02
2.471365966796875000e+02
2.473221588134765625e+02
2.473177642822265625e+02
2.467506561279296875e+02
2.489725494384765625e+02
2.511988983154296875e+02
2.513522338867187500e+02
2.513219757080078125e+02
2.507237701416015625e+02
2.497681884765625000e+02
2.486784210205078125e+02
2.475595550537109375e+02
2.474854583740234375e+02
2.473788604736328125e+02
2.464544219970703125e+02
2.455188140869140625e+02
2.450753936767578125e+02
2.473233947753906250e+02
2.465933532714843750e+02
2.462752227783203125e+02
2.462021942138671875e+02
2.451114654541015625e+02
2.444133911132812500e+02
2.440175323486328125e+02
2.449501342773437500e+02
2.479537658691406250e+02
2.509030456542968750e+02
2.496937866210937500e+02
2.488674621582031250e+02
2.491349182128906250e+02
2.487154846191406250e+02
2.484649353027343750e+02
2.499824523925781250e+02
2.551150512695312500e+02
2.621857299804687500e+02
2.635131225585937500e+02
2.600992736816406250e+02
2.619200439453125000e+02
2.645360412597656250e+02
2.643858947753906250e+02
2.650902099609375000e+02
2.665513916015625000e+02
2.690773925781250000e+02
2.711549682617187500e+02
2.711314086914062500e+02
2.706452941894531250e+02
2.684346313476562500e+02
2.655845642089843750e+02
2.646606445312500000e+02
2.657878723144531250e+02
2.672603454589843750e+02
2.658275146484375000e+02
2.607102050781250000e+02
2.588076171875000000e+02
2.560368652343750000e+02
2.545368041992187500e+02
2.545814819335937500e+02
2.557290802001953125e+02
2.596697692871093750e+02
2.628959960937500000e+02
2.550352478027343750e+02
2.528172760009765625e+02
2.541215057373046875e+02
2.539271545410156250e+02
2.526230163574218750e+02
2.518249969482421875e+02
2.513829650878906250e+02
2.525265960693359375e+02
2.555209503173828125e+02
2.596684875488281250e+02
2.623115539550781250e+02
2.637680053710937500e+02
2.638181457519531250e+02
2.655474243164062500e+02
2.698466491699218750e+02
2.679628906250000000e+02
2.678571166992187500e+02
2.682450561523437500e+02
2.687403259277343750e+02
2.686944580078125000e+02
2.696099853515625000e+02
2.646501159667968750e+02
2.604469299316406250e+02
2.576435852050781250e+02
2.582066650390625000e+02
2.659437561035156250e+02
2.692258300781250000e+02
2.673087768554687500e+02
2.653298339843750000e+02
2.637589111328125000e+02
2.618165893554687500e+02
2.592517089843750000e+02
2.569120178222656250e+02
2.556589965820312500e+02
2.546044616699218750e+02
2.539672241210937500e+02
2.536544189453125000e+02
2.536635284423828125e+02
2.542694396972656250e+02
2.574893798828125000e+02
2.655084228515625000e+02
2.689992370605468750e+02
2.682234191894531250e+02
2.656514892578125000e+02
2.617373962402343750e+02
2.626182250976562500e+02
2.678362121582031250e+02
2.652160339355468750e+02
2.633780212402343750e+02
2.627470703125000000e+02
2.615328674316406250e+02
2.605352172851562500e+02
2.599581909179687500e+02
2.636110229492187500e+02
2.631654663085937500e+02
2.621639099121093750e+02
2.595201110839843750e+02
2.572213745117187500e+02
2.568694763183593750e+02
2.556122589111328125e+02
2.536631317138671875e+02
2.523567657470703125e+02
2.517673187255859375e+02
2.524641265869140625e+02
2.529137268066406250e+02
2.533283081054687500e+02
2.528835296630859375e+02
2.524457397460937500e+02
2.547093963623046875e+02
2.563127746582031250e+02
2.582674865722656250e+02
2.605962219238281250e+02
2.602275085449218750e+02
2.609058837890625000e+02
2.639216003417968750e+02
2.644994201660156250e+02
2.642875061035156250e+02
2.636817626953125000e+02
2.618982543945312500e+02
2.612966003417968750e+02
2.613722534179687500e+02
2.608013916015625000e+02
2.600926513671875000e+02
2.599335327148437500e+02
2.565343017578125000e+02
2.524928283691406250e+02
2.519508514404296875e+02
2.531366271972656250e+02
2.524658355712890625e+02
2.528612060546875000e+02
2.514425201416015625e+02
2.505052032470703125e+02
2.499241333007812500e+02
2.510240936279296875e+02
2.517402648925781250e+02
2.517202911376953125e+02
2.523533325195312500e+02
2.525807189941406250e+02
2.527113037109375000e+02
2.531281127929687500e+02
2.524952239990234375e+02
2.523142242431640625e+02
2.509712982177734375e+02
2.492988739013671875e+02
2.472650909423828125e+02
2.462873535156250000e+02
2.449827270507812500e+02
2.446001129150390625e+02
2.442449645996093750e+02
2.436606903076171875e+02
2.432445373535156250e+02
2.426200714111328125e+02
2.432607727050781250e+02
2.465553894042968750e+02
2.554278869628906250e+02
2.573412780761718750e+02
2.537926483154296875e+02
2.539884490966796875e+02
2.535308685302734375e+02
2.531579132080078125e+02
2.508946838378906250e+02
2.486315307617187500e+02
2.465418090820312500e+02
2.493363189697265625e+02
2.474087219238281250e+02
2.443018493652343750e+02
2.435835571289062500e+02
2.437935485839843750e+02
2.455291137695312500e+02
2.510632476806640625e+02
2.563349304199218750e+02
2.472500305175781250e+02
2.445505065917968750e+02
2.441784362792968750e+02
2.425414428710937500e+02
2.417986755371093750e+02
2.395462646484375000e+02
2.387078857421875000e+02
2.371178588867187500e+02
2.372368011474609375e+02
2.378143157958984375e+02
2.373693237304687500e+02
2.373434600830078125e+02
2.393765411376953125e+02
2.411163177490234375e+02
2.415986938476562500e+02
2.421838684082031250e+02
2.422472534179687500e+02
2.429228210449218750e+02
2.430755615234375000e+02
2.427424468994140625e+02
2.416931152343750000e+02
2.407691955566406250e+02
2.399222869873046875e+02
2.387412109375000000e+02
2.381697540283203125e+02
2.376662597656250000e+02
2.382003021240234375e+02
2.379049530029296875e+02
2.383304901123046875e+02
2.400837097167968750e+02
2.452024536132812500e+02
2.542519683837890625e+02
2.613933410644531250e+02
2.643957824707031250e+02
2.669140014648437500e+02
2.671119079589843750e+02
2.672823791503906250e+02
2.679678344726562500e+02
2.678831787109375000e+02
2.677800292968750000e+02
2.671569519042968750e+02
2.660860595703125000e+02
2.696979370117187500e+02
2.708464660644531250e+02
2.706863708496093750e+02
2.709734497070312500e+02
2.708893127441406250e+02
2.681221313476562500e+02
2.659718933105468750e+02
2.661218261718750000e+02
2.662223815917968750e+02
2.654857177734375000e+02
2.647966613769531250e+02
2.631398010253906250e+02
2.630550231933593750e+02
2.648574523925781250e+02
2.674751281738281250e+02
2.684451599121093750e+02
2.672303466796875000e+02
2.652393188476562500e+02
2.651507873535156250e+02
2.630943603515625000e+02
2.552494659423828125e+02
2.516011505126953125e+02
2.514969329833984375e+02
2.517016906738281250e+02
2.527346496582031250e+02
2.534869384765625000e+02
2.537470550537109375e+02
2.547187957763671875e+02
2.546767883300781250e+02
2.541545257568359375e+02
2.537594909667968750e+02
2.539049377441406250e+02
2.539583740234375000e+02
2.525121917724609375e+02
2.515967712402343750e+02
2.515680847167968750e+02
2.519631195068359375e+02
2.519555969238281250e+02
2.518944854736328125e+02
2.519901275634765625e+02
2.522651519775390625e+02
2.520960693359375000e+02
2.524334106445312500e+02
2.531142272949218750e+02
2.534437408447265625e+02
2.534017639160156250e+02
2.525343322753906250e+02
2.517676239013671875e+02
2.511738128662109375e+02
2.504636688232421875e+02
2.503274078369140625e+02
2.501700592041015625e+02
2.498428344726562500e+02
2.488874511718750000e+02
2.479703216552734375e+02
2.470454864501953125e+02
2.473430938720703125e+02
2.473174285888671875e+02
2.483601684570312500e+02
2.490245666503906250e+02
2.484104003906250000e+02
2.467781829833984375e+02
2.467413482666015625e+02
2.481340484619140625e+02
2.478775329589843750e+02
2.455351715087890625e+02
2.455286254882812500e+02
2.468645172119140625e+02
2.520545654296875000e+02
2.518463439941406250e+02
2.501941528320312500e+02
2.470602722167968750e+02
2.461238555908203125e+02
2.453694000244140625e+02
2.452668457031250000e+02
2.445508270263671875e+02
2.447427520751953125e+02
2.461440277099609375e+02
2.513432159423828125e+02
2.539380035400390625e+02
2.503134765625000000e+02
2.484454803466796875e+02
2.487753295898437500e+02
2.506232452392578125e+02
2.530190582275390625e+02
2.539508819580078125e+02
2.547532196044921875e+02
2.530774383544921875e+02
2.509362335205078125e+02
2.516187744140625000e+02
2.524893035888671875e+02
2.519278869628906250e+02
2.515667266845703125e+02
2.519588012695312500e+02
2.524198303222656250e+02
2.529898071289062500e+02
2.533753356933593750e+02
2.530128631591796875e+02
2.528104095458984375e+02
2.534410095214843750e+02
2.548796539306640625e+02
2.576877441406250000e+02
2.616470336914062500e+02
2.637835693359375000e+02
2.636845092773437500e+02
2.620841064453125000e+02
2.618472595214843750e+02
2.615899353027343750e+02
2.614627075195312500e+02
2.614677124023437500e+02
2.612339172363281250e+02
2.605069580078125000e+02
2.605516967773437500e+02
2.601019897460937500e+02
2.596829223632812500e+02
2.585924377441406250e+02
2.579660034179687500e+02
2.565768737792968750e+02
2.553924713134765625e+02
2.556529235839843750e+02
2.558176879882812500e+02
2.557429199218750000e+02
2.559421997070312500e+02
2.555669250488281250e+02
2.552124786376953125e+02
2.538232421875000000e+02
2.529651031494140625e+02
2.526942138671875000e+02
2.523786315917968750e+02
2.519548339843750000e+02
2.522030334472656250e+02
2.539399261474609375e+02
2.552087554931640625e+02
2.560263977050781250e+02
2.569344482421875000e+02
2.583747863769531250e+02
2.600246276855468750e+02
2.630450134277343750e+02
2.638409423828125000e+02
2.625186157226562500e+02
2.604730224609375000e+02
2.597262878417968750e+02
2.592715148925781250e+02
2.585636291503906250e+02
2.582964782714843750e+02
2.610775451660156250e+02
2.615231933593750000e+02
2.626752624511718750e+02
2.631564331054687500e+02
2.622695617675781250e+02
2.610053710937500000e+02
2.610392456054687500e+02
2.611036071777343750e+02
2.603594055175781250e+02
2.568869323730468750e+02
2.560580749511718750e+02
2.559430389404296875e+02
2.556221923828125000e+02
2.557552795410156250e+02
2.564480590820312500e+02
2.569165649414062500e+02
2.559568481445312500e+02
2.549412841796875000e+02
2.538838958740234375e+02
2.522849884033203125e+02
2.499472045898437500e+02
2.491979217529296875e+02
2.495890502929687500e+02
2.502397003173828125e+02
2.497365722656250000e+02
2.495260772705078125e+02
2.503659515380859375e+02
2.524066314697265625e+02
2.537020111083984375e+02
2.568011779785156250e+02
2.594248046875000000e+02
2.546334533691406250e+02
2.503299407958984375e+02
2.493277893066406250e+02
2.492467498779296875e+02
2.499848022460937500e+02
2.492735290527343750e+02
2.494711303710937500e+02
2.504262847900390625e+02
2.523485107421875000e+02
2.556633453369140625e+02
2.582109680175781250e+02
2.596965332031250000e+02
2.602785644531250000e+02
2.609505920410156250e+02
2.589005126953125000e+02
2.578303222656250000e+02
2.578608093261718750e+02
2.574936218261718750e+02
2.551630249023437500e+02
2.549844970703125000e+02
2.570395202636718750e+02
2.591554260253906250e+02
2.604828186035156250e+02
2.618635864257812500e+02
2.621950683593750000e+02
2.607132263183593750e+02
2.618403015136718750e+02
2.626917114257812500e+02
2.630761108398437500e+02
2.628609313964843750e+02
2.623789672851562500e+02
2.614217224121093750e+02
2.590895996093750000e+02
2.564132080078125000e+02
2.538285217285156250e+02
2.541355743408203125e+02
2.552772979736328125e+02
2.552829437255859375e+02
2.551878356933593750e+02
2.537030181884765625e+02
2.532774810791015625e+02
2.526264190673828125e+02
2.536526489257812500e+02
2.544272308349609375e+02
2.560107727050781250e+02
2.574605407714843750e+02
2.588297119140625000e+02
2.590900878906250000e+02
2.578863220214843750e+02
2.555825500488281250e+02
2.529152374267578125e+02
2.525210418701171875e+02
2.523619689941406250e+02
2.503830413818359375e+02
2.489554138183593750e+02
2.495615539550781250e+02
2.511261749267578125e+02
2.498223876953125000e+02
2.497988739013671875e+02
2.509352874755859375e+02
2.518500671386718750e+02
2.500603485107421875e+02
2.495885467529296875e+02
2.516336975097656250e+02
2.544041137695312500e+02
2.578178405761718750e+02
2.591817626953125000e+02
2.595362854003906250e+02
2.589956359863281250e+02
2.579123229980468750e+02
2.586405944824218750e+02
2.598171997070312500e+02
2.611867065429687500e+02
2.603851318359375000e+02
2.582475891113281250e+02
2.573598632812500000e+02
2.581949768066406250e+02
2.571576232910156250e+02
2.562176818847656250e+02
2.568984985351562500e+02
2.570599365234375000e+02
2.559893188476562500e+02
2.556815490722656250e+02
2.562904663085937500e+02
2.563902282714843750e+02
2.563820190429687500e+02
2.582178344726562500e+02
2.604082336425781250e+02
2.617752075195312500e+02
2.598378295898437500e+02
2.594602050781250000e+02
2.582286376953125000e+02
2.585299682617187500e+02
2.584824523925781250e+02
2.583261108398437500e+02
2.581113281250000000e+02
2.581845092773437500e+02
2.576462707519531250e+02
2.566246032714843750e+02
2.562167053222656250e+02
2.559854125976562500e+02
2.549365539550781250e+02
2.548103637695312500e+02
2.556970062255859375e+02
2.542174682617187500e+02
2.521789703369140625e+02
2.516355133056640625e+02
2.525992279052734375e+02
2.534355621337890625e+02
2.525085449218750000e+02
2.521884613037109375e+02
2.541290435791015625e+02
2.556633148193359375e+02
2.544756317138671875e+02
2.538059844970703125e+02
2.556502685546875000e+02
2.565709533691406250e+02
2.556973571777343750e+02
2.553475646972656250e+02
2.566755371093750000e+02
2.576702880859375000e+02
2.552010498046875000e+02
2.534932556152343750e+02
2.548564910888671875e+02
2.555328216552734375e+02
2.587565917968750000e+02
2.639281311035156250e+02
2.688385314941406250e+02
2.704791564941406250e+02
2.699774475097656250e+02
2.685253601074218750e+02
2.681976013183593750e+02
2.684557495117187500e+02
2.673193969726562500e+02
2.665921936035156250e+02
2.658098754882812500e+02
2.651828918457031250e+02
2.638177795410156250e+02
2.626504516601562500e+02
2.632316894531250000e+02
2.623653259277343750e+02
2.585089721679687500e+02
2.557736663818359375e+02
2.571292419433593750e+02
2.599414978027343750e+02
2.632622070312500000e+02
2.664237670898437500e+02
2.649829711914062500e+02
2.655321044921875000e+02
2.644774780273437500e+02
2.606879577636718750e+02
2.578155822753906250e+02
2.574533386230468750e+02
2.571754760742187500e+02
2.564706726074218750e+02
2.554232788085937500e+02
2.543240509033203125e+02
2.558482666015625000e+02
2.613723754882812500e+02
2.585871276855468750e+02
2.566282958984375000e+02
2.571110229492187500e+02
2.598751831054687500e+02
2.643773193359375000e+02
2.667469482421875000e+02
2.653534240722656250e+02
2.642041015625000000e+02
2.621997070312500000e+02
2.592800903320312500e+02
2.556963958740234375e+02
2.534603271484375000e+02
2.522864074707031250e+02
2.525352172851562500e+02
2.531441192626953125e+02
2.530218200683593750e+02
2.519178771972656250e+02
2.522891082763671875e+02
2.531285247802734375e+02
2.530471038818359375e+02
2.537123413085937500e+02
2.542287597656250000e+02
2.539946594238281250e+02
2.537653656005859375e+02
2.549347534179687500e+02
2.561914978027343750e+02
2.541720581054687500e+02
2.538898010253906250e+02
2.572888183593750000e+02
2.593449707031250000e+02
2.588711853027343750e+02
2.603718872070312500e+02
2.651454467773437500e+02
2.658812561035156250e+02
2.618207397460937500e+02
2.589275817871093750e+02
2.605939636230468750e+02
2.618009643554687500e+02
2.600369262695312500e+02
2.587156372070312500e+02
2.601669311523437500e+02
2.619083557128906250e+02
2.618728027343750000e+02
2.610956420898437500e+02
2.602040100097656250e+02
2.595710449218750000e+02
2.586130676269531250e+02
2.584603271484375000e+02
2.599673156738281250e+02
2.602478027343750000e+02
2.586921997070312500e+02
2.575976257324218750e+02
2.579024353027343750e+02
2.581007080078125000e+02
2.581431274414062500e+02
2.584317626953125000e+02
2.598735046386718750e+02
2.605826721191406250e+02
2.597957458496093750e+02
2.589914550781250000e+02
2.603803710937500000e+02
2.622835998535156250e+02
2.609725952148437500e+02
2.597524719238281250e+02
2.612676696777343750e+02
2.617160644531250000e+02
2.599632263183593750e+02
2.590417785644531250e+02
2.606946411132812500e+02
2.610561523437500000e+02
2.595299072265625000e+02
2.589104614257812500e+02
2.605114135742187500e+02
2.605653381347656250e+02
2.597237548828125000e+02
2.599209899902343750e+02
2.602539978027343750e+02
2.603956298828125000e+02
2.602751159667968750e+02
2.601385498046875000e+02
2.618190917968750000e+02
2.632155761718750000e+02
2.629261169433593750e+02
2.637106933593750000e+02
2.663063049316406250e+02
2.682811584472656250e+02
2.665263061523437500e+02
2.658443603515625000e+02
2.665075988769531250e+02
2.668817443847656250e+02
2.653852844238281250e+02
2.645925903320312500e+02
2.668596801757812500e+02
2.676633605957031250e+02
2.661241760253906250e+02
2.656926269531250000e+02
2.672517395019531250e+02
2.671036071777343750e+02
2.655244140625000000e+02
2.660210876464843750e+02
2.672564392089843750e+02
2.686274719238281250e+02
2.670955810546875000e+02
2.659112243652343750e+02
2.676250305175781250e+02
2.690577392578125000e+02
2.688106384277343750e+02
2.699899291992187500e+02
2.712147216796875000e+02
2.714005126953125000e+02
2.699650878906250000e+02
2.689221801757812500e+02
2.696982727050781250e+02
2.697161560058593750e+02
2.693914184570312500e+02
2.692125549316406250e+02
2.699671020507812500e+02
2.699449768066406250e+02
2.688041076660156250e+02
2.687251281738281250e+02
2.700083007812500000e+02
2.702439270019531250e+02
2.690454711914062500e+02
2.685590515136718750e+02
2.701672668457031250e+02
2.705547485351562500e+02
2.692189636230468750e+02
2.680893554687500000e+02
2.700455627441406250e+02
2.700376586914062500e+02
2.683930969238281250e+02
2.673638610839843750e+02
2.689739685058593750e+02
2.685922241210937500e+02
2.682366638183593750e+02
2.675111999511718750e+02
2.693806457519531250e+02
2.691321411132812500e+02
2.684342041015625000e+02
2.687206115722656250e+02
2.694036254882812500e+02
2.707171325683593750e+02
2.710405883789062500e+02
2.707050476074218750e+02
2.717339477539062500e+02
2.725062255859375000e+02
2.723513183593750000e+02
2.719432373046875000e+02
2.719349060058593750e+02
2.722632141113281250e+02
2.719770812988281250e+02
2.719552307128906250e+02
2.717903747558593750e+02
2.718712768554687500e+02
2.715977478027343750e+02
2.707204589843750000e+02
2.701619262695312500e+02
2.692813720703125000e+02
2.686845397949218750e+02
2.685145263671875000e+02
2.687445068359375000e+02
2.682601623535156250e+02
2.680879211425781250e+02
2.677800598144531250e+02
2.667542724609375000e+02
2.672960815429687500e+02
2.685106201171875000e+02
2.687391357421875000e+02
2.693514404296875000e+02
2.698450622558593750e+02
2.708973693847656250e+02
2.710008544921875000e+02
2.713661193847656250e+02
2.719391479492187500e+02
2.719380187988281250e+02
2.721990356445312500e+02
2.716567077636718750e+02
2.716902465820312500e+02
2.716904602050781250e+02
2.714584960937500000e+02
2.703119201660156250e+02
2.710293273925781250e+02
2.711155700683593750e+02
2.711526184082031250e+02
2.721463623046875000e+02
2.725752258300781250e+02
2.723331298828125000e+02
2.723024597167968750e+02
2.725469665527343750e+02
2.723562011718750000e+02
2.719123535156250000e+02
2.717712402343750000e+02
2.714331970214843750e+02
2.717281799316406250e+02
2.715591735839843750e+02
2.708918151855468750e+02
2.694989929199218750e+02
2.683639526367187500e+02
2.678933410644531250e+02
2.676122131347656250e+02
2.681414184570312500e+02
2.677280883789062500e+02
2.679863891601562500e+02
2.685427856445312500e+02
2.679845275878906250e+02
2.683560791015625000e+02
2.684360046386718750e+02
2.687994079589843750e+02
2.665375671386718750e+02
2.660047607421875000e+02
2.669176025390625000e+02
2.675976867675781250e+02
2.670327453613281250e+02
2.683854675292968750e+02
2.688143310546875000e+02
2.687805786132812500e+02
2.699096069335937500e+02
2.718377075195312500e+02
2.720579528808593750e+02
2.715165405273437500e+02
2.716983337402343750e+02
2.718514709472656250e+02
2.710239562988281250e+02
2.709142761230468750e+02
2.707533264160156250e+02
2.710130615234375000e+02
2.703400268554687500e+02
2.698421936035156250e+02
2.702835693359375000e+02
2.699791870117187500e+02
2.695864562988281250e+02
2.699985351562500000e+02
2.712312316894531250e+02
2.717315063476562500e+02
2.709512939453125000e+02
2.709581909179687500e+02
2.712947692871093750e+02
2.710215148925781250e+02
2.709346618652343750e+02
2.707848205566406250e+02
2.706853027343750000e+02
2.712757263183593750e+02
2.716747741699218750e+02
2.717503662109375000e+02
2.718405761718750000e+02
2.721011657714843750e+02
2.719818115234375000e+02
2.720995178222656250e+02
2.723465576171875000e+02
2.726265563964843750e+02
2.723784484863281250e+02
2.721222534179687500e+02
2.723789367675781250e+02
2.720921325683593750e+02
2.714781799316406250e+02
2.715173339843750000e+02
2.711103820800781250e+02
2.708145751953125000e+02
2.709925231933593750e+02
2.709847106933593750e+02
2.708522949218750000e+02
2.709351806640625000e+02
2.706635131835937500e+02
2.706553955078125000e+02
2.706028442382812500e+02
2.710220336914062500e+02
2.702786560058593750e+02
2.699193420410156250e+02
2.696557312011718750e+02
2.700245056152343750e+02
2.688399047851562500e+02
2.695568847656250000e+02
2.698377685546875000e+02
2.700887756347656250e+02
2.707592468261718750e+02
2.709410705566406250e+02
2.715892333984375000e+02
2.713093872070312500e+02
2.709161987304687500e+02
2.701246948242187500e+02
2.696997375488281250e+02
2.694137268066406250e+02
2.701905212402343750e+02
2.705283508300781250e+02
2.701374816894531250e+02
2.709348144531250000e+02
2.709888000488281250e+02
2.708852844238281250e+02
2.716376037597656250e+02
2.707764587402343750e+02
2.708353271484375000e+02
2.704155273437500000e+02
2.706162719726562500e+02
2.704732971191406250e+02
2.703729553222656250e+02
2.703138732910156250e+02
2.686614685058593750e+02
2.684170532226562500e+02
2.696995239257812500e+02
2.693734436035156250e+02
2.683307495117187500e+02
2.679119262695312500e+02
2.691609802246093750e+02
2.695223083496093750e+02
2.694106445312500000e+02
2.701896972656250000e+02
2.695801696777343750e+02
2.695375976562500000e+02
2.700324096679687500e+02
2.699165954589843750e+02
2.698856811523437500e+02
2.700408935546875000e+02
2.695715942382812500e+02
2.698674621582031250e+02
2.699078674316406250e+02
2.698655700683593750e+02
2.718202819824218750e+02
2.723454895019531250e+02
2.720556945800781250e+02
2.717481384277343750e+02
2.728192443847656250e+02
