2.695489807128906250e+02
2.696541137695312500e+02
2.696173706054687500e+02
2.699053039550781250e+02
2.710332641601562500e+02
2.716625671386718750e+02
2.715360412597656250e+02
2.707552795410156250e+02
2.700960083007812500e+02
2.694241638183593750e+02
2.688817749023437500e+02
2.707374267578125000e+02
2.719557189941406250e+02
2.719475097656250000e+02
2.719849243164062500e+02
2.712102050781250000e+02
2.714999389648437500e+02
2.708834838867187500e+02
2.709371337890625000e+02
2.715915527343750000e+02
2.717311096191406250e+02
2.714730224609375000e+02
2.713858947753906250e+02
2.707637329101562500e+02
2.710387878417968750e+02
2.703607482910156250e+02
2.698748779296875000e+02
2.688047180175781250e+02
2.687485046386718750e+02
2.690718078613281250e+02
2.691144104003906250e+02
2.682745361328125000e+02
2.682745361328125000e+02
2.688790893554687500e+02
2.690458679199218750e+02
2.687102661132812500e+02
2.691395874023437500e+02
2.697444458007812500e+02
2.696436157226562500e+02
2.688039245605468750e+02
2.685339965820312500e+02
2.681668090820312500e+02
2.680146179199218750e+02
2.675109863281250000e+02
2.679618225097656250e+02
2.687964477539062500e+02
2.691131896972656250e+02
2.684239501953125000e+02
2.683659362792968750e+02
2.687950134277343750e+02
2.686772766113281250e+02
2.680832519531250000e+02
2.685021362304687500e+02
2.685935668945312500e+02
2.687032470703125000e+02
2.688220520019531250e+02
2.687606506347656250e+02
2.687960815429687500e+02
2.687915344238281250e+02
2.679685363769531250e+02
2.678472290039062500e+02
2.687954101562500000e+02
2.687195434570312500e+02
2.683725585937500000e+02
2.680377197265625000e+02
2.689669189453125000e+02
2.690307922363281250e+02
2.678541259765625000e+02
2.676602783203125000e+02
2.694483642578125000e+02
2.693719787597656250e+02
2.691532897949218750e+02
2.690666503906250000e+02
2.689675903320312500e+02
2.688568725585937500e+02
2.692277526855468750e+02
2.691616516113281250e+02
2.692135314941406250e+02
2.690252990722656250e+02
2.690585021972656250e+02
2.691875000000000000e+02
2.693942871093750000e+02
2.689086608886718750e+02
2.676666564941406250e+02
2.675700683593750000e+02
2.685776977539062500e+02
2.686188964843750000e+02
2.672528381347656250e+02
2.680043640136718750e+02
2.691280212402343750e+02
2.694433898925781250e+02
2.690023803710937500e+02
2.692645263671875000e+02
2.698992919921875000e+02
2.705224914550781250e+02
2.718876037597656250e+02
2.724292602539062500e+02
2.721935729980468750e+02
2.720482482910156250e+02
2.726133728027343750e+02
2.724081420898437500e+02
2.718536071777343750e+02
2.712185058593750000e+02
2.715444030761718750e+02
2.716792907714843750e+02
2.717572326660156250e+02
2.722867431640625000e+02
2.727144775390625000e+02
2.729801635742187500e+02
2.723859558105468750e+02
2.719689941406250000e+02
2.722164001464843750e+02
2.719961853027343750e+02
2.711885375976562500e+02
2.712984924316406250e+02
2.724154052734375000e+02
2.722796020507812500e+02
2.712669982910156250e+02
2.710444030761718750e+02
2.704663085937500000e+02
2.707113952636718750e+02
2.710695495605468750e+02
2.711143188476562500e+02
2.705175170898437500e+02
2.704935913085937500e+02
2.708037719726562500e+02
2.708321228027343750e+02
2.704754943847656250e+02
2.704704895019531250e+02
2.705668334960937500e+02
2.704529113769531250e+02
2.703064270019531250e+02
2.698424682617187500e+02
2.697716064453125000e+02
2.695317077636718750e+02
2.687356872558593750e+02
2.687771606445312500e+02
2.689998168945312500e+02
2.689818420410156250e+02
2.682062683105468750e+02
2.681089172363281250e+02
2.683096008300781250e+02
2.686335754394531250e+02
2.683857727050781250e+02
2.676536560058593750e+02
2.678043212890625000e+02
2.679447937011718750e+02
2.682631835937500000e+02
2.698706359863281250e+02
2.709958801269531250e+02
2.712664794921875000e+02
2.713074951171875000e+02
2.715546264648437500e+02
2.710634765625000000e+02
2.704658813476562500e+02
2.695136413574218750e+02
2.679240722656250000e+02
2.662008972167968750e+02
2.662139892578125000e+02
2.659411926269531250e+02
2.664011230468750000e+02
2.663752746582031250e+02
2.662532348632812500e+02
2.653213195800781250e+02
2.652902832031250000e+02
2.651831970214843750e+02
2.663890380859375000e+02
2.655352172851562500e+02
2.655003967285156250e+02
2.667263488769531250e+02
2.672160644531250000e+02
2.672217712402343750e+02
2.668803405761718750e+02
2.669135437011718750e+02
2.659822387695312500e+02
2.651390380859375000e+02
2.660029602050781250e+02
2.667526245117187500e+02
2.668294372558593750e+02
2.662293090820312500e+02
2.661693115234375000e+02
2.675626220703125000e+02
2.681465148925781250e+02
2.682709045410156250e+02
2.681564025878906250e+02
2.684973754882812500e+02
2.685870971679687500e+02
2.692843627929687500e+02
2.700763549804687500e+02
2.702119445800781250e+02
2.699491577148437500e+02
2.693066711425781250e+02
2.686133117675781250e+02
2.675943908691406250e+02
2.669323730468750000e+02
2.663028869628906250e+02
2.672912902832031250e+02
2.686722717285156250e+02
2.687851257324218750e+02
2.682804565429687500e+02
2.681401062011718750e+02
2.687622070312500000e+02
2.687230529785156250e+02
2.684110412597656250e+02
2.680205688476562500e+02
2.681139221191406250e+02
2.678499145507812500e+02
2.674029235839843750e+02
2.665531005859375000e+02
2.669953613281250000e+02
2.668031921386718750e+02
2.658600463867187500e+02
2.653418273925781250e+02
2.647423400878906250e+02
2.647111206054687500e+02
2.641882019042968750e+02
2.636810302734375000e+02
2.634525756835937500e+02
2.635866088867187500e+02
2.633497924804687500e+02
2.637519836425781250e+02
2.641057128906250000e+02
2.655842285156250000e+02
2.662296142578125000e+02
2.670667724609375000e+02
2.673561401367187500e+02
2.678639831542968750e+02
2.680841674804687500e+02
2.686890869140625000e+02
2.689526062011718750e+02
2.696417846679687500e+02
2.695206298828125000e+02
2.695826110839843750e+02
2.688339538574218750e+02
2.682781677246093750e+02
2.662923583984375000e+02
2.651634216308593750e+02
2.641609497070312500e+02
2.637395935058593750e+02
2.636110839843750000e+02
2.638550109863281250e+02
2.635694274902343750e+02
2.632465820312500000e+02
2.642353820800781250e+02
2.631368103027343750e+02
2.636260681152343750e+02
2.636725463867187500e+02
2.629632873535156250e+02
2.630791320800781250e+02
2.641957397460937500e+02
2.652372436523437500e+02
2.664878234863281250e+02
2.667499084472656250e+02
2.676360473632812500e+02
2.685487365722656250e+02
2.687488403320312500e+02
2.680264892578125000e+02
2.674640197753906250e+02
2.671097106933593750e+02
2.670976257324218750e+02
2.675032958984375000e+02
2.675116271972656250e+02
2.671573181152343750e+02
2.673529052734375000e+02
2.689853515625000000e+02
2.701780700683593750e+02
2.705060119628906250e+02
2.707062988281250000e+02
2.704835815429687500e+02
2.698606872558593750e+02
2.688188476562500000e+02
2.687888488769531250e+02
2.690860290527343750e+02
2.696033935546875000e+02
2.695022888183593750e+02
2.694451904296875000e+02
2.693281250000000000e+02
2.689939880371093750e+02
2.685115966796875000e+02
2.680120239257812500e+02
2.673041076660156250e+02
2.660882568359375000e+02
2.650240173339843750e+02
2.646587829589843750e+02
2.643021850585937500e+02
2.631072082519531250e+02
2.625209655761718750e+02
2.618039245605468750e+02
2.606293334960937500e+02
2.630667419433593750e+02
2.655361022949218750e+02
2.670843811035156250e+02
2.676563110351562500e+02
2.683599853515625000e+02
2.691051330566406250e+02
2.694619750976562500e+02
2.695032958984375000e+02
2.683107604980468750e+02
2.668565063476562500e+02
2.641994628906250000e+02
2.627761840820312500e+02
2.625039367675781250e+02
2.632980041503906250e+02
2.638629760742187500e+02
2.641661987304687500e+02
2.637053833007812500e+02
2.633747863769531250e+02
2.635294799804687500e+02
2.639824523925781250e+02
2.626154785156250000e+02
2.628678283691406250e+02
2.650387268066406250e+02
2.659374389648437500e+02
2.646898498535156250e+02
2.640791320800781250e+02
2.637859802246093750e+02
2.626032714843750000e+02
2.619862976074218750e+02
2.620042724609375000e+02
2.629073181152343750e+02
2.634589233398437500e+02
2.629076232910156250e+02
2.624012451171875000e+02
2.616071777343750000e+02
2.610092163085937500e+02
2.603494873046875000e+02
2.597450256347656250e+02
2.592530212402343750e+02
2.587323913574218750e+02
2.578794250488281250e+02
2.586009216308593750e+02
2.606847839355468750e+02
2.636574707031250000e+02
2.663382568359375000e+02
2.670194091796875000e+02
2.658422546386718750e+02
2.641710510253906250e+02
2.602682495117187500e+02
2.590919189453125000e+02
2.611586914062500000e+02
2.657583007812500000e+02
2.711475219726562500e+02
2.710405578613281250e+02
2.687562866210937500e+02
2.688978271484375000e+02
2.715671691894531250e+02
2.720558166503906250e+02
2.715472717285156250e+02
2.716703796386718750e+02
2.713497314453125000e+02
2.701428222656250000e+02
2.678112792968750000e+02
2.678688659667968750e+02
2.702001647949218750e+02
2.716428833007812500e+02
2.719479980468750000e+02
2.715371398925781250e+02
2.708316345214843750e+02
2.699918823242187500e+02
2.695009460449218750e+02
2.691674499511718750e+02
2.692456359863281250e+02
2.696346740722656250e+02
2.706926269531250000e+02
2.709279174804687500e+02
2.706317749023437500e+02
2.705119018554687500e+02
2.709239501953125000e+02
2.710783691406250000e+02
2.708358154296875000e+02
2.707572937011718750e+02
2.706709594726562500e+02
2.704807128906250000e+02
2.697139892578125000e+02
2.696017761230468750e+02
2.695395812988281250e+02
2.695861206054687500e+02
2.692994079589843750e+02
2.688184509277343750e+02
2.682600708007812500e+02
2.675283508300781250e+02
2.668517456054687500e+02
2.663413696289062500e+02
2.657160644531250000e+02
2.670153808593750000e+02
2.677672729492187500e+02
2.681530151367187500e+02
2.674642333984375000e+02
2.667799682617187500e+02
2.650306396484375000e+02
2.634885559082031250e+02
2.618797607421875000e+02
2.605038146972656250e+02
2.585192260742187500e+02
2.573093872070312500e+02
2.568452148437500000e+02
2.571836853027343750e+02
2.576045837402343750e+02
2.581591186523437500e+02
2.582718811035156250e+02
2.585712585449218750e+02
2.593944396972656250e+02
2.595113220214843750e+02
2.584353027343750000e+02
2.576439208984375000e+02
2.563967895507812500e+02
2.563843078613281250e+02
2.582023620605468750e+02
2.588014831542968750e+02
2.574560852050781250e+02
2.562567138671875000e+02
2.554094390869140625e+02
2.559757537841796875e+02
2.548843383789062500e+02
2.546507873535156250e+02
2.538525848388671875e+02
2.538939514160156250e+02
2.524576873779296875e+02
2.519071044921875000e+02
2.513405914306640625e+02
2.513645935058593750e+02
2.507214813232421875e+02
2.507830963134765625e+02
2.506179809570312500e+02
2.507244415283203125e+02
2.508422088623046875e+02
2.510311584472656250e+02
2.513035736083984375e+02
2.519365081787109375e+02
2.530120239257812500e+02
2.548218078613281250e+02
2.580854797363281250e+02
2.595234375000000000e+02
2.600712585449218750e+02
2.619574890136718750e+02
2.601177978515625000e+02
2.591257934570312500e+02
2.571106567382812500e+02
2.566873168945312500e+02
2.558118591308593750e+02
2.559105377197265625e+02
2.562412719726562500e+02
2.557549285888671875e+02
2.545348815917968750e+02
2.532439422607421875e+02
2.523528594970703125e+02
2.506621551513671875e+02
2.508318786621093750e+02
2.512661590576171875e+02
2.507564697265625000e+02
2.529859924316406250e+02
2.571224060058593750e+02
2.559064483642578125e+02
2.526147918701171875e+02
2.521781768798828125e+02
2.525082702636718750e+02
2.539051666259765625e+02
2.513644256591796875e+02
2.499149017333984375e+02
2.501217956542968750e+02
2.519207458496093750e+02
2.539477996826171875e+02
2.590619506835937500e+02
2.638465881347656250e+02
2.670664672851562500e+02
2.666275939941406250e+02
2.667032165527343750e+02
2.666020507812500000e+02
2.656222839355468750e+02
2.644186401367187500e+02
2.636284179687500000e+02
2.635669250488281250e+02
2.638281250000000000e+02
2.631814270019531250e+02
2.632364807128906250e+02
2.649162597656250000e+02
2.649442138671875000e+02
2.642209167480468750e+02
2.636761169433593750e+02
2.608982238769531250e+02
2.586385192871093750e+02
2.577514953613281250e+02
2.600002136230468750e+02
2.618298950195312500e+02
2.631046752929687500e+02
2.632520446777343750e+02
2.630218505859375000e+02
2.615415954589843750e+02
2.617393798828125000e+02
2.606533508300781250e+02
2.601486511230468750e+02
2.614833374023437500e+02
2.665559387207031250e+02
2.680951843261718750e+02
2.656898498535156250e+02
2.642447814941406250e+02
2.658143615722656250e+02
2.664954528808593750e+02
2.665037841796875000e+02
2.644277648925781250e+02
2.623624877929687500e+02
2.597358703613281250e+02
2.594732666015625000e+02
2.580193481445312500e+02
2.577518920898437500e+02
2.604807739257812500e+02
2.626765747070312500e+02
2.609231567382812500e+02
2.598431396484375000e+02
2.589248352050781250e+02
2.594358215332031250e+02
2.602012634277343750e+02
2.617980957031250000e+02
2.637542419433593750e+02
2.656690673828125000e+02
2.665140686035156250e+02
2.668739929199218750e+02
2.668335266113281250e+02
2.663727111816406250e+02
2.650101318359375000e+02
2.628619995117187500e+02
2.615771179199218750e+02
2.596620788574218750e+02
2.579620361328125000e+02
2.571561279296875000e+02
2.563350830078125000e+02
2.570052185058593750e+02
2.604653625488281250e+02
2.643670959472656250e+02
2.653528747558593750e+02
2.656324462890625000e+02
2.649681396484375000e+02
2.641337280273437500e+02
2.625104064941406250e+02
2.616997375488281250e+02
2.610665893554687500e+02
2.610755920410156250e+02
2.609174804687500000e+02
2.602723999023437500e+02
2.603242492675781250e+02
2.596927185058593750e+02
2.557114410400390625e+02
2.517963104248046875e+02
2.494401550292968750e+02
2.507172698974609375e+02
2.519642944335937500e+02
2.524867248535156250e+02
2.497124328613281250e+02
2.476905670166015625e+02
2.467803955078125000e+02
2.468284606933593750e+02
2.475962677001953125e+02
2.494335937500000000e+02
2.501609497070312500e+02
2.496477050781250000e+02
2.476552581787109375e+02
2.467960052490234375e+02
2.467187347412109375e+02
2.482280120849609375e+02
2.499095458984375000e+02
2.510470733642578125e+02
2.512285461425781250e+02
2.538763732910156250e+02
2.563564147949218750e+02
2.594620971679687500e+02
2.634194335937500000e+02
2.632239990234375000e+02
2.616372070312500000e+02
2.610387878417968750e+02
2.604301147460937500e+02
2.595624084472656250e+02
2.602838745117187500e+02
2.631260070800781250e+02
2.627893676757812500e+02
2.627867736816406250e+02
2.628557739257812500e+02
2.630011596679687500e+02
2.627157897949218750e+02
2.622408447265625000e+02
2.598290100097656250e+02
2.586183471679687500e+02
2.588258361816406250e+02
2.601107482910156250e+02
2.613081359863281250e+02
2.618854064941406250e+02
2.625715942382812500e+02
2.626393127441406250e+02
2.648489379882812500e+02
2.663065795898437500e+02
2.658568420410156250e+02
2.636293640136718750e+02
2.607467651367187500e+02
2.615070800781250000e+02
2.631773681640625000e+02
2.630848083496093750e+02
2.618609313964843750e+02
2.612080993652343750e+02
2.601152954101562500e+02
2.587150878906250000e+02
2.570119934082031250e+02
2.568512268066406250e+02
2.561957702636718750e+02
2.553981781005859375e+02
2.546851654052734375e+02
2.540878448486328125e+02
2.537766113281250000e+02
2.535773010253906250e+02
2.537192993164062500e+02
2.550748138427734375e+02
2.566831054687500000e+02
2.586634521484375000e+02
2.567340698242187500e+02
2.556421203613281250e+02
2.534927825927734375e+02
2.516811981201171875e+02
2.503643493652343750e+02
2.495028686523437500e+02
2.494729614257812500e+02
2.522965850830078125e+02
2.610229187011718750e+02
2.681496582031250000e+02
2.694527893066406250e+02
2.704058532714843750e+02
2.718866577148437500e+02
2.710436706542968750e+02
2.702384033203125000e+02
2.700107727050781250e+02
2.703210449218750000e+02
2.711661987304687500e+02
2.698921203613281250e+02
2.692645874023437500e+02
2.680056762695312500e+02
2.673016357421875000e+02
2.631629028320312500e+02
2.634514770507812500e+02
2.650335693359375000e+02
2.640133972167968750e+02
2.636511230468750000e+02
2.638732910156250000e+02
2.628604431152343750e+02
2.615886840820312500e+02
2.599702148437500000e+02
2.587558288574218750e+02
2.585530395507812500e+02
2.581478271484375000e+02
2.572166442871093750e+02
2.560971984863281250e+02
2.558843536376953125e+02
2.537579956054687500e+02
2.523813934326171875e+02
2.528543395996093750e+02
2.530457000732421875e+02
2.531574707031250000e+02
2.531944274902343750e+02
2.532382507324218750e+02
2.524586486816406250e+02
2.516714782714843750e+02
2.501800842285156250e+02
2.498962860107421875e+02
2.495459289550781250e+02
2.490453948974609375e+02
2.469108886718750000e+02
2.472929840087890625e+02
2.469149017333984375e+02
2.471524810791015625e+02
2.461974945068359375e+02
2.468554382324218750e+02
2.459783630371093750e+02
2.457255859375000000e+02
2.457868499755859375e+02
2.460539093017578125e+02
2.450850219726562500e+02
2.453865661621093750e+02
2.464056701660156250e+02
2.474657592773437500e+02
2.493810119628906250e+02
2.511088104248046875e+02
2.525758056640625000e+02
2.524082946777343750e+02
2.516002960205078125e+02
2.513271789550781250e+02
2.505888519287109375e+02
2.513974914550781250e+02
2.522642822265625000e+02
2.541954498291015625e+02
2.553351440429687500e+02
2.568405456542968750e+02
2.578673095703125000e+02
2.587565307617187500e+02
2.585439758300781250e+02
2.584704895019531250e+02
2.580621032714843750e+02
2.576175231933593750e+02
2.569973754882812500e+02
2.575022277832031250e+02
2.577483520507812500e+02
2.572013854980468750e+02
2.553869476318359375e+02
2.540621643066406250e+02
2.530810241699218750e+02
2.529761505126953125e+02
2.522050628662109375e+02
2.522821350097656250e+02
2.524501800537109375e+02
2.526158447265625000e+02
2.530232543945312500e+02
2.534459686279296875e+02
2.531884613037109375e+02
2.532900085449218750e+02
2.532508850097656250e+02
2.534171447753906250e+02
2.535907135009765625e+02
2.541569061279296875e+02
2.543228149414062500e+02
2.549140930175781250e+02
2.539417266845703125e+02
2.526622009277343750e+02
2.523166503906250000e+02
2.518294067382812500e+02
2.502699890136718750e+02
2.493958740234375000e+02
2.490376586914062500e+02
2.502174072265625000e+02
2.535675659179687500e+02
2.572551269531250000e+02
2.628633728027343750e+02
2.667219238281250000e+02
2.679374389648437500e+02
2.674512939453125000e+02
2.680496520996093750e+02
2.677625427246093750e+02
2.671026000976562500e+02
2.664344177246093750e+02
2.668876037597656250e+02
2.681242675781250000e+02
2.693922119140625000e+02
2.700961914062500000e+02
2.703797607421875000e+02
2.702096862792968750e+02
2.690950927734375000e+02
2.663976745605468750e+02
2.654569091796875000e+02
2.656409606933593750e+02
2.663798217773437500e+02
2.668966369628906250e+02
2.662469482421875000e+02
2.653664855957031250e+02
2.633705749511718750e+02
2.621991577148437500e+02
2.616578674316406250e+02
2.618941345214843750e+02
2.631399841308593750e+02
2.637569580078125000e+02
2.654004821777343750e+02
2.663966979980468750e+02
2.674115600585937500e+02
2.674255371093750000e+02
2.675396423339843750e+02
2.681000366210937500e+02
2.677958679199218750e+02
2.678567504882812500e+02
2.693145446777343750e+02
2.699083251953125000e+02
2.682495422363281250e+02
2.668673706054687500e+02
2.669101867675781250e+02
2.659313354492187500e+02
2.622023620605468750e+02
2.599865722656250000e+02
2.584543762207031250e+02
2.577414855957031250e+02
2.569498291015625000e+02
2.573425292968750000e+02
2.589511413574218750e+02
2.605026245117187500e+02
2.622525634765625000e+02
2.613927001953125000e+02
2.586086425781250000e+02
2.577334594726562500e+02
2.562322387695312500e+02
2.559188537597656250e+02
2.545886230468750000e+02
2.540402679443359375e+02
2.528833312988281250e+02
2.520227508544921875e+02
2.507091674804687500e+02
2.510990600585937500e+02
2.518610382080078125e+02
2.523963470458984375e+02
2.512724151611328125e+02
2.503330230712890625e+02
2.496046600341796875e+02
2.550480499267578125e+02
2.603427429199218750e+02
2.611809387207031250e+02
2.588901062011718750e+02
2.551860046386718750e+02
2.532538146972656250e+02
2.566362609863281250e+02
2.654276123046875000e+02
2.601845092773437500e+02
2.559431152343750000e+02
2.568117065429687500e+02
2.612184448242187500e+02
2.679414672851562500e+02
2.691789550781250000e+02
2.697345581054687500e+02
2.704346618652343750e+02
2.708997497558593750e+02
2.709562683105468750e+02
2.711390380859375000e+02
2.710191345214843750e+02
2.713790283203125000e+02
2.700391235351562500e+02
2.699704895019531250e+02
2.708888244628906250e+02
2.712055358886718750e+02
2.713264160156250000e+02
2.698131408691406250e+02
2.674579162597656250e+02
2.649785461425781250e+02
2.637238769531250000e+02
2.644024658203125000e+02
2.660243530273437500e+02
2.656593017578125000e+02
2.642859497070312500e+02
2.630832214355468750e+02
2.616811523437500000e+02
2.610921630859375000e+02
2.601123962402343750e+02
2.585703735351562500e+02
2.565244750976562500e+02
2.560184326171875000e+02
2.565996093750000000e+02
2.573138427734375000e+02
2.582230529785156250e+02
2.599260864257812500e+02
2.613131713867187500e+02
2.620658874511718750e+02
2.625947570800781250e+02
2.636010742187500000e+02
2.632475585937500000e+02
2.628815612792968750e+02
2.641434020996093750e+02
2.679118652343750000e+02
2.659344482421875000e+02
2.629619750976562500e+02
2.654013366699218750e+02
2.660995788574218750e+02
2.576437377929687500e+02
2.550307922363281250e+02
2.523933258056640625e+02
2.492826232910156250e+02
2.465457611083984375e+02
2.464763793945312500e+02
2.466317291259765625e+02
2.470742645263671875e+02
2.466101074218750000e+02
2.471813507080078125e+02
2.467295532226562500e+02
2.463507232666015625e+02
2.448812561035156250e+02
2.438907775878906250e+02
2.435999145507812500e+02
2.433009185791015625e+02
2.428959045410156250e+02
2.434839477539062500e+02
2.440541229248046875e+02
2.448305053710937500e+02
2.476323089599609375e+02
2.492725982666015625e+02
2.486310424804687500e+02
2.478336791992187500e+02
2.472492675781250000e+02
2.477669372558593750e+02
2.492646942138671875e+02
2.524567718505859375e+02
2.543543548583984375e+02
2.551393890380859375e+02
2.548291320800781250e+02
2.535891418457031250e+02
2.523416595458984375e+02
2.520129241943359375e+02
2.512360229492187500e+02
2.520425720214843750e+02
2.521051940917968750e+02
2.519895019531250000e+02
2.516720123291015625e+02
2.507411651611328125e+02
2.492162170410156250e+02
2.485753479003906250e+02
2.477681884765625000e+02
2.477522430419921875e+02
2.506064453125000000e+02
2.583128967285156250e+02
2.649171142578125000e+02
2.631387023925781250e+02
2.648331909179687500e+02
2.649234619140625000e+02
2.654224853515625000e+02
2.660599365234375000e+02
2.653823547363281250e+02
2.635686950683593750e+02
2.654149780273437500e+02
2.661248779296875000e+02
2.674727172851562500e+02
2.678545837402343750e+02
2.672114868164062500e+02
2.648757629394531250e+02
2.621216735839843750e+02
2.642062377929687500e+02
2.647951965332031250e+02
2.661032714843750000e+02
2.622404785156250000e+02
2.601393127441406250e+02
2.657400512695312500e+02
2.685718994140625000e+02
2.679956970214843750e+02
2.672805175781250000e+02
2.665529174804687500e+02
2.681044311523437500e+02
2.652218627929687500e+02
2.632438659667968750e+02
2.620561523437500000e+02
2.609449157714843750e+02
2.606900939941406250e+02
2.605069580078125000e+02
2.599681396484375000e+02
2.597504577636718750e+02
2.595149841308593750e+02
2.594977416992187500e+02
2.596304016113281250e+02
2.594783020019531250e+02
2.581388244628906250e+02
2.572745056152343750e+02
2.542819061279296875e+02
2.529228668212890625e+02
2.511968536376953125e+02
2.512680358886718750e+02
2.515546875000000000e+02
2.520517425537109375e+02
2.511469421386718750e+02
2.501533660888671875e+02
2.491961364746093750e+02
2.486483459472656250e+02
2.480526275634765625e+02
2.493600921630859375e+02
2.485798492431640625e+02
2.484282989501953125e+02
2.460044097900390625e+02
2.446749572753906250e+02
2.444254150390625000e+02
2.464094696044921875e+02
2.500619964599609375e+02
2.549367675781250000e+02
2.577891845703125000e+02
2.567536621093750000e+02
2.558197631835937500e+02
2.530021972656250000e+02
2.517635650634765625e+02
2.523763580322265625e+02
2.490431213378906250e+02
2.485249938964843750e+02
2.468061981201171875e+02
2.478378906250000000e+02
2.481079864501953125e+02
2.500206451416015625e+02
2.536978759765625000e+02
2.581929931640625000e+02
2.645061035156250000e+02
2.669560852050781250e+02
2.620738830566406250e+02
2.613222351074218750e+02
2.595531311035156250e+02
2.578606872558593750e+02
2.568179931640625000e+02
2.535178833007812500e+02
2.491619873046875000e+02
2.486013031005859375e+02
2.489651794433593750e+02
2.493939514160156250e+02
2.495084075927734375e+02
2.501730804443359375e+02
2.508455505371093750e+02
2.512124176025390625e+02
2.501354370117187500e+02
2.539211730957031250e+02
2.604294738769531250e+02
2.644093017578125000e+02
2.666115112304687500e+02
2.674901428222656250e+02
2.687637634277343750e+02
2.699965820312500000e+02
2.703766174316406250e+02
2.668298645019531250e+02
2.629435729980468750e+02
2.624375610351562500e+02
2.649589538574218750e+02
2.679834594726562500e+02
2.693672790527343750e+02
2.698500976562500000e+02
2.707643432617187500e+02
2.702692871093750000e+02
2.655947265625000000e+02
2.608694763183593750e+02
2.577348632812500000e+02
2.575406799316406250e+02
2.564945068359375000e+02
2.553836822509765625e+02
2.526776428222656250e+02
2.529179382324218750e+02
2.544885101318359375e+02
2.550535583496093750e+02
2.547640991210937500e+02
2.566547851562500000e+02
2.597572631835937500e+02
2.604612426757812500e+02
2.598029479980468750e+02
2.616060485839843750e+02
2.645693664550781250e+02
2.666001892089843750e+02
2.665979309082031250e+02
2.663089599609375000e+02
2.666448974609375000e+02
2.664323425292968750e+02
2.655702514648437500e+02
2.644149780273437500e+02
2.643930358886718750e+02
2.656899719238281250e+02
2.662319641113281250e+02
2.676575012207031250e+02
2.686026611328125000e+02
2.694392700195312500e+02
2.702066955566406250e+02
2.696156921386718750e+02
2.696849670410156250e+02
2.699385681152343750e+02
2.694850158691406250e+02
2.688457031250000000e+02
2.688056030273437500e+02
2.697016601562500000e+02
2.674064941406250000e+02
2.642503967285156250e+02
2.626836547851562500e+02
2.622572631835937500e+02
2.620534362792968750e+02
2.621550598144531250e+02
2.641787719726562500e+02
2.661603698730468750e+02
2.667857666015625000e+02
2.660323181152343750e+02
2.669005126953125000e+02
2.672594299316406250e+02
2.661548767089843750e+02
2.648286437988281250e+02
2.632004699707031250e+02
2.617205505371093750e+02
2.613625488281250000e+02
2.609871826171875000e+02
2.607085266113281250e+02
2.604627685546875000e+02
2.618407592773437500e+02
2.612484130859375000e+02
2.594822998046875000e+02
2.564837341308593750e+02
2.541167144775390625e+02
2.539152832031250000e+02
2.557020568847656250e+02
2.569625549316406250e+02
2.570572814941406250e+02
2.571188354492187500e+02
2.566988220214843750e+02
2.553614349365234375e+02
2.531517944335937500e+02
2.522967834472656250e+02
2.521136932373046875e+02
2.526816558837890625e+02
2.537952880859375000e+02
2.566214599609375000e+02
2.605006103515625000e+02
2.612290344238281250e+02
2.590890808105468750e+02
2.583764648437500000e+02
2.583306579589843750e+02
2.561114807128906250e+02
2.543643035888671875e+02
2.537372436523437500e+02
2.532943878173828125e+02
2.558193511962890625e+02
2.583186340332031250e+02
2.593961791992187500e+02
2.601851806640625000e+02
2.609068603515625000e+02
2.603279418945312500e+02
2.601697082519531250e+02
2.604832153320312500e+02
2.616968994140625000e+02
2.635775146484375000e+02
2.657258300781250000e+02
2.674177856445312500e+02
2.683931579589843750e+02
2.684277343750000000e+02
2.685134887695312500e+02
2.692981567382812500e+02
2.688342895507812500e+02
2.648584289550781250e+02
2.642524414062500000e+02
2.638432312011718750e+02
2.634031677246093750e+02
2.692849426269531250e+02
2.705871582031250000e+02
2.690314331054687500e+02
2.676848144531250000e+02
2.699232482910156250e+02
2.717552490234375000e+02
2.729525756835937500e+02
2.731286926269531250e+02
2.727115173339843750e+02
2.719216918945312500e+02
2.720520629882812500e+02
2.724980163574218750e+02
2.721593627929687500e+02
2.678159179687500000e+02
2.661262817382812500e+02
2.659149780273437500e+02
2.641475219726562500e+02
2.616892089843750000e+02
2.615090942382812500e+02
2.666399841308593750e+02
2.717400512695312500e+02
2.713054504394531250e+02
2.713751525878906250e+02
2.704918212890625000e+02
2.673603820800781250e+02
2.617992553710937500e+02
2.600458374023437500e+02
2.631080322265625000e+02
2.639377746582031250e+02
2.644369812011718750e+02
2.645167541503906250e+02
2.621216430664062500e+02
2.586660461425781250e+02
2.581566162109375000e+02
2.610917358398437500e+02
2.664219970703125000e+02
2.675727539062500000e+02
2.670174560546875000e+02
2.655892944335937500e+02
2.638750915527343750e+02
2.617165832519531250e+02
2.604457092285156250e+02
2.586037902832031250e+02
2.582944030761718750e+02
2.567022399902343750e+02
2.559420623779296875e+02
2.572705993652343750e+02
2.615148010253906250e+02
2.642986755371093750e+02
2.661741943359375000e+02
2.664395446777343750e+02
2.663140869140625000e+02
2.652313842773437500e+02
2.640357360839843750e+02
2.621427307128906250e+02
2.600012817382812500e+02
2.563621826171875000e+02
2.538604583740234375e+02
2.522400817871093750e+02
2.516864318847656250e+02
2.516619110107421875e+02
2.515791168212890625e+02
2.512206420898437500e+02
2.518563537597656250e+02
2.521467132568359375e+02
2.522199249267578125e+02
2.521373596191406250e+02
2.532572174072265625e+02
2.529557495117187500e+02
2.534684295654296875e+02
2.550263977050781250e+02
2.565786132812500000e+02
2.564697570800781250e+02
2.545629119873046875e+02
2.561893920898437500e+02
2.572789611816406250e+02
2.562576293945312500e+02
2.555973815917968750e+02
2.564778747558593750e+02
2.572643127441406250e+02
2.565058288574218750e+02
2.555995178222656250e+02
2.558314819335937500e+02
2.561816711425781250e+02
2.552701416015625000e+02
2.542731475830078125e+02
2.550626373291015625e+02
2.554988403320312500e+02
2.544428405761718750e+02
2.536535186767578125e+02
2.549653625488281250e+02
2.553219909667968750e+02
2.543613281250000000e+02
2.533861541748046875e+02
2.551145477294921875e+02
2.562588500976562500e+02
2.555681152343750000e+02
2.565609130859375000e+02
2.606135864257812500e+02
2.649920043945312500e+02
2.674144287109375000e+02
2.682987365722656250e+02
2.688150024414062500e+02
2.700514221191406250e+02
2.702911071777343750e+02
2.682965698242187500e+02
2.622087097167968750e+02
2.629286193847656250e+02
2.659960021972656250e+02
2.683754272460937500e+02
2.693989257812500000e+02
2.686468811035156250e+02
2.644214782714843750e+02
2.637686462402343750e+02
2.658384704589843750e+02
2.666905517578125000e+02
2.644898986816406250e+02
2.627337341308593750e+02
2.621318054199218750e+02
2.628220520019531250e+02
2.644735412597656250e+02
2.660267028808593750e+02
2.675827026367187500e+02
2.651499023437500000e+02
2.606707763671875000e+02
2.599710693359375000e+02
2.614540710449218750e+02
2.628109436035156250e+02
2.611804809570312500e+02
2.605261840820312500e+02
2.638702087402343750e+02
2.685983886718750000e+02
2.686450500488281250e+02
2.682743530273437500e+02
2.689743652343750000e+02
2.705736083984375000e+02
2.704977111816406250e+02
2.706285400390625000e+02
2.703559875488281250e+02
2.693385009765625000e+02
2.691394042968750000e+02
2.691767883300781250e+02
2.692698364257812500e+02
2.680310974121093750e+02
2.678907470703125000e+02
2.674002685546875000e+02
2.651336975097656250e+02
2.657102355957031250e+02
2.671786499023437500e+02
2.681523132324218750e+02
2.677305908203125000e+02
2.681241760253906250e+02
2.673925781250000000e+02
2.678600769042968750e+02
2.686929321289062500e+02
2.687752990722656250e+02
2.654960632324218750e+02
2.649857482910156250e+02
2.652912292480468750e+02
2.654130554199218750e+02
2.645955505371093750e+02
2.641329040527343750e+02
2.654300231933593750e+02
2.655554809570312500e+02
2.637821655273437500e+02
2.625755004882812500e+02
2.637503967285156250e+02
2.651620483398437500e+02
2.634974060058593750e+02
2.629309387207031250e+02
2.651980590820312500e+02
2.665351562500000000e+02
2.661977233886718750e+02
2.665057373046875000e+02
2.673083801269531250e+02
2.683260803222656250e+02
2.677648620605468750e+02
2.673451843261718750e+02
2.672994384765625000e+02
2.674341735839843750e+02
2.670448608398437500e+02
2.658834533691406250e+02
2.659154968261718750e+02
2.652084045410156250e+02
2.651371154785156250e+02
2.652186889648437500e+02
2.651445617675781250e+02
2.661835021972656250e+02
2.654779052734375000e+02
2.641029663085937500e+02
2.642430725097656250e+02
2.659288635253906250e+02
2.649342041015625000e+02
2.622644653320312500e+02
2.632171630859375000e+02
2.656051635742187500e+02
2.652487487792968750e+02
2.638334655761718750e+02
2.639635009765625000e+02
2.647544555664062500e+02
2.642930603027343750e+02
2.638970947265625000e+02
2.659074096679687500e+02
2.672885437011718750e+02
2.666600341796875000e+02
2.664855651855468750e+02
2.669916076660156250e+02
2.671808776855468750e+02
2.675367431640625000e+02
2.674272155761718750e+02
2.676737670898437500e+02
2.684948425292968750e+02
2.685437316894531250e+02
2.685584106445312500e+02
2.697689208984375000e+02
2.700990905761718750e+02
2.690995178222656250e+02
2.677511901855468750e+02
2.673543701171875000e+02
2.667301635742187500e+02
2.654754638671875000e+02
2.644800109863281250e+02
2.646749572753906250e+02
2.637394714355468750e+02
2.638932189941406250e+02
2.643215637207031250e+02
2.653959350585937500e+02
2.653512573242187500e+02
2.656488342285156250e+02
2.656456298828125000e+02
2.656763000488281250e+02
2.669138793945312500e+02
2.680452575683593750e+02
2.686135864257812500e+02
2.692547607421875000e+02
2.696721191406250000e+02
2.690636596679687500e+02
2.690964965820312500e+02
2.692274780273437500e+02
2.700644531250000000e+02
2.687665100097656250e+02
2.680758056640625000e+02
2.676736450195312500e+02
2.668673095703125000e+02
2.664171752929687500e+02
2.666118164062500000e+02
2.683842468261718750e+02
2.704242858886718750e+02
2.698229370117187500e+02
2.694767761230468750e+02
2.671078186035156250e+02
2.674868164062500000e+02
2.688107299804687500e+02
2.703913879394531250e+02
2.724338073730468750e+02
2.727860717773437500e+02
2.726427001953125000e+02
2.735848388671875000e+02
2.740631408691406250e+02
2.736256713867187500e+02
2.729111938476562500e+02
2.729347534179687500e+02
2.732709960937500000e+02
2.727563171386718750e+02
2.707634582519531250e+02
2.694422302246093750e+02
2.682687988281250000e+02
2.680097045898437500e+02
2.695723266601562500e+02
2.706796875000000000e+02
2.708756408691406250e+02
2.712104492187500000e+02
2.701040344238281250e+02
2.698160095214843750e+02
2.698314819335937500e+02
2.700000610351562500e+02
2.697437744140625000e+02
2.691075744628906250e+02
2.686678771972656250e+02
2.689172668457031250e+02
2.689862976074218750e+02
2.689460449218750000e+02
2.691806640625000000e+02
2.700651245117187500e+02
2.693106079101562500e+02
2.687525634765625000e+02
2.679913330078125000e+02
2.672947692871093750e+02
2.665366821289062500e+02
2.652435302734375000e+02
2.636953430175781250e+02
2.641132202148437500e+02
2.655871276855468750e+02
2.657860717773437500e+02
2.657691345214843750e+02
2.654512634277343750e+02
2.645119018554687500e+02
2.641433715820312500e+02
2.640184631347656250e+02
2.644081420898437500e+02
2.661718444824218750e+02
2.665230407714843750e+02
2.665247802734375000e+02
2.665754394531250000e+02
2.665842895507812500e+02
2.659891662597656250e+02
2.653503723144531250e+02
2.655141296386718750e+02
2.666478271484375000e+02
2.668376464843750000e+02
2.656895751953125000e+02
2.659577331542968750e+02
2.674412841796875000e+02
2.679060363769531250e+02
2.674398193359375000e+02
2.672843627929687500e+02
2.680578002929687500e+02
2.681366271972656250e+02
2.685472106933593750e+02
2.688279113769531250e+02
2.696162719726562500e+02
2.703614196777343750e+02
2.720804443359375000e+02
2.731984252929687500e+02
2.729251403808593750e+02
2.727008056640625000e+02
2.729602966308593750e+02
2.735510864257812500e+02
2.725195007324218750e+02
2.723174133300781250e+02
2.712813415527343750e+02
2.718374938964843750e+02
2.716630249023437500e+02
2.719176940917968750e+02
2.718655700683593750e+02
2.718499145507812500e+02
2.717427368164062500e+02
2.713736572265625000e+02
2.701546936035156250e+02
2.688063964843750000e+02
2.691577148437500000e+02
2.689333190917968750e+02
2.677650451660156250e+02
2.692966308593750000e+02
2.699288330078125000e+02
2.687811279296875000e+02
2.672237548828125000e+02
2.668347778320312500e+02
2.673009033203125000e+02
2.674053039550781250e+02
2.679789123535156250e+02
