2.696919860839843750e+02
2.704117126464843750e+02
2.704844055175781250e+02
2.704036560058593750e+02
2.703256530761718750e+02
2.702279052734375000e+02
2.709835815429687500e+02
2.720102539062500000e+02
2.724872436523437500e+02
2.724965515136718750e+02
2.724673767089843750e+02
2.724088439941406250e+02
2.725191650390625000e+02
2.722364196777343750e+02
2.718961791992187500e+02
2.717831726074218750e+02
2.719442138671875000e+02
2.718748779296875000e+02
2.712877807617187500e+02
2.707426147460937500e+02
2.702079772949218750e+02
2.700068969726562500e+02
2.700600585937500000e+02
2.699003601074218750e+02
2.701597290039062500e+02
2.702695922851562500e+02
2.707266540527343750e+02
2.706122131347656250e+02
2.708957824707031250e+02
2.708381347656250000e+02
2.710606994628906250e+02
2.706617736816406250e+02
2.709062805175781250e+02
2.708257141113281250e+02
2.707503356933593750e+02
2.695129699707031250e+02
2.691976013183593750e+02
2.695295104980468750e+02
2.708504638671875000e+02
2.710907592773437500e+02
2.707015075683593750e+02
2.709697265625000000e+02
2.713550109863281250e+02
2.707574462890625000e+02
2.700240478515625000e+02
2.691818237304687500e+02
2.685362854003906250e+02
2.681766662597656250e+02
2.679713439941406250e+02
2.680577087402343750e+02
2.681358032226562500e+02
2.677111511230468750e+02
2.675393981933593750e+02
2.674822692871093750e+02
2.677499694824218750e+02
2.681121215820312500e+02
2.676044006347656250e+02
2.671058044433593750e+02
2.669243469238281250e+02
2.664366455078125000e+02
2.660219726562500000e+02
2.663955993652343750e+02
2.670885009765625000e+02
2.664339294433593750e+02
2.671511230468750000e+02
2.675882873535156250e+02
2.686523437500000000e+02
2.689734802246093750e+02
2.690820617675781250e+02
2.692367858886718750e+02
2.687777404785156250e+02
2.685053100585937500e+02
2.680676879882812500e+02
2.678460083007812500e+02
2.682005310058593750e+02
2.685231933593750000e+02
2.688670959472656250e+02
2.685201721191406250e+02
2.688008422851562500e+02
2.683426513671875000e+02
2.678923645019531250e+02
2.674404907226562500e+02
2.676503295898437500e+02
2.667153625488281250e+02
2.666973876953125000e+02
2.666695251464843750e+02
2.674260253906250000e+02
2.674710388183593750e+02
2.673496398925781250e+02
2.670082092285156250e+02
2.669947814941406250e+02
2.677019958496093750e+02
2.676892700195312500e+02
2.672282714843750000e+02
2.675426330566406250e+02
2.674396057128906250e+02
2.675389404296875000e+02
2.664219055175781250e+02
2.665054931640625000e+02
2.656196594238281250e+02
2.654412536621093750e+02
2.652319946289062500e+02
2.660325927734375000e+02
2.653522949218750000e+02
2.653082275390625000e+02
2.656078186035156250e+02
2.667134094238281250e+02
2.681736145019531250e+02
2.711898193359375000e+02
2.723845520019531250e+02
2.725865478515625000e+02
2.731578979492187500e+02
2.734394836425781250e+02
2.717355346679687500e+02
2.699299011230468750e+02
2.677953796386718750e+02
2.694860229492187500e+02
2.700603332519531250e+02
2.699572753906250000e+02
2.696787719726562500e+02
2.708195495605468750e+02
2.711210632324218750e+02
2.700694580078125000e+02
2.714703979492187500e+02
2.729145202636718750e+02
2.729477233886718750e+02
2.731136779785156250e+02
2.731733398437500000e+02
2.727993164062500000e+02
2.723983459472656250e+02
2.716164855957031250e+02
2.698326110839843750e+02
2.684388732910156250e+02
2.683414306640625000e+02
2.693038940429687500e+02
2.702307434082031250e+02
2.714248657226562500e+02
2.717921447753906250e+02
2.718023376464843750e+02
2.721895141601562500e+02
2.721074523925781250e+02
2.720859985351562500e+02
2.720652770996093750e+02
2.719895935058593750e+02
2.719667663574218750e+02
2.718278198242187500e+02
2.723851318359375000e+02
2.729609680175781250e+02
2.731072387695312500e+02
2.728215942382812500e+02
2.727670593261718750e+02
2.716332092285156250e+02
2.694425964355468750e+02
2.671533508300781250e+02
2.654715881347656250e+02
2.644923706054687500e+02
2.652831420898437500e+02
2.659277038574218750e+02
2.662125244140625000e+02
2.662245788574218750e+02
2.661835327148437500e+02
2.657209167480468750e+02
2.661843566894531250e+02
2.667843933105468750e+02
2.671124267578125000e+02
2.672514953613281250e+02
2.671332092285156250e+02
2.672983093261718750e+02
2.673184204101562500e+02
2.678031921386718750e+02
2.658067932128906250e+02
2.668934631347656250e+02
2.671482543945312500e+02
2.656247863769531250e+02
2.657854919433593750e+02
2.649541625976562500e+02
2.647383117675781250e+02
2.640805969238281250e+02
2.638449707031250000e+02
2.627077941894531250e+02
2.633104248046875000e+02
2.653212585449218750e+02
2.652408142089843750e+02
2.664698791503906250e+02
2.668212280273437500e+02
2.691997070312500000e+02
2.712011718750000000e+02
2.718663330078125000e+02
2.704560241699218750e+02
2.697307434082031250e+02
2.690009460449218750e+02
2.689847412109375000e+02
2.689564208984375000e+02
2.688482055664062500e+02
2.677887573242187500e+02
2.687844543457031250e+02
2.684489746093750000e+02
2.670845031738281250e+02
2.670992126464843750e+02
2.686791687011718750e+02
2.677509765625000000e+02
2.673384399414062500e+02
2.672161254882812500e+02
2.657168884277343750e+02
2.644404602050781250e+02
2.638702087402343750e+02
2.638966064453125000e+02
2.643973999023437500e+02
2.659009399414062500e+02
2.645594787597656250e+02
2.653721008300781250e+02
2.655921325683593750e+02
2.655561523437500000e+02
2.655088195800781250e+02
2.655457153320312500e+02
2.652506103515625000e+02
2.661605529785156250e+02
2.673155822753906250e+02
2.672059936523437500e+02
2.685187683105468750e+02
2.682440185546875000e+02
2.692284240722656250e+02
2.705543212890625000e+02
2.724746093750000000e+02
2.731469726562500000e+02
2.722024536132812500e+02
2.723414001464843750e+02
2.718702087402343750e+02
2.725375061035156250e+02
2.731377868652343750e+02
2.725130615234375000e+02
2.726759643554687500e+02
2.729221191406250000e+02
2.730871276855468750e+02
2.728450012207031250e+02
2.729897460937500000e+02
2.729937744140625000e+02
2.729954833984375000e+02
2.728547973632812500e+02
2.728863830566406250e+02
2.728154602050781250e+02
2.724952087402343750e+02
2.722538452148437500e+02
2.721968078613281250e+02
2.716718750000000000e+02
2.719573059082031250e+02
2.729739074707031250e+02
2.722217102050781250e+02
2.718498535156250000e+02
2.702510986328125000e+02
2.693031616210937500e+02
2.701424560546875000e+02
2.720945434570312500e+02
2.725716247558593750e+02
2.727309570312500000e+02
2.699757995605468750e+02
2.703584289550781250e+02
2.708735961914062500e+02
2.696189575195312500e+02
2.691181335449218750e+02
2.685376586914062500e+02
2.681666870117187500e+02
2.676122131347656250e+02
2.647546386718750000e+02
2.627479553222656250e+02
2.623315429687500000e+02
2.624159240722656250e+02
2.623108520507812500e+02
2.622546386718750000e+02
2.624056091308593750e+02
2.629646606445312500e+02
2.636386108398437500e+02
2.642427368164062500e+02
2.649673156738281250e+02
2.654210205078125000e+02
2.665647888183593750e+02
2.671168518066406250e+02
2.684744873046875000e+02
2.698654174804687500e+02
2.712185668945312500e+02
2.716602478027343750e+02
2.702922363281250000e+02
2.686024780273437500e+02
2.674283752441406250e+02
2.686395874023437500e+02
2.710222778320312500e+02
2.722315063476562500e+02
2.720765380859375000e+02
2.712012634277343750e+02
2.713826904296875000e+02
2.718319396972656250e+02
2.724023742675781250e+02
2.714417114257812500e+02
2.678255920410156250e+02
2.677605895996093750e+02
2.701732177734375000e+02
2.711818237304687500e+02
2.703961181640625000e+02
2.701174926757812500e+02
2.695466003417968750e+02
2.686766967773437500e+02
2.675648498535156250e+02
2.675763244628906250e+02
2.684205017089843750e+02
2.675113525390625000e+02
2.642075500488281250e+02
2.624186096191406250e+02
2.618960571289062500e+02
2.615847167968750000e+02
2.610837097167968750e+02
2.610228881835937500e+02
2.599506835937500000e+02
2.598824462890625000e+02
2.591470031738281250e+02
2.597145996093750000e+02
2.604938354492187500e+02
2.613463439941406250e+02
2.620564575195312500e+02
2.630140380859375000e+02
2.650660095214843750e+02
2.664952087402343750e+02
2.679891052246093750e+02
2.683059082031250000e+02
2.687664794921875000e+02
2.710560607910156250e+02
2.713507995605468750e+02
2.711210021972656250e+02
2.709359436035156250e+02
2.706317443847656250e+02
2.708265380859375000e+02
2.707581787109375000e+02
2.697832641601562500e+02
2.692276916503906250e+02
2.690847473144531250e+02
2.684425964355468750e+02
2.684085388183593750e+02
2.668264160156250000e+02
2.645034484863281250e+02
2.629147338867187500e+02
2.615842285156250000e+02
2.609054260253906250e+02
2.606409606933593750e+02
2.600982971191406250e+02
2.595098266601562500e+02
2.590066223144531250e+02
2.584288330078125000e+02
2.578010864257812500e+02
2.574671325683593750e+02
2.571547546386718750e+02
2.553250732421875000e+02
2.548072052001953125e+02
2.546495666503906250e+02
2.551675262451171875e+02
2.547823333740234375e+02
2.546798248291015625e+02
2.551921997070312500e+02
2.562412414550781250e+02
2.586966247558593750e+02
2.630432434082031250e+02
2.687940368652343750e+02
2.710451354980468750e+02
2.713619689941406250e+02
2.700885009765625000e+02
2.701535339355468750e+02
2.705987854003906250e+02
2.700318908691406250e+02
2.687255554199218750e+02
2.670617065429687500e+02
2.669820251464843750e+02
2.683639831542968750e+02
2.695294189453125000e+02
2.702554931640625000e+02
2.703600158691406250e+02
2.703493652343750000e+02
2.701960754394531250e+02
2.693482971191406250e+02
2.677488708496093750e+02
2.677369995117187500e+02
2.680121765136718750e+02
2.678686218261718750e+02
2.678714294433593750e+02
2.683154602050781250e+02
2.697852783203125000e+02
2.703242492675781250e+02
2.709353332519531250e+02
2.717494812011718750e+02
2.720789184570312500e+02
2.719238891601562500e+02
2.714600830078125000e+02
2.696614685058593750e+02
2.700545959472656250e+02
2.714823303222656250e+02
2.719014587402343750e+02
2.720563049316406250e+02
2.725597229003906250e+02
2.723560485839843750e+02
2.729826354980468750e+02
2.719435729980468750e+02
2.708811645507812500e+02
2.701356201171875000e+02
2.698674621582031250e+02
2.701220397949218750e+02
2.694105529785156250e+02
2.704981079101562500e+02
2.706287536621093750e+02
2.688427429199218750e+02
2.660036926269531250e+02
2.629366149902343750e+02
2.608132629394531250e+02
2.588385314941406250e+02
2.572088928222656250e+02
2.571197509765625000e+02
2.570921630859375000e+02
2.586838073730468750e+02
2.617722473144531250e+02
2.663368835449218750e+02
2.666636657714843750e+02
2.665630798339843750e+02
2.670740966796875000e+02
2.670045166015625000e+02
2.642780456542968750e+02
2.606358032226562500e+02
2.592581176757812500e+02
2.590888061523437500e+02
2.588379821777343750e+02
2.577917480468750000e+02
2.573482055664062500e+02
2.575460205078125000e+02
2.577862854003906250e+02
2.576945800781250000e+02
2.576831359863281250e+02
2.572598266601562500e+02
2.573609008789062500e+02
2.565173339843750000e+02
2.571289978027343750e+02
2.588161926269531250e+02
2.609594116210937500e+02
2.631998596191406250e+02
2.641051330566406250e+02
2.631885375976562500e+02
2.620498962402343750e+02
2.599854431152343750e+02
2.582162780761718750e+02
2.575845947265625000e+02
2.576947021484375000e+02
2.580858459472656250e+02
2.583149414062500000e+02
2.599399414062500000e+02
2.639643859863281250e+02
2.689876708984375000e+02
2.706944274902343750e+02
2.724595031738281250e+02
2.733891601562500000e+02
2.726810607910156250e+02
2.720288696289062500e+02
2.713202819824218750e+02
2.710096740722656250e+02
2.716011352539062500e+02
2.721200561523437500e+02
2.730121765136718750e+02
2.725351867675781250e+02
2.720492858886718750e+02
2.715288696289062500e+02
2.707685546875000000e+02
2.699136352539062500e+02
2.679932556152343750e+02
2.660614929199218750e+02
2.637666931152343750e+02
2.621999816894531250e+02
2.608448791503906250e+02
2.614474487304687500e+02
2.670682983398437500e+02
2.690256042480468750e+02
2.670614929199218750e+02
2.648156433105468750e+02
2.655270385742187500e+02
2.682239990234375000e+02
2.708634643554687500e+02
2.712447509765625000e+02
2.710470886230468750e+02
2.697562866210937500e+02
2.684131164550781250e+02
2.677361755371093750e+02
2.662159423828125000e+02
2.646845092773437500e+02
2.631124572753906250e+02
2.619480285644531250e+02
2.637762145996093750e+02
2.644120788574218750e+02
2.655390930175781250e+02
2.653692016601562500e+02
2.636483764648437500e+02
2.620939941406250000e+02
2.619688110351562500e+02
2.606531066894531250e+02
2.596453552246093750e+02
2.584945068359375000e+02
2.573142395019531250e+02
2.565204162597656250e+02
2.561871337890625000e+02
2.562575988769531250e+02
2.556479797363281250e+02
2.562586059570312500e+02
2.573262023925781250e+02
2.587304382324218750e+02
2.612589721679687500e+02
2.633870239257812500e+02
2.634682312011718750e+02
2.642319641113281250e+02
2.649502258300781250e+02
2.646659851074218750e+02
2.676292114257812500e+02
2.684425048828125000e+02
2.664267883300781250e+02
2.651880187988281250e+02
2.646885681152343750e+02
2.650123901367187500e+02
2.645506286621093750e+02
2.633132019042968750e+02
2.606074218750000000e+02
2.573406982421875000e+02
2.549157409667968750e+02
2.548041076660156250e+02
2.543197631835937500e+02
2.541816558837890625e+02
2.542961578369140625e+02
2.547197418212890625e+02
2.566372985839843750e+02
2.590671081542968750e+02
2.623748779296875000e+02
2.653565979003906250e+02
2.682442626953125000e+02
2.701861572265625000e+02
2.698887329101562500e+02
2.693775329589843750e+02
2.695075988769531250e+02
2.683557128906250000e+02
2.669344482421875000e+02
2.663857116699218750e+02
2.664765319824218750e+02
2.668159179687500000e+02
2.665794067382812500e+02
2.668027038574218750e+02
2.678290100097656250e+02
2.676816101074218750e+02
2.663785400390625000e+02
2.653319396972656250e+02
2.648506774902343750e+02
2.643503723144531250e+02
2.647671508789062500e+02
2.637381286621093750e+02
2.624083862304687500e+02
2.602670898437500000e+02
2.584656066894531250e+02
2.568468017578125000e+02
2.564479675292968750e+02
2.569751892089843750e+02
2.573131408691406250e+02
2.571810302734375000e+02
2.590663452148437500e+02
2.583301391601562500e+02
2.578897399902343750e+02
2.580201416015625000e+02
2.579452514648437500e+02
2.575917358398437500e+02
2.573739624023437500e+02
2.584991455078125000e+02
2.595975341796875000e+02
2.612442016601562500e+02
2.635055541992187500e+02
2.673266601562500000e+02
2.709743652343750000e+02
2.712428588867187500e+02
2.709162902832031250e+02
2.713933715820312500e+02
2.720939636230468750e+02
2.696093139648437500e+02
2.672471313476562500e+02
2.665670776367187500e+02
2.658762207031250000e+02
2.657691345214843750e+02
2.648330383300781250e+02
2.666550903320312500e+02
2.701642761230468750e+02
2.702730407714843750e+02
2.698880310058593750e+02
2.696613159179687500e+02
2.694020690917968750e+02
2.684696350097656250e+02
2.670350341796875000e+02
2.643853759765625000e+02
2.609084167480468750e+02
2.586197509765625000e+02
2.576474304199218750e+02
2.600261840820312500e+02
2.612949829101562500e+02
2.615554199218750000e+02
2.586345214843750000e+02
2.547690277099609375e+02
2.529585113525390625e+02
2.539466247558593750e+02
2.574373168945312500e+02
2.581723937988281250e+02
2.563810119628906250e+02
2.543071746826171875e+02
2.520779571533203125e+02
2.506192779541015625e+02
2.511007080078125000e+02
2.505896911621093750e+02
2.481040649414062500e+02
2.464935760498046875e+02
2.459387359619140625e+02
2.476312713623046875e+02
2.484810638427734375e+02
2.488670654296875000e+02
2.493243865966796875e+02
2.490237121582031250e+02
2.488144989013671875e+02
2.486280364990234375e+02
2.493048095703125000e+02
2.509467163085937500e+02
2.551981811523437500e+02
2.584986267089843750e+02
2.598566894531250000e+02
2.583297729492187500e+02
2.583777465820312500e+02
2.588032226562500000e+02
2.620249023437500000e+02
2.651517333984375000e+02
2.660680541992187500e+02
2.671522521972656250e+02
2.591251220703125000e+02
2.517845611572265625e+02
2.520664978027343750e+02
2.550588226318359375e+02
2.610752563476562500e+02
2.619263610839843750e+02
2.622318420410156250e+02
2.619355163574218750e+02
2.628930358886718750e+02
2.665423278808593750e+02
2.638335266113281250e+02
2.557516479492187500e+02
2.551263427734375000e+02
2.584969177246093750e+02
2.604674377441406250e+02
2.629230651855468750e+02
2.649169311523437500e+02
2.648288879394531250e+02
2.614514770507812500e+02
2.604512329101562500e+02
2.633871765136718750e+02
2.666109619140625000e+02
2.682388916015625000e+02
2.703402404785156250e+02
2.695281066894531250e+02
2.693747558593750000e+02
2.688495178222656250e+02
2.681627197265625000e+02
2.650600585937500000e+02
2.634749145507812500e+02
2.626912841796875000e+02
2.608343811035156250e+02
2.572359619140625000e+02
2.547298736572265625e+02
2.533733215332031250e+02
2.541507720947265625e+02
2.552541046142578125e+02
2.559262542724609375e+02
2.545320281982421875e+02
2.540035095214843750e+02
2.539311370849609375e+02
2.522571105957031250e+02
2.519836425781250000e+02
2.533862609863281250e+02
2.555679626464843750e+02
2.558608703613281250e+02
2.566235961914062500e+02
2.558042297363281250e+02
2.568143920898437500e+02
2.573600158691406250e+02
2.608323059082031250e+02
2.644079895019531250e+02
2.653757324218750000e+02
2.644750671386718750e+02
2.630797729492187500e+02
2.620837707519531250e+02
2.626107482910156250e+02
2.652561035156250000e+02
2.668135070800781250e+02
2.676705932617187500e+02
2.674051818847656250e+02
2.673415832519531250e+02
2.673830261230468750e+02
2.657981567382812500e+02
2.630950012207031250e+02
2.619602355957031250e+02
2.622540283203125000e+02
2.633713684082031250e+02
2.660256042480468750e+02
2.665348205566406250e+02
2.653227844238281250e+02
2.648065490722656250e+02
2.635527648925781250e+02
2.632717895507812500e+02
2.612424011230468750e+02
2.613327636718750000e+02
2.602897949218750000e+02
2.620276489257812500e+02
2.623667907714843750e+02
2.640266113281250000e+02
2.652030029296875000e+02
2.675052490234375000e+02
2.675910949707031250e+02
2.675941162109375000e+02
2.668565368652343750e+02
2.653776245117187500e+02
2.622017822265625000e+02
2.580954589843750000e+02
2.562136535644531250e+02
2.550999908447265625e+02
2.539866638183593750e+02
2.536464385986328125e+02
2.537790985107421875e+02
2.546078643798828125e+02
2.554081115722656250e+02
2.549631195068359375e+02
2.578191528320312500e+02
2.577495117187500000e+02
2.586332397460937500e+02
2.595257873535156250e+02
2.603875732421875000e+02
2.620929870605468750e+02
2.644924011230468750e+02
2.670355224609375000e+02
2.716360168457031250e+02
2.725833435058593750e+02
2.735389404296875000e+02
2.735763244628906250e+02
2.731140136718750000e+02
2.710832214355468750e+02
2.702923583984375000e+02
2.681099853515625000e+02
2.666186523437500000e+02
2.657440185546875000e+02
2.659590454101562500e+02
2.666222229003906250e+02
2.670107421875000000e+02
2.672138977050781250e+02
2.663586120605468750e+02
2.630459594726562500e+02
2.597947692871093750e+02
2.599177856445312500e+02
2.593753662109375000e+02
2.580662841796875000e+02
2.564986572265625000e+02
2.556561584472656250e+02
2.544722442626953125e+02
2.546139831542968750e+02
2.553224945068359375e+02
2.578094177246093750e+02
2.646793823242187500e+02
2.665637817382812500e+02
2.665166625976562500e+02
2.641150207519531250e+02
2.629948730468750000e+02
2.642624206542968750e+02
2.642642822265625000e+02
2.666752624511718750e+02
2.670332336425781250e+02
2.657653198242187500e+02
2.667812194824218750e+02
2.688548889160156250e+02
2.700061950683593750e+02
2.696098632812500000e+02
2.688580627441406250e+02
2.682946777343750000e+02
2.669484252929687500e+02
2.659256896972656250e+02
2.640875549316406250e+02
2.623182983398437500e+02
2.594634704589843750e+02
2.570921630859375000e+02
2.550503845214843750e+02
2.540956573486328125e+02
2.529668121337890625e+02
2.523846588134765625e+02
2.521889953613281250e+02
2.530771331787109375e+02
2.563489685058593750e+02
2.619449157714843750e+02
2.629431457519531250e+02
2.601988220214843750e+02
2.599053649902343750e+02
2.621266479492187500e+02
2.632789001464843750e+02
2.667192687988281250e+02
2.685391845703125000e+02
2.687522888183593750e+02
2.670861511230468750e+02
2.646246032714843750e+02
2.643205566406250000e+02
2.662064208984375000e+02
2.678214721679687500e+02
2.694129638671875000e+02
2.695678405761718750e+02
2.696193542480468750e+02
2.690687561035156250e+02
2.678571777343750000e+02
2.664304199218750000e+02
2.666653442382812500e+02
2.675334777832031250e+02
2.685628356933593750e+02
2.681050720214843750e+02
2.684744567871093750e+02
2.686932067871093750e+02
2.691672363281250000e+02
2.696565856933593750e+02
2.697609863281250000e+02
2.686988220214843750e+02
2.682745971679687500e+02
2.687141723632812500e+02
2.692825927734375000e+02
2.704599609375000000e+02
2.697147216796875000e+02
2.675262756347656250e+02
2.665780334472656250e+02
2.673495178222656250e+02
2.676014404296875000e+02
2.669163513183593750e+02
2.654101257324218750e+02
2.630610351562500000e+02
2.613447875976562500e+02
2.593358154296875000e+02
2.580832824707031250e+02
2.565784912109375000e+02
2.553676605224609375e+02
2.543621673583984375e+02
2.536700134277343750e+02
2.533373107910156250e+02
2.529436492919921875e+02
2.527525634765625000e+02
2.527631072998046875e+02
2.525611114501953125e+02
2.528446197509765625e+02
2.522119293212890625e+02
2.531488189697265625e+02
2.548661651611328125e+02
2.556826171875000000e+02
2.573355712890625000e+02
2.587118530273437500e+02
2.582251586914062500e+02
2.580752563476562500e+02
2.573677368164062500e+02
2.566297912597656250e+02
2.566788024902343750e+02
2.577538757324218750e+02
2.590802917480468750e+02
2.607836608886718750e+02
2.622413330078125000e+02
2.624706115722656250e+02
2.627256164550781250e+02
2.639271850585937500e+02
2.635015869140625000e+02
2.625358886718750000e+02
2.628902282714843750e+02
2.635185852050781250e+02
2.620089721679687500e+02
2.593720397949218750e+02
2.578863525390625000e+02
2.566784973144531250e+02
2.573931579589843750e+02
2.581614379882812500e+02
2.606726074218750000e+02
2.600358581542968750e+02
2.596270141601562500e+02
2.629032592773437500e+02
2.637203979492187500e+02
2.635967102050781250e+02
2.637250671386718750e+02
2.617732543945312500e+02
2.594757080078125000e+02
2.579513854980468750e+02
2.571715087890625000e+02
2.563197021484375000e+02
2.560461120605468750e+02
2.572832336425781250e+02
2.575381164550781250e+02
2.591819458007812500e+02
2.581517333984375000e+02
2.588868408203125000e+02
2.582586364746093750e+02
2.586091613769531250e+02
2.590316467285156250e+02
2.585301513671875000e+02
2.547683868408203125e+02
2.530824890136718750e+02
2.523406372070312500e+02
2.525093688964843750e+02
2.529869689941406250e+02
2.528908081054687500e+02
2.526112823486328125e+02
2.521462097167968750e+02
2.519085845947265625e+02
2.520499725341796875e+02
2.515821685791015625e+02
2.519530639648437500e+02
2.531018829345703125e+02
2.552051391601562500e+02
2.586567993164062500e+02
2.614308166503906250e+02
2.632121887207031250e+02
2.645969238281250000e+02
2.649371032714843750e+02
2.666711425781250000e+02
2.674290161132812500e+02
2.582492980957031250e+02
2.531797943115234375e+02
2.521528472900390625e+02
2.514215545654296875e+02
2.531568908691406250e+02
2.496319427490234375e+02
2.470209808349609375e+02
2.460698089599609375e+02
2.473150177001953125e+02
2.493926086425781250e+02
2.578181762695312500e+02
2.641053466796875000e+02
2.690845031738281250e+02
2.709400634765625000e+02
2.699388732910156250e+02
2.653596496582031250e+02
2.593753662109375000e+02
2.532971343994140625e+02
2.518935394287109375e+02
2.504653625488281250e+02
2.492003326416015625e+02
2.478767700195312500e+02
2.480101623535156250e+02
2.486057281494140625e+02
2.491416015625000000e+02
2.493504791259765625e+02
2.518092651367187500e+02
2.523104248046875000e+02
2.536392059326171875e+02
2.560010070800781250e+02
2.530132141113281250e+02
2.491738281250000000e+02
2.502120666503906250e+02
2.491271514892578125e+02
2.479939575195312500e+02
2.467623291015625000e+02
2.464374694824218750e+02
2.458589935302734375e+02
2.460901641845703125e+02
2.480336303710937500e+02
2.505760192871093750e+02
2.532798309326171875e+02
2.547154998779296875e+02
2.576712646484375000e+02
2.551001129150390625e+02
2.564947814941406250e+02
2.523737182617187500e+02
2.525523071289062500e+02
2.528748474121093750e+02
2.539313812255859375e+02
2.545679321289062500e+02
2.558703460693359375e+02
2.558643493652343750e+02
2.537864990234375000e+02
2.578863830566406250e+02
2.625072937011718750e+02
2.631338806152343750e+02
2.625263977050781250e+02
2.623560485839843750e+02
2.623297424316406250e+02
2.616875610351562500e+02
2.590447082519531250e+02
2.570128784179687500e+02
2.549794769287109375e+02
2.538535766601562500e+02
2.527632446289062500e+02
2.515584259033203125e+02
2.509514007568359375e+02
2.503662567138671875e+02
2.494467468261718750e+02
2.490715332031250000e+02
2.490930328369140625e+02
2.494191741943359375e+02
2.496154174804687500e+02
2.530782623291015625e+02
2.557729949951171875e+02
2.573311767578125000e+02
2.578619689941406250e+02
2.569748535156250000e+02
2.557980346679687500e+02
2.530605010986328125e+02
2.520858306884765625e+02
2.498965454101562500e+02
2.462924041748046875e+02
2.441234588623046875e+02
2.461637573242187500e+02
2.507602844238281250e+02
2.544207458496093750e+02
2.544418792724609375e+02
2.523893432617187500e+02
2.512385406494140625e+02
2.498907165527343750e+02
2.488318634033203125e+02
2.470775299072265625e+02
2.454436340332031250e+02
2.449672088623046875e+02
2.442527008056640625e+02
2.437067871093750000e+02
2.437875061035156250e+02
2.448767242431640625e+02
2.459226531982421875e+02
2.457967834472656250e+02
2.462423553466796875e+02
2.479705657958984375e+02
2.497418975830078125e+02
2.516898498535156250e+02
2.548143920898437500e+02
2.558580169677734375e+02
2.582173461914062500e+02
2.579529113769531250e+02
2.592086486816406250e+02
2.623897094726562500e+02
2.651006469726562500e+02
2.665044250488281250e+02
2.665423278808593750e+02
2.672763977050781250e+02
2.673972167968750000e+02
2.674652709960937500e+02
2.672418823242187500e+02
2.673503417968750000e+02
2.682094421386718750e+02
2.681200561523437500e+02
2.674495849609375000e+02
2.661326293945312500e+02
2.632189331054687500e+02
2.592867431640625000e+02
2.625326843261718750e+02
2.657816467285156250e+02
2.665250244140625000e+02
2.688851623535156250e+02
2.687496032714843750e+02
2.631034545898437500e+02
2.604587402343750000e+02
2.567504882812500000e+02
2.576057128906250000e+02
2.652597961425781250e+02
2.678654479980468750e+02
2.665067443847656250e+02
2.632765502929687500e+02
2.605081787109375000e+02
2.578827209472656250e+02
2.556297149658203125e+02
2.546932373046875000e+02
2.548231201171875000e+02
2.557207946777343750e+02
2.560691833496093750e+02
2.555037994384765625e+02
2.548483734130859375e+02
2.555640869140625000e+02
2.556142425537109375e+02
2.556027221679687500e+02
2.570964660644531250e+02
2.577788391113281250e+02
2.574100952148437500e+02
2.578445129394531250e+02
2.601425170898437500e+02
2.616835021972656250e+02
2.622705383300781250e+02
2.629910278320312500e+02
2.671537780761718750e+02
2.695232238769531250e+02
2.716319885253906250e+02
2.720803222656250000e+02
2.708014526367187500e+02
2.684490966796875000e+02
2.669476928710937500e+02
2.678492736816406250e+02
2.709993896484375000e+02
2.720076599121093750e+02
2.711343688964843750e+02
2.715498657226562500e+02
2.715979003906250000e+02
2.717320861816406250e+02
2.718416748046875000e+02
2.717029113769531250e+02
2.718312683105468750e+02
2.719061279296875000e+02
2.700496215820312500e+02
2.684769592285156250e+02
2.630034790039062500e+02
2.614470825195312500e+02
2.610927124023437500e+02
2.623160705566406250e+02
2.652369995117187500e+02
2.675482482910156250e+02
2.668234863281250000e+02
2.648870849609375000e+02
2.633415527343750000e+02
2.629048156738281250e+02
2.613207702636718750e+02
2.613849182128906250e+02
2.634301147460937500e+02
2.643023376464843750e+02
2.637104187011718750e+02
2.626989135742187500e+02
2.625708312988281250e+02
2.620139160156250000e+02
2.606074829101562500e+02
2.603231506347656250e+02
2.626585083007812500e+02
2.640473327636718750e+02
2.635354614257812500e+02
2.636802978515625000e+02
2.649959716796875000e+02
2.653215332031250000e+02
2.639298095703125000e+02
2.631126708984375000e+02
2.628958435058593750e+02
2.637792968750000000e+02
2.637072753906250000e+02
2.641487731933593750e+02
2.658734130859375000e+02
2.677940063476562500e+02
2.695155029296875000e+02
2.680894470214843750e+02
2.679580688476562500e+02
2.681286010742187500e+02
2.666954345703125000e+02
2.652480163574218750e+02
2.657703552246093750e+02
2.658551635742187500e+02
2.658169860839843750e+02
2.650049133300781250e+02
2.644263610839843750e+02
2.656234741210937500e+02
2.642873535156250000e+02
2.643318176269531250e+02
2.645282592773437500e+02
2.643352966308593750e+02
2.629311218261718750e+02
2.611091308593750000e+02
2.600618591308593750e+02
2.608638000488281250e+02
2.597578430175781250e+02
2.581733703613281250e+02
2.586506042480468750e+02
2.592097473144531250e+02
2.573629150390625000e+02
2.560212707519531250e+02
2.575476074218750000e+02
2.584187011718750000e+02
2.573825378417968750e+02
2.572661132812500000e+02
2.579906311035156250e+02
2.580790100097656250e+02
2.572522583007812500e+02
2.564866943359375000e+02
2.567379760742187500e+02
2.582807312011718750e+02
2.604927062988281250e+02
2.610437622070312500e+02
2.614774475097656250e+02
2.632771606445312500e+02
2.658276062011718750e+02
2.665093383789062500e+02
2.642824401855468750e+02
2.628190002441406250e+02
2.602147521972656250e+02
2.587601013183593750e+02
2.603557128906250000e+02
2.606154785156250000e+02
2.599480590820312500e+02
2.603500976562500000e+02
2.612949523925781250e+02
2.616179504394531250e+02
2.607936096191406250e+02
2.591998596191406250e+02
2.573608703613281250e+02
2.565338134765625000e+02
2.564421081542968750e+02
2.563111877441406250e+02
2.561321411132812500e+02
2.564245910644531250e+02
2.567469482421875000e+02
2.564128112792968750e+02
2.576581420898437500e+02
2.580122070312500000e+02
2.574374694824218750e+02
2.568348999023437500e+02
2.578044128417968750e+02
2.583155822753906250e+02
2.571255187988281250e+02
2.566630249023437500e+02
2.574392395019531250e+02
2.592658081054687500e+02
2.592749938964843750e+02
2.615069580078125000e+02
2.650469360351562500e+02
2.678605651855468750e+02
2.675018310546875000e+02
2.674143066406250000e+02
2.673644104003906250e+02
2.689450988769531250e+02
2.695487060546875000e+02
2.699811401367187500e+02
2.701073913574218750e+02
2.724230041503906250e+02
2.703788452148437500e+02
2.674789733886718750e+02
2.680829162597656250e+02
2.716203002929687500e+02
2.716610412597656250e+02
2.694553222656250000e+02
2.693240051269531250e+02
2.706569213867187500e+02
2.691444396972656250e+02
2.673537292480468750e+02
2.658417358398437500e+02
2.650020751953125000e+02
2.632285766601562500e+02
2.623503417968750000e+02
2.610236816406250000e+02
2.622450256347656250e+02
2.636909179687500000e+02
2.642692260742187500e+02
2.653103332519531250e+02
2.657125854492187500e+02
2.650022888183593750e+02
2.645350341796875000e+02
2.641725463867187500e+02
2.641242370605468750e+02
2.637174377441406250e+02
2.633205871582031250e+02
2.639248046875000000e+02
2.661658935546875000e+02
2.674286193847656250e+02
2.668538818359375000e+02
2.678399353027343750e+02
2.675617065429687500e+02
2.663335876464843750e+02
2.657950744628906250e+02
2.654490661621093750e+02
2.664548950195312500e+02
2.665883789062500000e+02
2.669004211425781250e+02
2.681096801757812500e+02
2.687210083007812500e+02
2.685657348632812500e+02
2.682971191406250000e+02
2.683070373535156250e+02
2.690669250488281250e+02
2.692288208007812500e+02
2.690382080078125000e+02
2.692385559082031250e+02
2.715020751953125000e+02
2.712676086425781250e+02
2.710665588378906250e+02
2.704267272949218750e+02
2.695556945800781250e+02
2.677183837890625000e+02
2.670323791503906250e+02
2.662156066894531250e+02
2.656750793457031250e+02
2.657652893066406250e+02
2.653799133300781250e+02
2.647090759277343750e+02
2.644090881347656250e+02
2.655605468750000000e+02
2.654352111816406250e+02
2.664754028320312500e+02
2.658150634765625000e+02
2.647755737304687500e+02
2.644703369140625000e+02
2.643519287109375000e+02
2.646092834472656250e+02
2.644586181640625000e+02
2.639374084472656250e+02
2.643353576660156250e+02
2.637545166015625000e+02
2.629263610839843750e+02
2.623078613281250000e+02
2.636553344726562500e+02
2.644173278808593750e+02
2.645286254882812500e+02
2.649423217773437500e+02
2.652198181152343750e+02
2.672532348632812500e+02
2.670482177734375000e+02
2.666744079589843750e+02
2.680391235351562500e+02
2.692496337890625000e+02
2.683188781738281250e+02
2.677750549316406250e+02
2.685249328613281250e+02
2.681605224609375000e+02
2.671011047363281250e+02
2.660784606933593750e+02
2.690885314941406250e+02
2.710045471191406250e+02
2.710820922851562500e+02
2.714673767089843750e+02
2.723222045898437500e+02
2.724032897949218750e+02
2.723006896972656250e+02
2.719642333984375000e+02
2.715874023437500000e+02
2.713134460449218750e+02
2.702432556152343750e+02
2.707568359375000000e+02
2.713114624023437500e+02
2.714376525878906250e+02
2.703478393554687500e+02
2.701772155761718750e+02
2.710016479492187500e+02
2.717075500488281250e+02
2.708263549804687500e+02
2.708027648925781250e+02
2.703898315429687500e+02
2.710566101074218750e+02
2.708670349121093750e+02
2.712775268554687500e+02
2.714860839843750000e+02
2.718965454101562500e+02
2.715025329589843750e+02
2.708254089355468750e+02
2.712660827636718750e+02
2.713975219726562500e+02
2.707831420898437500e+02
2.699981384277343750e+02
2.698430175781250000e+02
2.693750915527343750e+02
2.682709960937500000e+02
2.680926513671875000e+02
2.682252502441406250e+02
2.676885986328125000e+02
2.684808654785156250e+02
2.683042297363281250e+02
2.685830383300781250e+02
2.683626098632812500e+02
2.690184936523437500e+02
2.688120117187500000e+02
2.683922424316406250e+02
2.674634704589843750e+02
2.690245056152343750e+02
2.693433227539062500e+02
2.683250732421875000e+02
2.680079345703125000e+02
2.681095581054687500e+02
2.678146667480468750e+02
2.662324829101562500e+02
2.656257324218750000e+02
2.677299804687500000e+02
2.681449279785156250e+02
2.678641357421875000e+02
2.692507019042968750e+02
2.698312988281250000e+02
2.699901733398437500e+02
2.697491455078125000e+02
2.703012390136718750e+02
2.700820007324218750e+02
2.697330322265625000e+02
2.688605346679687500e+02
2.691274719238281250e+02
2.691862487792968750e+02
2.693234252929687500e+02
2.708410034179687500e+02
2.703626708984375000e+02
2.695242919921875000e+02
2.693255310058593750e+02
2.696860656738281250e+02
2.698904418945312500e+02
2.702039794921875000e+02
2.701050109863281250e+02
2.681549072265625000e+02
2.681658020019531250e+02
2.697471923828125000e+02
2.698833923339843750e+02
2.685574035644531250e+02
2.690015258789062500e+02
2.698725891113281250e+02
2.697665405273437500e+02
2.710715637207031250e+02
2.718930969238281250e+02
2.712845458984375000e+02
2.704590454101562500e+02
2.714441223144531250e+02
2.718946533203125000e+02
2.707196350097656250e+02
2.700755310058593750e+02
2.716119384765625000e+02
2.719293518066406250e+02
2.716679382324218750e+02
2.716325683593750000e+02
2.727934265136718750e+02
2.730393371582031250e+02
2.725670471191406250e+02
2.720587158203125000e+02
2.720265502929687500e+02
2.728444213867187500e+02
2.713648681640625000e+02
2.694669494628906250e+02
2.691981811523437500e+02
2.697396850585937500e+02
2.694737243652343750e+02
2.703178405761718750e+02
2.725276489257812500e+02
2.728110961914062500e+02
2.716257629394531250e+02
2.706159667968750000e+02
2.695674438476562500e+02
2.694302673339843750e+02
2.698753967285156250e+02
2.698627319335937500e+02
2.699974975585937500e+02
2.716179504394531250e+02
2.721487426757812500e+02
2.722706298828125000e+02
2.725958862304687500e+02
2.728931274414062500e+02
2.722530517578125000e+02
2.717548217773437500e+02
2.711490783691406250e+02
2.715929260253906250e+02
2.718540649414062500e+02
2.722119750976562500e+02
2.730153808593750000e+02
2.734668884277343750e+02
2.728145141601562500e+02
2.725497741699218750e+02
2.725938110351562500e+02
2.728909912109375000e+02
2.725259704589843750e+02
2.726208801269531250e+02
2.731899719238281250e+02
2.734303283691406250e+02
2.724857177734375000e+02
2.719217529296875000e+02
2.719051818847656250e+02
2.717446289062500000e+02
2.709395751953125000e+02
2.701268920898437500e+02
2.692159729003906250e+02
2.679755554199218750e+02
2.686747436523437500e+02
2.688527526855468750e+02
2.700367736816406250e+02
2.714460754394531250e+02
2.706830749511718750e+02
2.703832092285156250e+02
2.719284667968750000e+02
2.730010681152343750e+02
2.731132507324218750e+02
2.736048583984375000e+02
2.742329101562500000e+02
2.741350708007812500e+02
2.734053955078125000e+02
2.735427246093750000e+02
2.739023132324218750e+02
