2.684006347656250000e+02
2.689876708984375000e+02
2.696876831054687500e+02
2.707088928222656250e+02
2.714271240234375000e+02
2.696401062011718750e+02
2.689971618652343750e+02
2.696321411132812500e+02
2.694645690917968750e+02
2.703182373046875000e+02
2.703136901855468750e+02
2.713624572753906250e+02
2.718589477539062500e+02
2.708200073242187500e+02
2.702143859863281250e+02
2.704481811523437500e+02
2.706594238281250000e+02
2.708251037597656250e+02
2.702108154296875000e+02
2.703689270019531250e+02
2.700419616699218750e+02
2.704528808593750000e+02
2.700469055175781250e+02
2.703243408203125000e+02
2.708753967285156250e+02
2.701891479492187500e+02
2.697861022949218750e+02
2.706549377441406250e+02
2.700248718261718750e+02
2.705507202148437500e+02
2.698972778320312500e+02
2.700896606445312500e+02
2.704682006835937500e+02
2.702920837402343750e+02
2.696441955566406250e+02
2.708951110839843750e+02
2.717215270996093750e+02
2.710152282714843750e+02
2.710290527343750000e+02
2.717093811035156250e+02
2.724129028320312500e+02
2.721233520507812500e+02
2.722804565429687500e+02
2.722554016113281250e+02
2.718116455078125000e+02
2.708272705078125000e+02
2.698284606933593750e+02
2.693954467773437500e+02
2.690507507324218750e+02
2.700928955078125000e+02
2.699202575683593750e+02
2.684335327148437500e+02
2.680460510253906250e+02
2.694735412597656250e+02
2.694944458007812500e+02
2.683270874023437500e+02
2.679856872558593750e+02
2.693201293945312500e+02
2.694950256347656250e+02
2.686430358886718750e+02
2.686289367675781250e+02
2.698818969726562500e+02
2.697264709472656250e+02
2.688189697265625000e+02
2.693381347656250000e+02
2.709696350097656250e+02
2.716405029296875000e+02
2.732609558105468750e+02
2.735336914062500000e+02
2.727455749511718750e+02
2.719864501953125000e+02
2.716793518066406250e+02
2.723116149902343750e+02
2.712986145019531250e+02
2.708518371582031250e+02
2.721072082519531250e+02
2.730139160156250000e+02
2.729544677734375000e+02
2.731166687011718750e+02
2.737180480957031250e+02
2.737192382812500000e+02
2.729126281738281250e+02
2.726196289062500000e+02
2.728550720214843750e+02
2.731533813476562500e+02
2.726662597656250000e+02
2.723263854980468750e+02
2.725624389648437500e+02
2.728668823242187500e+02
2.726334533691406250e+02
2.727006530761718750e+02
2.732117004394531250e+02
2.731288452148437500e+02
2.727557983398437500e+02
2.725211486816406250e+02
2.723782348632812500e+02
2.725745544433593750e+02
2.723800048828125000e+02
2.719770507812500000e+02
2.716578063964843750e+02
2.708983459472656250e+02
2.705459594726562500e+02
2.701180419921875000e+02
2.693418579101562500e+02
2.692528991699218750e+02
2.695601806640625000e+02
2.694593200683593750e+02
2.687634277343750000e+02
2.692764892578125000e+02
2.696843261718750000e+02
2.697773132324218750e+02
2.707611999511718750e+02
2.711313476562500000e+02
2.714159545898437500e+02
2.714020080566406250e+02
2.717703247070312500e+02
2.720592651367187500e+02
2.721293334960937500e+02
2.722339782714843750e+02
2.714184265136718750e+02
2.716550598144531250e+02
2.712913513183593750e+02
2.703169555664062500e+02
2.694421691894531250e+02
2.697082519531250000e+02
2.694968261718750000e+02
2.695914611816406250e+02
2.685116271972656250e+02
2.677003173828125000e+02
2.674884338378906250e+02
2.675267028808593750e+02
2.673659057617187500e+02
2.676786193847656250e+02
2.681242065429687500e+02
2.673845825195312500e+02
2.680768432617187500e+02
2.673747558593750000e+02
2.667642517089843750e+02
2.667604980468750000e+02
2.658170471191406250e+02
2.658701477050781250e+02
2.667059020996093750e+02
2.666727905273437500e+02
2.671052246093750000e+02
2.668697814941406250e+02
2.671976623535156250e+02
2.672367248535156250e+02
2.683235168457031250e+02
2.686184997558593750e+02
2.683260192871093750e+02
2.671259460449218750e+02
2.680722961425781250e+02
2.676630859375000000e+02
2.668991699218750000e+02
2.660383911132812500e+02
2.667558898925781250e+02
2.675407104492187500e+02
2.682900085449218750e+02
2.678486022949218750e+02
2.691196289062500000e+02
2.693314208984375000e+02
2.685249633789062500e+02
2.679354858398437500e+02
2.692722778320312500e+02
2.694699707031250000e+02
2.681926879882812500e+02
2.674284667968750000e+02
2.693277893066406250e+02
2.700197753906250000e+02
2.697630615234375000e+02
2.690145568847656250e+02
2.695606384277343750e+02
2.691052246093750000e+02
2.687615966796875000e+02
2.677622375488281250e+02
2.670762329101562500e+02
2.670726318359375000e+02
2.667632141113281250e+02
2.660555725097656250e+02
2.653088989257812500e+02
2.645634460449218750e+02
2.643669128417968750e+02
2.645674743652343750e+02
2.643875122070312500e+02
2.642119750976562500e+02
2.642312011718750000e+02
2.649602661132812500e+02
2.648801269531250000e+02
2.646445922851562500e+02
2.646788024902343750e+02
2.647731323242187500e+02
2.648084716796875000e+02
2.649788818359375000e+02
2.651640930175781250e+02
2.647958374023437500e+02
2.642215576171875000e+02
2.640923767089843750e+02
2.649302673339843750e+02
2.653627929687500000e+02
2.650638732910156250e+02
2.659558105468750000e+02
2.670392150878906250e+02
2.676552429199218750e+02
2.668009948730468750e+02
2.646859130859375000e+02
2.628591918945312500e+02
2.620416870117187500e+02
2.610048522949218750e+02
2.604944458007812500e+02
2.602840576171875000e+02
2.608011779785156250e+02
2.618156127929687500e+02
2.619366760253906250e+02
2.618297424316406250e+02
2.618243408203125000e+02
2.628263244628906250e+02
2.638036193847656250e+02
2.646115112304687500e+02
2.654446716308593750e+02
2.658244323730468750e+02
2.654959106445312500e+02
2.646279602050781250e+02
2.633657531738281250e+02
2.627851562500000000e+02
2.633281860351562500e+02
2.649539184570312500e+02
2.647521362304687500e+02
2.644244384765625000e+02
2.644056091308593750e+02
2.647755432128906250e+02
2.655505371093750000e+02
2.660606689453125000e+02
2.668463134765625000e+02
2.674074707031250000e+02
2.683012695312500000e+02
2.692563171386718750e+02
2.701702880859375000e+02
2.699624023437500000e+02
2.700289306640625000e+02
2.703933410644531250e+02
2.706053771972656250e+02
2.704894409179687500e+02
2.706397399902343750e+02
2.708201293945312500e+02
2.702336425781250000e+02
2.707414245605468750e+02
2.713594055175781250e+02
2.712167358398437500e+02
2.712183837890625000e+02
2.729308471679687500e+02
2.724223327636718750e+02
2.722273864746093750e+02
2.722065429687500000e+02
2.716211242675781250e+02
2.718426818847656250e+02
2.722891235351562500e+02
2.724809875488281250e+02
2.723049011230468750e+02
2.721796875000000000e+02
2.722954406738281250e+02
2.717837219238281250e+02
2.699241027832031250e+02
2.680008544921875000e+02
2.661256713867187500e+02
2.660974426269531250e+02
2.659865722656250000e+02
2.656112365722656250e+02
2.650089721679687500e+02
2.644594726562500000e+02
2.644206542968750000e+02
2.645771484375000000e+02
2.649235839843750000e+02
2.658699035644531250e+02
2.657423706054687500e+02
2.651151428222656250e+02
2.644035339355468750e+02
2.637584228515625000e+02
2.635204772949218750e+02
2.638014526367187500e+02
2.651795654296875000e+02
2.666133728027343750e+02
2.696860961914062500e+02
2.723330383300781250e+02
2.733778686523437500e+02
2.732584838867187500e+02
2.733157043457031250e+02
2.731790771484375000e+02
2.726509094238281250e+02
2.724104003906250000e+02
2.720310363769531250e+02
2.714617004394531250e+02
2.716318054199218750e+02
2.716895446777343750e+02
2.718635559082031250e+02
2.718413391113281250e+02
2.716987304687500000e+02
2.709676208496093750e+02
2.690821228027343750e+02
2.680137023925781250e+02
2.664949645996093750e+02
2.662518615722656250e+02
2.659530029296875000e+02
2.649218444824218750e+02
2.646139526367187500e+02
2.646084899902343750e+02
2.639790954589843750e+02
2.632555541992187500e+02
2.633909606933593750e+02
2.638658752441406250e+02
2.634940490722656250e+02
2.630888977050781250e+02
2.627823181152343750e+02
2.625624389648437500e+02
2.611768188476562500e+02
2.602986755371093750e+02
2.603404235839843750e+02
2.609524536132812500e+02
2.629520568847656250e+02
2.664314270019531250e+02
2.701634826660156250e+02
2.707232055664062500e+02
2.689233703613281250e+02
2.679710083007812500e+02
2.676163024902343750e+02
2.669057617187500000e+02
2.662914733886718750e+02
2.659393615722656250e+02
2.661135253906250000e+02
2.657653808593750000e+02
2.647671813964843750e+02
2.633022766113281250e+02
2.621580505371093750e+02
2.627632446289062500e+02
2.650999145507812500e+02
2.658232116699218750e+02
2.664709472656250000e+02
2.660587158203125000e+02
2.644703063964843750e+02
2.633560485839843750e+02
2.632471923828125000e+02
2.636049499511718750e+02
2.638009643554687500e+02
2.646777038574218750e+02
2.655419921875000000e+02
2.672196350097656250e+02
2.686383666992187500e+02
2.698662414550781250e+02
2.703371582031250000e+02
2.695470886230468750e+02
2.684590454101562500e+02
2.681807556152343750e+02
2.691928405761718750e+02
2.709727478027343750e+02
2.725712890625000000e+02
2.726845092773437500e+02
2.726364135742187500e+02
2.727619323730468750e+02
2.725222778320312500e+02
2.717704467773437500e+02
2.716413879394531250e+02
2.721123657226562500e+02
2.721535339355468750e+02
2.717345581054687500e+02
2.714218139648437500e+02
2.713754882812500000e+02
2.714071960449218750e+02
2.717079467773437500e+02
2.720903015136718750e+02
2.727851867675781250e+02
2.728510742187500000e+02
2.727274780273437500e+02
2.726648559570312500e+02
2.725800170898437500e+02
2.718819274902343750e+02
2.710695495605468750e+02
2.705105590820312500e+02
2.698875427246093750e+02
2.694058532714843750e+02
2.688354797363281250e+02
2.684529418945312500e+02
2.679824523925781250e+02
2.671764526367187500e+02
2.663689575195312500e+02
2.660537109375000000e+02
2.654385070800781250e+02
2.647352294921875000e+02
2.640321655273437500e+02
2.634522094726562500e+02
2.628636779785156250e+02
2.622796630859375000e+02
2.617801208496093750e+02
2.623167419433593750e+02
2.620142822265625000e+02
2.628782653808593750e+02
2.634057922363281250e+02
2.646576232910156250e+02
2.656315612792968750e+02
2.658864746093750000e+02
2.647825317382812500e+02
2.634028625488281250e+02
2.615745239257812500e+02
2.596489562988281250e+02
2.578735961914062500e+02
2.574693908691406250e+02
2.568063659667968750e+02
2.563847961425781250e+02
2.558993225097656250e+02
2.569875183105468750e+02
2.571755981445312500e+02
2.577895812988281250e+02
2.575046691894531250e+02
2.576779174804687500e+02
2.572862548828125000e+02
2.567637329101562500e+02
2.565215454101562500e+02
2.551162567138671875e+02
2.544611816406250000e+02
2.537014312744140625e+02
2.532224121093750000e+02
2.540970916748046875e+02
2.540211944580078125e+02
2.537501525878906250e+02
2.541416625976562500e+02
2.545245208740234375e+02
2.548694152832031250e+02
2.548197784423828125e+02
2.551427764892578125e+02
2.558034057617187500e+02
2.569756774902343750e+02
2.581471557617187500e+02
2.583615417480468750e+02
2.570038757324218750e+02
2.548077545166015625e+02
2.528704833984375000e+02
2.540596618652343750e+02
2.578305969238281250e+02
2.586959228515625000e+02
2.559961547851562500e+02
2.563035888671875000e+02
2.569343566894531250e+02
2.550260772705078125e+02
2.557066040039062500e+02
2.567414550781250000e+02
2.568162841796875000e+02
2.530053405761718750e+02
2.508214111328125000e+02
2.513700256347656250e+02
2.545975036621093750e+02
2.588767395019531250e+02
2.615917663574218750e+02
2.617174682617187500e+02
2.608988952636718750e+02
2.603582458496093750e+02
2.593069458007812500e+02
2.604255981445312500e+02
2.621387023925781250e+02
2.653111267089843750e+02
2.672496032714843750e+02
2.666531066894531250e+02
2.655979614257812500e+02
2.647915344238281250e+02
2.637741088867187500e+02
2.625772094726562500e+02
2.619549255371093750e+02
2.612666320800781250e+02
2.613090515136718750e+02
2.633523559570312500e+02
2.655913696289062500e+02
2.680339965820312500e+02
2.700233154296875000e+02
2.703234558105468750e+02
2.700313415527343750e+02
2.697313232421875000e+02
2.690306701660156250e+02
2.681436157226562500e+02
2.676678466796875000e+02
2.676144714355468750e+02
2.672512817382812500e+02
2.672704772949218750e+02
2.680690307617187500e+02
2.695506286621093750e+02
2.712098693847656250e+02
2.718489685058593750e+02
2.712699584960937500e+02
2.693829345703125000e+02
2.667393493652343750e+02
2.642615356445312500e+02
2.628602905273437500e+02
2.611791687011718750e+02
2.596362304687500000e+02
2.576637573242187500e+02
2.565353088378906250e+02
2.557171173095703125e+02
2.557582702636718750e+02
2.556116333007812500e+02
2.564820251464843750e+02
2.587807617187500000e+02
2.621207275390625000e+02
2.637636718750000000e+02
2.615484313964843750e+02
2.582463073730468750e+02
2.571668395996093750e+02
2.567560424804687500e+02
2.563633728027343750e+02
2.555314941406250000e+02
2.540697631835937500e+02
2.535131683349609375e+02
2.549177398681640625e+02
2.586764221191406250e+02
2.637500915527343750e+02
2.681998901367187500e+02
2.678987121582031250e+02
2.650205383300781250e+02
2.603531799316406250e+02
2.569932250976562500e+02
2.560047912597656250e+02
2.551252441406250000e+02
2.548375701904296875e+02
2.557329864501953125e+02
2.613358154296875000e+02
2.667486877441406250e+02
2.692138061523437500e+02
2.636691589355468750e+02
2.575946350097656250e+02
2.552684936523437500e+02
2.540974121093750000e+02
2.532171783447265625e+02
2.537296905517578125e+02
2.536111450195312500e+02
2.535673828125000000e+02
2.536316375732421875e+02
2.534983825683593750e+02
2.526488800048828125e+02
2.498921661376953125e+02
2.480457763671875000e+02
2.481734924316406250e+02
2.483619079589843750e+02
2.482317199707031250e+02
2.483948974609375000e+02
2.483311157226562500e+02
2.480003356933593750e+02
2.491920013427734375e+02
2.503495635986328125e+02
2.507848205566406250e+02
2.507639312744140625e+02
2.506397857666015625e+02
2.512829589843750000e+02
2.529754180908203125e+02
2.538126831054687500e+02
2.545539855957031250e+02
2.548467864990234375e+02
2.554480438232421875e+02
2.553908691406250000e+02
2.541381378173828125e+02
2.530231933593750000e+02
2.524217224121093750e+02
2.549288330078125000e+02
2.586737976074218750e+02
2.600657653808593750e+02
2.567527465820312500e+02
2.540352020263671875e+02
2.521120452880859375e+02
2.508353576660156250e+02
2.500719299316406250e+02
2.497698516845703125e+02
2.498994750976562500e+02
2.519576416015625000e+02
2.537118682861328125e+02
2.537747955322265625e+02
2.523434143066406250e+02
2.519784545898437500e+02
2.537184600830078125e+02
2.593511352539062500e+02
2.671834106445312500e+02
2.657697143554687500e+02
2.598587341308593750e+02
2.585820617675781250e+02
2.599697265625000000e+02
2.629309387207031250e+02
2.601782836914062500e+02
2.553819274902343750e+02
2.538115692138671875e+02
2.544913635253906250e+02
2.585899658203125000e+02
2.642477722167968750e+02
2.681953125000000000e+02
2.678878784179687500e+02
2.664081726074218750e+02
2.649333496093750000e+02
2.646881103515625000e+02
2.649564514160156250e+02
2.668638000488281250e+02
2.676964416503906250e+02
2.692118530273437500e+02
2.693637695312500000e+02
2.685089111328125000e+02
2.686160278320312500e+02
2.695234069824218750e+02
2.683867187500000000e+02
2.669500122070312500e+02
2.668128051757812500e+02
2.700634460449218750e+02
2.683392333984375000e+02
2.700115051269531250e+02
2.659639892578125000e+02
2.623205566406250000e+02
2.621159973144531250e+02
2.628125305175781250e+02
2.630455322265625000e+02
2.703364562988281250e+02
2.662433471679687500e+02
2.626333007812500000e+02
2.623214721679687500e+02
2.630448913574218750e+02
2.602413330078125000e+02
2.592191162109375000e+02
2.587164306640625000e+02
2.599626464843750000e+02
2.654053649902343750e+02
2.701267395019531250e+02
2.706463012695312500e+02
2.700546569824218750e+02
2.713637390136718750e+02
2.719811401367187500e+02
2.714766845703125000e+02
2.711050109863281250e+02
2.699744262695312500e+02
2.695573425292968750e+02
2.696571350097656250e+02
2.726549682617187500e+02
2.704996948242187500e+02
2.666470031738281250e+02
2.683377685546875000e+02
2.717528076171875000e+02
2.732458801269531250e+02
2.733614196777343750e+02
2.721370239257812500e+02
2.716143798828125000e+02
2.725990295410156250e+02
2.728953552246093750e+02
2.727948913574218750e+02
2.729600524902343750e+02
2.730232849121093750e+02
2.728735351562500000e+02
2.728494262695312500e+02
2.726190795898437500e+02
2.724380798339843750e+02
2.723242797851562500e+02
2.725122375488281250e+02
2.720660705566406250e+02
2.693750305175781250e+02
2.675646057128906250e+02
2.675986022949218750e+02
2.693940429687500000e+02
2.687267761230468750e+02
2.675760803222656250e+02
2.669888000488281250e+02
2.680934143066406250e+02
2.708594970703125000e+02
2.708442077636718750e+02
2.718253173828125000e+02
2.719304199218750000e+02
2.710659790039062500e+02
2.698540954589843750e+02
2.685165405273437500e+02
2.661600952148437500e+02
2.616605224609375000e+02
2.575274047851562500e+02
2.545260772705078125e+02
2.524884490966796875e+02
2.511840362548828125e+02
2.504062347412109375e+02
2.508866577148437500e+02
2.506376647949218750e+02
2.509368591308593750e+02
2.504597778320312500e+02
2.517177124023437500e+02
2.535611572265625000e+02
2.559281311035156250e+02
2.576096801757812500e+02
2.582359313964843750e+02
2.576024169921875000e+02
2.588911743164062500e+02
2.590011901855468750e+02
2.572539062500000000e+02
2.552583312988281250e+02
2.534401092529296875e+02
2.517540283203125000e+02
2.509295959472656250e+02
2.502133178710937500e+02
2.507133331298828125e+02
2.511112365722656250e+02
2.512002258300781250e+02
2.507356567382812500e+02
2.499595947265625000e+02
2.495803070068359375e+02
2.507840576171875000e+02
2.515973510742187500e+02
2.518587341308593750e+02
2.504348754882812500e+02
2.505363006591796875e+02
2.511303405761718750e+02
2.545301666259765625e+02
2.634605407714843750e+02
2.674222717285156250e+02
2.683121032714843750e+02
2.587569885253906250e+02
2.531601104736328125e+02
2.528797302246093750e+02
2.532012786865234375e+02
2.525701751708984375e+02
2.507530975341796875e+02
2.495746307373046875e+02
2.490128021240234375e+02
2.488794403076171875e+02
2.487113037109375000e+02
2.487905120849609375e+02
2.481337432861328125e+02
2.479284210205078125e+02
2.495072631835937500e+02
2.508471221923828125e+02
2.512341461181640625e+02
2.526748962402343750e+02
2.562274169921875000e+02
2.589972839355468750e+02
2.613686828613281250e+02
2.628272094726562500e+02
2.607697448730468750e+02
2.590763854980468750e+02
2.586326599121093750e+02
2.566795654296875000e+02
2.534097442626953125e+02
2.526986694335937500e+02
2.530161590576171875e+02
2.526833648681640625e+02
2.515896759033203125e+02
2.516826782226562500e+02
2.521677398681640625e+02
2.510090179443359375e+02
2.504603729248046875e+02
2.502996215820312500e+02
2.504548339843750000e+02
2.515591430664062500e+02
2.540554656982421875e+02
2.557954864501953125e+02
2.594449462890625000e+02
2.605605773925781250e+02
2.556201782226562500e+02
2.519142303466796875e+02
2.498334350585937500e+02
2.491100158691406250e+02
2.487607879638671875e+02
2.483691253662109375e+02
2.484268798828125000e+02
2.485247039794921875e+02
2.488265380859375000e+02
2.487597808837890625e+02
2.477681732177734375e+02
2.472087097167968750e+02
2.464357299804687500e+02
2.459190979003906250e+02
2.462445831298828125e+02
2.467303466796875000e+02
2.473727111816406250e+02
2.494553222656250000e+02
2.539346923828125000e+02
2.592200012207031250e+02
2.654033508300781250e+02
2.667230224609375000e+02
2.654682922363281250e+02
2.621687011718750000e+02
2.584959106445312500e+02
2.542065582275390625e+02
2.521459655761718750e+02
2.516049652099609375e+02
2.525229644775390625e+02
2.534488830566406250e+02
2.537212371826171875e+02
2.527235412597656250e+02
2.558250579833984375e+02
2.592829589843750000e+02
2.609879760742187500e+02
2.575493164062500000e+02
2.569961242675781250e+02
2.600434265136718750e+02
2.651455383300781250e+02
2.685923156738281250e+02
2.669590759277343750e+02
2.645687255859375000e+02
2.580771789550781250e+02
2.554908905029296875e+02
2.549073486328125000e+02
2.559721374511718750e+02
2.567535400390625000e+02
2.578960266113281250e+02
2.591204223632812500e+02
2.596045532226562500e+02
2.585591735839843750e+02
2.593428649902343750e+02
2.613365783691406250e+02
2.606051635742187500e+02
2.619186706542968750e+02
2.622591247558593750e+02
2.607079467773437500e+02
2.592070007324218750e+02
2.557313232421875000e+02
2.543220214843750000e+02
2.533218994140625000e+02
2.524368133544921875e+02
2.522087249755859375e+02
2.521941680908203125e+02
2.527750854492187500e+02
2.534216156005859375e+02
2.535568847656250000e+02
2.539768371582031250e+02
2.560443725585937500e+02
2.565352478027343750e+02
2.557497100830078125e+02
2.541359863281250000e+02
2.534455566406250000e+02
2.569216613769531250e+02
2.593437194824218750e+02
2.623352966308593750e+02
2.656504211425781250e+02
2.690596008300781250e+02
2.699928894042968750e+02
2.705031738281250000e+02
2.714276733398437500e+02
2.721711120605468750e+02
2.717193603515625000e+02
2.708436584472656250e+02
2.691130371093750000e+02
2.637596740722656250e+02
2.597253417968750000e+02
2.597521057128906250e+02
2.609931945800781250e+02
2.605074768066406250e+02
2.605847473144531250e+02
2.605153198242187500e+02
2.602933654785156250e+02
2.594953613281250000e+02
2.611376037597656250e+02
2.616359558105468750e+02
2.617475891113281250e+02
2.612593078613281250e+02
2.586863098144531250e+02
2.528863525390625000e+02
2.474094848632812500e+02
2.451201477050781250e+02
2.441325225830078125e+02
2.438652954101562500e+02
2.439736938476562500e+02
2.456119232177734375e+02
2.475464477539062500e+02
2.511595458984375000e+02
2.510432586669921875e+02
2.493407287597656250e+02
2.487158813476562500e+02
2.471218414306640625e+02
2.458099822998046875e+02
2.448369293212890625e+02
2.437239532470703125e+02
2.431064147949218750e+02
2.425389556884765625e+02
2.425273590087890625e+02
2.464164276123046875e+02
2.534393005371093750e+02
2.490672302246093750e+02
2.461166839599609375e+02
2.449071655273437500e+02
2.449159088134765625e+02
2.445058441162109375e+02
2.441855316162109375e+02
2.451708068847656250e+02
2.460896148681640625e+02
2.471198577880859375e+02
2.480995483398437500e+02
2.480591430664062500e+02
2.469345397949218750e+02
2.458539581298828125e+02
2.451573944091796875e+02
2.446472930908203125e+02
2.446447601318359375e+02
2.449188995361328125e+02
2.455958404541015625e+02
2.477208862304687500e+02
2.490475311279296875e+02
2.486951141357421875e+02
2.482232666015625000e+02
2.498128356933593750e+02
2.521887969970703125e+02
2.533797607421875000e+02
2.548665313720703125e+02
2.546812591552734375e+02
2.551912231445312500e+02
2.531077270507812500e+02
2.529469757080078125e+02
2.531223144531250000e+02
2.538313751220703125e+02
2.529859313964843750e+02
2.528105010986328125e+02
2.515119628906250000e+02
2.503849639892578125e+02
2.485718536376953125e+02
2.472288513183593750e+02
2.458016052246093750e+02
2.451676330566406250e+02
2.447908172607421875e+02
2.449641876220703125e+02
2.448254699707031250e+02
2.449729461669921875e+02
2.456897583007812500e+02
2.468999633789062500e+02
2.468034057617187500e+02
2.464942474365234375e+02
2.447982177734375000e+02
2.440046997070312500e+02
2.430304107666015625e+02
2.426235961914062500e+02
2.423111572265625000e+02
2.422542877197265625e+02
2.417960357666015625e+02
2.415483245849609375e+02
2.417416534423828125e+02
2.416331481933593750e+02
2.408713989257812500e+02
2.412717895507812500e+02
2.421455993652343750e+02
2.421845550537109375e+02
2.421282653808593750e+02
2.429355773925781250e+02
2.423835296630859375e+02
2.421247100830078125e+02
2.419472045898437500e+02
2.422223510742187500e+02
2.427205505371093750e+02
2.437517242431640625e+02
2.441893310546875000e+02
2.438348236083984375e+02
2.437563629150390625e+02
2.444201660156250000e+02
2.464877624511718750e+02
2.468441467285156250e+02
2.457027435302734375e+02
2.447822723388671875e+02
2.432627868652343750e+02
2.434196472167968750e+02
2.442696533203125000e+02
2.456610107421875000e+02
2.460978851318359375e+02
2.466068115234375000e+02
2.460731506347656250e+02
2.470795135498046875e+02
2.483480224609375000e+02
2.484790496826171875e+02
2.483182678222656250e+02
2.481707763671875000e+02
2.474261779785156250e+02
2.465411834716796875e+02
2.449440460205078125e+02
2.432458343505859375e+02
2.427900543212890625e+02
2.460341491699218750e+02
2.464819030761718750e+02
2.453149566650390625e+02
2.430189819335937500e+02
2.420509796142578125e+02
2.430896453857421875e+02
2.447208557128906250e+02
2.443904266357421875e+02
2.436547393798828125e+02
2.421209411621093750e+02
2.407862701416015625e+02
2.392283630371093750e+02
2.402074584960937500e+02
2.403965911865234375e+02
2.413877258300781250e+02
2.410905761718750000e+02
2.409553527832031250e+02
2.420657043457031250e+02
2.433833618164062500e+02
2.435672912597656250e+02
2.438700866699218750e+02
2.452457275390625000e+02
2.472158813476562500e+02
2.487042236328125000e+02
2.494550323486328125e+02
2.484544372558593750e+02
2.470034027099609375e+02
2.455473327636718750e+02
2.461640167236328125e+02
2.504337463378906250e+02
2.571461181640625000e+02
2.587254638671875000e+02
2.609945983886718750e+02
2.624658203125000000e+02
2.595173950195312500e+02
2.570511474609375000e+02
2.564359130859375000e+02
2.551001434326171875e+02
2.555392303466796875e+02
2.555234375000000000e+02
2.567417297363281250e+02
2.580431823730468750e+02
2.615287170410156250e+02
2.641040954589843750e+02
2.613280944824218750e+02
2.602917175292968750e+02
2.592572937011718750e+02
2.585133056640625000e+02
2.600384826660156250e+02
2.629702758789062500e+02
2.657587280273437500e+02
2.673009338378906250e+02
2.687490539550781250e+02
2.690912170410156250e+02
2.697727050781250000e+02
2.700017700195312500e+02
2.703017883300781250e+02
2.703554992675781250e+02
2.670216064453125000e+02
2.636532897949218750e+02
2.640860290527343750e+02
2.666914672851562500e+02
2.701705627441406250e+02
2.695997924804687500e+02
2.687391662597656250e+02
2.658724365234375000e+02
2.634275817871093750e+02
2.603284606933593750e+02
2.579131469726562500e+02
2.563293151855468750e+02
2.557229309082031250e+02
2.557788696289062500e+02
2.574469299316406250e+02
2.601361999511718750e+02
2.635583801269531250e+02
2.652828369140625000e+02
2.663934936523437500e+02
2.668873901367187500e+02
2.657392272949218750e+02
2.627330932617187500e+02
2.622297058105468750e+02
2.630180358886718750e+02
2.642105102539062500e+02
2.649572143554687500e+02
2.654148254394531250e+02
2.660969238281250000e+02
2.672073364257812500e+02
2.675621032714843750e+02
2.669356384277343750e+02
2.656519470214843750e+02
2.630204772949218750e+02
2.582535400390625000e+02
2.559747772216796875e+02
2.556033630371093750e+02
2.558316497802734375e+02
2.549239349365234375e+02
2.538762207031250000e+02
2.566770935058593750e+02
2.554307556152343750e+02
2.494392852783203125e+02
2.452149353027343750e+02
2.459696655273437500e+02
2.477884826660156250e+02
2.487313232421875000e+02
2.504659271240234375e+02
2.531690063476562500e+02
2.546150360107421875e+02
2.534993133544921875e+02
2.525612945556640625e+02
2.526392364501953125e+02
2.521625671386718750e+02
2.506556854248046875e+02
2.495207519531250000e+02
2.484825744628906250e+02
2.484687042236328125e+02
2.474292297363281250e+02
2.470888671875000000e+02
2.491024017333984375e+02
2.515546722412109375e+02
2.544320373535156250e+02
2.563182373046875000e+02
2.548350219726562500e+02
2.540348815917968750e+02
2.534898529052734375e+02
2.530838012695312500e+02
2.519921722412109375e+02
2.517255859375000000e+02
2.500852355957031250e+02
2.488802642822265625e+02
2.493237457275390625e+02
2.507947845458984375e+02
2.496887512207031250e+02
2.495294799804687500e+02
2.509453582763671875e+02
2.523560791015625000e+02
2.519197998046875000e+02
2.518684539794921875e+02
2.550170593261718750e+02
2.595751647949218750e+02
2.636062316894531250e+02
2.654468688964843750e+02
2.672647094726562500e+02
2.690055236816406250e+02
2.710100708007812500e+02
2.709364624023437500e+02
2.706607971191406250e+02
2.704656372070312500e+02
2.694410705566406250e+02
2.681986389160156250e+02
2.679471435546875000e+02
2.675538330078125000e+02
2.661546020507812500e+02
2.660341491699218750e+02
2.674885864257812500e+02
2.676427001953125000e+02
2.661831970214843750e+02
2.670269775390625000e+02
2.691767578125000000e+02
2.707175292968750000e+02
2.705372009277343750e+02
2.694232177734375000e+02
2.694914245605468750e+02
2.699151611328125000e+02
2.700229797363281250e+02
2.698774108886718750e+02
2.687637023925781250e+02
2.645079956054687500e+02
2.604790954589843750e+02
2.581068725585937500e+02
2.592083740234375000e+02
2.600617675781250000e+02
2.599197082519531250e+02
2.583881225585937500e+02
2.585787353515625000e+02
2.600876770019531250e+02
2.602993164062500000e+02
2.603577270507812500e+02
2.599370422363281250e+02
2.602659606933593750e+02
2.590739135742187500e+02
2.582828063964843750e+02
2.597012329101562500e+02
2.611456909179687500e+02
2.614427490234375000e+02
2.618332214355468750e+02
2.611404113769531250e+02
2.611184082031250000e+02
2.596245117187500000e+02
2.581597900390625000e+02
2.574646911621093750e+02
2.588083496093750000e+02
2.600891113281250000e+02
2.615631103515625000e+02
2.625565185546875000e+02
2.631556396484375000e+02
2.617008361816406250e+02
2.598389892578125000e+02
2.585615234375000000e+02
2.587239685058593750e+02
2.564755249023437500e+02
2.551048889160156250e+02
2.568478698730468750e+02
2.593616943359375000e+02
2.620807495117187500e+02
2.640960693359375000e+02
2.660067138671875000e+02
2.676398925781250000e+02
2.682320556640625000e+02
2.672209472656250000e+02
2.660231628417968750e+02
2.643659057617187500e+02
2.624725341796875000e+02
2.611872253417968750e+02
2.613553771972656250e+02
2.621277465820312500e+02
2.613671569824218750e+02
2.588523254394531250e+02
2.575657348632812500e+02
2.571325073242187500e+02
2.555576324462890625e+02
2.549512634277343750e+02
2.579053344726562500e+02
2.609941711425781250e+02
2.608128356933593750e+02
2.602470703125000000e+02
2.597890014648437500e+02
2.601490783691406250e+02
2.600164794921875000e+02
2.591618041992187500e+02
2.600927124023437500e+02
2.624364929199218750e+02
2.630474853515625000e+02
2.623581237792968750e+02
2.616026916503906250e+02
2.616688842773437500e+02
2.597385864257812500e+02
2.588186035156250000e+02
2.589384460449218750e+02
2.597186279296875000e+02
2.585618286132812500e+02
2.580455017089843750e+02
2.598357543945312500e+02
2.610980224609375000e+02
2.621332702636718750e+02
2.630416564941406250e+02
2.636873168945312500e+02
2.647144775390625000e+02
2.643275146484375000e+02
2.626744995117187500e+02
2.620808410644531250e+02
2.617919311523437500e+02
2.597725830078125000e+02
2.583205566406250000e+02
2.597686157226562500e+02
2.606742858886718750e+02
2.591971435546875000e+02
2.585138549804687500e+02
2.604877624511718750e+02
2.608453369140625000e+02
2.610077819824218750e+02
2.629191894531250000e+02
2.668822937011718750e+02
2.682120971679687500e+02
2.681749572753906250e+02
2.683276062011718750e+02
2.694830322265625000e+02
2.697909545898437500e+02
2.682187805175781250e+02
2.660491333007812500e+02
2.647657470703125000e+02
2.639492797851562500e+02
2.633463134765625000e+02
2.632481689453125000e+02
2.633331604003906250e+02
2.625766906738281250e+02
2.592037658691406250e+02
2.570505371093750000e+02
2.580567321777343750e+02
2.593930053710937500e+02
2.593422851562500000e+02
2.599825134277343750e+02
2.623100891113281250e+02
2.641464538574218750e+02
2.645987548828125000e+02
2.636542358398437500e+02
2.623652954101562500e+02
2.617932739257812500e+02
2.608679504394531250e+02
2.610761413574218750e+02
2.626236877441406250e+02
2.640872802734375000e+02
2.652748107910156250e+02
2.655228576660156250e+02
2.656352233886718750e+02
2.657219238281250000e+02
2.653045959472656250e+02
2.648453674316406250e+02
2.642745361328125000e+02
2.644034729003906250e+02
2.641907043457031250e+02
2.629975280761718750e+02
2.606388549804687500e+02
2.588100891113281250e+02
2.576753540039062500e+02
2.567462768554687500e+02
2.567700500488281250e+02
2.590095520019531250e+02
2.588089599609375000e+02
2.593663024902343750e+02
2.615618896484375000e+02
2.623949584960937500e+02
2.620607299804687500e+02
2.619526977539062500e+02
2.614997863769531250e+02
2.613823242187500000e+02
2.606617736816406250e+02
2.597429199218750000e+02
2.586160888671875000e+02
2.583013610839843750e+02
2.586998596191406250e+02
2.599099426269531250e+02
2.630364379882812500e+02
2.642608947753906250e+02
2.627345275878906250e+02
2.616731567382812500e+02
2.622995910644531250e+02
2.642884826660156250e+02
2.636334533691406250e+02
2.611189270019531250e+02
2.612465820312500000e+02
2.634641113281250000e+02
2.620412597656250000e+02
2.604296569824218750e+02
2.615541687011718750e+02
2.618352355957031250e+02
2.611654052734375000e+02
2.602282104492187500e+02
2.613308715820312500e+02
2.621145324707031250e+02
2.623765563964843750e+02
2.619744567871093750e+02
2.621363525390625000e+02
2.627684020996093750e+02
2.625305480957031250e+02
2.626633911132812500e+02
2.638620910644531250e+02
2.647706298828125000e+02
2.654880065917968750e+02
2.653850708007812500e+02
2.662780761718750000e+02
2.679657592773437500e+02
2.681408081054687500e+02
2.681363220214843750e+02
2.683631896972656250e+02
2.683882751464843750e+02
2.676809387207031250e+02
2.664358520507812500e+02
2.663049621582031250e+02
2.672009277343750000e+02
2.677147827148437500e+02
2.673883056640625000e+02
2.670046081542968750e+02
2.677050476074218750e+02
2.680575256347656250e+02
2.682131652832031250e+02
2.688692321777343750e+02
2.695859069824218750e+02
2.699030761718750000e+02
2.702928466796875000e+02
2.706055603027343750e+02
2.693255004882812500e+02
2.667773132324218750e+02
2.668612365722656250e+02
2.707388916015625000e+02
2.720020141601562500e+02
2.696528625488281250e+02
2.671079711914062500e+02
2.657587280273437500e+02
2.661033325195312500e+02
2.667048950195312500e+02
2.664870605468750000e+02
2.661064453125000000e+02
2.659623718261718750e+02
2.662247619628906250e+02
2.662337646484375000e+02
2.663729248046875000e+02
2.661238403320312500e+02
2.664353027343750000e+02
2.658763732910156250e+02
2.672516479492187500e+02
2.658799743652343750e+02
2.669792785644531250e+02
2.671523742675781250e+02
2.679675292968750000e+02
2.691972656250000000e+02
2.694415588378906250e+02
2.691692504882812500e+02
2.678110961914062500e+02
2.681220092773437500e+02
2.684500732421875000e+02
2.685989379882812500e+02
2.690459899902343750e+02
2.696735229492187500e+02
2.681265869140625000e+02
2.672509460449218750e+02
2.679488525390625000e+02
2.670382080078125000e+02
2.673052978515625000e+02
2.671493835449218750e+02
2.676340332031250000e+02
2.685059204101562500e+02
2.684490661621093750e+02
2.671939086914062500e+02
2.671010437011718750e+02
2.667185668945312500e+02
2.660030212402343750e+02
2.656576843261718750e+02
2.677735290527343750e+02
2.693089599609375000e+02
2.692814941406250000e+02
2.682233886718750000e+02
2.681859436035156250e+02
2.667572631835937500e+02
2.662323608398437500e+02
2.661579589843750000e+02
2.666758422851562500e+02
2.664276428222656250e+02
2.679833374023437500e+02
2.686116638183593750e+02
2.708176269531250000e+02
2.722136230468750000e+02
2.723291625976562500e+02
2.722851257324218750e+02
2.723919067382812500e+02
2.729656066894531250e+02
2.725280151367187500e+02
2.723657226562500000e+02
2.729239501953125000e+02
2.730748291015625000e+02
2.727699279785156250e+02
2.727405700683593750e+02
2.733128967285156250e+02
2.739270935058593750e+02
2.733735351562500000e+02
2.730742187500000000e+02
2.734538574218750000e+02
2.741824951171875000e+02
2.733791198730468750e+02
2.733670349121093750e+02
2.744384460449218750e+02
2.747308959960937500e+02
2.736356811523437500e+02
2.732239379882812500e+02
2.738979187011718750e+02
2.739086303710937500e+02
2.732028808593750000e+02
2.729666748046875000e+02
2.731228942871093750e+02
2.733027648925781250e+02
2.728391723632812500e+02
2.726646118164062500e+02
2.720964660644531250e+02
2.711148376464843750e+02
2.715783996582031250e+02
2.712706604003906250e+02
2.709881896972656250e+02
2.716430969238281250e+02
2.720918579101562500e+02
2.717986755371093750e+02
2.726419372558593750e+02
2.728177795410156250e+02
2.718921203613281250e+02
2.708849487304687500e+02
2.726212463378906250e+02
2.728788146972656250e+02
2.719812011718750000e+02
2.709285278320312500e+02
2.719400329589843750e+02
2.719132080078125000e+02
2.715133361816406250e+02
2.707319335937500000e+02
2.713605346679687500e+02
2.711593627929687500e+02
2.713559570312500000e+02
2.707929382324218750e+02
2.702616271972656250e+02
2.701944885253906250e+02
2.706457824707031250e+02
2.700684204101562500e+02
2.697660827636718750e+02
2.707424316406250000e+02
2.706315307617187500e+02
2.705185241699218750e+02
2.701481323242187500e+02
2.711562805175781250e+02
2.715345458984375000e+02
2.710369567871093750e+02
2.707630920410156250e+02
