2.729800720214843750e+02
2.729195556640625000e+02
2.730272216796875000e+02
2.732890930175781250e+02
2.735632019042968750e+02
2.725659179687500000e+02
2.725711059570312500e+02
2.724102172851562500e+02
2.728344726562500000e+02
2.724913330078125000e+02
2.725596008300781250e+02
2.727502441406250000e+02
2.730502319335937500e+02
2.726492004394531250e+02
2.726767272949218750e+02
2.726306152343750000e+02
2.727444458007812500e+02
2.719546813964843750e+02
2.716563415527343750e+02
2.717752075195312500e+02
2.723563842773437500e+02
2.720881042480468750e+02
2.716965332031250000e+02
2.726010437011718750e+02
2.723437500000000000e+02
2.717575988769531250e+02
2.710007934570312500e+02
2.717731018066406250e+02
2.718889770507812500e+02
2.713468017578125000e+02
2.706864624023437500e+02
2.714771728515625000e+02
2.720887756347656250e+02
2.718478393554687500e+02
2.715761108398437500e+02
2.721979370117187500e+02
2.726175537109375000e+02
2.721625061035156250e+02
2.716637268066406250e+02
2.720713806152343750e+02
2.718688354492187500e+02
2.713792114257812500e+02
2.707292785644531250e+02
2.716468811035156250e+02
2.727085876464843750e+02
2.722593688964843750e+02
2.714000244140625000e+02
2.708350524902343750e+02
2.713994445800781250e+02
2.715050964355468750e+02
2.714874877929687500e+02
2.711695556640625000e+02
2.717528686523437500e+02
2.710028076171875000e+02
2.694899291992187500e+02
2.706123657226562500e+02
2.708056030273437500e+02
2.702310180664062500e+02
2.692827453613281250e+02
2.696389160156250000e+02
2.701680908203125000e+02
2.711976013183593750e+02
2.713017272949218750e+02
2.704857177734375000e+02
2.718005676269531250e+02
2.721252441406250000e+02
2.719638671875000000e+02
2.725201416015625000e+02
2.724591674804687500e+02
2.722438354492187500e+02
2.716503601074218750e+02
2.713629760742187500e+02
2.713966064453125000e+02
2.715076904296875000e+02
2.709284057617187500e+02
2.720468444824218750e+02
2.723718872070312500e+02
2.710576477050781250e+02
2.689590148925781250e+02
2.701262207031250000e+02
2.709982604980468750e+02
2.704036254882812500e+02
2.691331176757812500e+02
2.705296630859375000e+02
2.712024841308593750e+02
2.711574707031250000e+02
2.701087646484375000e+02
2.695415039062500000e+02
2.694662780761718750e+02
2.692491455078125000e+02
2.685852050781250000e+02
2.710470886230468750e+02
2.711598510742187500e+02
2.709224548339843750e+02
2.704667358398437500e+02
2.703656921386718750e+02
2.706873779296875000e+02
2.712892456054687500e+02
2.710409851074218750e+02
2.723993835449218750e+02
2.729274902343750000e+02
2.726552429199218750e+02
2.723654785156250000e+02
2.719974060058593750e+02
2.725858154296875000e+02
2.723660888671875000e+02
2.725036926269531250e+02
2.728907470703125000e+02
2.731367492675781250e+02
2.728527221679687500e+02
2.727454223632812500e+02
2.729081726074218750e+02
2.734593505859375000e+02
2.727377014160156250e+02
2.719175720214843750e+02
2.713636169433593750e+02
2.715635681152343750e+02
2.716794738769531250e+02
2.714447021484375000e+02
2.704451293945312500e+02
2.702700805664062500e+02
2.705484619140625000e+02
2.701904907226562500e+02
2.704117126464843750e+02
2.709000244140625000e+02
2.703777160644531250e+02
2.695441589355468750e+02
2.698844299316406250e+02
2.695956420898437500e+02
2.689854431152343750e+02
2.680921630859375000e+02
2.679914550781250000e+02
2.687391052246093750e+02
2.691418457031250000e+02
2.687384643554687500e+02
2.692032165527343750e+02
2.695305175781250000e+02
2.700108642578125000e+02
2.698202819824218750e+02
2.710775756835937500e+02
2.721640014648437500e+02
2.716281738281250000e+02
2.712679138183593750e+02
2.713029174804687500e+02
2.715069580078125000e+02
2.695812377929687500e+02
2.674386901855468750e+02
2.670027160644531250e+02
2.668614807128906250e+02
2.656924133300781250e+02
2.651119995117187500e+02
2.674897766113281250e+02
2.695235290527343750e+02
2.705208129882812500e+02
2.709892578125000000e+02
2.715755004882812500e+02
2.724667053222656250e+02
2.718861999511718750e+02
2.715699157714843750e+02
2.713005371093750000e+02
2.716446838378906250e+02
2.709326477050781250e+02
2.705095214843750000e+02
2.702737731933593750e+02
2.695901794433593750e+02
2.684204406738281250e+02
2.675726318359375000e+02
2.678902893066406250e+02
2.674143371582031250e+02
2.667280578613281250e+02
2.658233337402343750e+02
2.654229125976562500e+02
2.653492736816406250e+02
2.651627197265625000e+02
2.644415588378906250e+02
2.653952636718750000e+02
2.657662963867187500e+02
2.654390563964843750e+02
2.651759033203125000e+02
2.658755187988281250e+02
2.657340087890625000e+02
2.652123718261718750e+02
2.638822326660156250e+02
2.633265075683593750e+02
2.630734558105468750e+02
2.632563171386718750e+02
2.626737976074218750e+02
2.625716247558593750e+02
2.622584533691406250e+02
2.625437927246093750e+02
2.626632690429687500e+02
2.634614257812500000e+02
2.629076538085937500e+02
2.637718811035156250e+02
2.637814636230468750e+02
2.645680236816406250e+02
2.643699951171875000e+02
2.660166625976562500e+02
2.663753967285156250e+02
2.678266296386718750e+02
2.687708129882812500e+02
2.696197509765625000e+02
2.696585388183593750e+02
2.699717407226562500e+02
2.700682678222656250e+02
2.694176940917968750e+02
2.681512451171875000e+02
2.682905273437500000e+02
2.698317565917968750e+02
2.709685058593750000e+02
2.715896301269531250e+02
2.708970947265625000e+02
2.715475463867187500e+02
2.714011535644531250e+02
2.712759094238281250e+02
2.715462036132812500e+02
2.715394287109375000e+02
2.706330871582031250e+02
2.696896057128906250e+02
2.694299926757812500e+02
2.693092651367187500e+02
2.690269470214843750e+02
2.687052307128906250e+02
2.690672302246093750e+02
2.691014404296875000e+02
2.692182006835937500e+02
2.692526550292968750e+02
2.710561218261718750e+02
2.715256042480468750e+02
2.702334899902343750e+02
2.694536743164062500e+02
2.693729858398437500e+02
2.720923156738281250e+02
2.728940429687500000e+02
2.723183898925781250e+02
2.725409240722656250e+02
2.724816894531250000e+02
2.714753417968750000e+02
2.710312500000000000e+02
2.720780944824218750e+02
2.724809265136718750e+02
2.718998107910156250e+02
2.710565490722656250e+02
2.705273132324218750e+02
2.703335571289062500e+02
2.701894226074218750e+02
2.709075622558593750e+02
2.722698669433593750e+02
2.732473754882812500e+02
2.738283081054687500e+02
2.737365112304687500e+02
2.730254516601562500e+02
2.721179199218750000e+02
2.711397705078125000e+02
2.702120361328125000e+02
2.694581298828125000e+02
2.687854309082031250e+02
2.677319335937500000e+02
2.669609069824218750e+02
2.670844116210937500e+02
2.668093261718750000e+02
2.665818786621093750e+02
2.669745788574218750e+02
2.681683959960937500e+02
2.680282897949218750e+02
2.662794799804687500e+02
2.651670532226562500e+02
2.648213500976562500e+02
2.650365905761718750e+02
2.660761108398437500e+02
2.665922546386718750e+02
2.668227233886718750e+02
2.670276794433593750e+02
2.657070617675781250e+02
2.639848937988281250e+02
2.632646484375000000e+02
2.633141174316406250e+02
2.620758972167968750e+02
2.614875488281250000e+02
2.617319641113281250e+02
2.623322753906250000e+02
2.618553161621093750e+02
2.621465759277343750e+02
2.630260009765625000e+02
2.643726806640625000e+02
2.646247558593750000e+02
2.650074768066406250e+02
2.658464660644531250e+02
2.665549011230468750e+02
2.662533264160156250e+02
2.664909973144531250e+02
2.666166076660156250e+02
2.655394592285156250e+02
2.640736999511718750e+02
2.633501892089843750e+02
2.626598815917968750e+02
2.624893188476562500e+02
2.631759643554687500e+02
2.638331298828125000e+02
2.648795776367187500e+02
2.648136596679687500e+02
2.636545715332031250e+02
2.616281433105468750e+02
2.607535705566406250e+02
2.607348022460937500e+02
2.622403259277343750e+02
2.635543518066406250e+02
2.619370422363281250e+02
2.612924194335937500e+02
2.590056152343750000e+02
2.576867370605468750e+02
2.584373779296875000e+02
2.604154968261718750e+02
2.610794677734375000e+02
2.639097900390625000e+02
2.681502685546875000e+02
2.693042297363281250e+02
2.686359252929687500e+02
2.689291687011718750e+02
2.710166625976562500e+02
2.703642883300781250e+02
2.693236083984375000e+02
2.679841308593750000e+02
2.665236816406250000e+02
2.656858520507812500e+02
2.648927917480468750e+02
2.629575805664062500e+02
2.630653381347656250e+02
2.622372741699218750e+02
2.600640563964843750e+02
2.576356201171875000e+02
2.570961608886718750e+02
2.574388427734375000e+02
2.570697326660156250e+02
2.574013366699218750e+02
2.570442199707031250e+02
2.575279541015625000e+02
2.565557556152343750e+02
2.566286010742187500e+02
2.562314758300781250e+02
2.564462280273437500e+02
2.556956787109375000e+02
2.560957031250000000e+02
2.577932434082031250e+02
2.609158020019531250e+02
2.647728881835937500e+02
2.669877014160156250e+02
2.688741455078125000e+02
2.696098632812500000e+02
2.706814270019531250e+02
2.711777038574218750e+02
2.711248779296875000e+02
2.704731140136718750e+02
2.708395080566406250e+02
2.702266845703125000e+02
2.680442504882812500e+02
2.668110046386718750e+02
2.659315185546875000e+02
2.658431091308593750e+02
2.666976013183593750e+02
2.680415954589843750e+02
2.672671813964843750e+02
2.681420593261718750e+02
2.689678039550781250e+02
2.669034729003906250e+02
2.651896057128906250e+02
2.642631835937500000e+02
2.644681396484375000e+02
2.643430175781250000e+02
2.638416137695312500e+02
2.638527526855468750e+02
2.637926330566406250e+02
2.629199218750000000e+02
2.617716674804687500e+02
2.606237182617187500e+02
2.608233337402343750e+02
2.606988525390625000e+02
2.605120544433593750e+02
2.593405151367187500e+02
2.583285217285156250e+02
2.573645019531250000e+02
2.563200988769531250e+02
2.558313446044921875e+02
2.556587524414062500e+02
2.559663391113281250e+02
2.562173767089843750e+02
2.552057800292968750e+02
2.550425567626953125e+02
2.552445983886718750e+02
2.555625915527343750e+02
2.572100219726562500e+02
2.596938476562500000e+02
2.614525451660156250e+02
2.614281921386718750e+02
2.610351257324218750e+02
2.599306945800781250e+02
2.590485229492187500e+02
2.581083374023437500e+02
2.566508483886718750e+02
2.551799316406250000e+02
2.548353881835937500e+02
2.545966796875000000e+02
2.544156188964843750e+02
2.542459106445312500e+02
2.543400115966796875e+02
2.537543029785156250e+02
2.530686340332031250e+02
2.512452850341796875e+02
2.499335327148437500e+02
2.484388732910156250e+02
2.474179077148437500e+02
2.473739776611328125e+02
2.477287139892578125e+02
2.468664398193359375e+02
2.463249969482421875e+02
2.460574798583984375e+02
2.462652893066406250e+02
2.460126037597656250e+02
2.461064605712890625e+02
2.464555358886718750e+02
2.473575592041015625e+02
2.478799285888671875e+02
2.510333709716796875e+02
2.549318695068359375e+02
2.570837402343750000e+02
2.567909851074218750e+02
2.563196411132812500e+02
2.537677001953125000e+02
2.521290740966796875e+02
2.517760925292968750e+02
2.513320159912109375e+02
2.509540710449218750e+02
2.500343475341796875e+02
2.488095550537109375e+02
2.478165588378906250e+02
2.476153717041015625e+02
2.478655395507812500e+02
2.479566192626953125e+02
2.491793518066406250e+02
2.505443420410156250e+02
2.523315277099609375e+02
2.532007904052734375e+02
2.528782348632812500e+02
2.502836151123046875e+02
2.496607513427734375e+02
2.491334838867187500e+02
2.486333618164062500e+02
2.475015716552734375e+02
2.465429840087890625e+02
2.462008514404296875e+02
2.481675262451171875e+02
2.503131713867187500e+02
2.531522521972656250e+02
2.558672943115234375e+02
2.559651794433593750e+02
2.524636688232421875e+02
2.490835723876953125e+02
2.468493804931640625e+02
2.470049743652343750e+02
2.478005371093750000e+02
2.478213043212890625e+02
2.454097595214843750e+02
2.454486846923828125e+02
2.471672973632812500e+02
2.496245880126953125e+02
2.511043090820312500e+02
2.516551208496093750e+02
2.506709136962890625e+02
2.497269744873046875e+02
2.484961547851562500e+02
2.477223663330078125e+02
2.477342376708984375e+02
2.479748840332031250e+02
2.472378234863281250e+02
2.469006195068359375e+02
2.469309234619140625e+02
2.473458251953125000e+02
2.480357666015625000e+02
2.487090301513671875e+02
2.491066741943359375e+02
2.490836181640625000e+02
2.494442749023437500e+02
2.497526702880859375e+02
2.499199829101562500e+02
2.497870483398437500e+02
2.494854583740234375e+02
2.498542022705078125e+02
2.500839538574218750e+02
2.493149871826171875e+02
2.496984405517578125e+02
2.505944366455078125e+02
2.516894226074218750e+02
2.526585845947265625e+02
2.544076385498046875e+02
2.550839996337890625e+02
2.550974121093750000e+02
2.542439422607421875e+02
2.522296295166015625e+02
2.522407531738281250e+02
2.547569427490234375e+02
2.581950683593750000e+02
2.661604614257812500e+02
2.669007568359375000e+02
2.687350158691406250e+02
2.688521728515625000e+02
2.630762023925781250e+02
2.579826049804687500e+02
2.559686279296875000e+02
2.553425445556640625e+02
2.550061492919921875e+02
2.565026245117187500e+02
2.604697570800781250e+02
2.648414916992187500e+02
2.667863769531250000e+02
2.699155578613281250e+02
2.714944763183593750e+02
2.723491821289062500e+02
2.722005310058593750e+02
2.724010925292968750e+02
2.728880920410156250e+02
2.727533569335937500e+02
2.722914123535156250e+02
2.719690246582031250e+02
2.717752685546875000e+02
2.714477539062500000e+02
2.705870971679687500e+02
2.693328857421875000e+02
2.689574279785156250e+02
2.691058654785156250e+02
2.690370788574218750e+02
2.684662170410156250e+02
2.656032409667968750e+02
2.617598266601562500e+02
2.593255920410156250e+02
2.582653198242187500e+02
2.583359680175781250e+02
2.576777343750000000e+02
2.571769409179687500e+02
2.580007324218750000e+02
2.608068847656250000e+02
2.645212097167968750e+02
2.644715576171875000e+02
2.620482788085937500e+02
2.610329284667968750e+02
2.608460388183593750e+02
2.609727783203125000e+02
2.592848510742187500e+02
2.564252929687500000e+02
2.556086273193359375e+02
2.560216979980468750e+02
2.580882263183593750e+02
2.628920593261718750e+02
2.683541870117187500e+02
2.702757568359375000e+02
2.714593505859375000e+02
2.701525878906250000e+02
2.648733520507812500e+02
2.574101257324218750e+02
2.555147705078125000e+02
2.546057128906250000e+02
2.545300292968750000e+02
2.568879394531250000e+02
2.613730773925781250e+02
2.649512634277343750e+02
2.659917907714843750e+02
2.686035461425781250e+02
2.705496826171875000e+02
2.704495849609375000e+02
2.700528564453125000e+02
2.703971557617187500e+02
2.705380249023437500e+02
2.711743164062500000e+02
2.725977783203125000e+02
2.723603820800781250e+02
2.720680541992187500e+02
2.719934997558593750e+02
2.718794250488281250e+02
2.717510986328125000e+02
2.717107849121093750e+02
2.707639465332031250e+02
2.712262268066406250e+02
2.708152160644531250e+02
2.700670471191406250e+02
2.701881713867187500e+02
2.717491149902343750e+02
2.727597351074218750e+02
2.723226928710937500e+02
2.710239868164062500e+02
2.704195251464843750e+02
2.686474304199218750e+02
2.658191528320312500e+02
2.656398925781250000e+02
2.671548767089843750e+02
2.675455322265625000e+02
2.683146972656250000e+02
2.686812744140625000e+02
2.689830017089843750e+02
2.658739013671875000e+02
2.620311889648437500e+02
2.594423522949218750e+02
2.596818542480468750e+02
2.594545898437500000e+02
2.594148559570312500e+02
2.596269226074218750e+02
2.593974609375000000e+02
2.590759887695312500e+02
2.582261962890625000e+02
2.571520690917968750e+02
2.561435852050781250e+02
2.551277313232421875e+02
2.553229217529296875e+02
2.576066894531250000e+02
2.596511535644531250e+02
2.595076904296875000e+02
2.621742248535156250e+02
2.667832336425781250e+02
2.682817382812500000e+02
2.641192932128906250e+02
2.622369689941406250e+02
2.645853576660156250e+02
2.643163757324218750e+02
2.656906127929687500e+02
2.680502929687500000e+02
2.690457153320312500e+02
2.692984008789062500e+02
2.646377868652343750e+02
2.611287841796875000e+02
2.619660949707031250e+02
2.601646423339843750e+02
2.579448852539062500e+02
2.592969970703125000e+02
2.662626953125000000e+02
2.672938232421875000e+02
2.686892395019531250e+02
2.701070251464843750e+02
2.692288818359375000e+02
2.691455078125000000e+02
2.696865844726562500e+02
2.687905273437500000e+02
2.688754882812500000e+02
2.688300170898437500e+02
2.685113525390625000e+02
2.677741699218750000e+02
2.659457092285156250e+02
2.611483764648437500e+02
2.620621643066406250e+02
2.605155334472656250e+02
2.607820434570312500e+02
2.633800659179687500e+02
2.654601440429687500e+02
2.636104736328125000e+02
2.613045654296875000e+02
2.603756103515625000e+02
2.591545715332031250e+02
2.572225952148437500e+02
2.565531311035156250e+02
2.557765502929687500e+02
2.540911560058593750e+02
2.528693084716796875e+02
2.522369079589843750e+02
2.516749420166015625e+02
2.511284942626953125e+02
2.514791564941406250e+02
2.528164062500000000e+02
2.529855957031250000e+02
2.513574218750000000e+02
2.513643951416015625e+02
2.516238250732421875e+02
2.526727447509765625e+02
2.504312744140625000e+02
2.484377288818359375e+02
2.471445617675781250e+02
2.468319244384765625e+02
2.468490295410156250e+02
2.481539306640625000e+02
2.496714477539062500e+02
2.495370025634765625e+02
2.488527374267578125e+02
2.507128601074218750e+02
2.540916290283203125e+02
2.567068481445312500e+02
2.573992309570312500e+02
2.589682006835937500e+02
2.611811828613281250e+02
2.630453186035156250e+02
2.644484863281250000e+02
2.658445434570312500e+02
2.677439270019531250e+02
2.685115051269531250e+02
2.669580383300781250e+02
2.660737915039062500e+02
2.669185485839843750e+02
2.672697448730468750e+02
2.672610778808593750e+02
2.672104187011718750e+02
2.678712768554687500e+02
2.675230712890625000e+02
2.662609863281250000e+02
2.656737670898437500e+02
2.643526000976562500e+02
2.634792480468750000e+02
2.630970764160156250e+02
2.614031066894531250e+02
2.597622985839843750e+02
2.583765869140625000e+02
2.572244567871093750e+02
2.565019836425781250e+02
2.561391906738281250e+02
2.558828125000000000e+02
2.552810516357421875e+02
2.543983764648437500e+02
2.520551910400390625e+02
2.509605102539062500e+02
2.503902587890625000e+02
2.501222534179687500e+02
2.511568298339843750e+02
2.522292480468750000e+02
2.551470184326171875e+02
2.575653076171875000e+02
2.624837036132812500e+02
2.645042724609375000e+02
2.631405944824218750e+02
2.599364624023437500e+02
2.592064208984375000e+02
2.612732543945312500e+02
2.632770080566406250e+02
2.647788391113281250e+02
2.642318420410156250e+02
2.649893188476562500e+02
2.655711975097656250e+02
2.658015441894531250e+02
2.648511657714843750e+02
2.628929443359375000e+02
2.601466979980468750e+02
2.569388732910156250e+02
2.552709808349609375e+02
2.539200592041015625e+02
2.586697998046875000e+02
2.600715942382812500e+02
2.581473693847656250e+02
2.565461425781250000e+02
2.546926422119140625e+02
2.527646789550781250e+02
2.506695098876953125e+02
2.493033447265625000e+02
2.483518829345703125e+02
2.479187927246093750e+02
2.481029357910156250e+02
2.492194366455078125e+02
2.514319458007812500e+02
2.515235900878906250e+02
2.513836669921875000e+02
2.491591796875000000e+02
2.483197479248046875e+02
2.476904754638671875e+02
2.470284423828125000e+02
2.466991882324218750e+02
2.468317108154296875e+02
2.478244171142578125e+02
2.472693481445312500e+02
2.476226654052734375e+02
2.487843322753906250e+02
2.499398651123046875e+02
2.511875000000000000e+02
2.513808135986328125e+02
2.516808929443359375e+02
2.518379516601562500e+02
2.520736236572265625e+02
2.526933135986328125e+02
2.532539215087890625e+02
2.538934326171875000e+02
2.545884399414062500e+02
2.554870758056640625e+02
2.565792846679687500e+02
2.587474975585937500e+02
2.604684143066406250e+02
2.618314514160156250e+02
2.622184143066406250e+02
2.627943420410156250e+02
2.624482421875000000e+02
2.620727539062500000e+02
2.604773559570312500e+02
2.598139343261718750e+02
2.587491455078125000e+02
2.580736389160156250e+02
2.569177551269531250e+02
2.518591918945312500e+02
2.463805999755859375e+02
2.451878051757812500e+02
2.455978851318359375e+02
2.457862243652343750e+02
2.464581146240234375e+02
2.483919830322265625e+02
2.503530731201171875e+02
2.502707672119140625e+02
2.498928222656250000e+02
2.492198333740234375e+02
2.482328948974609375e+02
2.481375274658203125e+02
2.492105560302734375e+02
2.505784912109375000e+02
2.497571716308593750e+02
2.510696563720703125e+02
2.511449584960937500e+02
2.518268280029296875e+02
2.547309265136718750e+02
2.599005126953125000e+02
2.637243652343750000e+02
2.650676269531250000e+02
2.636758728027343750e+02
2.643605041503906250e+02
2.683998107910156250e+02
2.696322631835937500e+02
2.693837585449218750e+02
2.655428466796875000e+02
2.592989501953125000e+02
2.546096343994140625e+02
2.551970672607421875e+02
2.598648681640625000e+02
2.575215759277343750e+02
2.456012268066406250e+02
2.446372375488281250e+02
2.463101501464843750e+02
2.486218414306640625e+02
2.520072021484375000e+02
2.518661041259765625e+02
2.483314514160156250e+02
2.457836303710937500e+02
2.453454742431640625e+02
2.445989379882812500e+02
2.436288909912109375e+02
2.433482055664062500e+02
2.429066314697265625e+02
2.421917877197265625e+02
2.422605133056640625e+02
2.426814422607421875e+02
2.447115936279296875e+02
2.469490661621093750e+02
2.499046936035156250e+02
2.534739532470703125e+02
2.565495300292968750e+02
2.590127258300781250e+02
2.601173095703125000e+02
2.613731079101562500e+02
2.618305664062500000e+02
2.615398559570312500e+02
2.607222900390625000e+02
2.587854309082031250e+02
2.584261474609375000e+02
2.592789916992187500e+02
2.605526733398437500e+02
2.606560058593750000e+02
2.582007751464843750e+02
2.560107116699218750e+02
2.547370452880859375e+02
2.531656341552734375e+02
2.526232452392578125e+02
2.520956726074218750e+02
2.511195068359375000e+02
2.494936981201171875e+02
2.470102844238281250e+02
2.451939392089843750e+02
2.448744506835937500e+02
2.447648010253906250e+02
2.446905975341796875e+02
2.456533660888671875e+02
2.471326293945312500e+02
2.467870788574218750e+02
2.456638031005859375e+02
2.447857055664062500e+02
2.443447418212890625e+02
2.437046966552734375e+02
2.433610229492187500e+02
2.429814300537109375e+02
2.444722290039062500e+02
2.481949310302734375e+02
2.486339416503906250e+02
2.457290344238281250e+02
2.449879913330078125e+02
2.454993896484375000e+02
2.451686553955078125e+02
2.437830963134765625e+02
2.430427093505859375e+02
2.420032958984375000e+02
2.416765899658203125e+02
2.414751281738281250e+02
2.417624969482421875e+02
2.416298370361328125e+02
2.413901672363281250e+02
2.404641265869140625e+02
2.426324768066406250e+02
2.454172210693359375e+02
2.474297943115234375e+02
2.480734710693359375e+02
2.479546661376953125e+02
2.473578643798828125e+02
2.470523376464843750e+02
2.459341430664062500e+02
2.465746612548828125e+02
2.458723754882812500e+02
2.459991455078125000e+02
2.457129516601562500e+02
2.461687622070312500e+02
2.470237121582031250e+02
2.479707183837890625e+02
2.480599670410156250e+02
2.488093261718750000e+02
2.531433868408203125e+02
2.569743041992187500e+02
2.589581909179687500e+02
2.608208007812500000e+02
2.622404785156250000e+02
2.639699707031250000e+02
2.665469055175781250e+02
2.657307128906250000e+02
2.608428955078125000e+02
2.605895996093750000e+02
2.624559936523437500e+02
2.617975769042968750e+02
2.595322570800781250e+02
2.578677978515625000e+02
2.550389556884765625e+02
2.573446655273437500e+02
2.605686950683593750e+02
2.624505615234375000e+02
2.610051879882812500e+02
2.600627746582031250e+02
2.594664001464843750e+02
2.582755126953125000e+02
2.564230041503906250e+02
2.571497802734375000e+02
2.579776306152343750e+02
2.572247314453125000e+02
2.548702087402343750e+02
2.524024047851562500e+02
2.501029815673828125e+02
2.488820037841796875e+02
2.491440277099609375e+02
2.502017059326171875e+02
2.475314941406250000e+02
2.467832336425781250e+02
2.470462951660156250e+02
2.496451263427734375e+02
2.527265319824218750e+02
2.528409423828125000e+02
2.512300720214843750e+02
2.493366088867187500e+02
2.471528625488281250e+02
2.462391357421875000e+02
2.478030548095703125e+02
2.512034606933593750e+02
2.551408996582031250e+02
2.552142944335937500e+02
2.544612426757812500e+02
2.535369262695312500e+02
2.504248657226562500e+02
2.486157684326171875e+02
2.500675811767578125e+02
2.546890716552734375e+02
2.569344177246093750e+02
2.587514648437500000e+02
2.588057861328125000e+02
2.575771179199218750e+02
2.547771759033203125e+02
2.518111419677734375e+02
2.506781616210937500e+02
2.507898406982421875e+02
2.508207855224609375e+02
2.474487915039062500e+02
2.430687866210937500e+02
2.426202545166015625e+02
2.421367340087890625e+02
2.427575683593750000e+02
2.422818603515625000e+02
2.434182891845703125e+02
2.439984588623046875e+02
2.456052246093750000e+02
2.452100677490234375e+02
2.454488372802734375e+02
2.453554534912109375e+02
2.460937042236328125e+02
2.447211761474609375e+02
2.445634613037109375e+02
2.438471221923828125e+02
2.444633636474609375e+02
2.445774230957031250e+02
2.464687652587890625e+02
2.482864379882812500e+02
2.503683624267578125e+02
2.511869354248046875e+02
2.526576080322265625e+02
2.527134246826171875e+02
2.517057800292968750e+02
2.480262451171875000e+02
2.469928436279296875e+02
2.499860076904296875e+02
2.538078002929687500e+02
2.559711303710937500e+02
2.567698669433593750e+02
2.553437500000000000e+02
2.556574249267578125e+02
2.559298553466796875e+02
2.562050781250000000e+02
2.539289398193359375e+02
2.513933105468750000e+02
2.505982360839843750e+02
2.501845092773437500e+02
2.503359069824218750e+02
2.505208129882812500e+02
2.494857177734375000e+02
2.490466003417968750e+02
2.494899139404296875e+02
2.506146545410156250e+02
2.496110076904296875e+02
2.485172882080078125e+02
2.488562927246093750e+02
2.512644195556640625e+02
2.529993438720703125e+02
2.569183654785156250e+02
2.596697387695312500e+02
2.617453918457031250e+02
2.630502929687500000e+02
2.644720764160156250e+02
2.645169372558593750e+02
2.633370971679687500e+02
2.605699157714843750e+02
2.588153076171875000e+02
2.591716613769531250e+02
2.621690063476562500e+02
2.637160644531250000e+02
2.623311462402343750e+02
2.593799438476562500e+02
2.551378326416015625e+02
2.516456451416015625e+02
2.498385772705078125e+02
2.491988983154296875e+02
2.505225830078125000e+02
2.552004394531250000e+02
2.582987670898437500e+02
2.605132141113281250e+02
2.599380187988281250e+02
2.588665161132812500e+02
2.579004516601562500e+02
2.564516906738281250e+02
2.554978790283203125e+02
2.537384490966796875e+02
2.528247375488281250e+02
2.533589324951171875e+02
2.545986633300781250e+02
2.560693664550781250e+02
2.578692321777343750e+02
2.591191406250000000e+02
2.599898681640625000e+02
2.596217346191406250e+02
2.594965515136718750e+02
2.594517211914062500e+02
2.594189147949218750e+02
2.587621459960937500e+02
2.588803710937500000e+02
2.596586303710937500e+02
2.610927429199218750e+02
2.619263305664062500e+02
2.616573486328125000e+02
2.609472351074218750e+02
2.602111511230468750e+02
2.593457946777343750e+02
2.597683715820312500e+02
2.615924682617187500e+02
2.653217773437500000e+02
2.660660095214843750e+02
2.653729248046875000e+02
2.651206665039062500e+02
2.649931945800781250e+02
2.632533264160156250e+02
2.633546142578125000e+02
2.675902709960937500e+02
2.702188110351562500e+02
2.676423950195312500e+02
2.615029602050781250e+02
2.613725891113281250e+02
2.615291442871093750e+02
2.594442749023437500e+02
2.592659606933593750e+02
2.612918395996093750e+02
2.647418518066406250e+02
2.632079772949218750e+02
2.622492065429687500e+02
2.584488830566406250e+02
2.589190368652343750e+02
2.628257751464843750e+02
2.654720458984375000e+02
2.663271789550781250e+02
2.661978759765625000e+02
2.615393066406250000e+02
2.576225891113281250e+02
2.579065856933593750e+02
2.607416381835937500e+02
2.639479370117187500e+02
2.674204101562500000e+02
2.666965942382812500e+02
2.636986389160156250e+02
2.630246582031250000e+02
2.629617004394531250e+02
2.633777465820312500e+02
2.629507751464843750e+02
2.604012451171875000e+02
2.579298706054687500e+02
2.557392120361328125e+02
2.547009277343750000e+02
2.534259033203125000e+02
2.520771636962890625e+02
2.507718963623046875e+02
2.510549316406250000e+02
2.502428894042968750e+02
2.501923828125000000e+02
2.515464782714843750e+02
2.549514770507812500e+02
2.575561523437500000e+02
2.564678039550781250e+02
2.541525726318359375e+02
2.525407562255859375e+02
2.524006652832031250e+02
2.522802886962890625e+02
2.518672943115234375e+02
2.507640075683593750e+02
2.502504425048828125e+02
2.502410430908203125e+02
2.504311218261718750e+02
2.502509460449218750e+02
2.495685424804687500e+02
2.502281036376953125e+02
2.523963317871093750e+02
2.542057647705078125e+02
2.534422912597656250e+02
2.519864349365234375e+02
2.526382751464843750e+02
2.537069244384765625e+02
2.528528594970703125e+02
2.527836303710937500e+02
2.546492462158203125e+02
2.564607238769531250e+02
2.555876617431640625e+02
2.548780822753906250e+02
2.550368194580078125e+02
2.559211730957031250e+02
2.547940826416015625e+02
2.542219848632812500e+02
2.546652069091796875e+02
2.555437622070312500e+02
2.543465576171875000e+02
2.528115386962890625e+02
2.528553161621093750e+02
2.550615234375000000e+02
2.576715698242187500e+02
2.576114501953125000e+02
2.569226074218750000e+02
2.563934326171875000e+02
2.551165771484375000e+02
2.541379394531250000e+02
2.569477539062500000e+02
2.607243957519531250e+02
2.641204223632812500e+02
2.663202514648437500e+02
2.673342590332031250e+02
2.683710327148437500e+02
2.679859008789062500e+02
2.679455261230468750e+02
2.684245605468750000e+02
2.686400451660156250e+02
2.671176452636718750e+02
2.647687683105468750e+02
2.635554504394531250e+02
2.623942871093750000e+02
2.627578430175781250e+02
2.648768615722656250e+02
2.656810302734375000e+02
2.651830749511718750e+02
2.647288818359375000e+02
2.658452453613281250e+02
2.678153991699218750e+02
2.682066650390625000e+02
2.669267883300781250e+02
2.660231933593750000e+02
2.670150451660156250e+02
2.672681579589843750e+02
2.661611328125000000e+02
2.655591125488281250e+02
2.654514465332031250e+02
2.650079956054687500e+02
2.627982177734375000e+02
2.611195983886718750e+02
2.605634460449218750e+02
2.630132141113281250e+02
2.652723693847656250e+02
2.642288208007812500e+02
2.646866760253906250e+02
2.653809204101562500e+02
2.644072570800781250e+02
2.642114562988281250e+02
2.649027099609375000e+02
2.658693847656250000e+02
2.671244201660156250e+02
2.685321960449218750e+02
2.674179687500000000e+02
2.657848205566406250e+02
2.651036987304687500e+02
2.644037780761718750e+02
2.650647583007812500e+02
2.639703979492187500e+02
2.610934448242187500e+02
2.595144348144531250e+02
2.607332763671875000e+02
2.617492675781250000e+02
2.603849182128906250e+02
2.618781433105468750e+02
2.648486938476562500e+02
2.668262634277343750e+02
2.670091247558593750e+02
2.671095886230468750e+02
2.673267517089843750e+02
2.670931091308593750e+02
2.657982177734375000e+02
2.651377258300781250e+02
2.652118225097656250e+02
2.657097167968750000e+02
2.642675170898437500e+02
2.619583740234375000e+02
2.618939514160156250e+02
2.616674499511718750e+02
2.607062683105468750e+02
2.599732971191406250e+02
2.605813903808593750e+02
2.610189514160156250e+02
2.610605163574218750e+02
2.614997253417968750e+02
2.605380859375000000e+02
2.604884033203125000e+02
2.607986755371093750e+02
2.612595825195312500e+02
2.613493652343750000e+02
2.610820007324218750e+02
2.595762329101562500e+02
2.590457763671875000e+02
2.594538879394531250e+02
2.600606384277343750e+02
2.603735961914062500e+02
2.622136535644531250e+02
2.661888427734375000e+02
2.686501770019531250e+02
2.671734924316406250e+02
2.654200134277343750e+02
2.631304931640625000e+02
2.618460388183593750e+02
2.609197998046875000e+02
2.601308288574218750e+02
2.610142211914062500e+02
2.627152709960937500e+02
2.634195556640625000e+02
2.656022033691406250e+02
2.671670837402343750e+02
2.680603637695312500e+02
2.690802001953125000e+02
2.706594848632812500e+02
2.715664978027343750e+02
2.717387390136718750e+02
2.707964172363281250e+02
2.705093688964843750e+02
2.724674377441406250e+02
2.734396972656250000e+02
2.728345031738281250e+02
2.720798339843750000e+02
2.706402282714843750e+02
2.688965454101562500e+02
2.687179565429687500e+02
2.710303344726562500e+02
2.724844665527343750e+02
2.718976440429687500e+02
2.692622070312500000e+02
2.652641601562500000e+02
2.639417114257812500e+02
2.636333007812500000e+02
2.636888122558593750e+02
2.634887695312500000e+02
2.669036865234375000e+02
2.693541870117187500e+02
2.690733337402343750e+02
2.680525512695312500e+02
2.680447387695312500e+02
2.678483276367187500e+02
2.664426879882812500e+02
2.651860351562500000e+02
2.647935485839843750e+02
2.650389709472656250e+02
2.635507507324218750e+02
2.623241271972656250e+02
2.636318969726562500e+02
2.636770019531250000e+02
2.633947753906250000e+02
2.627564392089843750e+02
2.640772705078125000e+02
2.645242309570312500e+02
2.646104431152343750e+02
2.653638000488281250e+02
2.681979370117187500e+02
2.701675720214843750e+02
2.706947021484375000e+02
2.713471679687500000e+02
2.724086914062500000e+02
2.730919189453125000e+02
2.729863891601562500e+02
2.730086975097656250e+02
2.732777099609375000e+02
2.729717102050781250e+02
2.700740966796875000e+02
2.683518066406250000e+02
2.710175781250000000e+02
2.720740051269531250e+02
2.716608276367187500e+02
2.712286071777343750e+02
2.712392883300781250e+02
2.717455139160156250e+02
2.702036132812500000e+02
2.696408386230468750e+02
2.707737731933593750e+02
2.711655578613281250e+02
2.712164001464843750e+02
2.710965576171875000e+02
2.716802673339843750e+02
2.725260009765625000e+02
2.722828674316406250e+02
2.721942443847656250e+02
2.720609741210937500e+02
2.728880004882812500e+02
2.723430480957031250e+02
2.721596984863281250e+02
2.719300842285156250e+02
2.723400878906250000e+02
2.711737060546875000e+02
2.704833679199218750e+02
2.715306396484375000e+02
2.716167297363281250e+02
2.701405334472656250e+02
2.686730957031250000e+02
2.697496643066406250e+02
2.702243957519531250e+02
2.693830566406250000e+02
2.679688415527343750e+02
2.698993835449218750e+02
2.707935180664062500e+02
2.700139160156250000e+02
2.706993408203125000e+02
2.725438537597656250e+02
2.739707336425781250e+02
2.727153015136718750e+02
2.722941589355468750e+02
2.734482116699218750e+02
2.737191467285156250e+02
2.721020507812500000e+02
2.708042907714843750e+02
2.727166748046875000e+02
2.725199279785156250e+02
2.697094421386718750e+02
2.686070861816406250e+02
2.698819274902343750e+02
2.698485107421875000e+02
2.679356994628906250e+02
2.668229064941406250e+02
2.677922363281250000e+02
2.680637207031250000e+02
2.673530273437500000e+02
2.669601440429687500e+02
2.693387145996093750e+02
2.708056030273437500e+02
2.707054138183593750e+02
2.696224365234375000e+02
2.711042785644531250e+02
2.727379150390625000e+02
2.723040161132812500e+02
2.721474304199218750e+02
2.718902282714843750e+02
2.722043457031250000e+02
2.718122558593750000e+02
2.715193786621093750e+02
2.709893188476562500e+02
2.715447082519531250e+02
2.713566284179687500e+02
2.712683715820312500e+02
2.715368957519531250e+02
2.720660705566406250e+02
2.718505859375000000e+02
2.718462829589843750e+02
2.717016296386718750e+02
2.724369201660156250e+02
2.723708801269531250e+02
2.720447387695312500e+02
2.719985046386718750e+02
2.729584960937500000e+02
2.728087463378906250e+02
2.723415222167968750e+02
2.732654113769531250e+02
2.736621704101562500e+02
2.732096557617187500e+02
2.732035827636718750e+02
2.730648193359375000e+02
2.724592895507812500e+02
2.714457092285156250e+02
2.711965026855468750e+02
2.714237060546875000e+02
2.716101379394531250e+02
2.709950256347656250e+02
2.717446289062500000e+02
2.737444763183593750e+02
2.741248779296875000e+02
2.730808715820312500e+02
2.723506774902343750e+02
2.718848876953125000e+02
2.720289611816406250e+02
2.710006103515625000e+02
2.702449951171875000e+02
2.709257507324218750e+02
2.697424316406250000e+02
2.686352539062500000e+02
2.686828918457031250e+02
2.696505126953125000e+02
2.702493286132812500e+02
2.705840759277343750e+02
2.706234436035156250e+02
2.714309997558593750e+02
2.723307189941406250e+02
2.718923034667968750e+02
2.714749145507812500e+02
2.713624572753906250e+02
2.719253234863281250e+02
2.708856506347656250e+02
2.699585876464843750e+02
2.710950317382812500e+02
2.714433288574218750e+02
2.706713867187500000e+02
2.704136657714843750e+02
2.721554870605468750e+02
2.725174865722656250e+02
2.713880615234375000e+02
2.698347167968750000e+02
2.708319091796875000e+02
2.710285339355468750e+02
2.698561401367187500e+02
2.694599304199218750e+02
2.710846557617187500e+02
2.717832336425781250e+02
2.718929748535156250e+02
2.714748229980468750e+02
2.723346252441406250e+02
2.725424804687500000e+02
2.726538696289062500e+02
2.725523376464843750e+02
2.724422607421875000e+02
2.716806335449218750e+02
2.712994689941406250e+02
2.715963745117187500e+02
2.722849731445312500e+02
