2.715108032226562500e+02
2.704953613281250000e+02
2.689069824218750000e+02
2.681539001464843750e+02
2.676796875000000000e+02
2.675492248535156250e+02
2.668575134277343750e+02
2.669270019531250000e+02
2.684385375976562500e+02
2.699808654785156250e+02
2.706491699218750000e+02
2.691190185546875000e+02
2.684390869140625000e+02
2.676445617675781250e+02
2.669271545410156250e+02
2.666761474609375000e+02
2.668173217773437500e+02
2.677450866699218750e+02
2.674548950195312500e+02
2.672334289550781250e+02
2.666193237304687500e+02
2.666285400390625000e+02
2.671066284179687500e+02
2.661217041015625000e+02
2.666385803222656250e+02
2.670790710449218750e+02
2.678137207031250000e+02
2.676539001464843750e+02
2.677364196777343750e+02
2.676237792968750000e+02
2.676267089843750000e+02
2.674201049804687500e+02
2.674870910644531250e+02
2.693333129882812500e+02
2.702906494140625000e+02
2.715416564941406250e+02
2.721029357910156250e+02
2.719480590820312500e+02
2.715256347656250000e+02
2.714950256347656250e+02
2.715977478027343750e+02
2.711556091308593750e+02
2.704451293945312500e+02
2.706041259765625000e+02
2.711148376464843750e+02
2.712235412597656250e+02
2.706459655761718750e+02
2.707454223632812500e+02
2.712273559570312500e+02
2.714409484863281250e+02
2.712474060058593750e+02
2.713839111328125000e+02
2.714966125488281250e+02
2.706304016113281250e+02
2.707310791015625000e+02
2.722221984863281250e+02
2.728629760742187500e+02
2.727242736816406250e+02
2.726444702148437500e+02
2.716300964355468750e+02
2.720029907226562500e+02
2.726124572753906250e+02
2.707878417968750000e+02
2.706237792968750000e+02
2.717575683593750000e+02
2.708029479980468750e+02
2.698236389160156250e+02
2.717888183593750000e+02
2.727761535644531250e+02
2.728348693847656250e+02
2.725607299804687500e+02
2.730716552734375000e+02
2.734123229980468750e+02
2.726830444335937500e+02
2.724813232421875000e+02
2.721290893554687500e+02
2.721224670410156250e+02
2.719448852539062500e+02
2.713955383300781250e+02
2.705267028808593750e+02
2.701091003417968750e+02
2.699244079589843750e+02
2.690350341796875000e+02
2.696517028808593750e+02
2.691541442871093750e+02
2.696026000976562500e+02
2.686304321289062500e+02
2.702911987304687500e+02
2.700610961914062500e+02
2.700714721679687500e+02
2.692923278808593750e+02
2.700708312988281250e+02
2.693182983398437500e+02
2.696995544433593750e+02
2.690191650390625000e+02
2.698160705566406250e+02
2.698782348632812500e+02
2.702145385742187500e+02
2.705744018554687500e+02
2.710911254882812500e+02
2.719392700195312500e+02
2.720625915527343750e+02
2.720848999023437500e+02
2.727109985351562500e+02
2.731940307617187500e+02
2.732633056640625000e+02
2.735658264160156250e+02
2.737055664062500000e+02
2.739530639648437500e+02
2.736517028808593750e+02
2.735681457519531250e+02
2.735680541992187500e+02
2.734963073730468750e+02
2.732070617675781250e+02
2.730144958496093750e+02
2.734659118652343750e+02
2.738043823242187500e+02
2.728067016601562500e+02
2.721613769531250000e+02
2.729137268066406250e+02
2.738487243652343750e+02
2.724871826171875000e+02
2.717008666992187500e+02
2.725944824218750000e+02
2.727246398925781250e+02
2.719114685058593750e+02
2.710535888671875000e+02
2.716062927246093750e+02
2.722409057617187500e+02
2.720280151367187500e+02
2.713054809570312500e+02
2.708788452148437500e+02
2.706214599609375000e+02
2.703268432617187500e+02
2.685225830078125000e+02
2.702012023925781250e+02
2.700064392089843750e+02
2.678774414062500000e+02
2.663072814941406250e+02
2.658121948242187500e+02
2.663346557617187500e+02
2.663576965332031250e+02
2.649811096191406250e+02
2.657177734375000000e+02
2.678047790527343750e+02
2.666443786621093750e+02
2.651556701660156250e+02
2.674440917968750000e+02
2.688105773925781250e+02
2.677362060546875000e+02
2.660631713867187500e+02
2.680962219238281250e+02
2.679827880859375000e+02
2.682506713867187500e+02
2.684269714355468750e+02
2.676772766113281250e+02
2.673247375488281250e+02
2.680188598632812500e+02
2.680487365722656250e+02
2.676506347656250000e+02
2.672620849609375000e+02
2.666088562011718750e+02
2.655632324218750000e+02
2.658695373535156250e+02
2.647527465820312500e+02
2.655142211914062500e+02
2.653567810058593750e+02
2.650094604492187500e+02
2.643188781738281250e+02
2.630357055664062500e+02
2.626820678710937500e+02
2.621634826660156250e+02
2.621578674316406250e+02
2.619494628906250000e+02
2.619357910156250000e+02
2.621307373046875000e+02
2.630136413574218750e+02
2.634827575683593750e+02
2.640086975097656250e+02
2.658197021484375000e+02
2.671058044433593750e+02
2.674108276367187500e+02
2.680511474609375000e+02
2.682164916992187500e+02
2.669906616210937500e+02
2.663460998535156250e+02
2.678006896972656250e+02
2.706379089355468750e+02
2.719461669921875000e+02
2.702669982910156250e+02
2.692070922851562500e+02
2.688128967285156250e+02
2.685981750488281250e+02
2.693005371093750000e+02
2.686351318359375000e+02
2.673845520019531250e+02
2.660579223632812500e+02
2.628726501464843750e+02
2.608410339355468750e+02
2.628824462890625000e+02
2.653610229492187500e+02
2.662806396484375000e+02
2.680262145996093750e+02
2.695879211425781250e+02
2.699879150390625000e+02
2.696053466796875000e+02
2.698473205566406250e+02
2.710582275390625000e+02
2.711472778320312500e+02
2.709027404785156250e+02
2.708267517089843750e+02
2.717090454101562500e+02
2.720961914062500000e+02
2.716060485839843750e+02
2.711036071777343750e+02
2.712662963867187500e+02
2.707837219238281250e+02
2.704012145996093750e+02
2.699550781250000000e+02
2.703561096191406250e+02
2.708204956054687500e+02
2.701534423828125000e+02
2.700428466796875000e+02
2.706479187011718750e+02
2.714791259765625000e+02
2.714117431640625000e+02
2.711886291503906250e+02
2.715826110839843750e+02
2.719819641113281250e+02
2.715471191406250000e+02
2.714122924804687500e+02
2.715083312988281250e+02
2.714429016113281250e+02
2.708268737792968750e+02
2.702821350097656250e+02
2.698595581054687500e+02
2.704354553222656250e+02
2.702223510742187500e+02
2.689551391601562500e+02
2.700739135742187500e+02
2.717415161132812500e+02
2.720013122558593750e+02
2.711110534667968750e+02
2.700250549316406250e+02
2.701619567871093750e+02
2.696819763183593750e+02
2.699295959472656250e+02
2.699877014160156250e+02
2.693101806640625000e+02
2.694369812011718750e+02
2.700857543945312500e+02
2.712626342773437500e+02
2.719796752929687500e+02
2.718826293945312500e+02
2.711245727539062500e+02
2.709438476562500000e+02
2.713392333984375000e+02
2.710916137695312500e+02
2.704683532714843750e+02
2.702030029296875000e+02
2.702802124023437500e+02
2.698922729492187500e+02
2.694324340820312500e+02
2.687460937500000000e+02
2.679145812988281250e+02
2.680876464843750000e+02
2.698736877441406250e+02
2.724577026367187500e+02
2.729388427734375000e+02
2.724773864746093750e+02
2.723042602539062500e+02
2.720903625488281250e+02
2.720982666015625000e+02
2.714728698730468750e+02
2.715903625488281250e+02
2.713905334472656250e+02
2.714004821777343750e+02
2.709322814941406250e+02
2.702750244140625000e+02
2.700975952148437500e+02
2.702250976562500000e+02
2.696176452636718750e+02
2.692865905761718750e+02
2.692547302246093750e+02
2.690180664062500000e+02
2.684291992187500000e+02
2.682884216308593750e+02
2.684519042968750000e+02
2.689928588867187500e+02
2.686947326660156250e+02
2.677788391113281250e+02
2.668623352050781250e+02
2.661375122070312500e+02
2.644787902832031250e+02
2.633551025390625000e+02
2.642872619628906250e+02
2.653470153808593750e+02
2.665324096679687500e+02
2.684873962402343750e+02
2.702038879394531250e+02
2.708946228027343750e+02
2.696060791015625000e+02
2.678202819824218750e+02
2.661685791015625000e+02
2.652842407226562500e+02
2.650293579101562500e+02
2.651094360351562500e+02
2.660328674316406250e+02
2.666305541992187500e+02
2.668125915527343750e+02
2.672087707519531250e+02
2.675188903808593750e+02
2.677662963867187500e+02
2.678046875000000000e+02
2.682603759765625000e+02
2.685803833007812500e+02
2.686974487304687500e+02
2.685066223144531250e+02
2.689664611816406250e+02
2.694570007324218750e+02
2.694254455566406250e+02
2.683151855468750000e+02
2.676145935058593750e+02
2.698889160156250000e+02
2.718508300781250000e+02
2.723758850097656250e+02
2.718248901367187500e+02
2.711031188964843750e+02
2.711004943847656250e+02
2.715430603027343750e+02
2.707120666503906250e+02
2.678182373046875000e+02
2.660407714843750000e+02
2.647867126464843750e+02
2.644400634765625000e+02
2.646593933105468750e+02
2.648598632812500000e+02
2.644936218261718750e+02
2.637337341308593750e+02
2.621592712402343750e+02
2.613239135742187500e+02
2.613347778320312500e+02
2.623165283203125000e+02
2.647768249511718750e+02
2.624490966796875000e+02
2.605063476562500000e+02
2.600073242187500000e+02
2.606841125488281250e+02
2.621501770019531250e+02
2.620491333007812500e+02
2.617937622070312500e+02
2.609088439941406250e+02
2.598541870117187500e+02
2.583018188476562500e+02
2.574770507812500000e+02
2.571034240722656250e+02
2.578407592773437500e+02
2.577486877441406250e+02
2.583556518554687500e+02
2.583500671386718750e+02
2.574267272949218750e+02
2.559337005615234375e+02
2.551617889404296875e+02
2.548684082031250000e+02
2.544142150878906250e+02
2.539229736328125000e+02
2.534832916259765625e+02
2.534376983642578125e+02
2.541228637695312500e+02
2.544388427734375000e+02
2.545584411621093750e+02
2.545515747070312500e+02
2.549390411376953125e+02
2.556862030029296875e+02
2.572574768066406250e+02
2.583347778320312500e+02
2.581352233886718750e+02
2.573052062988281250e+02
2.567604980468750000e+02
2.568661804199218750e+02
2.569019470214843750e+02
2.565930175781250000e+02
2.564742126464843750e+02
2.571122741699218750e+02
2.578729553222656250e+02
2.611235351562500000e+02
2.656914367675781250e+02
2.698811340332031250e+02
2.705452880859375000e+02
2.666582336425781250e+02
2.644632263183593750e+02
2.635936889648437500e+02
2.642604675292968750e+02
2.609431457519531250e+02
2.584967041015625000e+02
2.590364074707031250e+02
2.621996459960937500e+02
2.667180786132812500e+02
2.691197509765625000e+02
2.704461059570312500e+02
2.714320678710937500e+02
2.717268981933593750e+02
2.721479797363281250e+02
2.726615905761718750e+02
2.726407470703125000e+02
2.721697998046875000e+02
2.719830627441406250e+02
2.717375183105468750e+02
2.715525207519531250e+02
2.707233581542968750e+02
2.695122985839843750e+02
2.697627258300781250e+02
2.698310852050781250e+02
2.691627807617187500e+02
2.687795104980468750e+02
2.674784851074218750e+02
2.658734741210937500e+02
2.645337219238281250e+02
2.636374511718750000e+02
2.632711181640625000e+02
2.628854980468750000e+02
2.621157531738281250e+02
2.616369323730468750e+02
2.608950500488281250e+02
2.606475830078125000e+02
2.599324951171875000e+02
2.592908935546875000e+02
2.583887634277343750e+02
2.586732788085937500e+02
2.587413024902343750e+02
2.594689025878906250e+02
2.594168701171875000e+02
2.601891479492187500e+02
2.609305725097656250e+02
2.625292358398437500e+02
2.643149719238281250e+02
2.661784362792968750e+02
2.669026794433593750e+02
2.672977600097656250e+02
2.665925903320312500e+02
2.659937744140625000e+02
2.657877197265625000e+02
2.661099853515625000e+02
2.659505920410156250e+02
2.650531005859375000e+02
2.650664978027343750e+02
2.665726318359375000e+02
2.678836364746093750e+02
2.681526794433593750e+02
2.680821838378906250e+02
2.680485839843750000e+02
2.667288208007812500e+02
2.665887145996093750e+02
2.663284606933593750e+02
2.658515014648437500e+02
2.675983886718750000e+02
2.681162719726562500e+02
2.677620849609375000e+02
2.665246276855468750e+02
2.633651428222656250e+02
2.603300170898437500e+02
2.582653808593750000e+02
2.576166992187500000e+02
2.574869384765625000e+02
2.578919067382812500e+02
2.588021240234375000e+02
2.592024230957031250e+02
2.576931762695312500e+02
2.567076721191406250e+02
2.565739135742187500e+02
2.585661315917968750e+02
2.637098083496093750e+02
2.655111083984375000e+02
2.646286621093750000e+02
2.619028015136718750e+02
2.604811706542968750e+02
2.615712280273437500e+02
2.651564941406250000e+02
2.692042846679687500e+02
2.709227905273437500e+02
2.702800903320312500e+02
2.691257629394531250e+02
2.665101013183593750e+02
2.623052978515625000e+02
2.601653747558593750e+02
2.587091674804687500e+02
2.572239379882812500e+02
2.549290466308593750e+02
2.535414276123046875e+02
2.536063842773437500e+02
2.542390747070312500e+02
2.552604064941406250e+02
2.556133728027343750e+02
2.561489257812500000e+02
2.579685668945312500e+02
2.611116027832031250e+02
2.639317626953125000e+02
2.656308593750000000e+02
2.664015502929687500e+02
2.668500976562500000e+02
2.671717529296875000e+02
2.676961669921875000e+02
2.680102844238281250e+02
2.680970764160156250e+02
2.684302062988281250e+02
2.688422241210937500e+02
2.683684997558593750e+02
2.684996948242187500e+02
2.682061157226562500e+02
2.664399108886718750e+02
2.649788208007812500e+02
2.630474853515625000e+02
2.620838623046875000e+02
2.604721984863281250e+02
2.585924682617187500e+02
2.568761596679687500e+02
2.565457153320312500e+02
2.590782165527343750e+02
2.645373840332031250e+02
2.696965637207031250e+02
2.722349853515625000e+02
2.736231689453125000e+02
2.735406494140625000e+02
2.706355590820312500e+02
2.692913513183593750e+02
2.698906860351562500e+02
2.703506774902343750e+02
2.705814208984375000e+02
2.702317810058593750e+02
2.702026367187500000e+02
2.713430480957031250e+02
2.712857666015625000e+02
2.709842529296875000e+02
2.678495788574218750e+02
2.651068725585937500e+02
2.622552490234375000e+02
2.606447143554687500e+02
2.603514404296875000e+02
2.603860473632812500e+02
2.599332275390625000e+02
2.595936584472656250e+02
2.582250671386718750e+02
2.581475219726562500e+02
2.573402404785156250e+02
2.561425781250000000e+02
2.546935577392578125e+02
2.545975036621093750e+02
2.552332000732421875e+02
2.553217620849609375e+02
2.560741577148437500e+02
2.579030151367187500e+02
2.593604736328125000e+02
2.608829956054687500e+02
2.598124694824218750e+02
2.588703002929687500e+02
2.566288757324218750e+02
2.572336425781250000e+02
2.613513793945312500e+02
2.678100585937500000e+02
2.724465942382812500e+02
2.735126037597656250e+02
2.738222961425781250e+02
2.738800964355468750e+02
2.719633789062500000e+02
2.675478210449218750e+02
2.694895935058593750e+02
2.702627868652343750e+02
2.677759704589843750e+02
2.630899658203125000e+02
2.638669128417968750e+02
2.665414733886718750e+02
2.669070434570312500e+02
2.656260375976562500e+02
2.629598999023437500e+02
2.577718505859375000e+02
2.566497497558593750e+02
2.563453369140625000e+02
2.557771911621093750e+02
2.551203765869140625e+02
2.538254699707031250e+02
2.535004730224609375e+02
2.527721710205078125e+02
2.527767791748046875e+02
2.527362365722656250e+02
2.521065368652343750e+02
2.515682373046875000e+02
2.526776885986328125e+02
2.527558135986328125e+02
2.527982177734375000e+02
2.518695526123046875e+02
2.511210937500000000e+02
2.511641998291015625e+02
2.519261016845703125e+02
2.540189819335937500e+02
2.560451354980468750e+02
2.582459411621093750e+02
2.593167724609375000e+02
2.602670593261718750e+02
2.613483276367187500e+02
2.616759643554687500e+02
2.621790161132812500e+02
2.601702575683593750e+02
2.607377929687500000e+02
2.590841674804687500e+02
2.591472167968750000e+02
2.583414611816406250e+02
2.586323852539062500e+02
2.583252563476562500e+02
2.580541687011718750e+02
2.569746704101562500e+02
2.557064819335937500e+02
2.544790344238281250e+02
2.553059997558593750e+02
2.570923156738281250e+02
2.597844238281250000e+02
2.609173889160156250e+02
2.607990722656250000e+02
2.602791442871093750e+02
2.597803344726562500e+02
2.590207519531250000e+02
2.586800842285156250e+02
2.587444763183593750e+02
2.605571594238281250e+02
2.625028991699218750e+02
2.658256225585937500e+02
2.668891296386718750e+02
2.681625061035156250e+02
2.691041564941406250e+02
2.712070922851562500e+02
2.666361389160156250e+02
2.600473937988281250e+02
2.587758789062500000e+02
2.625456542968750000e+02
2.657448120117187500e+02
2.677790832519531250e+02
2.686782226562500000e+02
2.697928771972656250e+02
2.700129394531250000e+02
2.711453857421875000e+02
2.720759582519531250e+02
2.700459594726562500e+02
2.662093811035156250e+02
2.632039794921875000e+02
2.626809692382812500e+02
2.629440917968750000e+02
2.654333801269531250e+02
2.671512756347656250e+02
2.676302185058593750e+02
2.676723022460937500e+02
2.673260803222656250e+02
2.668371887207031250e+02
2.654307556152343750e+02
2.649554138183593750e+02
2.636550292968750000e+02
2.650138549804687500e+02
2.648649902343750000e+02
2.629943847656250000e+02
2.607366333007812500e+02
2.593493041992187500e+02
2.592875061035156250e+02
2.592100219726562500e+02
2.569055480957031250e+02
2.558389892578125000e+02
2.574238586425781250e+02
2.598894042968750000e+02
2.631207275390625000e+02
2.656491699218750000e+02
2.659748229980468750e+02
2.691495361328125000e+02
2.723329162597656250e+02
2.725798950195312500e+02
2.722619628906250000e+02
2.715107116699218750e+02
2.706134643554687500e+02
2.696486511230468750e+02
2.694321899414062500e+02
2.675227050781250000e+02
2.640342102050781250e+02
2.617857360839843750e+02
2.600629577636718750e+02
2.593811035156250000e+02
2.590275268554687500e+02
2.593266296386718750e+02
2.624787597656250000e+02
2.670906372070312500e+02
2.694757690429687500e+02
2.701122741699218750e+02
2.705219421386718750e+02
2.709315795898437500e+02
2.680238952636718750e+02
2.687543945312500000e+02
2.678806762695312500e+02
2.679936828613281250e+02
2.691566772460937500e+02
2.694957275390625000e+02
2.681838378906250000e+02
2.666226196289062500e+02
2.654141845703125000e+02
2.652189331054687500e+02
2.659033813476562500e+02
2.667209472656250000e+02
2.661839904785156250e+02
2.651864013671875000e+02
2.638410339355468750e+02
2.623468933105468750e+02
2.609702453613281250e+02
2.609043884277343750e+02
2.607424316406250000e+02
2.602746276855468750e+02
2.600936279296875000e+02
2.601528015136718750e+02
2.601702575683593750e+02
2.597433776855468750e+02
2.590512084960937500e+02
2.585461730957031250e+02
2.586214904785156250e+02
2.590542297363281250e+02
2.591656188964843750e+02
2.603953857421875000e+02
2.613903198242187500e+02
2.629674377441406250e+02
2.648766174316406250e+02
2.663628234863281250e+02
2.668365173339843750e+02
2.672197570800781250e+02
2.693262329101562500e+02
2.702187805175781250e+02
2.693335876464843750e+02
2.678254089355468750e+02
2.678861389160156250e+02
2.655454711914062500e+02
2.652799682617187500e+02
2.646201782226562500e+02
2.625375671386718750e+02
2.604750671386718750e+02
2.585999145507812500e+02
2.557373352050781250e+02
2.538284301757812500e+02
2.570138549804687500e+02
2.592850952148437500e+02
2.586659851074218750e+02
2.590441894531250000e+02
2.603577880859375000e+02
2.664561157226562500e+02
2.692928466796875000e+02
2.652365417480468750e+02
2.602317504882812500e+02
2.594703369140625000e+02
2.562071533203125000e+02
2.548440704345703125e+02
2.554966125488281250e+02
2.595213012695312500e+02
2.626611022949218750e+02
2.581195068359375000e+02
2.567872314453125000e+02
2.557019042968750000e+02
2.538621673583984375e+02
2.529419708251953125e+02
2.512673797607421875e+02
2.508060302734375000e+02
2.506209564208984375e+02
2.513126373291015625e+02
2.594820861816406250e+02
2.559672698974609375e+02
2.505005187988281250e+02
2.495790405273437500e+02
2.509647979736328125e+02
2.568298645019531250e+02
2.646030273437500000e+02
2.667447814941406250e+02
2.672260131835937500e+02
2.681933593750000000e+02
2.567539978027343750e+02
2.508548736572265625e+02
2.532727813720703125e+02
2.616620178222656250e+02
2.622134094238281250e+02
2.543967437744140625e+02
2.509318237304687500e+02
2.501931762695312500e+02
2.506222991943359375e+02
2.521559143066406250e+02
2.569368896484375000e+02
2.573786315917968750e+02
2.549595031738281250e+02
2.508887176513671875e+02
2.489102935791015625e+02
2.479756927490234375e+02
2.502084197998046875e+02
2.573786621093750000e+02
2.534003295898437500e+02
2.500236663818359375e+02
2.486409301757812500e+02
2.446588897705078125e+02
2.417693786621093750e+02
2.399240112304687500e+02
2.399671783447265625e+02
2.401454925537109375e+02
2.403590850830078125e+02
2.396677246093750000e+02
2.405346832275390625e+02
2.423044281005859375e+02
2.443797454833984375e+02
2.450501708984375000e+02
2.455864410400390625e+02
2.472388000488281250e+02
2.517882690429687500e+02
2.556011199951171875e+02
2.535625000000000000e+02
2.466194305419921875e+02
2.456080322265625000e+02
2.469024658203125000e+02
2.478920593261718750e+02
2.454614868164062500e+02
2.464962310791015625e+02
2.537418670654296875e+02
2.573260498046875000e+02
2.511027984619140625e+02
2.461793212890625000e+02
2.414408874511718750e+02
2.439283142089843750e+02
2.479985046386718750e+02
2.461103668212890625e+02
2.424870605468750000e+02
2.409152679443359375e+02
2.392991485595703125e+02
2.389153747558593750e+02
2.386260070800781250e+02
2.388850860595703125e+02
2.389527893066406250e+02
2.404981994628906250e+02
2.433180236816406250e+02
2.477003936767578125e+02
2.513230743408203125e+02
2.526866455078125000e+02
2.539505157470703125e+02
2.538260498046875000e+02
2.513467712402343750e+02
2.496897735595703125e+02
2.494224395751953125e+02
2.493730316162109375e+02
2.483426361083984375e+02
2.479302062988281250e+02
2.473204040527343750e+02
2.474197235107421875e+02
2.473754425048828125e+02
2.477930603027343750e+02
2.478981781005859375e+02
2.483137359619140625e+02
2.481329803466796875e+02
2.488498077392578125e+02
2.513990173339843750e+02
2.550294494628906250e+02
2.573883056640625000e+02
2.609274291992187500e+02
2.637042236328125000e+02
2.649030151367187500e+02
2.672911376953125000e+02
2.683065490722656250e+02
2.675255432128906250e+02
2.676225280761718750e+02
2.673459167480468750e+02
2.706945800781250000e+02
2.653736877441406250e+02
2.630843811035156250e+02
2.629837646484375000e+02
2.614272155761718750e+02
2.586984863281250000e+02
2.592239990234375000e+02
2.639357299804687500e+02
2.684024353027343750e+02
2.692060241699218750e+02
2.688221435546875000e+02
2.621184692382812500e+02
2.550750579833984375e+02
2.568947753906250000e+02
2.586374206542968750e+02
2.567140197753906250e+02
2.544831085205078125e+02
2.533615875244140625e+02
2.541334991455078125e+02
2.490014953613281250e+02
2.472996978759765625e+02
2.491462097167968750e+02
2.515136718750000000e+02
2.528263244628906250e+02
2.523713989257812500e+02
2.496277770996093750e+02
2.482998657226562500e+02
2.483226928710937500e+02
2.505602264404296875e+02
2.540764160156250000e+02
2.542791290283203125e+02
2.518760833740234375e+02
2.503250274658203125e+02
2.485872955322265625e+02
2.491251678466796875e+02
2.507570343017578125e+02
2.511535491943359375e+02
2.498439331054687500e+02
2.493238525390625000e+02
2.478753967285156250e+02
2.465171966552734375e+02
2.450330963134765625e+02
2.440168304443359375e+02
2.425312042236328125e+02
2.437423248291015625e+02
2.473901519775390625e+02
2.510434722900390625e+02
2.489202880859375000e+02
2.475421295166015625e+02
2.465150146484375000e+02
2.463298797607421875e+02
2.469632720947265625e+02
2.489733428955078125e+02
2.503800354003906250e+02
2.504063720703125000e+02
2.509278259277343750e+02
2.546694488525390625e+02
2.571724548339843750e+02
2.556147003173828125e+02
2.528910064697265625e+02
2.529575653076171875e+02
2.569176025390625000e+02
2.599729309082031250e+02
2.533111877441406250e+02
2.490393066406250000e+02
2.471886291503906250e+02
2.475608367919921875e+02
2.472853851318359375e+02
2.498644866943359375e+02
2.540233917236328125e+02
2.542226867675781250e+02
2.524923248291015625e+02
2.508038635253906250e+02
2.499139709472656250e+02
2.497122802734375000e+02
2.494839019775390625e+02
2.480825042724609375e+02
2.473853759765625000e+02
2.475526275634765625e+02
2.466753234863281250e+02
2.463302764892578125e+02
2.465634460449218750e+02
2.475627288818359375e+02
2.475345764160156250e+02
2.487650299072265625e+02
2.520177459716796875e+02
2.548273773193359375e+02
2.563157958984375000e+02
2.569205017089843750e+02
2.570877075195312500e+02
2.569425659179687500e+02
2.569194030761718750e+02
2.574159545898437500e+02
2.575623168945312500e+02
2.570363159179687500e+02
2.555445404052734375e+02
2.546113281250000000e+02
2.531327667236328125e+02
2.522318420410156250e+02
2.517046966552734375e+02
2.514749145507812500e+02
2.506484527587890625e+02
2.496179962158203125e+02
2.481414031982421875e+02
2.475093078613281250e+02
2.471840515136718750e+02
2.465191955566406250e+02
2.455613250732421875e+02
2.448912658691406250e+02
2.455849151611328125e+02
2.465243225097656250e+02
2.464687957763671875e+02
2.461257171630859375e+02
2.464171295166015625e+02
2.469886016845703125e+02
2.465150604248046875e+02
2.463329925537109375e+02
2.461017456054687500e+02
2.460911254882812500e+02
2.454792327880859375e+02
2.456304779052734375e+02
2.459235076904296875e+02
2.466207580566406250e+02
2.467415924072265625e+02
2.494845733642578125e+02
2.525302581787109375e+02
2.551747589111328125e+02
2.533782958984375000e+02
2.507632446289062500e+02
2.477858734130859375e+02
2.468059997558593750e+02
2.450705718994140625e+02
2.457751617431640625e+02
2.519506225585937500e+02
2.583041687011718750e+02
2.586381835937500000e+02
2.573474426269531250e+02
2.551172180175781250e+02
2.547559051513671875e+02
2.564226379394531250e+02
2.571782836914062500e+02
2.585151062011718750e+02
2.564896545410156250e+02
2.532716217041015625e+02
2.488215789794921875e+02
2.482428588867187500e+02
2.559008178710937500e+02
2.564484863281250000e+02
2.532678375244140625e+02
2.532688446044921875e+02
2.536717224121093750e+02
2.543505859375000000e+02
2.539324951171875000e+02
2.551532592773437500e+02
2.547814788818359375e+02
2.523804931640625000e+02
2.511381225585937500e+02
2.513788452148437500e+02
2.520613250732421875e+02
2.516770172119140625e+02
2.521078643798828125e+02
2.522603302001953125e+02
2.514910125732421875e+02
2.487143402099609375e+02
2.475331573486328125e+02
2.470689544677734375e+02
2.478956146240234375e+02
2.494739685058593750e+02
2.530980224609375000e+02
2.602850646972656250e+02
2.625873718261718750e+02
2.612786254882812500e+02
2.601201477050781250e+02
2.602657165527343750e+02
2.606154479980468750e+02
2.587571411132812500e+02
2.566085510253906250e+02
2.549985504150390625e+02
2.546878967285156250e+02
2.534266967773437500e+02
2.523946380615234375e+02
2.525462341308593750e+02
2.543172607421875000e+02
2.560134582519531250e+02
2.578480224609375000e+02
2.584517211914062500e+02
2.585922851562500000e+02
2.579305725097656250e+02
2.579143066406250000e+02
2.585445556640625000e+02
2.598288879394531250e+02
2.592949829101562500e+02
2.588973388671875000e+02
2.575630493164062500e+02
2.572638549804687500e+02
2.562151794433593750e+02
2.565528564453125000e+02
2.575228576660156250e+02
2.564761047363281250e+02
2.530679321289062500e+02
2.526320953369140625e+02
2.568609619140625000e+02
2.600136413574218750e+02
2.552502593994140625e+02
2.530525665283203125e+02
2.532425537109375000e+02
2.553537902832031250e+02
2.608459777832031250e+02
2.634515380859375000e+02
2.607563781738281250e+02
2.591847229003906250e+02
2.633347167968750000e+02
2.684201354980468750e+02
2.677274169921875000e+02
2.632863769531250000e+02
2.602796020507812500e+02
2.587960510253906250e+02
2.575222167968750000e+02
2.561479187011718750e+02
2.545550537109375000e+02
2.537989654541015625e+02
2.553256072998046875e+02
2.576900939941406250e+02
2.616485595703125000e+02
2.643568115234375000e+02
2.644512329101562500e+02
2.627569274902343750e+02
2.613743591308593750e+02
2.609632263183593750e+02
2.614966430664062500e+02
2.611073303222656250e+02
2.594523925781250000e+02
2.578259582519531250e+02
2.567668457031250000e+02
2.561423339843750000e+02
2.554637603759765625e+02
2.539868621826171875e+02
2.526147613525390625e+02
2.527326812744140625e+02
2.518357696533203125e+02
2.526945800781250000e+02
2.555062713623046875e+02
2.588562011718750000e+02
2.604913940429687500e+02
2.582798767089843750e+02
2.547275848388671875e+02
2.528510437011718750e+02
2.518965759277343750e+02
2.514673156738281250e+02
2.531463317871093750e+02
2.542179718017578125e+02
2.535552673339843750e+02
2.529149475097656250e+02
2.547084808349609375e+02
2.556656188964843750e+02
2.546440582275390625e+02
2.538096923828125000e+02
2.552800903320312500e+02
2.568836059570312500e+02
2.561217041015625000e+02
2.565540771484375000e+02
2.594587097167968750e+02
2.618532714843750000e+02
2.620594787597656250e+02
2.621541137695312500e+02
2.623519287109375000e+02
2.638881835937500000e+02
2.640003967285156250e+02
2.642012634277343750e+02
2.643475341796875000e+02
2.645220947265625000e+02
2.640067749023437500e+02
2.631892395019531250e+02
2.638608093261718750e+02
2.636924743652343750e+02
2.614876098632812500e+02
2.591364440917968750e+02
2.584866943359375000e+02
2.587525939941406250e+02
2.570504455566406250e+02
2.557786254882812500e+02
2.574533081054687500e+02
2.585856628417968750e+02
2.574353637695312500e+02
2.564731140136718750e+02
2.584611206054687500e+02
2.590615539550781250e+02
2.577416992187500000e+02
2.564556884765625000e+02
2.572488098144531250e+02
2.583018493652343750e+02
2.563142395019531250e+02
2.548085479736328125e+02
2.562902832031250000e+02
2.578083496093750000e+02
2.557104187011718750e+02
2.543373565673828125e+02
2.562235107421875000e+02
2.576733093261718750e+02
2.558200531005859375e+02
2.547178344726562500e+02
2.569173889160156250e+02
2.579576416015625000e+02
2.560227966308593750e+02
2.550005798339843750e+02
2.572132263183593750e+02
2.588860778808593750e+02
2.570651855468750000e+02
2.561177062988281250e+02
2.585393981933593750e+02
2.606857604980468750e+02
2.612398986816406250e+02
2.612544555664062500e+02
2.625455627441406250e+02
2.637938537597656250e+02
2.629736633300781250e+02
2.629393310546875000e+02
2.641214904785156250e+02
2.648352050781250000e+02
2.640190429687500000e+02
2.644554138183593750e+02
2.659239807128906250e+02
2.682097167968750000e+02
2.680488891601562500e+02
2.666973876953125000e+02
2.671849365234375000e+02
2.690953369140625000e+02
2.694382324218750000e+02
2.691824035644531250e+02
2.674294433593750000e+02
2.658298950195312500e+02
2.643982238769531250e+02
2.628862304687500000e+02
2.621773376464843750e+02
2.636809692382812500e+02
2.653059692382812500e+02
2.672552185058593750e+02
2.697961730957031250e+02
2.709833068847656250e+02
2.694465332031250000e+02
2.684468994140625000e+02
2.698670654296875000e+02
2.717095642089843750e+02
2.718720397949218750e+02
2.719708251953125000e+02
2.725353088378906250e+02
2.727205810546875000e+02
2.722886352539062500e+02
2.726445922851562500e+02
2.730813903808593750e+02
2.726451416015625000e+02
2.724959716796875000e+02
2.722366943359375000e+02
2.716358032226562500e+02
2.715685729980468750e+02
2.720389709472656250e+02
2.724272766113281250e+02
2.723390502929687500e+02
2.715498352050781250e+02
2.702458496093750000e+02
2.695152587890625000e+02
2.681637573242187500e+02
2.660839538574218750e+02
2.646152954101562500e+02
2.640192260742187500e+02
2.625249328613281250e+02
2.621629943847656250e+02
2.621387023925781250e+02
2.624682922363281250e+02
2.627809448242187500e+02
2.622778015136718750e+02
2.612184448242187500e+02
2.604786987304687500e+02
2.600458374023437500e+02
2.611298828125000000e+02
2.613428039550781250e+02
2.621932373046875000e+02
2.634771728515625000e+02
2.635889587402343750e+02
2.641984558105468750e+02
2.649164123535156250e+02
2.644320983886718750e+02
2.669661560058593750e+02
2.686662902832031250e+02
2.684530029296875000e+02
2.695372314453125000e+02
2.688183288574218750e+02
2.677498168945312500e+02
2.669735412597656250e+02
2.659102172851562500e+02
2.649472656250000000e+02
2.639153442382812500e+02
2.625210266113281250e+02
2.630630187988281250e+02
2.637409667968750000e+02
2.644015197753906250e+02
2.646994018554687500e+02
2.645258789062500000e+02
2.646503906250000000e+02
2.642677917480468750e+02
2.629263000488281250e+02
2.616165771484375000e+02
2.607937316894531250e+02
2.605713500976562500e+02
2.596938781738281250e+02
2.592938537597656250e+02
2.595324707031250000e+02
2.593870239257812500e+02
2.590220336914062500e+02
2.590495910644531250e+02
2.596268920898437500e+02
2.595165710449218750e+02
2.591083068847656250e+02
2.597916259765625000e+02
2.599602050781250000e+02
2.600928344726562500e+02
2.598762512207031250e+02
2.604399108886718750e+02
2.615391845703125000e+02
2.614213562011718750e+02
2.605512390136718750e+02
2.621157226562500000e+02
2.623327941894531250e+02
2.620193176269531250e+02
2.615432128906250000e+02
2.621591491699218750e+02
2.623617248535156250e+02
2.620545043945312500e+02
2.619157714843750000e+02
2.635025634765625000e+02
2.643714904785156250e+02
2.636508789062500000e+02
2.631885681152343750e+02
2.647970581054687500e+02
2.653778991699218750e+02
2.649035339355468750e+02
2.643053283691406250e+02
2.656091308593750000e+02
2.677848205566406250e+02
2.689749755859375000e+02
2.694945068359375000e+02
2.703591613769531250e+02
2.712760620117187500e+02
2.709343566894531250e+02
2.701659851074218750e+02
2.706423950195312500e+02
2.706994934082031250e+02
2.699038391113281250e+02
2.687621765136718750e+02
2.702012634277343750e+02
2.698606872558593750e+02
2.692400512695312500e+02
2.684251098632812500e+02
2.673377685546875000e+02
2.677419738769531250e+02
2.681343994140625000e+02
2.677488403320312500e+02
2.679421386718750000e+02
2.685039367675781250e+02
2.691146545410156250e+02
2.685444030761718750e+02
2.687626647949218750e+02
2.680208435058593750e+02
2.674484863281250000e+02
2.671654968261718750e+02
2.674431457519531250e+02
2.672180480957031250e+02
2.668756408691406250e+02
2.668647155761718750e+02
2.690562133789062500e+02
2.701065063476562500e+02
2.698848571777343750e+02
2.698224792480468750e+02
2.697077636718750000e+02
2.700684204101562500e+02
2.701186523437500000e+02
2.704590759277343750e+02
2.709643859863281250e+02
2.715437316894531250e+02
2.716831665039062500e+02
2.715195922851562500e+02
2.713602905273437500e+02
2.708806457519531250e+02
2.705824890136718750e+02
2.695646972656250000e+02
2.689306335449218750e+02
2.681818847656250000e+02
2.685126037597656250e+02
2.684221801757812500e+02
2.683865051269531250e+02
2.688049316406250000e+02
2.685119628906250000e+02
2.677624511718750000e+02
2.672255554199218750e+02
2.664310302734375000e+02
2.673333435058593750e+02
2.669091491699218750e+02
2.674192504882812500e+02
2.667715148925781250e+02
2.675238037109375000e+02
2.668813171386718750e+02
2.670781555175781250e+02
2.675007934570312500e+02
2.679837036132812500e+02
2.685711059570312500e+02
2.718346862792968750e+02
2.734593811035156250e+02
2.730154113769531250e+02
2.724606933593750000e+02
2.731692810058593750e+02
2.741799011230468750e+02
2.731746215820312500e+02
2.726660766601562500e+02
2.731661682128906250e+02
2.737193603515625000e+02
2.730587158203125000e+02
2.726625671386718750e+02
2.723974304199218750e+02
2.725794372558593750e+02
2.726572570800781250e+02
2.724537963867187500e+02
2.723849487304687500e+02
2.727537536621093750e+02
2.729678039550781250e+02
2.726801757812500000e+02
2.725320129394531250e+02
2.729988708496093750e+02
2.724160461425781250e+02
2.726275329589843750e+02
2.722097167968750000e+02
2.725057373046875000e+02
2.717818298339843750e+02
2.708662719726562500e+02
2.714405517578125000e+02
2.716131591796875000e+02
2.712397155761718750e+02
2.707843933105468750e+02
2.709426879882812500e+02
2.707828369140625000e+02
2.702237243652343750e+02
2.694843139648437500e+02
2.694997253417968750e+02
2.699680786132812500e+02
2.700003051757812500e+02
2.709066467285156250e+02
2.720085144042968750e+02
2.725266418457031250e+02
2.720176086425781250e+02
2.712878723144531250e+02
2.719926452636718750e+02
2.720264587402343750e+02
2.708034057617187500e+02
2.701621093750000000e+02
2.712035827636718750e+02
2.727496948242187500e+02
2.723748779296875000e+02
2.714461669921875000e+02
2.719869995117187500e+02
2.729432983398437500e+02
2.730987548828125000e+02
2.733511657714843750e+02
2.737001342773437500e+02
2.735486145019531250e+02
2.729138183593750000e+02
2.728583068847656250e+02
2.734781188964843750e+02
2.738534240722656250e+02
2.732089538574218750e+02
2.730433654785156250e+02
2.728289794921875000e+02
2.732958679199218750e+02
2.728199768066406250e+02
2.723455505371093750e+02
2.717911376953125000e+02
2.719798889160156250e+02
2.718550109863281250e+02
2.714327087402343750e+02
2.715143127441406250e+02
2.716394042968750000e+02
2.713226318359375000e+02
2.701616516113281250e+02
2.710260620117187500e+02
2.716941528320312500e+02
2.707627563476562500e+02
2.684258422851562500e+02
2.691904296875000000e+02
2.699558105468750000e+02
2.695058593750000000e+02
2.687092285156250000e+02
2.702550964355468750e+02
2.705590209960937500e+02
2.697022399902343750e+02
2.688594360351562500e+02
2.702104187011718750e+02
2.700862731933593750e+02
2.709433898925781250e+02
2.707698669433593750e+02
2.704226684570312500e+02
2.710419006347656250e+02
2.712121276855468750e+02
2.697524719238281250e+02
2.696859130859375000e+02
