2.712092590332031250e+02
2.698289184570312500e+02
2.691845092773437500e+02
2.701294860839843750e+02
2.712633056640625000e+02
2.707575988769531250e+02
2.707015380859375000e+02
2.701349792480468750e+02
2.706099853515625000e+02
2.695533752441406250e+02
2.671744384765625000e+02
2.669671936035156250e+02
2.688426513671875000e+02
2.683629455566406250e+02
2.676228332519531250e+02
2.697133789062500000e+02
2.707383728027343750e+02
2.703210754394531250e+02
2.704223937988281250e+02
2.713476867675781250e+02
2.708532104492187500e+02
2.704677124023437500e+02
2.701128845214843750e+02
2.694565124511718750e+02
2.687911682128906250e+02
2.693995056152343750e+02
2.691236267089843750e+02
2.694915466308593750e+02
2.690405578613281250e+02
2.691412658691406250e+02
2.695513610839843750e+02
2.705536804199218750e+02
2.712821655273437500e+02
2.709672546386718750e+02
2.710672302246093750e+02
2.713835144042968750e+02
2.705036926269531250e+02
2.703200683593750000e+02
2.701258850097656250e+02
2.702133789062500000e+02
2.705985107421875000e+02
2.705417175292968750e+02
2.707511901855468750e+02
2.707243041992187500e+02
2.705587158203125000e+02
2.701341857910156250e+02
2.698082885742187500e+02
2.694855957031250000e+02
2.693832702636718750e+02
2.693240966796875000e+02
2.694552612304687500e+02
2.695561828613281250e+02
2.699274902343750000e+02
2.692407226562500000e+02
2.690739440917968750e+02
2.705774536132812500e+02
2.714858093261718750e+02
2.702184448242187500e+02
2.698495178222656250e+02
2.703419494628906250e+02
2.700475463867187500e+02
2.697216796875000000e+02
2.694714660644531250e+02
2.693961791992187500e+02
2.697262268066406250e+02
2.708929443359375000e+02
2.709435424804687500e+02
2.712048339843750000e+02
2.712746887207031250e+02
2.707737121582031250e+02
2.705703430175781250e+02
2.705813903808593750e+02
2.699111022949218750e+02
2.682536621093750000e+02
2.670090942382812500e+02
2.669814453125000000e+02
2.665611877441406250e+02
2.661204528808593750e+02
2.660112609863281250e+02
2.665578613281250000e+02
2.669790954589843750e+02
2.661921081542968750e+02
2.653287658691406250e+02
2.655884704589843750e+02
2.649992370605468750e+02
2.641574401855468750e+02
2.639540405273437500e+02
2.647817382812500000e+02
2.659315185546875000e+02
2.661531372070312500e+02
2.661045837402343750e+02
2.662786254882812500e+02
2.664614868164062500e+02
2.674442443847656250e+02
2.680086364746093750e+02
2.670559082031250000e+02
2.665452880859375000e+02
2.664808959960937500e+02
2.674658508300781250e+02
2.689300231933593750e+02
2.697747802734375000e+02
2.700069580078125000e+02
2.696334228515625000e+02
2.698696899414062500e+02
2.693441162109375000e+02
2.683374938964843750e+02
2.670701904296875000e+02
2.670065002441406250e+02
2.675078735351562500e+02
2.671468811035156250e+02
2.661697082519531250e+02
2.663074340820312500e+02
2.656279296875000000e+02
2.646189575195312500e+02
2.653600158691406250e+02
2.662129821777343750e+02
2.661550292968750000e+02
2.624032592773437500e+02
2.626635742187500000e+02
2.638788757324218750e+02
2.645433044433593750e+02
2.656144409179687500e+02
2.648033142089843750e+02
2.654303588867187500e+02
2.647761840820312500e+02
2.659186096191406250e+02
2.654082946777343750e+02
2.658100891113281250e+02
2.657052917480468750e+02
2.654010925292968750e+02
2.647106323242187500e+02
2.646986999511718750e+02
2.645220336914062500e+02
2.650771179199218750e+02
2.668576354980468750e+02
2.689674682617187500e+02
2.696577148437500000e+02
2.693011474609375000e+02
2.693447570800781250e+02
2.697546386718750000e+02
2.705756835937500000e+02
2.707635803222656250e+02
2.711840515136718750e+02
2.714323730468750000e+02
2.715005798339843750e+02
2.709781799316406250e+02
2.708291931152343750e+02
2.710169067382812500e+02
2.713321838378906250e+02
2.710008239746093750e+02
2.709303283691406250e+02
2.708266906738281250e+02
2.703939208984375000e+02
2.702286682128906250e+02
2.703438110351562500e+02
2.707953491210937500e+02
2.712341918945312500e+02
2.711618652343750000e+02
2.710410156250000000e+02
2.708380737304687500e+02
2.710725708007812500e+02
2.709205627441406250e+02
2.708060302734375000e+02
2.706783447265625000e+02
2.702582702636718750e+02
2.693003234863281250e+02
2.685791320800781250e+02
2.684219970703125000e+02
2.682548217773437500e+02
2.675046691894531250e+02
2.677196655273437500e+02
2.686014404296875000e+02
2.681278381347656250e+02
2.687812805175781250e+02
2.692200927734375000e+02
2.692577514648437500e+02
2.692574462890625000e+02
2.683240051269531250e+02
2.680471801757812500e+02
2.673885803222656250e+02
2.664801330566406250e+02
2.659576416015625000e+02
2.649590454101562500e+02
2.651251831054687500e+02
2.667629089355468750e+02
2.691774902343750000e+02
2.702493896484375000e+02
2.701550292968750000e+02
2.703266296386718750e+02
2.699390869140625000e+02
2.701542053222656250e+02
2.701086120605468750e+02
2.701506958007812500e+02
2.693647155761718750e+02
2.692745361328125000e+02
2.691029052734375000e+02
2.691731872558593750e+02
2.681423645019531250e+02
2.659020080566406250e+02
2.637611694335937500e+02
2.655804138183593750e+02
2.643273925781250000e+02
2.646510009765625000e+02
2.635409545898437500e+02
2.635199279785156250e+02
2.622835388183593750e+02
2.622404174804687500e+02
2.619672851562500000e+02
2.618186645507812500e+02
2.613057250976562500e+02
2.609620666503906250e+02
2.612369995117187500e+02
2.610169372558593750e+02
2.612870483398437500e+02
2.613739929199218750e+02
2.620914306640625000e+02
2.629151611328125000e+02
2.637514648437500000e+02
2.660518188476562500e+02
2.690769042968750000e+02
2.704096374511718750e+02
2.696869201660156250e+02
2.694628601074218750e+02
2.684652404785156250e+02
2.704249267578125000e+02
2.721179809570312500e+02
2.727681579589843750e+02
2.728706970214843750e+02
2.721301269531250000e+02
2.717065124511718750e+02
2.723689270019531250e+02
2.730834655761718750e+02
2.728465270996093750e+02
2.716724243164062500e+02
2.713824157714843750e+02
2.717164916992187500e+02
2.717186584472656250e+02
2.712519836425781250e+02
2.708318176269531250e+02
2.698492126464843750e+02
2.696747436523437500e+02
2.690399780273437500e+02
2.685778198242187500e+02
2.683702087402343750e+02
2.682415771484375000e+02
2.675293273925781250e+02
2.677284240722656250e+02
2.671736755371093750e+02
2.676507873535156250e+02
2.676506958007812500e+02
2.675672302246093750e+02
2.668381347656250000e+02
2.663645019531250000e+02
2.657848510742187500e+02
2.641638183593750000e+02
2.642042846679687500e+02
2.656523437500000000e+02
2.662843017578125000e+02
2.666544799804687500e+02
2.677270812988281250e+02
2.681703796386718750e+02
2.693152465820312500e+02
2.692832336425781250e+02
2.679219360351562500e+02
2.671626586914062500e+02
2.674763183593750000e+02
2.687311401367187500e+02
2.698526611328125000e+02
2.704127197265625000e+02
2.709678344726562500e+02
2.703636169433593750e+02
2.693689575195312500e+02
2.669709777832031250e+02
2.628097839355468750e+02
2.590860290527343750e+02
2.574495849609375000e+02
2.569920043945312500e+02
2.565115356445312500e+02
2.575727844238281250e+02
2.581574707031250000e+02
2.579021606445312500e+02
2.563736877441406250e+02
2.554499664306640625e+02
2.540695343017578125e+02
2.542290802001953125e+02
2.535555725097656250e+02
2.538563995361328125e+02
2.540619964599609375e+02
2.541146240234375000e+02
2.534579772949218750e+02
2.537964630126953125e+02
2.551089324951171875e+02
2.555277252197265625e+02
2.538445587158203125e+02
2.533657684326171875e+02
2.543296813964843750e+02
2.570556335449218750e+02
2.584505004882812500e+02
2.586766357421875000e+02
2.572633056640625000e+02
2.569661254882812500e+02
2.565333862304687500e+02
2.568356933593750000e+02
2.571320190429687500e+02
2.570499267578125000e+02
2.567553710937500000e+02
2.579271850585937500e+02
2.572564392089843750e+02
2.582141723632812500e+02
2.581194152832031250e+02
2.605070495605468750e+02
2.631211242675781250e+02
2.646351318359375000e+02
2.625969848632812500e+02
2.615278625488281250e+02
2.616785278320312500e+02
2.635941467285156250e+02
2.658555908203125000e+02
2.678390502929687500e+02
2.710857238769531250e+02
2.724995422363281250e+02
2.727989807128906250e+02
2.735388183593750000e+02
2.730756835937500000e+02
2.722430725097656250e+02
2.700711364746093750e+02
2.647031250000000000e+02
2.619170227050781250e+02
2.619074096679687500e+02
2.609704589843750000e+02
2.609312438964843750e+02
2.619386596679687500e+02
2.620747070312500000e+02
2.616297912597656250e+02
2.612259216308593750e+02
2.606465454101562500e+02
2.608200073242187500e+02
2.614656066894531250e+02
2.617809448242187500e+02
2.621443176269531250e+02
2.622579345703125000e+02
2.627283325195312500e+02
2.639754943847656250e+02
2.635115051269531250e+02
2.616186828613281250e+02
2.585911254882812500e+02
2.565124511718750000e+02
2.554840393066406250e+02
2.549004058837890625e+02
2.536135864257812500e+02
2.532131195068359375e+02
2.527417144775390625e+02
2.528684539794921875e+02
2.525230255126953125e+02
2.544744873046875000e+02
2.571383056640625000e+02
2.604139709472656250e+02
2.632512817382812500e+02
2.641791687011718750e+02
2.638739624023437500e+02
2.626056518554687500e+02
2.594680480957031250e+02
2.565089111328125000e+02
2.545313110351562500e+02
2.534491729736328125e+02
2.526676330566406250e+02
2.521850738525390625e+02
2.517146911621093750e+02
2.537537536621093750e+02
2.572142639160156250e+02
2.617807312011718750e+02
2.644197998046875000e+02
2.656628723144531250e+02
2.681642150878906250e+02
2.694486083984375000e+02
2.704533081054687500e+02
2.703305664062500000e+02
2.696378784179687500e+02
2.702455139160156250e+02
2.694865417480468750e+02
2.686857299804687500e+02
2.677091674804687500e+02
2.668210754394531250e+02
2.660377502441406250e+02
2.644642944335937500e+02
2.613651123046875000e+02
2.592783813476562500e+02
2.599441833496093750e+02
2.599983215332031250e+02
2.595373229980468750e+02
2.588126525878906250e+02
2.586866149902343750e+02
2.593251647949218750e+02
2.606380920410156250e+02
2.609012756347656250e+02
2.591122131347656250e+02
2.584154968261718750e+02
2.602721252441406250e+02
2.623430786132812500e+02
2.646482543945312500e+02
2.656756286621093750e+02
2.654468994140625000e+02
2.654558105468750000e+02
2.642043457031250000e+02
2.642455139160156250e+02
2.630520629882812500e+02
2.624118957519531250e+02
2.610990905761718750e+02
2.612817382812500000e+02
2.612540893554687500e+02
2.609619445800781250e+02
2.602873535156250000e+02
2.599933471679687500e+02
2.598118896484375000e+02
2.611889038085937500e+02
2.611780700683593750e+02
2.625991821289062500e+02
2.628851928710937500e+02
2.619961853027343750e+02
2.601286315917968750e+02
2.602058105468750000e+02
2.619755249023437500e+02
2.619193420410156250e+02
2.614577941894531250e+02
2.605688171386718750e+02
2.595162963867187500e+02
2.593388977050781250e+02
2.588717956542968750e+02
2.578658752441406250e+02
2.582376403808593750e+02
2.585575256347656250e+02
2.580161743164062500e+02
2.568020935058593750e+02
2.557973327636718750e+02
2.560570373535156250e+02
2.567227783203125000e+02
2.570414733886718750e+02
2.571111755371093750e+02
2.564127197265625000e+02
2.554404449462890625e+02
2.552021484375000000e+02
2.563681335449218750e+02
2.592416687011718750e+02
2.618662719726562500e+02
2.635470886230468750e+02
2.616860351562500000e+02
2.584951477050781250e+02
2.561068725585937500e+02
2.549421844482421875e+02
2.540448608398437500e+02
2.542028656005859375e+02
2.554445190429687500e+02
2.570304565429687500e+02
2.596569213867187500e+02
2.637110595703125000e+02
2.681387634277343750e+02
2.706508789062500000e+02
2.689690856933593750e+02
2.669338378906250000e+02
2.661831665039062500e+02
2.651297912597656250e+02
2.649119873046875000e+02
2.654573669433593750e+02
2.679199829101562500e+02
2.688292236328125000e+02
2.683491516113281250e+02
2.635006408691406250e+02
2.599070129394531250e+02
2.559506683349609375e+02
2.534515991210937500e+02
2.527786407470703125e+02
2.532451477050781250e+02
2.538170471191406250e+02
2.542113494873046875e+02
2.536043395996093750e+02
2.539591827392578125e+02
2.543204650878906250e+02
2.540922546386718750e+02
2.545778808593750000e+02
2.556942749023437500e+02
2.562537841796875000e+02
2.553271636962890625e+02
2.550040435791015625e+02
2.530600433349609375e+02
2.539611968994140625e+02
2.568197937011718750e+02
2.589226074218750000e+02
2.604867248535156250e+02
2.597490844726562500e+02
2.591454772949218750e+02
2.577516479492187500e+02
2.572245788574218750e+02
2.572673950195312500e+02
2.565184631347656250e+02
2.542407379150390625e+02
2.517895812988281250e+02
2.514957122802734375e+02
2.518087158203125000e+02
2.562875671386718750e+02
2.655031127929687500e+02
2.638673706054687500e+02
2.639409484863281250e+02
2.640829162597656250e+02
2.600513610839843750e+02
2.554480590820312500e+02
2.535330810546875000e+02
2.523667602539062500e+02
2.544186401367187500e+02
2.623163452148437500e+02
2.618395080566406250e+02
2.563696594238281250e+02
2.524826049804687500e+02
2.514041290283203125e+02
2.516808013916015625e+02
2.525181732177734375e+02
2.547586364746093750e+02
2.583651428222656250e+02
2.625338745117187500e+02
2.660211181640625000e+02
2.694336547851562500e+02
2.693750610351562500e+02
2.697424011230468750e+02
2.701622924804687500e+02
2.697478942871093750e+02
2.685050048828125000e+02
2.655806884765625000e+02
2.627646179199218750e+02
2.600361022949218750e+02
2.588175048828125000e+02
2.581761779785156250e+02
2.584384155273437500e+02
2.587149353027343750e+02
2.605438537597656250e+02
2.618595581054687500e+02
2.651580200195312500e+02
2.675268249511718750e+02
2.663009948730468750e+02
2.686222839355468750e+02
2.698446044921875000e+02
2.700606079101562500e+02
2.703812255859375000e+02
2.709439697265625000e+02
2.696992187500000000e+02
2.692165222167968750e+02
2.707181701660156250e+02
2.708746643066406250e+02
2.683723144531250000e+02
2.673649902343750000e+02
2.685678710937500000e+02
2.685991516113281250e+02
2.677278747558593750e+02
2.673670043945312500e+02
2.681498718261718750e+02
2.684712524414062500e+02
2.682978820800781250e+02
2.658160705566406250e+02
2.636690063476562500e+02
2.639588623046875000e+02
2.633428039550781250e+02
2.623536987304687500e+02
2.609609680175781250e+02
2.598792419433593750e+02
2.601121215820312500e+02
2.610050964355468750e+02
2.621767272949218750e+02
2.619631347656250000e+02
2.629998779296875000e+02
2.631564025878906250e+02
2.626799926757812500e+02
2.622856445312500000e+02
2.617812500000000000e+02
2.603866577148437500e+02
2.592810974121093750e+02
2.588041687011718750e+02
2.595572509765625000e+02
2.605345458984375000e+02
2.608337707519531250e+02
2.618663940429687500e+02
2.629517822265625000e+02
2.630669860839843750e+02
2.618300170898437500e+02
2.605950927734375000e+02
2.626552124023437500e+02
2.649588317871093750e+02
2.655381164550781250e+02
2.650976257324218750e+02
2.642001037597656250e+02
2.625591735839843750e+02
2.619376220703125000e+02
2.654208984375000000e+02
2.664622192382812500e+02
2.661047363281250000e+02
2.660541687011718750e+02
2.643804321289062500e+02
2.620719299316406250e+02
2.588833312988281250e+02
2.567539062500000000e+02
2.559448547363281250e+02
2.557551269531250000e+02
2.566361389160156250e+02
2.581520080566406250e+02
2.597516479492187500e+02
2.614187011718750000e+02
2.633563842773437500e+02
2.645922851562500000e+02
2.647169799804687500e+02
2.635545959472656250e+02
2.621324462890625000e+02
2.607778320312500000e+02
2.606817626953125000e+02
2.616602783203125000e+02
2.622719421386718750e+02
2.606875305175781250e+02
2.612348022460937500e+02
2.633875732421875000e+02
2.644034118652343750e+02
2.579690246582031250e+02
2.561632995605468750e+02
2.580118408203125000e+02
2.602574462890625000e+02
2.594122314453125000e+02
2.575981445312500000e+02
2.567997131347656250e+02
2.569794006347656250e+02
2.586055603027343750e+02
2.622577514648437500e+02
2.651962585449218750e+02
2.601899719238281250e+02
2.590266418457031250e+02
2.614191284179687500e+02
2.568100280761718750e+02
2.542654418945312500e+02
2.523179016113281250e+02
2.530888671875000000e+02
2.547748870849609375e+02
2.559813385009765625e+02
2.561027832031250000e+02
2.568062744140625000e+02
2.565263061523437500e+02
2.554586486816406250e+02
2.536468963623046875e+02
2.516197509765625000e+02
2.497067108154296875e+02
2.476935882568359375e+02
2.461510314941406250e+02
2.447693634033203125e+02
2.438349609375000000e+02
2.433926391601562500e+02
2.438882598876953125e+02
2.445270233154296875e+02
2.448077697753906250e+02
2.444260101318359375e+02
2.439999542236328125e+02
2.436064605712890625e+02
2.431349639892578125e+02
2.424713745117187500e+02
2.426150512695312500e+02
2.426637420654296875e+02
2.423919219970703125e+02
2.419473571777343750e+02
2.414469604492187500e+02
2.419203338623046875e+02
2.424024047851562500e+02
2.439001617431640625e+02
2.475936126708984375e+02
2.514171600341796875e+02
2.560711975097656250e+02
2.617377319335937500e+02
2.645191345214843750e+02
2.557410278320312500e+02
2.531448669433593750e+02
2.513746643066406250e+02
2.492823181152343750e+02
2.487900085449218750e+02
2.494943084716796875e+02
2.514992218017578125e+02
2.542858734130859375e+02
2.557275848388671875e+02
2.609030151367187500e+02
2.645579223632812500e+02
2.659980163574218750e+02
2.665055236816406250e+02
2.626007995605468750e+02
2.540442810058593750e+02
2.491178283691406250e+02
2.461579284667968750e+02
2.459031829833984375e+02
2.467989654541015625e+02
2.471391906738281250e+02
2.487761230468750000e+02
2.499512023925781250e+02
2.529085235595703125e+02
2.567614746093750000e+02
2.575179138183593750e+02
2.575021972656250000e+02
2.560647583007812500e+02
2.565329589843750000e+02
2.573858947753906250e+02
2.592887573242187500e+02
2.631534423828125000e+02
2.636454772949218750e+02
2.626714782714843750e+02
2.599786071777343750e+02
2.586393432617187500e+02
2.581303710937500000e+02
2.655546569824218750e+02
2.679043884277343750e+02
2.687234497070312500e+02
2.676739501953125000e+02
2.660204162597656250e+02
2.631497192382812500e+02
2.614883422851562500e+02
2.583313903808593750e+02
2.537063598632812500e+02
2.555076446533203125e+02
2.651043090820312500e+02
2.621253967285156250e+02
2.570141906738281250e+02
2.549846038818359375e+02
2.542432708740234375e+02
2.552493896484375000e+02
2.569210205078125000e+02
2.601441650390625000e+02
2.625211486816406250e+02
2.606975708007812500e+02
2.572513732910156250e+02
2.557491455078125000e+02
2.560603332519531250e+02
2.568484191894531250e+02
2.578757324218750000e+02
2.582911071777343750e+02
2.595804138183593750e+02
2.622704467773437500e+02
2.620275573730468750e+02
2.609618530273437500e+02
2.602362670898437500e+02
2.603789367675781250e+02
2.602899475097656250e+02
2.610376281738281250e+02
2.618928833007812500e+02
2.629202880859375000e+02
2.626441345214843750e+02
2.573013610839843750e+02
2.554301605224609375e+02
2.561127929687500000e+02
2.579734497070312500e+02
2.612120361328125000e+02
2.627567443847656250e+02
2.607216186523437500e+02
2.605054931640625000e+02
2.629711608886718750e+02
2.622544250488281250e+02
2.605052490234375000e+02
2.583591003417968750e+02
2.581073913574218750e+02
2.586326293945312500e+02
2.602351379394531250e+02
2.599841308593750000e+02
2.574364929199218750e+02
2.570144653320312500e+02
2.642325439453125000e+02
2.655754394531250000e+02
2.613612976074218750e+02
2.587529907226562500e+02
2.573015136718750000e+02
2.576110839843750000e+02
2.574440307617187500e+02
2.563443298339843750e+02
2.537038421630859375e+02
2.493226776123046875e+02
2.486326904296875000e+02
2.487189178466796875e+02
2.485348663330078125e+02
2.476894226074218750e+02
2.469717864990234375e+02
2.465867462158203125e+02
2.463194274902343750e+02
2.473138580322265625e+02
2.476004638671875000e+02
2.488564910888671875e+02
2.518437194824218750e+02
2.586635437011718750e+02
2.576708679199218750e+02
2.531873626708984375e+02
2.515314941406250000e+02
2.488132171630859375e+02
2.476714019775390625e+02
2.518443298339843750e+02
2.572587585449218750e+02
2.606361083984375000e+02
2.582139587402343750e+02
2.543011016845703125e+02
2.514367065429687500e+02
2.518282623291015625e+02
2.549025878906250000e+02
2.577197570800781250e+02
2.601455688476562500e+02
2.617390747070312500e+02
2.594602966308593750e+02
2.517414703369140625e+02
2.488778991699218750e+02
2.505208892822265625e+02
2.540786895751953125e+02
2.556910247802734375e+02
2.556794891357421875e+02
2.587073059082031250e+02
2.635874938964843750e+02
2.661619262695312500e+02
2.669576416015625000e+02
2.556610717773437500e+02
2.431781921386718750e+02
2.459280395507812500e+02
2.467757263183593750e+02
2.450763244628906250e+02
2.441359710693359375e+02
2.449816894531250000e+02
2.447992095947265625e+02
2.451350708007812500e+02
2.458847351074218750e+02
2.473233337402343750e+02
2.514001464843750000e+02
2.554900054931640625e+02
2.481580200195312500e+02
2.456698760986328125e+02
2.476075897216796875e+02
2.496452331542968750e+02
2.530397338867187500e+02
2.514680480957031250e+02
2.497167510986328125e+02
2.538358306884765625e+02
2.569986267089843750e+02
2.579489746093750000e+02
2.528868713378906250e+02
2.464461517333984375e+02
2.436291046142578125e+02
2.444860229492187500e+02
2.448061676025390625e+02
2.435696411132812500e+02
2.423785400390625000e+02
2.411112976074218750e+02
2.400175323486328125e+02
2.406962585449218750e+02
2.414980773925781250e+02
2.407438049316406250e+02
2.409233245849609375e+02
2.404148559570312500e+02
2.397030181884765625e+02
2.395691070556640625e+02
2.405723114013671875e+02
2.419855194091796875e+02
2.425755767822265625e+02
2.413537750244140625e+02
2.409160156250000000e+02
2.420587768554687500e+02
2.458479614257812500e+02
2.507472686767578125e+02
2.549955291748046875e+02
2.592718200683593750e+02
2.622359924316406250e+02
2.578950805664062500e+02
2.556367187500000000e+02
2.556218719482421875e+02
2.598869628906250000e+02
2.646315307617187500e+02
2.671343994140625000e+02
2.672946777343750000e+02
2.677206420898437500e+02
2.690098266601562500e+02
2.685220336914062500e+02
2.643294067382812500e+02
2.616855163574218750e+02
2.604107666015625000e+02
2.607763061523437500e+02
2.567111206054687500e+02
2.499703369140625000e+02
2.495051879882812500e+02
2.497815093994140625e+02
2.517832031250000000e+02
2.571051025390625000e+02
2.640436706542968750e+02
2.679797363281250000e+02
2.698037719726562500e+02
2.712314453125000000e+02
2.711400146484375000e+02
2.653997802734375000e+02
2.576714782714843750e+02
2.533497467041015625e+02
2.484771575927734375e+02
2.492565460205078125e+02
2.524384307861328125e+02
2.595676574707031250e+02
2.632344360351562500e+02
2.648882751464843750e+02
2.582533874511718750e+02
2.554231262207031250e+02
2.559776000976562500e+02
2.629530639648437500e+02
2.653264770507812500e+02
2.640231018066406250e+02
2.571760559082031250e+02
2.530643310546875000e+02
2.503359832763671875e+02
2.490911560058593750e+02
2.511477355957031250e+02
2.536178436279296875e+02
2.567296142578125000e+02
2.594864196777343750e+02
2.605262756347656250e+02
2.609981384277343750e+02
2.591378173828125000e+02
2.607938232421875000e+02
2.574768066406250000e+02
2.561945800781250000e+02
2.534332580566406250e+02
2.527359008789062500e+02
2.529131927490234375e+02
2.529483947753906250e+02
2.537452087402343750e+02
2.550275268554687500e+02
2.578174438476562500e+02
2.608345336914062500e+02
2.606684265136718750e+02
2.611083068847656250e+02
2.624476013183593750e+02
2.651888732910156250e+02
2.675694885253906250e+02
2.670668640136718750e+02
2.661948547363281250e+02
2.650439147949218750e+02
2.681172180175781250e+02
2.624231567382812500e+02
2.570204162597656250e+02
2.583308410644531250e+02
2.603121948242187500e+02
2.615776672363281250e+02
2.633051452636718750e+02
2.624585876464843750e+02
2.608602294921875000e+02
2.603260803222656250e+02
2.607101745605468750e+02
2.599299316406250000e+02
2.576066284179687500e+02
2.564275512695312500e+02
2.562623596191406250e+02
2.562081909179687500e+02
2.587953491210937500e+02
2.620604858398437500e+02
2.631508483886718750e+02
2.635194091796875000e+02
2.622946166992187500e+02
2.615985717773437500e+02
2.595788879394531250e+02
2.600059509277343750e+02
2.609964599609375000e+02
2.635141906738281250e+02
2.665892028808593750e+02
2.661293029785156250e+02
2.635807495117187500e+02
2.626670532226562500e+02
2.621527404785156250e+02
2.613707275390625000e+02
2.604978027343750000e+02
2.611406555175781250e+02
2.610832519531250000e+02
2.610453186035156250e+02
2.616296081542968750e+02
2.610308837890625000e+02
2.598353576660156250e+02
2.584757995605468750e+02
2.583150939941406250e+02
2.622255249023437500e+02
2.671799926757812500e+02
2.672418212890625000e+02
2.661499938964843750e+02
2.645842285156250000e+02
2.626239624023437500e+02
2.617490539550781250e+02
2.567474365234375000e+02
2.537506866455078125e+02
2.542644653320312500e+02
2.589333496093750000e+02
2.621440734863281250e+02
2.652432556152343750e+02
2.653206176757812500e+02
2.616436462402343750e+02
2.575890808105468750e+02
2.535042877197265625e+02
2.531139526367187500e+02
2.540033874511718750e+02
2.563420715332031250e+02
2.593974609375000000e+02
2.610988464355468750e+02
2.611017761230468750e+02
2.630061645507812500e+02
2.637778015136718750e+02
2.603057861328125000e+02
2.583058166503906250e+02
2.572672729492187500e+02
2.572031250000000000e+02
2.593900146484375000e+02
2.616904907226562500e+02
2.636908569335937500e+02
2.642867431640625000e+02
2.649513244628906250e+02
2.646804809570312500e+02
2.607568969726562500e+02
2.597037658691406250e+02
2.615919799804687500e+02
2.627236022949218750e+02
2.620986633300781250e+02
2.619505310058593750e+02
2.640636291503906250e+02
2.659811096191406250e+02
2.675311889648437500e+02
2.679551086425781250e+02
2.644821777343750000e+02
2.606622924804687500e+02
2.598869628906250000e+02
2.603984680175781250e+02
2.603070373535156250e+02
2.597896423339843750e+02
2.579893493652343750e+02
2.557151794433593750e+02
2.566501159667968750e+02
2.564899902343750000e+02
2.554129638671875000e+02
2.554355621337890625e+02
2.570930480957031250e+02
2.592666625976562500e+02
2.621137390136718750e+02
2.642779541015625000e+02
2.648992919921875000e+02
2.640843505859375000e+02
2.637079467773437500e+02
2.629912719726562500e+02
2.646053771972656250e+02
2.651828613281250000e+02
2.636324157714843750e+02
2.605406799316406250e+02
2.604035949707031250e+02
2.663904113769531250e+02
2.669107666015625000e+02
2.665444030761718750e+02
2.648460388183593750e+02
2.648907775878906250e+02
2.641493225097656250e+02
2.638965454101562500e+02
2.622167358398437500e+02
2.613246154785156250e+02
2.581720275878906250e+02
2.587581787109375000e+02
2.620304565429687500e+02
2.634353027343750000e+02
2.635244140625000000e+02
2.645587768554687500e+02
2.670166320800781250e+02
2.693955993652343750e+02
2.696259460449218750e+02
2.684147033691406250e+02
2.674758300781250000e+02
2.650369873046875000e+02
2.669062805175781250e+02
2.686410522460937500e+02
2.698719482421875000e+02
2.704212341308593750e+02
2.694881591796875000e+02
2.677966003417968750e+02
2.662569580078125000e+02
2.662226257324218750e+02
2.668286437988281250e+02
2.663840332031250000e+02
2.662884826660156250e+02
2.657788085937500000e+02
2.645300292968750000e+02
2.639237365722656250e+02
2.647171325683593750e+02
2.635061035156250000e+02
2.608004150390625000e+02
2.594013366699218750e+02
2.600348205566406250e+02
2.597911376953125000e+02
2.586963500976562500e+02
2.580142822265625000e+02
2.591308898925781250e+02
2.602773132324218750e+02
2.601253356933593750e+02
2.617968139648437500e+02
2.647630004882812500e+02
2.660632934570312500e+02
2.654276428222656250e+02
2.657854309082031250e+02
2.675059204101562500e+02
2.683293151855468750e+02
2.679599304199218750e+02
2.672439270019531250e+02
2.687362976074218750e+02
2.677929077148437500e+02
2.659516906738281250e+02
2.659131774902343750e+02
2.659118957519531250e+02
2.647907409667968750e+02
2.624841613769531250e+02
2.608642272949218750e+02
2.631574401855468750e+02
2.641568908691406250e+02
2.645853271484375000e+02
2.653133544921875000e+02
2.664031982421875000e+02
2.672307739257812500e+02
2.656170959472656250e+02
2.642081909179687500e+02
2.630149841308593750e+02
2.626587219238281250e+02
2.627240600585937500e+02
2.642897338867187500e+02
2.659041137695312500e+02
2.672412719726562500e+02
2.674513244628906250e+02
2.677067871093750000e+02
2.690531311035156250e+02
2.684742126464843750e+02
2.654756469726562500e+02
2.619956054687500000e+02
2.618388366699218750e+02
2.620800781250000000e+02
2.586200561523437500e+02
2.563695983886718750e+02
2.570831909179687500e+02
2.589609985351562500e+02
2.586760253906250000e+02
2.573425903320312500e+02
2.571666870117187500e+02
2.588256225585937500e+02
2.582910156250000000e+02
2.575737609863281250e+02
2.600313415527343750e+02
2.611830444335937500e+02
2.600540161132812500e+02
2.592968444824218750e+02
2.600968933105468750e+02
2.603829040527343750e+02
2.586580505371093750e+02
2.569470825195312500e+02
2.572658386230468750e+02
2.578117675781250000e+02
2.570953369140625000e+02
2.572044067382812500e+02
2.593297729492187500e+02
2.592777404785156250e+02
2.591004943847656250e+02
2.587027587890625000e+02
2.594600524902343750e+02
2.596873779296875000e+02
2.585744323730468750e+02
2.589266357421875000e+02
2.599734497070312500e+02
2.609573364257812500e+02
2.606707763671875000e+02
2.622073669433593750e+02
2.656934204101562500e+02
2.657143249511718750e+02
2.633404541015625000e+02
2.631522827148437500e+02
2.643922424316406250e+02
2.649448242187500000e+02
2.640489501953125000e+02
2.644249267578125000e+02
2.645017700195312500e+02
2.642032775878906250e+02
2.621215820312500000e+02
2.610781555175781250e+02
2.616347351074218750e+02
2.619074707031250000e+02
2.610487365722656250e+02
2.604756774902343750e+02
2.615808105468750000e+02
2.614100036621093750e+02
2.604611511230468750e+02
2.595937500000000000e+02
2.608614196777343750e+02
2.608121643066406250e+02
2.607712707519531250e+02
2.621913146972656250e+02
2.665241394042968750e+02
2.690830688476562500e+02
2.678398742675781250e+02
2.674763183593750000e+02
2.693238220214843750e+02
2.702656860351562500e+02
2.690818176269531250e+02
2.683500671386718750e+02
2.680911865234375000e+02
2.679074096679687500e+02
2.664607238769531250e+02
2.652014770507812500e+02
2.648501892089843750e+02
2.653506164550781250e+02
2.629949035644531250e+02
2.630244140625000000e+02
2.644482727050781250e+02
2.660130310058593750e+02
2.646170043945312500e+02
2.640687255859375000e+02
2.635327148437500000e+02
2.628449707031250000e+02
2.621159973144531250e+02
2.622825927734375000e+02
2.625298156738281250e+02
2.639533081054687500e+02
2.643956909179687500e+02
2.647135009765625000e+02
2.644684753417968750e+02
2.648085327148437500e+02
2.648481750488281250e+02
2.645379028320312500e+02
2.646244812011718750e+02
2.639111633300781250e+02
2.618862304687500000e+02
2.614890136718750000e+02
2.615361938476562500e+02
2.608913574218750000e+02
2.616056213378906250e+02
2.616987609863281250e+02
2.617590332031250000e+02
2.619077453613281250e+02
2.626315917968750000e+02
2.641871032714843750e+02
2.658864746093750000e+02
2.674954528808593750e+02
2.679773254394531250e+02
2.682203674316406250e+02
2.679042358398437500e+02
2.682239379882812500e+02
2.672583312988281250e+02
2.669522399902343750e+02
2.686810607910156250e+02
2.690494689941406250e+02
2.684385986328125000e+02
2.687626647949218750e+02
2.692401428222656250e+02
2.683267211914062500e+02
2.664674072265625000e+02
2.656350708007812500e+02
2.670251464843750000e+02
2.691089782714843750e+02
2.690255126953125000e+02
2.688184509277343750e+02
2.684642333984375000e+02
2.687178649902343750e+02
2.690536499023437500e+02
2.685923767089843750e+02
2.695198974609375000e+02
2.701016540527343750e+02
2.704557495117187500e+02
2.689398193359375000e+02
2.691137695312500000e+02
2.716400756835937500e+02
2.703338623046875000e+02
2.697044067382812500e+02
2.692261962890625000e+02
2.685559692382812500e+02
2.675724487304687500e+02
2.673744812011718750e+02
2.685190124511718750e+02
2.699516296386718750e+02
2.687549743652343750e+02
2.673974914550781250e+02
2.666478576660156250e+02
2.662316589355468750e+02
2.658973693847656250e+02
2.652639770507812500e+02
2.666740112304687500e+02
2.673562011718750000e+02
2.667207336425781250e+02
2.665543212890625000e+02
2.679917907714843750e+02
2.700287780761718750e+02
2.704290161132812500e+02
2.702021789550781250e+02
2.701468505859375000e+02
2.691817626953125000e+02
2.673767395019531250e+02
2.670359497070312500e+02
2.671314392089843750e+02
2.669384155273437500e+02
2.665026245117187500e+02
2.665637817382812500e+02
2.665838623046875000e+02
2.665264587402343750e+02
2.662313537597656250e+02
2.662733459472656250e+02
2.656276245117187500e+02
2.651207275390625000e+02
2.663576660156250000e+02
2.669793090820312500e+02
2.676104431152343750e+02
2.684875488281250000e+02
2.695893859863281250e+02
2.696845092773437500e+02
2.703567810058593750e+02
2.702382507324218750e+02
2.691055603027343750e+02
2.684971008300781250e+02
2.683566284179687500e+02
2.670224914550781250e+02
2.666378173828125000e+02
2.668595275878906250e+02
2.664908142089843750e+02
2.661813354492187500e+02
2.661567077636718750e+02
2.664257202148437500e+02
2.653489990234375000e+02
2.651111145019531250e+02
2.665998840332031250e+02
2.672923583984375000e+02
2.679460754394531250e+02
2.690198974609375000e+02
2.682621765136718750e+02
2.678853759765625000e+02
2.681034851074218750e+02
2.671907043457031250e+02
2.660483398437500000e+02
2.657961730957031250e+02
2.657235412597656250e+02
2.646841430664062500e+02
2.650051574707031250e+02
2.652402648925781250e+02
2.643002014160156250e+02
2.643689880371093750e+02
2.647197875976562500e+02
2.653597717285156250e+02
2.647351074218750000e+02
2.653695373535156250e+02
2.658283386230468750e+02
2.665225219726562500e+02
2.662100830078125000e+02
2.659255981445312500e+02
2.658970947265625000e+02
2.664576416015625000e+02
2.664535522460937500e+02
2.671630554199218750e+02
2.682926025390625000e+02
2.677262878417968750e+02
2.689374389648437500e+02
2.686557617187500000e+02
2.684803161621093750e+02
2.682052001953125000e+02
2.682149963378906250e+02
2.692720031738281250e+02
2.700494689941406250e+02
2.698006591796875000e+02
2.701060180664062500e+02
2.699769897460937500e+02
2.696053161621093750e+02
2.694620971679687500e+02
2.691358642578125000e+02
2.694901733398437500e+02
2.706967468261718750e+02
2.698985595703125000e+02
2.714541625976562500e+02
2.713956298828125000e+02
2.711002807617187500e+02
2.704606323242187500e+02
2.716502685546875000e+02
2.719795837402343750e+02
2.710441894531250000e+02
2.702806701660156250e+02
2.706387023925781250e+02
2.716672058105468750e+02
2.718398742675781250e+02
2.721881713867187500e+02
2.721029052734375000e+02
2.715492858886718750e+02
2.717179565429687500e+02
2.716031494140625000e+02
2.699402160644531250e+02
2.697239990234375000e+02
2.707296142578125000e+02
2.708627929687500000e+02
2.699447021484375000e+02
2.697090454101562500e+02
2.700037841796875000e+02
2.694907531738281250e+02
2.697934265136718750e+02
2.690476684570312500e+02
2.696656494140625000e+02
2.684996337890625000e+02
2.679002990722656250e+02
2.673085632324218750e+02
2.678518371582031250e+02
2.679662780761718750e+02
2.699746398925781250e+02
2.700776062011718750e+02
2.696863098144531250e+02
2.697727661132812500e+02
2.705697326660156250e+02
2.715520324707031250e+02
2.719861145019531250e+02
2.719876403808593750e+02
2.721331787109375000e+02
2.721925048828125000e+02
2.718367309570312500e+02
2.713916320800781250e+02
2.714006042480468750e+02
2.711387329101562500e+02
2.713640441894531250e+02
2.708423461914062500e+02
2.714384765625000000e+02
2.716409606933593750e+02
2.710370178222656250e+02
2.708270263671875000e+02
2.716634521484375000e+02
2.715672607421875000e+02
2.704580688476562500e+02
2.696406250000000000e+02
2.707233886718750000e+02
2.713818359375000000e+02
2.711999206542968750e+02
2.711658325195312500e+02
2.713100585937500000e+02
2.712516174316406250e+02
2.708573303222656250e+02
2.709724426269531250e+02
2.714579467773437500e+02
2.717924499511718750e+02
2.711610107421875000e+02
2.707604064941406250e+02
2.711466674804687500e+02
2.717145996093750000e+02
2.707428588867187500e+02
2.699309997558593750e+02
2.720952453613281250e+02
2.712981567382812500e+02
2.705209655761718750e+02
2.696031188964843750e+02
2.703644714355468750e+02
2.700445861816406250e+02
2.697856140136718750e+02
2.695246582031250000e+02
2.691576232910156250e+02
2.702160949707031250e+02
2.695740966796875000e+02
2.702500610351562500e+02
2.693604736328125000e+02
2.695505065917968750e+02
2.686751708984375000e+02
2.686065368652343750e+02
2.687414245605468750e+02
2.688482971191406250e+02
2.689777832031250000e+02
2.693535766601562500e+02
2.683998107910156250e+02
2.686079711914062500e+02
2.690111999511718750e+02
2.687503356933593750e+02
2.700233459472656250e+02
2.695081481933593750e+02
2.676675720214843750e+02
2.649313964843750000e+02
2.651853027343750000e+02
2.679893798828125000e+02
2.694186401367187500e+02
2.714774780273437500e+02
2.712701416015625000e+02
