2.697538452148437500e+02
2.702263793945312500e+02
2.699035339355468750e+02
2.696036682128906250e+02
2.696931152343750000e+02
2.695319824218750000e+02
2.700176696777343750e+02
2.696219787597656250e+02
2.699494018554687500e+02
2.712333068847656250e+02
2.713822021484375000e+02
2.714223937988281250e+02
2.719559326171875000e+02
2.715592346191406250e+02
2.712721862792968750e+02
2.712111206054687500e+02
2.718086547851562500e+02
2.711384582519531250e+02
2.711945800781250000e+02
2.701305541992187500e+02
2.706687316894531250e+02
2.711320190429687500e+02
2.711355590820312500e+02
2.702724914550781250e+02
2.699533996582031250e+02
2.704777221679687500e+02
2.705765686035156250e+02
2.712298583984375000e+02
2.721726074218750000e+02
2.720156250000000000e+02
2.721865844726562500e+02
2.717936401367187500e+02
2.720281066894531250e+02
2.708593139648437500e+02
2.691390380859375000e+02
2.699528808593750000e+02
2.693894042968750000e+02
2.674545898437500000e+02
2.671634521484375000e+02
2.680361328125000000e+02
2.675780944824218750e+02
2.680757751464843750e+02
2.679985046386718750e+02
2.655243225097656250e+02
2.660028381347656250e+02
2.666176452636718750e+02
2.671026000976562500e+02
2.697975463867187500e+02
2.695292663574218750e+02
2.690079040527343750e+02
2.685745544433593750e+02
2.688080139160156250e+02
2.687977600097656250e+02
2.692746887207031250e+02
2.697574768066406250e+02
2.709034423828125000e+02
2.713260498046875000e+02
2.705936584472656250e+02
2.700281677246093750e+02
2.697772827148437500e+02
2.707568969726562500e+02
2.704564208984375000e+02
2.704921875000000000e+02
2.702149658203125000e+02
2.703989868164062500e+02
2.703185424804687500e+02
2.702948608398437500e+02
2.709209594726562500e+02
2.709238586425781250e+02
2.705964965820312500e+02
2.700797424316406250e+02
2.698026428222656250e+02
2.704458312988281250e+02
2.706660461425781250e+02
2.703601379394531250e+02
2.701077575683593750e+02
2.699829711914062500e+02
2.703154296875000000e+02
2.702259216308593750e+02
2.712358703613281250e+02
2.707441711425781250e+02
2.710387268066406250e+02
2.709982604980468750e+02
2.716824035644531250e+02
2.721972351074218750e+02
2.715432739257812500e+02
2.713093566894531250e+02
2.701129760742187500e+02
2.702156372070312500e+02
2.706864318847656250e+02
2.705488586425781250e+02
2.702528381347656250e+02
2.698123168945312500e+02
2.710506896972656250e+02
2.711184997558593750e+02
2.714025268554687500e+02
2.710793151855468750e+02
2.712087402343750000e+02
2.708308105468750000e+02
2.699878845214843750e+02
2.692761535644531250e+02
2.700982666015625000e+02
2.699053344726562500e+02
2.715718994140625000e+02
2.714120483398437500e+02
2.706099548339843750e+02
2.700494384765625000e+02
2.703097839355468750e+02
2.693912353515625000e+02
2.691602478027343750e+02
2.689292907714843750e+02
2.699986877441406250e+02
2.700321044921875000e+02
2.700727844238281250e+02
2.697948608398437500e+02
2.697897949218750000e+02
2.698726501464843750e+02
2.696600036621093750e+02
2.693287963867187500e+02
2.691582641601562500e+02
2.687280883789062500e+02
2.687463073730468750e+02
2.678367004394531250e+02
2.669624328613281250e+02
2.662625732421875000e+02
2.667012023925781250e+02
2.672901000976562500e+02
2.673517456054687500e+02
2.666129150390625000e+02
2.672851867675781250e+02
2.680894775390625000e+02
2.675984497070312500e+02
2.676455383300781250e+02
2.678527526855468750e+02
2.681224060058593750e+02
2.683064575195312500e+02
2.685904846191406250e+02
2.686552429199218750e+02
2.686364746093750000e+02
2.689512939453125000e+02
2.684547424316406250e+02
2.681636657714843750e+02
2.684284057617187500e+02
2.695552673339843750e+02
2.686108398437500000e+02
2.695743408203125000e+02
2.689949340820312500e+02
2.695842285156250000e+02
2.690518493652343750e+02
2.698943176269531250e+02
2.696891479492187500e+02
2.692934875488281250e+02
2.691286315917968750e+02
2.689498901367187500e+02
2.685619812011718750e+02
2.683813781738281250e+02
2.688599853515625000e+02
2.699699707031250000e+02
2.709911804199218750e+02
2.712431030273437500e+02
2.708041076660156250e+02
2.701534729003906250e+02
2.699976806640625000e+02
2.697071228027343750e+02
2.689847106933593750e+02
2.686046142578125000e+02
2.685959167480468750e+02
2.679135742187500000e+02
2.675958251953125000e+02
2.678470153808593750e+02
2.676203308105468750e+02
2.675032958984375000e+02
2.670207214355468750e+02
2.687874755859375000e+02
2.691336364746093750e+02
2.704431762695312500e+02
2.706138916015625000e+02
2.701632080078125000e+02
2.691607360839843750e+02
2.682182006835937500e+02
2.676320495605468750e+02
2.668005676269531250e+02
2.664019470214843750e+02
2.656866149902343750e+02
2.652487182617187500e+02
2.654532470703125000e+02
2.656590881347656250e+02
2.668714599609375000e+02
2.672569580078125000e+02
2.684608459472656250e+02
2.685411071777343750e+02
2.682791137695312500e+02
2.677476501464843750e+02
2.679805603027343750e+02
2.681122131347656250e+02
2.675345153808593750e+02
2.668871765136718750e+02
2.665603637695312500e+02
2.664786071777343750e+02
2.661388854980468750e+02
2.653818054199218750e+02
2.656509094238281250e+02
2.661889343261718750e+02
2.655836486816406250e+02
2.652687683105468750e+02
2.661965637207031250e+02
2.689313659667968750e+02
2.719525451660156250e+02
2.729292907714843750e+02
2.729322509765625000e+02
2.728158264160156250e+02
2.726896972656250000e+02
2.727563781738281250e+02
2.724560852050781250e+02
2.723353271484375000e+02
2.722286987304687500e+02
2.724541015625000000e+02
2.714916992187500000e+02
2.710235595703125000e+02
2.714568176269531250e+02
2.713563537597656250e+02
2.713208923339843750e+02
2.709966735839843750e+02
2.711984863281250000e+02
2.717312011718750000e+02
2.722564086914062500e+02
2.723656616210937500e+02
2.726406860351562500e+02
2.726918640136718750e+02
2.725228271484375000e+02
2.720401306152343750e+02
2.723102416992187500e+02
2.722712707519531250e+02
2.720689086914062500e+02
2.721170959472656250e+02
2.723786621093750000e+02
2.723204345703125000e+02
2.716938781738281250e+02
2.715275878906250000e+02
2.713849792480468750e+02
2.716644287109375000e+02
2.716087951660156250e+02
2.718155517578125000e+02
2.722604980468750000e+02
2.718873901367187500e+02
2.710700378417968750e+02
2.710387268066406250e+02
2.718975830078125000e+02
2.725217895507812500e+02
2.720411987304687500e+02
2.717822265625000000e+02
2.715363464355468750e+02
2.721390380859375000e+02
2.725030822753906250e+02
2.721875915527343750e+02
2.721356811523437500e+02
2.717325439453125000e+02
2.711179199218750000e+02
2.702418212890625000e+02
2.688339233398437500e+02
2.681984252929687500e+02
2.676450500488281250e+02
2.685396728515625000e+02
2.680571594238281250e+02
2.685988159179687500e+02
2.686784057617187500e+02
2.700581054687500000e+02
2.707610778808593750e+02
2.713693847656250000e+02
2.714948730468750000e+02
2.720992126464843750e+02
2.718255004882812500e+02
2.711227111816406250e+02
2.710920410156250000e+02
2.711108398437500000e+02
2.716737976074218750e+02
2.717094726562500000e+02
2.713770751953125000e+02
2.707643127441406250e+02
2.695306701660156250e+02
2.690539550781250000e+02
2.689638977050781250e+02
2.694003295898437500e+02
2.676422729492187500e+02
2.678756103515625000e+02
2.697927551269531250e+02
2.710906066894531250e+02
2.724374389648437500e+02
2.721037597656250000e+02
2.716459960937500000e+02
2.717399291992187500e+02
2.718217163085937500e+02
2.715864562988281250e+02
2.711880493164062500e+02
2.711179199218750000e+02
2.708524780273437500e+02
2.707919311523437500e+02
2.699824523925781250e+02
2.691331176757812500e+02
2.685726623535156250e+02
2.704240112304687500e+02
2.708723449707031250e+02
2.709659423828125000e+02
2.708591613769531250e+02
2.707909240722656250e+02
2.704182739257812500e+02
2.705609130859375000e+02
2.711869812011718750e+02
2.713761596679687500e+02
2.713706970214843750e+02
2.711185913085937500e+02
2.711322937011718750e+02
2.707352294921875000e+02
2.704049682617187500e+02
2.702051696777343750e+02
2.707406005859375000e+02
2.707733154296875000e+02
2.706050720214843750e+02
2.704946289062500000e+02
2.703526306152343750e+02
2.698495178222656250e+02
2.684154663085937500e+02
2.680301513671875000e+02
2.676367492675781250e+02
2.663304138183593750e+02
2.656370849609375000e+02
2.654328613281250000e+02
2.652740173339843750e+02
2.661611328125000000e+02
2.681630859375000000e+02
2.701335449218750000e+02
2.713405456542968750e+02
2.714811706542968750e+02
2.723784484863281250e+02
2.725393066406250000e+02
2.720616149902343750e+02
2.724081115722656250e+02
2.719126281738281250e+02
2.717027893066406250e+02
2.718407897949218750e+02
2.716264953613281250e+02
2.709539184570312500e+02
2.703027038574218750e+02
2.689565124511718750e+02
2.672625427246093750e+02
2.673509521484375000e+02
2.669460449218750000e+02
2.665196533203125000e+02
2.646654968261718750e+02
2.632447204589843750e+02
2.625991210937500000e+02
2.619241943359375000e+02
2.626567077636718750e+02
2.654340209960937500e+02
2.659277648925781250e+02
2.655137329101562500e+02
2.644830932617187500e+02
2.635088500976562500e+02
2.629788513183593750e+02
2.626435241699218750e+02
2.625621032714843750e+02
2.634725341796875000e+02
2.643418884277343750e+02
2.649562377929687500e+02
2.652161254882812500e+02
2.642862548828125000e+02
2.633534240722656250e+02
2.606567382812500000e+02
2.599506225585937500e+02
2.597691650390625000e+02
2.603583984375000000e+02
2.624594726562500000e+02
2.659334411621093750e+02
2.696740417480468750e+02
2.707662658691406250e+02
2.682908935546875000e+02
2.654748535156250000e+02
2.637539367675781250e+02
2.636176452636718750e+02
2.628674316406250000e+02
2.637710266113281250e+02
2.641592102050781250e+02
2.642468261718750000e+02
2.633344726562500000e+02
2.623641662597656250e+02
2.610454406738281250e+02
2.602576293945312500e+02
2.598803405761718750e+02
2.601496582031250000e+02
2.600906372070312500e+02
2.605344848632812500e+02
2.602785034179687500e+02
2.616262817382812500e+02
2.611080627441406250e+02
2.624866333007812500e+02
2.628877868652343750e+02
2.640072021484375000e+02
2.632679138183593750e+02
2.639993591308593750e+02
2.628658142089843750e+02
2.632235107421875000e+02
2.627466735839843750e+02
2.642085571289062500e+02
2.655752563476562500e+02
2.660691223144531250e+02
2.667625122070312500e+02
2.669087524414062500e+02
2.655087585449218750e+02
2.642728576660156250e+02
2.613327636718750000e+02
2.598984680175781250e+02
2.585593261718750000e+02
2.602929992675781250e+02
2.620736083984375000e+02
2.631233825683593750e+02
2.635897216796875000e+02
2.637582092285156250e+02
2.630551147460937500e+02
2.631551818847656250e+02
2.641543273925781250e+02
2.646182250976562500e+02
2.660555725097656250e+02
2.681899108886718750e+02
2.686947937011718750e+02
2.684616699218750000e+02
2.676648559570312500e+02
2.667454833984375000e+02
2.668733825683593750e+02
2.671066589355468750e+02
2.662991333007812500e+02
2.657182617187500000e+02
2.642286376953125000e+02
2.621557617187500000e+02
2.607506713867187500e+02
2.602651062011718750e+02
2.618096313476562500e+02
2.648164978027343750e+02
2.667570800781250000e+02
2.674029541015625000e+02
2.675742187500000000e+02
2.673484191894531250e+02
2.671665954589843750e+02
2.665827941894531250e+02
2.650758972167968750e+02
2.635097045898437500e+02
2.633682556152343750e+02
2.638104553222656250e+02
2.641940307617187500e+02
2.649341735839843750e+02
2.627226562500000000e+02
2.606182250976562500e+02
2.598717041015625000e+02
2.599258117675781250e+02
2.599422607421875000e+02
2.631022338867187500e+02
2.658925476074218750e+02
2.664758300781250000e+02
2.650200500488281250e+02
2.633701782226562500e+02
2.620761108398437500e+02
2.618934936523437500e+02
2.634643859863281250e+02
2.647308044433593750e+02
2.641200561523437500e+02
2.629619750976562500e+02
2.609226379394531250e+02
2.608804626464843750e+02
2.637772216796875000e+02
2.687623901367187500e+02
2.705142211914062500e+02
2.695977783203125000e+02
2.685254211425781250e+02
2.673790893554687500e+02
2.676403198242187500e+02
2.684910888671875000e+02
2.683707275390625000e+02
2.669112548828125000e+02
2.660408325195312500e+02
2.658385620117187500e+02
2.664320068359375000e+02
2.672058715820312500e+02
2.667513732910156250e+02
2.666710510253906250e+02
2.664351806640625000e+02
2.667538757324218750e+02
2.673174133300781250e+02
2.667511901855468750e+02
2.666312866210937500e+02
2.666938781738281250e+02
2.657684326171875000e+02
2.643036193847656250e+02
2.621598510742187500e+02
2.609456787109375000e+02
2.599336547851562500e+02
2.608230285644531250e+02
2.606022033691406250e+02
2.601473693847656250e+02
2.600795593261718750e+02
2.594678955078125000e+02
2.575035400390625000e+02
2.561994628906250000e+02
2.554258270263671875e+02
2.550104217529296875e+02
2.545777587890625000e+02
2.543435668945312500e+02
2.533476867675781250e+02
2.529512176513671875e+02
2.529455718994140625e+02
2.525630950927734375e+02
2.530916595458984375e+02
2.539108886718750000e+02
2.547646636962890625e+02
2.550664978027343750e+02
2.554892730712890625e+02
2.566073303222656250e+02
2.602983093261718750e+02
2.636816101074218750e+02
2.646200561523437500e+02
2.652913818359375000e+02
2.650095214843750000e+02
2.659450683593750000e+02
2.668317871093750000e+02
2.661365356445312500e+02
2.671074523925781250e+02
2.669609069824218750e+02
2.659566040039062500e+02
2.648052978515625000e+02
2.636034851074218750e+02
2.617997131347656250e+02
2.590685424804687500e+02
2.570657043457031250e+02
2.568907775878906250e+02
2.556158294677734375e+02
2.555559692382812500e+02
2.546919860839843750e+02
2.544064483642578125e+02
2.548933563232421875e+02
2.545431518554687500e+02
2.550247955322265625e+02
2.545930328369140625e+02
2.540945587158203125e+02
2.553164672851562500e+02
2.570509643554687500e+02
2.582517395019531250e+02
2.572000122070312500e+02
2.545139312744140625e+02
2.531479797363281250e+02
2.526895904541015625e+02
2.521506347656250000e+02
2.518462371826171875e+02
2.518337249755859375e+02
2.526628417968750000e+02
2.528210296630859375e+02
2.525732879638671875e+02
2.531797027587890625e+02
2.536001434326171875e+02
2.545000305175781250e+02
2.542402343750000000e+02
2.540200347900390625e+02
2.533340148925781250e+02
2.537695312500000000e+02
2.551172943115234375e+02
2.574717712402343750e+02
2.598573303222656250e+02
2.625610656738281250e+02
2.635703735351562500e+02
2.640662536621093750e+02
2.638618774414062500e+02
2.631097717285156250e+02
2.618380126953125000e+02
2.601810607910156250e+02
2.589750671386718750e+02
2.574963989257812500e+02
2.565509033203125000e+02
2.573919982910156250e+02
2.583940429687500000e+02
2.578342285156250000e+02
2.562539978027343750e+02
2.545878906250000000e+02
2.533789367675781250e+02
2.521415863037109375e+02
2.505244750976562500e+02
2.500999908447265625e+02
2.495910491943359375e+02
2.506379241943359375e+02
2.520657196044921875e+02
2.549107513427734375e+02
2.574518737792968750e+02
2.593618469238281250e+02
2.597794494628906250e+02
2.600937194824218750e+02
2.598300781250000000e+02
2.603615417480468750e+02
2.591654052734375000e+02
2.573646545410156250e+02
2.551968231201171875e+02
2.548191528320312500e+02
2.550748748779296875e+02
2.555137634277343750e+02
2.550200958251953125e+02
2.559457244873046875e+02
2.576824340820312500e+02
2.584219055175781250e+02
2.568797912597656250e+02
2.540675506591796875e+02
2.513241729736328125e+02
2.501756744384765625e+02
2.512337036132812500e+02
2.556725158691406250e+02
2.553541259765625000e+02
2.549078216552734375e+02
2.538970794677734375e+02
2.539772186279296875e+02
2.529049682617187500e+02
2.526125793457031250e+02
2.509224395751953125e+02
2.493730316162109375e+02
2.478140869140625000e+02
2.476216583251953125e+02
2.477008514404296875e+02
2.490450744628906250e+02
2.485957183837890625e+02
2.487489776611328125e+02
2.480746765136718750e+02
2.473889923095703125e+02
2.466909484863281250e+02
2.485923919677734375e+02
2.502469177246093750e+02
2.518314666748046875e+02
2.529186706542968750e+02
2.533193511962890625e+02
2.525785522460937500e+02
2.530054473876953125e+02
2.549753417968750000e+02
2.562770080566406250e+02
2.564746093750000000e+02
2.557970428466796875e+02
2.536423034667968750e+02
2.527568664550781250e+02
2.514514160156250000e+02
2.509137573242187500e+02
2.491418914794921875e+02
2.510140075683593750e+02
2.540502166748046875e+02
2.535389556884765625e+02
2.529622802734375000e+02
2.524854431152343750e+02
2.528851928710937500e+02
2.537970733642578125e+02
2.537700042724609375e+02
2.541166381835937500e+02
2.529777221679687500e+02
2.535233764648437500e+02
2.524770202636718750e+02
2.527946777343750000e+02
2.528412017822265625e+02
2.545270233154296875e+02
2.568035278320312500e+02
2.587268066406250000e+02
2.570607299804687500e+02
2.556301727294921875e+02
2.525985412597656250e+02
2.512089843750000000e+02
2.491029052734375000e+02
2.474078979492187500e+02
2.461194763183593750e+02
2.456529541015625000e+02
2.453328247070312500e+02
2.449060516357421875e+02
2.441598510742187500e+02
2.448117980957031250e+02
2.450758666992187500e+02
2.459209442138671875e+02
2.457897949218750000e+02
2.467314910888671875e+02
2.472138519287109375e+02
2.478499450683593750e+02
2.477116699218750000e+02
2.475183105468750000e+02
2.467877197265625000e+02
2.467295227050781250e+02
2.462958526611328125e+02
2.469261932373046875e+02
2.472927398681640625e+02
2.471830749511718750e+02
2.470212249755859375e+02
2.481087799072265625e+02
2.510748138427734375e+02
2.558910064697265625e+02
2.600791320800781250e+02
2.661812744140625000e+02
2.670114440917968750e+02
2.639175109863281250e+02
2.539360961914062500e+02
2.511167449951171875e+02
2.516135101318359375e+02
2.539605560302734375e+02
2.543382110595703125e+02
2.553108673095703125e+02
2.614939270019531250e+02
2.653620605468750000e+02
2.652121582031250000e+02
2.656080322265625000e+02
2.699948425292968750e+02
2.718729553222656250e+02
2.721181945800781250e+02
2.680813598632812500e+02
2.632825622558593750e+02
2.616130981445312500e+02
2.540552368164062500e+02
2.500450439453125000e+02
2.504732513427734375e+02
2.514486236572265625e+02
2.514904632568359375e+02
2.507642517089843750e+02
2.515324096679687500e+02
2.525220947265625000e+02
2.526286010742187500e+02
2.521772308349609375e+02
2.516945343017578125e+02
2.512292022705078125e+02
2.510079345703125000e+02
2.508282318115234375e+02
2.502306518554687500e+02
2.502964324951171875e+02
2.500172576904296875e+02
2.507422332763671875e+02
2.511226654052734375e+02
2.521635284423828125e+02
2.537082366943359375e+02
2.563055725097656250e+02
2.584508056640625000e+02
2.598245849609375000e+02
2.578847961425781250e+02
2.562771301269531250e+02
2.569366760253906250e+02
2.587856445312500000e+02
2.602144775390625000e+02
2.617827453613281250e+02
2.626408996582031250e+02
2.644486999511718750e+02
2.655898132324218750e+02
2.638739929199218750e+02
2.608163757324218750e+02
2.599035644531250000e+02
2.581988220214843750e+02
2.571804504394531250e+02
2.571869812011718750e+02
2.582517395019531250e+02
2.564941406250000000e+02
2.558156280517578125e+02
2.549585876464843750e+02
2.540227813720703125e+02
2.527208251953125000e+02
2.519160766601562500e+02
2.511213378906250000e+02
2.505615234375000000e+02
2.499756011962890625e+02
2.507447357177734375e+02
2.537855529785156250e+02
2.561495666503906250e+02
2.567623596191406250e+02
2.566310729980468750e+02
2.585567626953125000e+02
2.596615295410156250e+02
2.620111694335937500e+02
2.640451049804687500e+02
2.667520141601562500e+02
2.680112915039062500e+02
2.690411071777343750e+02
2.679790344238281250e+02
2.645457763671875000e+02
2.616995849609375000e+02
2.585349426269531250e+02
2.557067108154296875e+02
2.543078460693359375e+02
2.540150909423828125e+02
2.538381652832031250e+02
2.541290435791015625e+02
2.558275604248046875e+02
2.557240447998046875e+02
2.571319885253906250e+02
2.596694030761718750e+02
2.605216979980468750e+02
2.595047302246093750e+02
2.585323486328125000e+02
2.588198547363281250e+02
2.587497558593750000e+02
2.577496948242187500e+02
2.553464355468750000e+02
2.535916137695312500e+02
2.567977600097656250e+02
2.629906311035156250e+02
2.598615417480468750e+02
2.565458374023437500e+02
2.575479431152343750e+02
2.590258483886718750e+02
2.513338165283203125e+02
2.500823516845703125e+02
2.539562835693359375e+02
2.628049926757812500e+02
2.615906982421875000e+02
2.542784118652343750e+02
2.511895751953125000e+02
2.495436553955078125e+02
2.494095916748046875e+02
2.499876098632812500e+02
2.502925567626953125e+02
2.501813964843750000e+02
2.505647277832031250e+02
2.507482757568359375e+02
2.498441467285156250e+02
2.546261444091796875e+02
2.619820861816406250e+02
2.629283752441406250e+02
2.607277221679687500e+02
2.571584472656250000e+02
2.532854919433593750e+02
2.481469573974609375e+02
2.446122436523437500e+02
2.442372131347656250e+02
2.441537170410156250e+02
2.442584075927734375e+02
2.437735748291015625e+02
2.436921844482421875e+02
2.424892730712890625e+02
2.441181030273437500e+02
2.463107910156250000e+02
2.528249206542968750e+02
2.599304809570312500e+02
2.589331970214843750e+02
2.558873138427734375e+02
2.514839477539062500e+02
2.438881530761718750e+02
2.413762817382812500e+02
2.405479431152343750e+02
2.444558258056640625e+02
2.543222351074218750e+02
2.489399566650390625e+02
2.429900970458984375e+02
2.423004455566406250e+02
2.467717590332031250e+02
2.579613952636718750e+02
2.638255004882812500e+02
2.573075561523437500e+02
2.516689910888671875e+02
2.505836639404296875e+02
2.479640502929687500e+02
2.445910034179687500e+02
2.435589904785156250e+02
2.446762237548828125e+02
2.485576629638671875e+02
2.507969055175781250e+02
2.500030517578125000e+02
2.482005310058593750e+02
2.462569885253906250e+02
2.467369232177734375e+02
2.459801330566406250e+02
2.453239440917968750e+02
2.464108123779296875e+02
2.488040466308593750e+02
2.485282592773437500e+02
2.473760681152343750e+02
2.449045715332031250e+02
2.435757141113281250e+02
2.441550140380859375e+02
2.454080810546875000e+02
2.451873321533203125e+02
2.496579132080078125e+02
2.484955902099609375e+02
2.504504394531250000e+02
2.655514526367187500e+02
2.683178710937500000e+02
2.682123413085937500e+02
2.668358764648437500e+02
2.642244262695312500e+02
2.628474426269531250e+02
2.622700195312500000e+02
2.599700317382812500e+02
2.601824035644531250e+02
2.597371520996093750e+02
2.601301879882812500e+02
2.590776062011718750e+02
2.571703491210937500e+02
2.527902069091796875e+02
2.507196960449218750e+02
2.520334320068359375e+02
2.587216491699218750e+02
2.636803588867187500e+02
2.636086120605468750e+02
2.603658142089843750e+02
2.570159606933593750e+02
2.548288116455078125e+02
2.545047912597656250e+02
2.556650085449218750e+02
2.540581817626953125e+02
2.509977569580078125e+02
2.482305603027343750e+02
2.458387298583984375e+02
2.469638061523437500e+02
2.544744873046875000e+02
2.508799438476562500e+02
2.500819091796875000e+02
2.514807586669921875e+02
2.543052062988281250e+02
2.566467895507812500e+02
2.566123657226562500e+02
2.522789306640625000e+02
2.485876312255859375e+02
2.464374542236328125e+02
2.451301422119140625e+02
2.446733703613281250e+02
2.444530639648437500e+02
2.444837646484375000e+02
2.452937927246093750e+02
2.465461273193359375e+02
2.477807922363281250e+02
2.517292327880859375e+02
2.551815338134765625e+02
2.535682373046875000e+02
2.513139495849609375e+02
2.504505310058593750e+02
2.541058349609375000e+02
2.629498901367187500e+02
2.692572631835937500e+02
2.649976501464843750e+02
2.550450439453125000e+02
2.516131744384765625e+02
2.495645904541015625e+02
2.479364166259765625e+02
2.455518493652343750e+02
2.440303344726562500e+02
2.436880798339843750e+02
2.432935333251953125e+02
2.408199462890625000e+02
2.394308319091796875e+02
2.396186981201171875e+02
2.412320098876953125e+02
2.445821685791015625e+02
2.505181121826171875e+02
2.601898193359375000e+02
2.659444274902343750e+02
2.668197021484375000e+02
2.624472961425781250e+02
2.599192199707031250e+02
2.584820556640625000e+02
2.557290496826171875e+02
2.521804351806640625e+02
2.495228881835937500e+02
2.477965087890625000e+02
2.466326904296875000e+02
2.469742279052734375e+02
2.489768524169921875e+02
2.509383850097656250e+02
2.514919433593750000e+02
2.488756561279296875e+02
2.500337677001953125e+02
2.538124694824218750e+02
2.548725280761718750e+02
2.550267639160156250e+02
2.545537261962890625e+02
2.527483825683593750e+02
2.509180908203125000e+02
2.496430511474609375e+02
2.484821166992187500e+02
2.474676361083984375e+02
2.498882293701171875e+02
2.552823181152343750e+02
2.580234985351562500e+02
2.575900268554687500e+02
2.607231140136718750e+02
2.590931396484375000e+02
2.576225585937500000e+02
2.553487701416015625e+02
2.592735290527343750e+02
2.586189270019531250e+02
2.593199462890625000e+02
2.568981323242187500e+02
2.540678405761718750e+02
2.518628997802734375e+02
2.513081665039062500e+02
2.508119049072265625e+02
2.519025878906250000e+02
2.545194091796875000e+02
2.555546264648437500e+02
2.559190826416015625e+02
2.559482116699218750e+02
2.570935668945312500e+02
2.574652404785156250e+02
2.550586242675781250e+02
2.516443481445312500e+02
2.497935180664062500e+02
2.493736114501953125e+02
2.487528839111328125e+02
2.495906524658203125e+02
2.513034210205078125e+02
2.551971435546875000e+02
2.589191894531250000e+02
2.603606567382812500e+02
2.597052917480468750e+02
2.605444946289062500e+02
2.625934448242187500e+02
2.629036560058593750e+02
2.630790100097656250e+02
2.634637756347656250e+02
2.639477844238281250e+02
2.631196289062500000e+02
2.628780517578125000e+02
2.615279541015625000e+02
2.573700256347656250e+02
2.549928894042968750e+02
2.544807128906250000e+02
2.542247924804687500e+02
2.534768676757812500e+02
2.526898498535156250e+02
2.515706024169921875e+02
2.508579406738281250e+02
2.488936920166015625e+02
2.478269653320312500e+02
2.478099517822265625e+02
2.486909484863281250e+02
2.532858123779296875e+02
2.602627868652343750e+02
2.679289245605468750e+02
2.686031188964843750e+02
2.630653991699218750e+02
2.575620422363281250e+02
2.553365020751953125e+02
2.578803710937500000e+02
2.670116271972656250e+02
2.694593200683593750e+02
2.683473815917968750e+02
2.713242492675781250e+02
2.716730041503906250e+02
2.655485534667968750e+02
2.606658325195312500e+02
2.594537963867187500e+02
2.599138793945312500e+02
2.631510009765625000e+02
2.600704040527343750e+02
2.540156555175781250e+02
2.511539001464843750e+02
2.501788330078125000e+02
2.513009643554687500e+02
2.535665435791015625e+02
2.562585449218750000e+02
2.571059265136718750e+02
2.569229431152343750e+02
2.560426940917968750e+02
2.550410003662109375e+02
2.542416534423828125e+02
2.545311126708984375e+02
2.544778442382812500e+02
2.530870513916015625e+02
2.523259887695312500e+02
2.522142944335937500e+02
2.518693084716796875e+02
2.511043548583984375e+02
2.509884643554687500e+02
2.522749328613281250e+02
2.532988586425781250e+02
2.523836364746093750e+02
2.519494628906250000e+02
2.518380737304687500e+02
2.527001037597656250e+02
2.533961029052734375e+02
2.548613739013671875e+02
2.580798034667968750e+02
2.595327453613281250e+02
2.587323913574218750e+02
2.578584594726562500e+02
2.575715637207031250e+02
2.573413391113281250e+02
2.561015930175781250e+02
2.547587585449218750e+02
2.543660736083984375e+02
2.541173553466796875e+02
2.523455657958984375e+02
2.512139129638671875e+02
2.523536529541015625e+02
2.531154937744140625e+02
2.521629638671875000e+02
2.525588684082031250e+02
2.547672424316406250e+02
2.577740783691406250e+02
2.598245239257812500e+02
2.624559326171875000e+02
2.638441467285156250e+02
2.645528869628906250e+02
2.651695251464843750e+02
2.644193725585937500e+02
2.626860961914062500e+02
2.603770141601562500e+02
2.584496765136718750e+02
2.558285980224609375e+02
2.556339569091796875e+02
2.550685119628906250e+02
2.534283905029296875e+02
2.522221832275390625e+02
2.535979766845703125e+02
2.547770080566406250e+02
2.544157257080078125e+02
2.558495941162109375e+02
2.582270507812500000e+02
2.605538024902343750e+02
2.621988220214843750e+02
2.632077026367187500e+02
2.649502868652343750e+02
2.647425231933593750e+02
2.640351562500000000e+02
2.637737731933593750e+02
2.630631103515625000e+02
2.628388366699218750e+02
2.611088867187500000e+02
2.602431335449218750e+02
2.599187622070312500e+02
2.605155639648437500e+02
2.604370422363281250e+02
2.602757873535156250e+02
2.589737548828125000e+02
2.567012939453125000e+02
2.534010620117187500e+02
2.523437957763671875e+02
2.545586395263671875e+02
2.577380676269531250e+02
2.582944030761718750e+02
2.587724914550781250e+02
2.577173156738281250e+02
2.569276733398437500e+02
2.534559173583984375e+02
2.519756164550781250e+02
2.516386260986328125e+02
2.524759979248046875e+02
2.532460021972656250e+02
2.551043395996093750e+02
2.572673645019531250e+02
2.600068054199218750e+02
2.600310974121093750e+02
2.613728027343750000e+02
2.666690979003906250e+02
2.681482238769531250e+02
2.661445312500000000e+02
2.631978149414062500e+02
2.647794189453125000e+02
2.692622070312500000e+02
2.678333129882812500e+02
2.662350158691406250e+02
2.673315734863281250e+02
2.674904479980468750e+02
2.665965881347656250e+02
2.665542907714843750e+02
2.658379821777343750e+02
2.666767272949218750e+02
2.668750610351562500e+02
2.672603454589843750e+02
2.659429016113281250e+02
2.632162170410156250e+02
2.593747863769531250e+02
2.570431213378906250e+02
2.567767028808593750e+02
2.568399658203125000e+02
2.566624755859375000e+02
2.570403442382812500e+02
2.570217895507812500e+02
2.564405212402343750e+02
2.561656799316406250e+02
2.554957275390625000e+02
2.555765838623046875e+02
2.558141937255859375e+02
2.561994628906250000e+02
2.558639678955078125e+02
2.574188232421875000e+02
2.579833068847656250e+02
2.581920166015625000e+02
2.598491516113281250e+02
2.633909301757812500e+02
2.657686767578125000e+02
2.657248535156250000e+02
2.645869750976562500e+02
2.644222412109375000e+02
2.651772766113281250e+02
2.654085388183593750e+02
2.631451110839843750e+02
2.621635437011718750e+02
2.614226989746093750e+02
2.594280395507812500e+02
2.576898193359375000e+02
2.591351013183593750e+02
2.610542297363281250e+02
2.609263000488281250e+02
2.594991455078125000e+02
2.630811767578125000e+02
2.658463439941406250e+02
2.658571472167968750e+02
2.648255310058593750e+02
2.651590270996093750e+02
2.648697204589843750e+02
2.623495788574218750e+02
2.588578796386718750e+02
2.586693420410156250e+02
2.597093505859375000e+02
2.591083374023437500e+02
2.591037292480468750e+02
2.606618347167968750e+02
2.620295715332031250e+02
2.629507751464843750e+02
2.641336669921875000e+02
2.642308654785156250e+02
2.634776306152343750e+02
2.616685791015625000e+02
2.611902770996093750e+02
2.634545898437500000e+02
2.649296875000000000e+02
2.639184875488281250e+02
2.630130310058593750e+02
2.622359924316406250e+02
2.612353515625000000e+02
2.604359130859375000e+02
2.604302978515625000e+02
2.630597839355468750e+02
2.638153076171875000e+02
2.643537292480468750e+02
2.641524353027343750e+02
2.646058654785156250e+02
2.642479858398437500e+02
2.627765502929687500e+02
2.604006347656250000e+02
2.594240417480468750e+02
2.595007019042968750e+02
2.602149963378906250e+02
2.612904052734375000e+02
2.605961608886718750e+02
2.597566223144531250e+02
2.591611633300781250e+02
2.579667053222656250e+02
2.574759826660156250e+02
2.568630065917968750e+02
2.567349548339843750e+02
2.571265869140625000e+02
2.576885070800781250e+02
2.579988708496093750e+02
2.575905456542968750e+02
2.569344482421875000e+02
2.572301025390625000e+02
2.590724487304687500e+02
2.577182617187500000e+02
2.579505920410156250e+02
2.608148498535156250e+02
2.609155273437500000e+02
2.603824157714843750e+02
2.619519653320312500e+02
2.630582885742187500e+02
2.637888183593750000e+02
2.629203796386718750e+02
2.630133361816406250e+02
2.632899780273437500e+02
2.629333190917968750e+02
2.620141906738281250e+02
2.607906494140625000e+02
2.604355773925781250e+02
2.598617553710937500e+02
2.592382202148437500e+02
2.592206115722656250e+02
2.619205322265625000e+02
2.627015075683593750e+02
2.606643371582031250e+02
2.600403747558593750e+02
2.595872497558593750e+02
2.589371948242187500e+02
2.577506713867187500e+02
2.574830932617187500e+02
2.568573608398437500e+02
2.585113220214843750e+02
2.592691955566406250e+02
2.594379577636718750e+02
2.595148620605468750e+02
2.586185607910156250e+02
2.572020874023437500e+02
2.563790893554687500e+02
2.580222473144531250e+02
2.575752258300781250e+02
2.574159545898437500e+02
2.584559631347656250e+02
2.598962707519531250e+02
2.614421081542968750e+02
2.614458923339843750e+02
2.614360656738281250e+02
2.624696350097656250e+02
2.630113830566406250e+02
2.626684265136718750e+02
2.620360717773437500e+02
2.623194274902343750e+02
2.620137329101562500e+02
2.603307800292968750e+02
2.582811584472656250e+02
2.582020568847656250e+02
2.583874511718750000e+02
2.583544311523437500e+02
2.601419677734375000e+02
2.633980712890625000e+02
2.664137268066406250e+02
2.673700561523437500e+02
2.672205810546875000e+02
2.673273315429687500e+02
2.682907104492187500e+02
2.665569763183593750e+02
2.654078369140625000e+02
2.649498596191406250e+02
2.654194641113281250e+02
2.643835449218750000e+02
2.637565002441406250e+02
2.623037719726562500e+02
2.628888854980468750e+02
2.629041748046875000e+02
2.626903686523437500e+02
2.645123596191406250e+02
2.639979858398437500e+02
2.633920898437500000e+02
2.631764526367187500e+02
2.638211059570312500e+02
2.638275756835937500e+02
2.629453125000000000e+02
2.625395507812500000e+02
2.642358398437500000e+02
2.633931579589843750e+02
2.628143310546875000e+02
2.627693176269531250e+02
2.615644836425781250e+02
2.619619140625000000e+02
2.623612976074218750e+02
2.621158142089843750e+02
2.619426269531250000e+02
2.634262695312500000e+02
2.638283081054687500e+02
2.642567749023437500e+02
2.658303222656250000e+02
2.666835632324218750e+02
2.667716674804687500e+02
2.669284667968750000e+02
2.673889160156250000e+02
2.680015563964843750e+02
2.677434082031250000e+02
2.678272094726562500e+02
2.682290344238281250e+02
2.680503845214843750e+02
2.680330505371093750e+02
2.676186523437500000e+02
2.684270935058593750e+02
2.686998596191406250e+02
2.678117980957031250e+02
2.670585632324218750e+02
2.671642456054687500e+02
2.661565856933593750e+02
2.655871887207031250e+02
2.652217102050781250e+02
2.647173767089843750e+02
2.653476562500000000e+02
2.662893981933593750e+02
2.669710083007812500e+02
2.681283264160156250e+02
2.688215332031250000e+02
2.688524169921875000e+02
2.685508728027343750e+02
2.690852966308593750e+02
2.687350158691406250e+02
2.681647949218750000e+02
2.678856201171875000e+02
2.685846557617187500e+02
2.687014770507812500e+02
2.682036132812500000e+02
2.677877197265625000e+02
2.674706420898437500e+02
2.683789672851562500e+02
2.679058837890625000e+02
2.675777587890625000e+02
2.681274719238281250e+02
2.681543273925781250e+02
2.670139465332031250e+02
2.660804443359375000e+02
2.649310913085937500e+02
2.642902832031250000e+02
2.643153076171875000e+02
2.638858032226562500e+02
2.628728027343750000e+02
2.629261474609375000e+02
2.643382568359375000e+02
2.655086669921875000e+02
2.656454467773437500e+02
2.663824768066406250e+02
2.660609436035156250e+02
2.651552124023437500e+02
2.646058349609375000e+02
2.662290039062500000e+02
2.674742431640625000e+02
2.670721435546875000e+02
2.684360656738281250e+02
2.691120300292968750e+02
2.673005371093750000e+02
2.659642333984375000e+02
2.679252929687500000e+02
2.696687622070312500e+02
2.707931518554687500e+02
2.711163024902343750e+02
2.712001037597656250e+02
2.707374877929687500e+02
2.701755371093750000e+02
2.703173828125000000e+02
2.701265869140625000e+02
2.709165344238281250e+02
2.700165100097656250e+02
2.694539794921875000e+02
2.691794433593750000e+02
2.690231323242187500e+02
2.687733154296875000e+02
2.686224365234375000e+02
2.690092773437500000e+02
2.685090942382812500e+02
2.676825866699218750e+02
2.670942382812500000e+02
2.664227600097656250e+02
2.668400268554687500e+02
2.674323120117187500e+02
2.676979370117187500e+02
2.686034240722656250e+02
2.688150024414062500e+02
2.687759704589843750e+02
2.683825073242187500e+02
2.685507507324218750e+02
2.676731567382812500e+02
2.685869445800781250e+02
2.682882080078125000e+02
2.685519409179687500e+02
2.705664978027343750e+02
2.710655212402343750e+02
2.712637634277343750e+02
2.717076721191406250e+02
2.721270446777343750e+02
2.717657775878906250e+02
2.720695495605468750e+02
2.714339294433593750e+02
2.706372070312500000e+02
2.695268554687500000e+02
2.685636901855468750e+02
2.682385864257812500e+02
2.665957946777343750e+02
2.676899719238281250e+02
2.673960266113281250e+02
2.661324462890625000e+02
2.663277587890625000e+02
2.668003234863281250e+02
2.673981933593750000e+02
2.675090026855468750e+02
2.673648376464843750e+02
2.683303527832031250e+02
2.687188110351562500e+02
2.673160400390625000e+02
2.672283020019531250e+02
2.677950134277343750e+02
2.680280761718750000e+02
2.673034973144531250e+02
