2.670375671386718750e+02
2.674332275390625000e+02
2.677256469726562500e+02
2.665739135742187500e+02
2.659624328613281250e+02
2.671445922851562500e+02
2.675653381347656250e+02
2.670349731445312500e+02
2.674981689453125000e+02
2.690340576171875000e+02
2.698237609863281250e+02
2.698526000976562500e+02
2.704964904785156250e+02
2.701413269042968750e+02
2.697763671875000000e+02
2.695142517089843750e+02
2.687649536132812500e+02
2.675774536132812500e+02
2.664032592773437500e+02
2.664353332519531250e+02
2.647940979003906250e+02
2.635984191894531250e+02
2.632952270507812500e+02
2.632361145019531250e+02
2.635158081054687500e+02
2.639382629394531250e+02
2.650640563964843750e+02
2.660535278320312500e+02
2.663250732421875000e+02
2.675870056152343750e+02
2.689225769042968750e+02
2.696758422851562500e+02
2.690683593750000000e+02
2.663587646484375000e+02
2.657486267089843750e+02
2.651908874511718750e+02
2.659013977050781250e+02
2.674360656738281250e+02
2.681409301757812500e+02
2.663861999511718750e+02
2.666899719238281250e+02
2.690958557128906250e+02
2.692491760253906250e+02
2.702864685058593750e+02
2.704207153320312500e+02
2.702015991210937500e+02
2.693149719238281250e+02
2.691830139160156250e+02
2.691496887207031250e+02
2.683913269042968750e+02
2.680467834472656250e+02
2.678817443847656250e+02
2.667333068847656250e+02
2.669572143554687500e+02
2.675373229980468750e+02
2.666650695800781250e+02
2.668520202636718750e+02
2.669890136718750000e+02
2.677006530761718750e+02
2.668384704589843750e+02
2.667721862792968750e+02
2.673222961425781250e+02
2.676562500000000000e+02
2.674903259277343750e+02
2.674534301757812500e+02
2.669361877441406250e+02
2.670387573242187500e+02
2.662406311035156250e+02
2.670877990722656250e+02
2.671378784179687500e+02
2.673993530273437500e+02
2.681443786621093750e+02
2.690965270996093750e+02
2.681583557128906250e+02
2.678592529296875000e+02
2.683233337402343750e+02
2.686803588867187500e+02
2.688020629882812500e+02
2.686663818359375000e+02
2.684213867187500000e+02
2.683605651855468750e+02
2.686801757812500000e+02
2.688230285644531250e+02
2.681419982910156250e+02
2.677213134765625000e+02
2.675890197753906250e+02
2.681064758300781250e+02
2.682668151855468750e+02
2.685457763671875000e+02
2.684346313476562500e+02
2.686855163574218750e+02
2.695693359375000000e+02
2.704856872558593750e+02
2.705861816406250000e+02
2.705528259277343750e+02
2.691011047363281250e+02
2.681923217773437500e+02
2.679968872070312500e+02
2.681065979003906250e+02
2.676050109863281250e+02
2.672755126953125000e+02
2.674791259765625000e+02
2.676838378906250000e+02
2.671846923828125000e+02
2.683827209472656250e+02
2.699893188476562500e+02
2.703262329101562500e+02
2.703509216308593750e+02
2.700565795898437500e+02
2.700898132324218750e+02
2.697421264648437500e+02
2.701911621093750000e+02
2.700795593261718750e+02
2.698954162597656250e+02
2.706016235351562500e+02
2.710996398925781250e+02
2.714095458984375000e+02
2.714032592773437500e+02
2.708005981445312500e+02
2.702953796386718750e+02
2.696395568847656250e+02
2.685425415039062500e+02
2.670469665527343750e+02
2.668529968261718750e+02
2.674463500976562500e+02
2.683933105468750000e+02
2.690403747558593750e+02
2.691702880859375000e+02
2.691854248046875000e+02
2.684818420410156250e+02
2.673854675292968750e+02
2.674882507324218750e+02
2.675923767089843750e+02
2.664967346191406250e+02
2.665626831054687500e+02
2.651558227539062500e+02
2.649389343261718750e+02
2.649653625488281250e+02
2.650498657226562500e+02
2.646889343261718750e+02
2.651436462402343750e+02
2.687731018066406250e+02
2.703906555175781250e+02
2.712008972167968750e+02
2.708945312500000000e+02
2.687188110351562500e+02
2.668131713867187500e+02
2.653065795898437500e+02
2.655293884277343750e+02
2.678959045410156250e+02
2.699135437011718750e+02
2.709867248535156250e+02
2.714955139160156250e+02
2.720200195312500000e+02
2.718700561523437500e+02
2.713497619628906250e+02
2.719370117187500000e+02
2.717734985351562500e+02
2.723641662597656250e+02
2.724714355468750000e+02
2.721633300781250000e+02
2.708753356933593750e+02
2.702348632812500000e+02
2.689258117675781250e+02
2.678641662597656250e+02
2.678098449707031250e+02
2.688138732910156250e+02
2.701729125976562500e+02
2.712312316894531250e+02
2.705306701660156250e+02
2.704009094238281250e+02
2.701891174316406250e+02
2.696975402832031250e+02
2.684219360351562500e+02
2.677852478027343750e+02
2.676960144042968750e+02
2.675089111328125000e+02
2.670676269531250000e+02
2.670191345214843750e+02
2.661881103515625000e+02
2.648144226074218750e+02
2.639085388183593750e+02
2.639857482910156250e+02
2.662825927734375000e+02
2.673748168945312500e+02
2.670882263183593750e+02
2.661996765136718750e+02
2.657384948730468750e+02
2.648876342773437500e+02
2.641443481445312500e+02
2.635836486816406250e+02
2.650265502929687500e+02
2.657342834472656250e+02
2.641333007812500000e+02
2.650013732910156250e+02
2.634661560058593750e+02
2.622840576171875000e+02
2.608146972656250000e+02
2.599272766113281250e+02
2.602041015625000000e+02
2.611601257324218750e+02
2.620108947753906250e+02
2.627315063476562500e+02
2.649064025878906250e+02
2.671669921875000000e+02
2.688206176757812500e+02
2.692346191406250000e+02
2.703117370605468750e+02
2.707518920898437500e+02
2.699345397949218750e+02
2.698988342285156250e+02
2.699508666992187500e+02
2.689756469726562500e+02
2.682298889160156250e+02
2.678858642578125000e+02
2.673292846679687500e+02
2.661265258789062500e+02
2.647143859863281250e+02
2.642395629882812500e+02
2.649697265625000000e+02
2.646734313964843750e+02
2.638615112304687500e+02
2.640128784179687500e+02
2.656230163574218750e+02
2.663105468750000000e+02
2.684508666992187500e+02
2.700182495117187500e+02
2.710009765625000000e+02
2.708764038085937500e+02
2.703357543945312500e+02
2.705548706054687500e+02
2.708968505859375000e+02
2.709684143066406250e+02
2.698038024902343750e+02
2.703403015136718750e+02
2.704856872558593750e+02
2.704533996582031250e+02
2.708631286621093750e+02
2.697503662109375000e+02
2.673657226562500000e+02
2.673627319335937500e+02
2.670846557617187500e+02
2.667625122070312500e+02
2.670328063964843750e+02
2.669612121582031250e+02
2.657533569335937500e+02
2.659079589843750000e+02
2.662524719238281250e+02
2.655750427246093750e+02
2.654319152832031250e+02
2.673711853027343750e+02
2.703905029296875000e+02
2.716453247070312500e+02
2.708419799804687500e+02
2.704678649902343750e+02
2.710005798339843750e+02
2.714285888671875000e+02
2.716622314453125000e+02
2.716865234375000000e+02
2.704424743652343750e+02
2.670386352539062500e+02
2.636616210937500000e+02
2.631464233398437500e+02
2.626420898437500000e+02
2.621554565429687500e+02
2.615038757324218750e+02
2.609656982421875000e+02
2.598041992187500000e+02
2.596410217285156250e+02
2.583497009277343750e+02
2.595953369140625000e+02
2.610791931152343750e+02
2.633678588867187500e+02
2.655656738281250000e+02
2.677667236328125000e+02
2.691052856445312500e+02
2.701148681640625000e+02
2.711801452636718750e+02
2.703047790527343750e+02
2.689931945800781250e+02
2.705534057617187500e+02
2.705605163574218750e+02
2.706574707031250000e+02
2.718742065429687500e+02
2.725399475097656250e+02
2.721490478515625000e+02
2.716147155761718750e+02
2.700192871093750000e+02
2.685193176269531250e+02
2.668818359375000000e+02
2.670209350585937500e+02
2.693114013671875000e+02
2.712440795898437500e+02
2.713839416503906250e+02
2.701282653808593750e+02
2.695646362304687500e+02
2.700166320800781250e+02
2.691165161132812500e+02
2.689576721191406250e+02
2.693876647949218750e+02
2.688839721679687500e+02
2.672152709960937500e+02
2.671525268554687500e+02
2.681820983886718750e+02
2.671842651367187500e+02
2.658327636718750000e+02
2.675649719238281250e+02
2.674743041992187500e+02
2.673523559570312500e+02
2.666032714843750000e+02
2.671809692382812500e+02
2.673311157226562500e+02
2.672465820312500000e+02
2.666601562500000000e+02
2.653327026367187500e+02
2.630324401855468750e+02
2.608133239746093750e+02
2.587021789550781250e+02
2.581679382324218750e+02
2.579099121093750000e+02
2.581578674316406250e+02
2.582391357421875000e+02
2.606395568847656250e+02
2.621147460937500000e+02
2.644283752441406250e+02
2.657640686035156250e+02
2.662740783691406250e+02
2.652180175781250000e+02
2.643489379882812500e+02
2.627492065429687500e+02
2.617763977050781250e+02
2.609797668457031250e+02
2.603021850585937500e+02
2.600072021484375000e+02
2.599209899902343750e+02
2.600900268554687500e+02
2.595589904785156250e+02
2.575326843261718750e+02
2.552106933593750000e+02
2.537986602783203125e+02
2.529631958007812500e+02
2.525405731201171875e+02
2.515780029296875000e+02
2.506071319580078125e+02
2.509467620849609375e+02
2.493636932373046875e+02
2.491406250000000000e+02
2.486722869873046875e+02
2.489521331787109375e+02
2.486650390625000000e+02
2.490111541748046875e+02
2.499569702148437500e+02
2.520640411376953125e+02
2.525942230224609375e+02
2.537323913574218750e+02
2.538462982177734375e+02
2.544685821533203125e+02
2.538428344726562500e+02
2.545553283691406250e+02
2.539097747802734375e+02
2.530825805664062500e+02
2.518967895507812500e+02
2.510858917236328125e+02
2.501294555664062500e+02
2.497905883789062500e+02
2.501540069580078125e+02
2.509782409667968750e+02
2.517053222656250000e+02
2.531836242675781250e+02
2.541108856201171875e+02
2.547578430175781250e+02
2.543876647949218750e+02
2.537550506591796875e+02
2.531195983886718750e+02
2.546967163085937500e+02
2.554841003417968750e+02
2.576363220214843750e+02
2.586667175292968750e+02
2.595407104492187500e+02
2.607300109863281250e+02
2.610111083984375000e+02
2.620321044921875000e+02
2.616046142578125000e+02
2.589032897949218750e+02
2.572029418945312500e+02
2.567135314941406250e+02
2.566576232910156250e+02
2.565825195312500000e+02
2.565179138183593750e+02
2.565941162109375000e+02
2.581842651367187500e+02
2.580498962402343750e+02
2.587821960449218750e+02
2.598380126953125000e+02
2.605122070312500000e+02
2.606831359863281250e+02
2.597752685546875000e+02
2.599121704101562500e+02
2.599155273437500000e+02
2.610376281738281250e+02
2.612748718261718750e+02
2.610847473144531250e+02
2.613927001953125000e+02
2.616600952148437500e+02
2.613839721679687500e+02
2.603230590820312500e+02
2.597600097656250000e+02
2.600357666015625000e+02
2.607196655273437500e+02
2.617299804687500000e+02
2.633338012695312500e+02
2.651536254882812500e+02
2.664836120605468750e+02
2.677728271484375000e+02
2.684015197753906250e+02
2.666261291503906250e+02
2.642999572753906250e+02
2.630861206054687500e+02
2.625673522949218750e+02
2.630477294921875000e+02
2.635794982910156250e+02
2.659111022949218750e+02
2.694403991699218750e+02
2.703882751464843750e+02
2.703489685058593750e+02
2.701627502441406250e+02
2.707026062011718750e+02
2.700580139160156250e+02
2.699316406250000000e+02
2.690643920898437500e+02
2.676717529296875000e+02
2.655740966796875000e+02
2.634378356933593750e+02
2.623996276855468750e+02
2.620809631347656250e+02
2.630346374511718750e+02
2.639431152343750000e+02
2.642812805175781250e+02
2.651253051757812500e+02
2.654948425292968750e+02
2.658489990234375000e+02
2.649866943359375000e+02
2.643252258300781250e+02
2.630542297363281250e+02
2.611140441894531250e+02
2.595335998535156250e+02
2.595774841308593750e+02
2.623507080078125000e+02
2.653598632812500000e+02
2.658451232910156250e+02
2.662915039062500000e+02
2.678141174316406250e+02
2.679364929199218750e+02
2.678929443359375000e+02
2.681884460449218750e+02
2.676748352050781250e+02
2.672492675781250000e+02
2.659249877929687500e+02
2.651628723144531250e+02
2.641417846679687500e+02
2.636979675292968750e+02
2.640381469726562500e+02
2.643596801757812500e+02
2.644251403808593750e+02
2.637365722656250000e+02
2.622357482910156250e+02
2.625086059570312500e+02
2.640522766113281250e+02
2.650303649902343750e+02
2.659079895019531250e+02
2.665363464355468750e+02
2.664084167480468750e+02
2.654752197265625000e+02
2.647263793945312500e+02
2.641012268066406250e+02
2.659291992187500000e+02
2.650871582031250000e+02
2.622281188964843750e+02
2.611080017089843750e+02
2.606308288574218750e+02
2.608019104003906250e+02
2.608982238769531250e+02
2.603035278320312500e+02
2.622969360351562500e+02
2.610763549804687500e+02
2.591888122558593750e+02
2.596974182128906250e+02
2.586022033691406250e+02
2.569773559570312500e+02
2.563392639160156250e+02
2.576383056640625000e+02
2.607110290527343750e+02
2.623197326660156250e+02
2.603258666992187500e+02
2.565764465332031250e+02
2.527283935546875000e+02
2.519117431640625000e+02
2.516195373535156250e+02
2.518356933593750000e+02
2.513904876708984375e+02
2.516648559570312500e+02
2.526481781005859375e+02
2.521870880126953125e+02
2.526852264404296875e+02
2.542549285888671875e+02
2.558678436279296875e+02
2.580596008300781250e+02
2.594776611328125000e+02
2.607669677734375000e+02
2.628643798828125000e+02
2.644150085449218750e+02
2.655523681640625000e+02
2.655122985839843750e+02
2.648099365234375000e+02
2.635371704101562500e+02
2.610569152832031250e+02
2.589707031250000000e+02
2.559955902099609375e+02
2.544483032226562500e+02
2.528353271484375000e+02
2.517153625488281250e+02
2.519128265380859375e+02
2.518940582275390625e+02
2.520840148925781250e+02
2.531235046386718750e+02
2.543642120361328125e+02
2.547194366455078125e+02
2.536972351074218750e+02
2.555238342285156250e+02
2.586354064941406250e+02
2.623216857910156250e+02
2.663590087890625000e+02
2.684822387695312500e+02
2.690755310058593750e+02
2.684102478027343750e+02
2.672800292968750000e+02
2.665313110351562500e+02
2.666365356445312500e+02
2.697803649902343750e+02
2.705201416015625000e+02
2.708509521484375000e+02
2.711995849609375000e+02
2.711376953125000000e+02
2.706846008300781250e+02
2.708817138671875000e+02
2.710509033203125000e+02
2.716236877441406250e+02
2.717008666992187500e+02
2.705857849121093750e+02
2.684596252441406250e+02
2.665272827148437500e+02
2.668732604980468750e+02
2.664342651367187500e+02
2.660483398437500000e+02
2.657729492187500000e+02
2.637330322265625000e+02
2.634967651367187500e+02
2.636038513183593750e+02
2.644731445312500000e+02
2.646058044433593750e+02
2.643772888183593750e+02
2.630774841308593750e+02
2.605554504394531250e+02
2.626777648925781250e+02
2.644798278808593750e+02
2.583840637207031250e+02
2.573775329589843750e+02
2.588293762207031250e+02
2.602161560058593750e+02
2.597238159179687500e+02
2.579228820800781250e+02
2.553520355224609375e+02
2.546616516113281250e+02
2.547677154541015625e+02
2.541870574951171875e+02
2.541764221191406250e+02
2.533696746826171875e+02
2.536560058593750000e+02
2.535830993652343750e+02
2.548726654052734375e+02
2.542445068359375000e+02
2.543706665039062500e+02
2.539630889892578125e+02
2.545437927246093750e+02
2.557270202636718750e+02
2.566189880371093750e+02
2.570061340332031250e+02
2.566135864257812500e+02
2.552889099121093750e+02
2.547598876953125000e+02
2.543764953613281250e+02
2.536375885009765625e+02
2.530191955566406250e+02
2.522204284667968750e+02
2.516200256347656250e+02
2.526705017089843750e+02
2.528922729492187500e+02
2.550437927246093750e+02
2.567294006347656250e+02
2.535865020751953125e+02
2.527225036621093750e+02
2.521953277587890625e+02
2.522173461914062500e+02
2.522895812988281250e+02
2.531433563232421875e+02
2.561314392089843750e+02
2.577961425781250000e+02
2.595217895507812500e+02
2.617550659179687500e+02
2.642196655273437500e+02
2.656045227050781250e+02
2.656280822753906250e+02
2.640240783691406250e+02
2.621235046386718750e+02
2.582655029296875000e+02
2.527441406250000000e+02
2.532369842529296875e+02
2.537424468994140625e+02
2.542878417968750000e+02
2.553292999267578125e+02
2.557601623535156250e+02
2.554660034179687500e+02
2.580708007812500000e+02
2.603984375000000000e+02
2.628704833984375000e+02
2.658221435546875000e+02
2.694621276855468750e+02
2.708294067382812500e+02
2.718776855468750000e+02
2.717547912597656250e+02
2.719191894531250000e+02
2.713932189941406250e+02
2.704953308105468750e+02
2.702305297851562500e+02
2.708267211914062500e+02
2.704560852050781250e+02
2.707131042480468750e+02
2.683636169433593750e+02
2.703424377441406250e+02
2.716067504882812500e+02
2.711109313964843750e+02
2.714341735839843750e+02
2.714396972656250000e+02
2.715308532714843750e+02
2.707159118652343750e+02
2.712803649902343750e+02
2.705342407226562500e+02
2.678279724121093750e+02
2.668004150390625000e+02
2.657314147949218750e+02
2.640595397949218750e+02
2.612779235839843750e+02
2.552033996582031250e+02
2.560545959472656250e+02
2.537844848632812500e+02
2.553750610351562500e+02
2.545450897216796875e+02
2.512250061035156250e+02
2.514061431884765625e+02
2.514896545410156250e+02
2.516844024658203125e+02
2.517297515869140625e+02
2.522588958740234375e+02
2.538346252441406250e+02
2.538666229248046875e+02
2.533858032226562500e+02
2.545894775390625000e+02
2.576340942382812500e+02
2.602745361328125000e+02
2.624310913085937500e+02
2.632395629882812500e+02
2.632477416992187500e+02
2.639246826171875000e+02
2.611488952636718750e+02
2.572586975097656250e+02
2.537039184570312500e+02
2.532476806640625000e+02
2.553842620849609375e+02
2.614767150878906250e+02
2.663402099609375000e+02
2.675784301757812500e+02
2.606907653808593750e+02
2.553164367675781250e+02
2.547158813476562500e+02
2.591350402832031250e+02
2.623685607910156250e+02
2.600343933105468750e+02
2.600947875976562500e+02
2.634185485839843750e+02
2.647455139160156250e+02
2.601450500488281250e+02
2.631642761230468750e+02
2.666776428222656250e+02
2.585547485351562500e+02
2.584526977539062500e+02
2.591539611816406250e+02
2.594932556152343750e+02
2.647687683105468750e+02
2.684484863281250000e+02
2.709497070312500000e+02
2.711246337890625000e+02
2.638183593750000000e+02
2.588705139160156250e+02
2.565780029296875000e+02
2.540556793212890625e+02
2.543681640625000000e+02
2.577024230957031250e+02
2.608049316406250000e+02
2.576462097167968750e+02
2.590087280273437500e+02
2.603939208984375000e+02
2.597706604003906250e+02
2.583297424316406250e+02
2.559373016357421875e+02
2.538176269531250000e+02
2.503345336914062500e+02
2.491394653320312500e+02
2.495686340332031250e+02
2.513255615234375000e+02
2.520948486328125000e+02
2.509436340332031250e+02
2.510738372802734375e+02
2.551321411132812500e+02
2.610138549804687500e+02
2.624180908203125000e+02
2.635879211425781250e+02
2.603848571777343750e+02
2.570903625488281250e+02
2.591759643554687500e+02
2.654443359375000000e+02
2.659201354980468750e+02
2.629135437011718750e+02
2.600881042480468750e+02
2.568130798339843750e+02
2.564984741210937500e+02
2.629430541992187500e+02
2.663471984863281250e+02
2.606341857910156250e+02
2.583775634765625000e+02
2.557654418945312500e+02
2.578843994140625000e+02
2.544118194580078125e+02
2.534432220458984375e+02
2.611567382812500000e+02
2.675566101074218750e+02
2.695513916015625000e+02
2.699281616210937500e+02
2.685524291992187500e+02
2.702529602050781250e+02
2.700281372070312500e+02
2.667023620605468750e+02
2.658214721679687500e+02
2.680975952148437500e+02
2.689953613281250000e+02
2.680507202148437500e+02
2.686206359863281250e+02
2.672533264160156250e+02
2.641690368652343750e+02
2.618166198730468750e+02
2.609184570312500000e+02
2.619980163574218750e+02
2.636172790527343750e+02
2.640664672851562500e+02
2.648795776367187500e+02
2.638531494140625000e+02
2.613552856445312500e+02
2.583147277832031250e+02
2.564808349609375000e+02
2.544612274169921875e+02
2.562332153320312500e+02
2.527529907226562500e+02
2.540994873046875000e+02
2.557702331542968750e+02
2.582202453613281250e+02
2.617570495605468750e+02
2.619381103515625000e+02
2.596765136718750000e+02
2.575546569824218750e+02
2.572730712890625000e+02
2.576183166503906250e+02
2.549359741210937500e+02
2.555675659179687500e+02
2.546168518066406250e+02
2.525915069580078125e+02
2.514983062744140625e+02
2.504048919677734375e+02
2.519525451660156250e+02
2.504253997802734375e+02
2.489564666748046875e+02
2.483532714843750000e+02
2.482150115966796875e+02
2.479783172607421875e+02
2.480043792724609375e+02
2.484339294433593750e+02
2.489659423828125000e+02
2.494801025390625000e+02
2.500734710693359375e+02
2.508232727050781250e+02
2.548856201171875000e+02
2.622997741699218750e+02
2.644143981933593750e+02
2.636759948730468750e+02
2.633570861816406250e+02
2.647984619140625000e+02
2.641719665527343750e+02
2.623917846679687500e+02
2.616207580566406250e+02
2.594827575683593750e+02
2.582677612304687500e+02
2.595593566894531250e+02
2.586006164550781250e+02
2.589724426269531250e+02
2.592978820800781250e+02
2.612558288574218750e+02
2.606955261230468750e+02
2.593965759277343750e+02
2.568566589355468750e+02
2.570476989746093750e+02
2.576070861816406250e+02
2.601723327636718750e+02
2.617037048339843750e+02
2.640122375488281250e+02
2.657457580566406250e+02
2.666145019531250000e+02
2.652649536132812500e+02
2.660830383300781250e+02
2.661140136718750000e+02
2.660749511718750000e+02
2.644615173339843750e+02
2.660293273925781250e+02
2.656832275390625000e+02
2.645104064941406250e+02
2.642412109375000000e+02
2.634622497558593750e+02
2.622553710937500000e+02
2.590532531738281250e+02
2.584779357910156250e+02
2.546221618652343750e+02
2.551741027832031250e+02
2.553088989257812500e+02
2.563678894042968750e+02
2.554241638183593750e+02
2.532274475097656250e+02
2.549058074951171875e+02
2.557741699218750000e+02
2.533534698486328125e+02
2.492537994384765625e+02
2.483768005371093750e+02
2.475506286621093750e+02
2.503170928955078125e+02
2.537420501708984375e+02
2.524969635009765625e+02
2.494783630371093750e+02
2.519128265380859375e+02
2.584003295898437500e+02
2.598892517089843750e+02
2.564637756347656250e+02
2.545751647949218750e+02
2.542753448486328125e+02
2.545792846679687500e+02
2.558036956787109375e+02
2.578841247558593750e+02
2.577008666992187500e+02
2.553686676025390625e+02
2.561104125976562500e+02
2.602500915527343750e+02
2.608098449707031250e+02
2.578292541503906250e+02
2.528403625488281250e+02
2.507162017822265625e+02
2.492598724365234375e+02
2.497697906494140625e+02
2.503447570800781250e+02
2.554816284179687500e+02
2.603484191894531250e+02
2.616047973632812500e+02
2.624674377441406250e+02
2.631910705566406250e+02
2.639689636230468750e+02
2.669121398925781250e+02
2.665051269531250000e+02
2.649656982421875000e+02
2.623309936523437500e+02
2.624982604980468750e+02
2.617118835449218750e+02
2.592439575195312500e+02
2.567159423828125000e+02
2.571228637695312500e+02
2.583311157226562500e+02
2.602201232910156250e+02
2.628922119140625000e+02
2.646955566406250000e+02
2.659396972656250000e+02
2.645490112304687500e+02
2.648030700683593750e+02
2.649424133300781250e+02
2.660659484863281250e+02
2.661013183593750000e+02
2.645982055664062500e+02
2.630565795898437500e+02
2.629151000976562500e+02
2.627626647949218750e+02
2.643954772949218750e+02
2.639801635742187500e+02
2.634299316406250000e+02
2.635256652832031250e+02
2.631117553710937500e+02
2.616298217773437500e+02
2.620961914062500000e+02
2.634709777832031250e+02
2.633981323242187500e+02
2.608644409179687500e+02
2.594351806640625000e+02
2.581325988769531250e+02
2.577257080078125000e+02
2.579052429199218750e+02
2.596519775390625000e+02
2.598745727539062500e+02
2.608424987792968750e+02
2.596970214843750000e+02
2.591134948730468750e+02
2.604743347167968750e+02
2.622701110839843750e+02
2.604703979492187500e+02
2.564396362304687500e+02
2.553021240234375000e+02
2.535093231201171875e+02
2.539847869873046875e+02
2.550501861572265625e+02
2.577052612304687500e+02
2.614908752441406250e+02
2.674389648437500000e+02
2.701910095214843750e+02
2.709869995117187500e+02
2.703081359863281250e+02
2.717617492675781250e+02
2.717207336425781250e+02
2.673905639648437500e+02
2.654793395996093750e+02
2.597447509765625000e+02
2.573556518554687500e+02
2.562373046875000000e+02
2.571378784179687500e+02
2.581406250000000000e+02
2.550078430175781250e+02
2.546179962158203125e+02
2.567583923339843750e+02
2.563183898925781250e+02
2.551885833740234375e+02
2.501307373046875000e+02
2.493293304443359375e+02
2.505300140380859375e+02
2.527637329101562500e+02
2.596496276855468750e+02
2.655650634765625000e+02
2.698404846191406250e+02
2.716346740722656250e+02
2.697319641113281250e+02
2.665347900390625000e+02
2.646514892578125000e+02
2.574552917480468750e+02
2.535759277343750000e+02
2.534249725341796875e+02
2.512409057617187500e+02
2.501511383056640625e+02
2.489687500000000000e+02
2.475051727294921875e+02
2.458657684326171875e+02
2.443547363281250000e+02
2.445837249755859375e+02
2.447847595214843750e+02
2.452172698974609375e+02
2.471586303710937500e+02
2.465321960449218750e+02
2.474184265136718750e+02
2.501615447998046875e+02
2.538631134033203125e+02
2.561659240722656250e+02
2.574960327148437500e+02
2.575309143066406250e+02
2.535410308837890625e+02
2.536174926757812500e+02
2.557889404296875000e+02
2.593034667968750000e+02
2.606427612304687500e+02
2.602052001953125000e+02
2.604799499511718750e+02
2.619803771972656250e+02
2.637766723632812500e+02
2.642033386230468750e+02
2.641178588867187500e+02
2.651530151367187500e+02
2.655935668945312500e+02
2.660724792480468750e+02
2.663540344238281250e+02
2.666179504394531250e+02
2.668794555664062500e+02
2.678755493164062500e+02
2.686253662109375000e+02
2.705702819824218750e+02
2.706088562011718750e+02
2.709990539550781250e+02
2.705722045898437500e+02
2.701590576171875000e+02
2.699857177734375000e+02
2.668246459960937500e+02
2.635469665527343750e+02
2.626205749511718750e+02
2.619899291992187500e+02
2.592728576660156250e+02
2.562926940917968750e+02
2.564278564453125000e+02
2.552076873779296875e+02
2.543600311279296875e+02
2.557463378906250000e+02
2.598972167968750000e+02
2.645979614257812500e+02
2.639309997558593750e+02
2.636250610351562500e+02
2.636245727539062500e+02
2.635629577636718750e+02
2.657558898925781250e+02
2.696083068847656250e+02
2.676493225097656250e+02
2.648288574218750000e+02
2.654639282226562500e+02
2.665652770996093750e+02
2.666347045898437500e+02
2.651549072265625000e+02
2.603550109863281250e+02
2.607593688964843750e+02
2.615808105468750000e+02
2.605310668945312500e+02
2.601561584472656250e+02
2.589837951660156250e+02
2.616807250976562500e+02
2.617554626464843750e+02
2.607726135253906250e+02
2.597364807128906250e+02
2.587835693359375000e+02
2.562046203613281250e+02
2.560193176269531250e+02
2.591871948242187500e+02
2.640121154785156250e+02
2.672270812988281250e+02
2.681387634277343750e+02
2.669006347656250000e+02
2.689750061035156250e+02
2.697486877441406250e+02
2.690635070800781250e+02
2.685224304199218750e+02
2.681850891113281250e+02
2.670883483886718750e+02
2.645671386718750000e+02
2.643960876464843750e+02
2.649014587402343750e+02
2.661842346191406250e+02
2.652241516113281250e+02
2.653942871093750000e+02
2.684078063964843750e+02
2.708108520507812500e+02
2.703215942382812500e+02
2.691658325195312500e+02
2.695350646972656250e+02
2.691290588378906250e+02
2.669888610839843750e+02
2.659890136718750000e+02
2.663189392089843750e+02
2.665692138671875000e+02
2.655689392089843750e+02
2.630807495117187500e+02
2.625851745605468750e+02
2.613589782714843750e+02
2.586275634765625000e+02
2.569020385742187500e+02
2.563443603515625000e+02
2.563607177734375000e+02
2.609807739257812500e+02
2.609710693359375000e+02
2.591492919921875000e+02
2.568653259277343750e+02
2.539635925292968750e+02
2.540676116943359375e+02
2.562767944335937500e+02
2.573509826660156250e+02
2.581135864257812500e+02
2.555897827148437500e+02
2.562465820312500000e+02
2.564581298828125000e+02
2.542205963134765625e+02
2.529822692871093750e+02
2.542708740234375000e+02
2.536416931152343750e+02
2.528743591308593750e+02
2.531988525390625000e+02
2.544617614746093750e+02
2.550264739990234375e+02
2.542294769287109375e+02
2.538790283203125000e+02
2.533446807861328125e+02
2.538589019775390625e+02
2.541374206542968750e+02
2.546356353759765625e+02
2.564773559570312500e+02
2.585669555664062500e+02
2.603290100097656250e+02
2.610157470703125000e+02
2.617644348144531250e+02
2.630889892578125000e+02
2.638812866210937500e+02
2.639863281250000000e+02
2.661618041992187500e+02
2.673558044433593750e+02
2.668808898925781250e+02
2.666622009277343750e+02
2.659165954589843750e+02
2.654014587402343750e+02
2.648186645507812500e+02
2.644140319824218750e+02
2.664299316406250000e+02
2.676761474609375000e+02
2.679247436523437500e+02
2.679783325195312500e+02
2.694432373046875000e+02
2.715367126464843750e+02
2.689888305664062500e+02
2.684373168945312500e+02
2.674031677246093750e+02
2.665152893066406250e+02
2.645390319824218750e+02
2.642378540039062500e+02
2.631630859375000000e+02
2.618154602050781250e+02
2.651964111328125000e+02
2.684485168457031250e+02
2.687455749511718750e+02
2.660602416992187500e+02
2.611542663574218750e+02
2.584842834472656250e+02
2.610557250976562500e+02
2.655612182617187500e+02
2.659558410644531250e+02
2.656778259277343750e+02
2.668914794921875000e+02
2.660982971191406250e+02
2.597947082519531250e+02
2.554588470458984375e+02
2.567930603027343750e+02
2.576638793945312500e+02
2.592451782226562500e+02
2.642622985839843750e+02
2.690227966308593750e+02
2.700144958496093750e+02
2.697784118652343750e+02
2.690738525390625000e+02
2.683578186035156250e+02
2.659158020019531250e+02
2.629221801757812500e+02
2.623275451660156250e+02
2.646789245605468750e+02
2.662043457031250000e+02
2.672347106933593750e+02
2.682726135253906250e+02
2.691537170410156250e+02
2.691716308593750000e+02
2.681133728027343750e+02
2.681133117675781250e+02
2.675558776855468750e+02
2.690558471679687500e+02
2.677564392089843750e+02
2.667205505371093750e+02
2.674882812500000000e+02
2.681203613281250000e+02
2.679360656738281250e+02
2.680347900390625000e+02
2.676003417968750000e+02
2.651618041992187500e+02
2.654491271972656250e+02
2.670069274902343750e+02
2.707864685058593750e+02
2.711046142578125000e+02
2.713668823242187500e+02
2.704944458007812500e+02
2.702276306152343750e+02
2.690091857910156250e+02
2.683106994628906250e+02
2.682083740234375000e+02
2.680528564453125000e+02
2.668767395019531250e+02
2.675901184082031250e+02
2.692004699707031250e+02
2.686404113769531250e+02
2.663612365722656250e+02
2.663453063964843750e+02
2.659443054199218750e+02
2.657732543945312500e+02
2.664277648925781250e+02
2.643252868652343750e+02
2.632701416015625000e+02
2.637862243652343750e+02
2.670867614746093750e+02
2.701910705566406250e+02
2.718028564453125000e+02
2.711519165039062500e+02
2.691566162109375000e+02
2.671548461914062500e+02
2.659477233886718750e+02
2.645752563476562500e+02
2.657838134765625000e+02
2.682618713378906250e+02
2.695354614257812500e+02
2.701917114257812500e+02
2.697308654785156250e+02
2.685694274902343750e+02
2.672742614746093750e+02
2.660321350097656250e+02
2.662572937011718750e+02
2.661406860351562500e+02
2.656393127441406250e+02
2.654497375488281250e+02
2.639623107910156250e+02
2.635926513671875000e+02
2.608544311523437500e+02
2.626740417480468750e+02
2.618062438964843750e+02
2.605499267578125000e+02
2.604878845214843750e+02
2.629697265625000000e+02
2.639411621093750000e+02
2.624039916992187500e+02
2.611483764648437500e+02
2.632483520507812500e+02
2.648057556152343750e+02
2.652551574707031250e+02
2.634956665039062500e+02
2.675961608886718750e+02
2.683544921875000000e+02
2.673177185058593750e+02
2.642893066406250000e+02
2.655522460937500000e+02
2.655406799316406250e+02
2.640428466796875000e+02
2.632713317871093750e+02
2.642819824218750000e+02
2.651548767089843750e+02
2.656716918945312500e+02
2.642107238769531250e+02
2.654695739746093750e+02
2.657177124023437500e+02
2.647008361816406250e+02
2.640051269531250000e+02
2.664151916503906250e+02
2.664643554687500000e+02
2.656818542480468750e+02
2.657702026367187500e+02
2.665025939941406250e+02
2.653960571289062500e+02
2.655583190917968750e+02
2.648640747070312500e+02
2.657695617675781250e+02
2.655780334472656250e+02
2.631029357910156250e+02
2.631227416992187500e+02
2.648000488281250000e+02
2.642855529785156250e+02
2.650212402343750000e+02
2.663567504882812500e+02
2.695457458496093750e+02
2.707110290527343750e+02
2.705172729492187500e+02
2.702752075195312500e+02
2.711551818847656250e+02
2.715697937011718750e+02
2.717223205566406250e+02
2.714095764160156250e+02
2.717504272460937500e+02
2.710460815429687500e+02
2.705542907714843750e+02
2.705233764648437500e+02
2.698571777343750000e+02
2.693872375488281250e+02
2.685415954589843750e+02
2.684049682617187500e+02
2.679262695312500000e+02
2.672176208496093750e+02
2.675503845214843750e+02
2.672805175781250000e+02
2.663228149414062500e+02
2.651499633789062500e+02
2.657673645019531250e+02
2.653302612304687500e+02
2.666403503417968750e+02
2.655982360839843750e+02
2.657084960937500000e+02
2.651474304199218750e+02
2.666122436523437500e+02
2.654078979492187500e+02
2.645424194335937500e+02
2.638230590820312500e+02
2.644948425292968750e+02
2.648562622070312500e+02
2.654908447265625000e+02
2.653409423828125000e+02
2.665274047851562500e+02
2.658395080566406250e+02
2.658374023437500000e+02
2.660327148437500000e+02
2.672145385742187500e+02
2.652224121093750000e+02
2.667009582519531250e+02
2.667634277343750000e+02
2.676472778320312500e+02
2.660531311035156250e+02
2.669688415527343750e+02
2.668289794921875000e+02
2.671983947753906250e+02
2.655900268554687500e+02
2.667011413574218750e+02
2.663700561523437500e+02
2.660112304687500000e+02
2.650974121093750000e+02
2.661552429199218750e+02
2.658515014648437500e+02
2.674742736816406250e+02
2.676214599609375000e+02
2.674746704101562500e+02
2.669580688476562500e+02
2.663147277832031250e+02
2.656274719238281250e+02
2.663849792480468750e+02
2.664258728027343750e+02
2.670919799804687500e+02
2.675446777343750000e+02
2.682926330566406250e+02
2.681800842285156250e+02
2.695355529785156250e+02
2.700889892578125000e+02
2.701138916015625000e+02
2.694683837890625000e+02
2.691841125488281250e+02
2.684564819335937500e+02
2.680623474121093750e+02
2.675178833007812500e+02
2.676681518554687500e+02
2.672438964843750000e+02
2.680288696289062500e+02
2.684361572265625000e+02
2.672576904296875000e+02
2.671510620117187500e+02
2.683446655273437500e+02
2.684166259765625000e+02
2.688672790527343750e+02
2.689790954589843750e+02
2.695498962402343750e+02
2.695094604492187500e+02
2.691917724609375000e+02
2.679069519042968750e+02
2.682204284667968750e+02
2.677656860351562500e+02
2.682908630371093750e+02
2.688158264160156250e+02
2.687240295410156250e+02
2.683722839355468750e+02
2.683599853515625000e+02
2.693818054199218750e+02
2.702863159179687500e+02
2.707736816406250000e+02
2.701346130371093750e+02
2.715284729003906250e+02
2.719739990234375000e+02
2.718995361328125000e+02
2.719957885742187500e+02
2.716872253417968750e+02
2.703039550781250000e+02
2.697997131347656250e+02
2.690562438964843750e+02
2.686440734863281250e+02
2.667850952148437500e+02
2.655379638671875000e+02
2.650310668945312500e+02
2.640557861328125000e+02
2.663959655761718750e+02
2.672266540527343750e+02
2.662119445800781250e+02
2.667022094726562500e+02
2.675244750976562500e+02
2.678997497558593750e+02
2.672789611816406250e+02
2.670381774902343750e+02
2.669440917968750000e+02
2.667679138183593750e+02
2.674319458007812500e+02
2.675611267089843750e+02
2.681296081542968750e+02
2.684272155761718750e+02
2.688808898925781250e+02
2.698047485351562500e+02
2.696336975097656250e+02
2.690278625488281250e+02
2.706414184570312500e+02
2.702315673828125000e+02
2.703532714843750000e+02
2.705175170898437500e+02
2.700735473632812500e+02
2.693869018554687500e+02
2.701862182617187500e+02
2.691636962890625000e+02
2.695539550781250000e+02
2.694094848632812500e+02
2.702277526855468750e+02
2.695252380371093750e+02
2.702723999023437500e+02
2.702547302246093750e+02
2.698526306152343750e+02
2.689517517089843750e+02
2.702193908691406250e+02
2.698001708984375000e+02
2.698307189941406250e+02
2.689104919433593750e+02
2.680628356933593750e+02
2.678819274902343750e+02
2.695242309570312500e+02
2.693067016601562500e+02
2.697461547851562500e+02
2.689533386230468750e+02
2.688504028320312500e+02
2.686094360351562500e+02
2.681529235839843750e+02
2.674187927246093750e+02
2.687337036132812500e+02
2.685830688476562500e+02
2.684995117187500000e+02
2.683270263671875000e+02
2.699735107421875000e+02
2.700223083496093750e+02
2.702745971679687500e+02
2.710779113769531250e+02
2.716243286132812500e+02
2.715057373046875000e+02
2.706419982910156250e+02
2.701858215332031250e+02
2.706407470703125000e+02
2.706713562011718750e+02
2.693188171386718750e+02
2.696695556640625000e+02
2.705170288085937500e+02
2.700722961425781250e+02
2.714734191894531250e+02
2.718182067871093750e+02
2.706391296386718750e+02
2.696927795410156250e+02
2.704945983886718750e+02
2.706418762207031250e+02
2.710622558593750000e+02
2.709071960449218750e+02
2.705261840820312500e+02
2.704961853027343750e+02
2.709876098632812500e+02
2.707651062011718750e+02
2.701563720703125000e+02
2.692361755371093750e+02
2.692078247070312500e+02
2.681461486816406250e+02
2.689761962890625000e+02
