2.730786437988281250e+02
2.730884704589843750e+02
2.727377929687500000e+02
2.733368530273437500e+02
2.732270202636718750e+02
2.726290283203125000e+02
2.724097595214843750e+02
2.729168701171875000e+02
2.731963500976562500e+02
2.723360900878906250e+02
2.720049743652343750e+02
2.728638610839843750e+02
2.728980407714843750e+02
2.717840270996093750e+02
2.717032165527343750e+02
2.726219787597656250e+02
2.726964111328125000e+02
2.722091369628906250e+02
2.723908691406250000e+02
2.729602661132812500e+02
2.728386230468750000e+02
2.724395446777343750e+02
2.722547607421875000e+02
2.721216125488281250e+02
2.716711120605468750e+02
2.719956054687500000e+02
2.718068847656250000e+02
2.710524597167968750e+02
2.709398193359375000e+02
2.715053100585937500e+02
2.710884704589843750e+02
2.705006713867187500e+02
2.707513732910156250e+02
2.713721313476562500e+02
2.715795288085937500e+02
2.713260498046875000e+02
2.710353393554687500e+02
2.713526000976562500e+02
2.716694030761718750e+02
2.725917358398437500e+02
2.725707702636718750e+02
2.724876098632812500e+02
2.723423156738281250e+02
2.727281188964843750e+02
2.729641723632812500e+02
2.726274414062500000e+02
2.724559020996093750e+02
2.725517272949218750e+02
2.726351623535156250e+02
2.723244018554687500e+02
2.722668762207031250e+02
2.727689819335937500e+02
2.726829833984375000e+02
2.724729919433593750e+02
2.719034423828125000e+02
2.707477722167968750e+02
2.696342773437500000e+02
2.678506774902343750e+02
2.667105712890625000e+02
2.655338745117187500e+02
2.655374450683593750e+02
2.667771606445312500e+02
2.673559570312500000e+02
2.670180969238281250e+02
2.675164794921875000e+02
2.681726074218750000e+02
2.688195800781250000e+02
2.680197753906250000e+02
2.683685607910156250e+02
2.693802185058593750e+02
2.694028930664062500e+02
2.689772033691406250e+02
2.693112487792968750e+02
2.702228393554687500e+02
2.707494201660156250e+02
2.708620605468750000e+02
2.711727905273437500e+02
2.709516906738281250e+02
2.707855224609375000e+02
2.705888977050781250e+02
2.708808288574218750e+02
2.709487304687500000e+02
2.706488647460937500e+02
2.715158081054687500e+02
2.713918457031250000e+02
2.708475952148437500e+02
2.700979614257812500e+02
2.689852294921875000e+02
2.683535156250000000e+02
2.682977294921875000e+02
2.670670166015625000e+02
2.663390808105468750e+02
2.658360595703125000e+02
2.655943603515625000e+02
2.652373962402343750e+02
2.654603576660156250e+02
2.665256042480468750e+02
2.671589660644531250e+02
2.678757934570312500e+02
2.691931762695312500e+02
2.695476989746093750e+02
2.697410278320312500e+02
2.698665466308593750e+02
2.702753601074218750e+02
2.706522521972656250e+02
2.702075500488281250e+02
2.700033264160156250e+02
2.698323669433593750e+02
2.704273986816406250e+02
2.709209899902343750e+02
2.715575256347656250e+02
2.718075866699218750e+02
2.720624084472656250e+02
2.717159423828125000e+02
2.718280334472656250e+02
2.711050109863281250e+02
2.710719299316406250e+02
2.706832885742187500e+02
2.706653442382812500e+02
2.711795349121093750e+02
2.716309814453125000e+02
2.718368225097656250e+02
2.722638854980468750e+02
2.724411926269531250e+02
2.720962219238281250e+02
2.718046875000000000e+02
2.717079467773437500e+02
2.716977539062500000e+02
2.717846984863281250e+02
2.716298828125000000e+02
2.716496276855468750e+02
2.713545837402343750e+02
2.712478637695312500e+02
2.702554016113281250e+02
2.691295166015625000e+02
2.684351501464843750e+02
2.683565368652343750e+02
2.685542907714843750e+02
2.694911499023437500e+02
2.696691284179687500e+02
2.693633728027343750e+02
2.694512023925781250e+02
2.687702941894531250e+02
2.680476379394531250e+02
2.692680664062500000e+02
2.706219482421875000e+02
2.711736755371093750e+02
2.715281066894531250e+02
2.708593139648437500e+02
2.694223022460937500e+02
2.692383422851562500e+02
2.696998596191406250e+02
2.707259216308593750e+02
2.713370361328125000e+02
2.710970458984375000e+02
2.703752136230468750e+02
2.690402526855468750e+02
2.682850952148437500e+02
2.689334106445312500e+02
2.690150756835937500e+02
2.699827880859375000e+02
2.711542663574218750e+02
2.714652099609375000e+02
2.716864624023437500e+02
2.717561950683593750e+02
2.718202209472656250e+02
2.717675781250000000e+02
2.721200866699218750e+02
2.714947814941406250e+02
2.708579101562500000e+02
2.694113159179687500e+02
2.693277587890625000e+02
2.696879882812500000e+02
2.703290405273437500e+02
2.708074951171875000e+02
2.708916015625000000e+02
2.703014831542968750e+02
2.695902709960937500e+02
2.693736572265625000e+02
2.669637756347656250e+02
2.658485107421875000e+02
2.669419555664062500e+02
2.678978576660156250e+02
2.686115112304687500e+02
2.698061828613281250e+02
2.707137145996093750e+02
2.710805969238281250e+02
2.720779724121093750e+02
2.711532287597656250e+02
2.701743164062500000e+02
2.703608398437500000e+02
2.700681152343750000e+02
2.676524047851562500e+02
2.658323059082031250e+02
2.654450683593750000e+02
2.641103210449218750e+02
2.639689636230468750e+02
2.637476501464843750e+02
2.640422058105468750e+02
2.639212341308593750e+02
2.630257263183593750e+02
2.633506469726562500e+02
2.642135925292968750e+02
2.646264953613281250e+02
2.653691101074218750e+02
2.655507812500000000e+02
2.664886779785156250e+02
2.671657714843750000e+02
2.676006469726562500e+02
2.678404235839843750e+02
2.670298767089843750e+02
2.658845214843750000e+02
2.648982849121093750e+02
2.646101379394531250e+02
2.646071472167968750e+02
2.636849975585937500e+02
2.639727478027343750e+02
2.638596191406250000e+02
2.642756042480468750e+02
2.646321105957031250e+02
2.652124023437500000e+02
2.656127014160156250e+02
2.666487426757812500e+02
2.666501770019531250e+02
2.668375549316406250e+02
2.654963073730468750e+02
2.650984497070312500e+02
2.645205383300781250e+02
2.652448730468750000e+02
2.656394958496093750e+02
2.673499450683593750e+02
2.679944763183593750e+02
2.688725280761718750e+02
2.689096679687500000e+02
2.693429565429687500e+02
2.686972961425781250e+02
2.684327087402343750e+02
2.684610900878906250e+02
2.678407592773437500e+02
2.689847106933593750e+02
2.695112304687500000e+02
2.708115234375000000e+02
2.716035156250000000e+02
2.699275817871093750e+02
2.697966003417968750e+02
2.709786682128906250e+02
2.718425292968750000e+02
2.716316223144531250e+02
2.716147766113281250e+02
2.718648681640625000e+02
2.716932678222656250e+02
2.717181701660156250e+02
2.712940063476562500e+02
2.711958923339843750e+02
2.702935485839843750e+02
2.702418518066406250e+02
2.699346313476562500e+02
2.698024597167968750e+02
2.691944274902343750e+02
2.652310485839843750e+02
2.635633850097656250e+02
2.621514892578125000e+02
2.614100646972656250e+02
2.602553710937500000e+02
2.605306701660156250e+02
2.604273071289062500e+02
2.610057678222656250e+02
2.613953552246093750e+02
2.617679748535156250e+02
2.624487915039062500e+02
2.639534301757812500e+02
2.648278503417968750e+02
2.640043029785156250e+02
2.635057373046875000e+02
2.655874938964843750e+02
2.675420227050781250e+02
2.671151733398437500e+02
2.649848937988281250e+02
2.636764526367187500e+02
2.631867675781250000e+02
2.631844787597656250e+02
2.628592834472656250e+02
2.634043273925781250e+02
2.642236633300781250e+02
2.652726135253906250e+02
2.656188049316406250e+02
2.662575683593750000e+02
2.658224182128906250e+02
2.656650390625000000e+02
2.654508361816406250e+02
2.643471069335937500e+02
2.630403442382812500e+02
2.620645141601562500e+02
2.623673706054687500e+02
2.627986450195312500e+02
2.638168334960937500e+02
2.640906677246093750e+02
2.634245605468750000e+02
2.608851013183593750e+02
2.597186584472656250e+02
2.599125061035156250e+02
2.609655456542968750e+02
2.608548889160156250e+02
2.623286132812500000e+02
2.633304748535156250e+02
2.630305175781250000e+02
2.625360412597656250e+02
2.624411010742187500e+02
2.620385742187500000e+02
2.620665893554687500e+02
2.613509216308593750e+02
2.613410034179687500e+02
2.609960327148437500e+02
2.585616149902343750e+02
2.582164916992187500e+02
2.581642150878906250e+02
2.589270324707031250e+02
2.594068603515625000e+02
2.604664306640625000e+02
2.617872009277343750e+02
2.625107116699218750e+02
2.623928222656250000e+02
2.630552062988281250e+02
2.636100158691406250e+02
2.639749755859375000e+02
2.630182189941406250e+02
2.632513732910156250e+02
2.634985046386718750e+02
2.644447937011718750e+02
2.650395812988281250e+02
2.667569274902343750e+02
2.683791198730468750e+02
2.690231018066406250e+02
2.685520019531250000e+02
2.689271545410156250e+02
2.688545837402343750e+02
2.690364990234375000e+02
2.689661560058593750e+02
2.685859985351562500e+02
2.687743225097656250e+02
2.684754638671875000e+02
2.674757995605468750e+02
2.664681396484375000e+02
2.661345520019531250e+02
2.662229003906250000e+02
2.663908081054687500e+02
2.669808044433593750e+02
2.680068664550781250e+02
2.683990783691406250e+02
2.684485168457031250e+02
2.682359008789062500e+02
2.673136901855468750e+02
2.663113403320312500e+02
2.651943969726562500e+02
2.652489318847656250e+02
2.653200378417968750e+02
2.663316650390625000e+02
2.671784973144531250e+02
2.672758789062500000e+02
2.673651428222656250e+02
2.679436035156250000e+02
2.682218017578125000e+02
2.669847106933593750e+02
2.635458679199218750e+02
2.612784118652343750e+02
2.610872192382812500e+02
2.604787292480468750e+02
2.604578247070312500e+02
2.602070312500000000e+02
2.599681091308593750e+02
2.597901306152343750e+02
2.598442687988281250e+02
2.605067749023437500e+02
2.602253723144531250e+02
2.600142517089843750e+02
2.589816894531250000e+02
2.602913818359375000e+02
2.638930969238281250e+02
2.651484069824218750e+02
2.667269897460937500e+02
2.696251525878906250e+02
2.723503417968750000e+02
2.723678894042968750e+02
2.700220336914062500e+02
2.674555969238281250e+02
2.656307067871093750e+02
2.645979003906250000e+02
2.645317687988281250e+02
2.649759826660156250e+02
2.669386901855468750e+02
2.707029724121093750e+02
2.729928283691406250e+02
2.706627197265625000e+02
2.681268920898437500e+02
2.677312927246093750e+02
2.683749389648437500e+02
2.706760559082031250e+02
2.704735412597656250e+02
2.688946533203125000e+02
2.669593200683593750e+02
2.653727416992187500e+02
2.639992370605468750e+02
2.626042480468750000e+02
2.647985229492187500e+02
2.665816345214843750e+02
2.673153686523437500e+02
2.692781677246093750e+02
2.709135742187500000e+02
2.710391540527343750e+02
2.658655395507812500e+02
2.623935241699218750e+02
2.621173706054687500e+02
2.615427246093750000e+02
2.599552917480468750e+02
2.625854797363281250e+02
2.668613281250000000e+02
2.687020874023437500e+02
2.686861877441406250e+02
2.682225646972656250e+02
2.675232238769531250e+02
2.660531921386718750e+02
2.639002075195312500e+02
2.630906677246093750e+02
2.637856750488281250e+02
2.639627075195312500e+02
2.638844604492187500e+02
2.634840698242187500e+02
2.632704162597656250e+02
2.622017211914062500e+02
2.610270080566406250e+02
2.599362182617187500e+02
2.586084899902343750e+02
2.581340637207031250e+02
2.580586242675781250e+02
2.602073364257812500e+02
2.645968627929687500e+02
2.667199401855468750e+02
2.669103393554687500e+02
2.657460937500000000e+02
2.631720581054687500e+02
2.618753967285156250e+02
2.636280212402343750e+02
2.662440185546875000e+02
2.652997131347656250e+02
2.581875610351562500e+02
2.594389953613281250e+02
2.584543151855468750e+02
2.567012634277343750e+02
2.569570617675781250e+02
2.584620361328125000e+02
2.583303833007812500e+02
2.567763977050781250e+02
2.566801757812500000e+02
2.567114257812500000e+02
2.560138854980468750e+02
2.541837005615234375e+02
2.532375030517578125e+02
2.519482574462890625e+02
2.518285369873046875e+02
2.515224151611328125e+02
2.515457611083984375e+02
2.498134155273437500e+02
2.532386474609375000e+02
2.565838623046875000e+02
2.617169189453125000e+02
2.644551391601562500e+02
2.658724060058593750e+02
2.634979553222656250e+02
2.628120422363281250e+02
2.656729125976562500e+02
2.620530700683593750e+02
2.604018859863281250e+02
2.602761840820312500e+02
2.611478576660156250e+02
2.624164123535156250e+02
2.627542114257812500e+02
2.651102294921875000e+02
2.664096374511718750e+02
2.631931152343750000e+02
2.642220458984375000e+02
2.659922790527343750e+02
2.691734619140625000e+02
2.696176452636718750e+02
2.690933532714843750e+02
2.679568176269531250e+02
2.672091369628906250e+02
2.674345397949218750e+02
2.677108154296875000e+02
2.671848754882812500e+02
2.663453674316406250e+02
2.665678405761718750e+02
2.671213378906250000e+02
2.679028625488281250e+02
2.683891601562500000e+02
2.690585021972656250e+02
2.693445434570312500e+02
2.671805725097656250e+02
2.614678344726562500e+02
2.565904235839843750e+02
2.549023895263671875e+02
2.542423706054687500e+02
2.539608154296875000e+02
2.538443450927734375e+02
2.531824188232421875e+02
2.530484161376953125e+02
2.525994720458984375e+02
2.527891540527343750e+02
2.522100067138671875e+02
2.517860412597656250e+02
2.511486206054687500e+02
2.511350097656250000e+02
2.513789215087890625e+02
2.518877410888671875e+02
2.535453796386718750e+02
2.548512878417968750e+02
2.563129882812500000e+02
2.580051879882812500e+02
2.598198547363281250e+02
2.598901672363281250e+02
2.591059875488281250e+02
2.579020080566406250e+02
2.546224060058593750e+02
2.528288726806640625e+02
2.514617462158203125e+02
2.529044036865234375e+02
2.535089416503906250e+02
2.544940795898437500e+02
2.547638702392578125e+02
2.552575073242187500e+02
2.574757385253906250e+02
2.604193420410156250e+02
2.619650268554687500e+02
2.625620117187500000e+02
2.661741943359375000e+02
2.678285827636718750e+02
2.654587097167968750e+02
2.649796752929687500e+02
2.659234619140625000e+02
2.650750732421875000e+02
2.644162292480468750e+02
2.640093078613281250e+02
2.646398010253906250e+02
2.648261108398437500e+02
2.654406433105468750e+02
2.653873291015625000e+02
2.655639953613281250e+02
2.652428283691406250e+02
2.638739318847656250e+02
2.626641845703125000e+02
2.612470703125000000e+02
2.604330749511718750e+02
2.592571716308593750e+02
2.597033386230468750e+02
2.598911437988281250e+02
2.605657348632812500e+02
2.596026611328125000e+02
2.594011840820312500e+02
2.587420959472656250e+02
2.585462036132812500e+02
2.588176879882812500e+02
2.595410766601562500e+02
2.596011962890625000e+02
2.594581604003906250e+02
2.597695617675781250e+02
2.608375854492187500e+02
2.617719421386718750e+02
2.644392089843750000e+02
2.667633361816406250e+02
2.688871765136718750e+02
2.692188110351562500e+02
2.680468444824218750e+02
2.664812927246093750e+02
2.663716125488281250e+02
2.676402893066406250e+02
2.679237365722656250e+02
2.669799804687500000e+02
2.671134033203125000e+02
2.667005310058593750e+02
2.663504638671875000e+02
2.667140502929687500e+02
2.666811828613281250e+02
2.665933532714843750e+02
2.668053588867187500e+02
2.670993652343750000e+02
2.667536010742187500e+02
2.659423217773437500e+02
2.655367736816406250e+02
2.648598632812500000e+02
2.640104370117187500e+02
2.620429992675781250e+02
2.604807739257812500e+02
2.598049011230468750e+02
2.594421691894531250e+02
2.599543457031250000e+02
2.602955017089843750e+02
2.612225341796875000e+02
2.635492858886718750e+02
2.643408508300781250e+02
2.648626708984375000e+02
2.641596984863281250e+02
2.640675964355468750e+02
2.649012756347656250e+02
2.678363647460937500e+02
2.702141723632812500e+02
2.691329650878906250e+02
2.664509887695312500e+02
2.618102111816406250e+02
2.592743530273437500e+02
2.583630676269531250e+02
2.585452880859375000e+02
2.592107543945312500e+02
2.617886962890625000e+02
2.635574951171875000e+02
2.652459716796875000e+02
2.649603271484375000e+02
2.645331115722656250e+02
2.637728271484375000e+02
2.637502441406250000e+02
2.635201416015625000e+02
2.624904785156250000e+02
2.612348327636718750e+02
2.592066955566406250e+02
2.583991394042968750e+02
2.595914916992187500e+02
2.630108032226562500e+02
2.655416564941406250e+02
2.659125366210937500e+02
2.657458496093750000e+02
2.658659973144531250e+02
2.657475280761718750e+02
2.662089538574218750e+02
2.653970336914062500e+02
2.648330993652343750e+02
2.638707885742187500e+02
2.647338867187500000e+02
2.647193908691406250e+02
2.613067016601562500e+02
2.573190307617187500e+02
2.561901855468750000e+02
2.587934570312500000e+02
2.655186157226562500e+02
2.697890014648437500e+02
2.722070007324218750e+02
2.730704956054687500e+02
2.673977661132812500e+02
2.585246276855468750e+02
2.564879150390625000e+02
2.571532897949218750e+02
2.607971801757812500e+02
2.671808166503906250e+02
2.691671142578125000e+02
2.707441101074218750e+02
2.702458496093750000e+02
2.687253723144531250e+02
2.677904663085937500e+02
2.661550598144531250e+02
2.643560485839843750e+02
2.608728027343750000e+02
2.592793273925781250e+02
2.588330688476562500e+02
2.603133850097656250e+02
2.624276733398437500e+02
2.663990478515625000e+02
2.691310424804687500e+02
2.704064025878906250e+02
2.695350341796875000e+02
2.660083618164062500e+02
2.612627868652343750e+02
2.589267272949218750e+02
2.561920776367187500e+02
2.542141876220703125e+02
2.535575866699218750e+02
2.534531555175781250e+02
2.543983001708984375e+02
2.564846191406250000e+02
2.597965087890625000e+02
2.626304626464843750e+02
2.619027404785156250e+02
2.591880493164062500e+02
2.575625915527343750e+02
2.573723449707031250e+02
2.599425964355468750e+02
2.606191711425781250e+02
2.616153259277343750e+02
2.638866271972656250e+02
2.648114318847656250e+02
2.645769348144531250e+02
2.636114807128906250e+02
2.618891906738281250e+02
2.599855041503906250e+02
2.591784667968750000e+02
2.586943664550781250e+02
2.601362915039062500e+02
2.614659423828125000e+02
2.608012084960937500e+02
2.567376708984375000e+02
2.520491027832031250e+02
2.492734985351562500e+02
2.490155944824218750e+02
2.488734283447265625e+02
2.479801330566406250e+02
2.474848937988281250e+02
2.494875793457031250e+02
2.502183227539062500e+02
2.497344207763671875e+02
2.502675476074218750e+02
2.522130737304687500e+02
2.564647521972656250e+02
2.615947875976562500e+02
2.608906860351562500e+02
2.601278381347656250e+02
2.623008117675781250e+02
2.630785827636718750e+02
2.624837036132812500e+02
2.559920349121093750e+02
2.538564910888671875e+02
2.541908721923828125e+02
2.543218841552734375e+02
2.533653869628906250e+02
2.517278137207031250e+02
2.508238983154296875e+02
2.492639007568359375e+02
2.486554565429687500e+02
2.493385772705078125e+02
2.497944946289062500e+02
2.512585144042968750e+02
2.527358551025390625e+02
2.540029754638671875e+02
2.542419433593750000e+02
2.540517730712890625e+02
2.534584655761718750e+02
2.528490753173828125e+02
2.529496307373046875e+02
2.531264495849609375e+02
2.527896270751953125e+02
2.521081695556640625e+02
2.521994476318359375e+02
2.522040863037109375e+02
2.542395935058593750e+02
2.545020751953125000e+02
2.548042755126953125e+02
2.534864501953125000e+02
2.530330047607421875e+02
2.533811798095703125e+02
2.545633850097656250e+02
2.550911560058593750e+02
2.561477355957031250e+02
2.563927612304687500e+02
2.560038757324218750e+02
2.557061157226562500e+02
2.555424346923828125e+02
2.550398406982421875e+02
2.553096008300781250e+02
2.544730987548828125e+02
2.539220581054687500e+02
2.515993041992187500e+02
2.502291870117187500e+02
2.487332458496093750e+02
2.487534332275390625e+02
2.490506591796875000e+02
2.489962768554687500e+02
2.489681396484375000e+02
2.480417480468750000e+02
2.469481506347656250e+02
2.466076965332031250e+02
2.459546356201171875e+02
2.463175506591796875e+02
2.465666961669921875e+02
2.477425689697265625e+02
2.469907531738281250e+02
2.468386840820312500e+02
2.462035064697265625e+02
2.465637054443359375e+02
2.466570739746093750e+02
2.469894561767578125e+02
2.468619995117187500e+02
2.467102203369140625e+02
2.465236053466796875e+02
2.469382781982421875e+02
2.475447692871093750e+02
2.476537628173828125e+02
2.492497253417968750e+02
2.525689086914062500e+02
2.579476318359375000e+02
2.619085083007812500e+02
2.647448730468750000e+02
2.676693115234375000e+02
2.617945861816406250e+02
2.546561126708984375e+02
2.512719116210937500e+02
2.496814117431640625e+02
2.480755004882812500e+02
2.473550720214843750e+02
2.476482696533203125e+02
2.500080108642578125e+02
2.545178527832031250e+02
2.597736206054687500e+02
2.595529174804687500e+02
2.543116607666015625e+02
2.512600860595703125e+02
2.488751983642578125e+02
2.468366394042968750e+02
2.465903930664062500e+02
2.462654571533203125e+02
2.457458648681640625e+02
2.450365295410156250e+02
2.445905761718750000e+02
2.453878936767578125e+02
2.454306030273437500e+02
2.448399047851562500e+02
2.451246032714843750e+02
2.446773223876953125e+02
2.444316558837890625e+02
2.441052398681640625e+02
2.448362731933593750e+02
2.447495269775390625e+02
2.451296081542968750e+02
2.449928283691406250e+02
2.450237426757812500e+02
2.421608734130859375e+02
2.417005615234375000e+02
2.425937805175781250e+02
2.452417755126953125e+02
2.493438568115234375e+02
2.562786560058593750e+02
2.611666564941406250e+02
2.601792297363281250e+02
2.598081359863281250e+02
2.610465698242187500e+02
2.587503356933593750e+02
2.559484863281250000e+02
2.548352661132812500e+02
2.549518585205078125e+02
2.558248291015625000e+02
2.565403442382812500e+02
2.569896545410156250e+02
2.574829406738281250e+02
2.565093994140625000e+02
2.555748596191406250e+02
2.532976837158203125e+02
2.509722442626953125e+02
2.501720428466796875e+02
2.514859466552734375e+02
2.519674835205078125e+02
2.512777862548828125e+02
2.502703704833984375e+02
2.491386718750000000e+02
2.479578399658203125e+02
2.492102050781250000e+02
2.529455413818359375e+02
2.568399047851562500e+02
2.611341857910156250e+02
2.657286376953125000e+02
2.657974853515625000e+02
2.600370483398437500e+02
2.593555908203125000e+02
2.595294799804687500e+02
2.597621154785156250e+02
2.610882263183593750e+02
2.627124938964843750e+02
2.632783813476562500e+02
2.638927307128906250e+02
2.639840393066406250e+02
2.658378295898437500e+02
2.660773620605468750e+02
2.658501586914062500e+02
2.654557800292968750e+02
2.648180847167968750e+02
2.645420837402343750e+02
2.636821289062500000e+02
2.628380737304687500e+02
2.591891479492187500e+02
2.538515014648437500e+02
2.496320037841796875e+02
2.487734985351562500e+02
2.477781677246093750e+02
2.480395660400390625e+02
2.482448425292968750e+02
2.485753021240234375e+02
2.489019622802734375e+02
2.493582458496093750e+02
2.494193267822265625e+02
2.498698883056640625e+02
2.493333435058593750e+02
2.490675811767578125e+02
2.482786407470703125e+02
2.475810089111328125e+02
2.464990386962890625e+02
2.466779174804687500e+02
2.493919372558593750e+02
2.512308654785156250e+02
2.514917907714843750e+02
2.499671020507812500e+02
2.515289764404296875e+02
2.545675659179687500e+02
2.559165344238281250e+02
2.583222045898437500e+02
2.596168823242187500e+02
2.581284179687500000e+02
2.562720642089843750e+02
2.518721923828125000e+02
2.518220214843750000e+02
2.539004821777343750e+02
2.561374816894531250e+02
2.570274658203125000e+02
2.574728393554687500e+02
2.570083618164062500e+02
2.557623596191406250e+02
2.545879974365234375e+02
2.543209686279296875e+02
2.540688018798828125e+02
2.533611907958984375e+02
2.530660247802734375e+02
2.530652923583984375e+02
2.534163208007812500e+02
2.549035034179687500e+02
2.554018249511718750e+02
2.563358764648437500e+02
2.587332153320312500e+02
2.614502258300781250e+02
2.609740295410156250e+02
2.590157165527343750e+02
2.577082214355468750e+02
2.570060729980468750e+02
2.565614318847656250e+02
2.560329589843750000e+02
2.557950592041015625e+02
2.559299926757812500e+02
2.561213684082031250e+02
2.558083190917968750e+02
2.554642333984375000e+02
2.545685882568359375e+02
2.546163330078125000e+02
2.536017150878906250e+02
2.519478759765625000e+02
2.505603179931640625e+02
2.498804626464843750e+02
2.491573944091796875e+02
2.484495849609375000e+02
2.482494964599609375e+02
2.488309936523437500e+02
2.523798370361328125e+02
2.557803649902343750e+02
2.596550292968750000e+02
2.625692443847656250e+02
2.637655029296875000e+02
2.639074401855468750e+02
2.633164672851562500e+02
2.630702819824218750e+02
2.655303039550781250e+02
2.682094421386718750e+02
2.703623657226562500e+02
2.650763549804687500e+02
2.602362365722656250e+02
2.637567443847656250e+02
2.631361389160156250e+02
2.653233337402343750e+02
2.649761352539062500e+02
2.663328552246093750e+02
2.660159301757812500e+02
2.666294250488281250e+02
2.696448364257812500e+02
2.714144897460937500e+02
2.720801696777343750e+02
2.718753967285156250e+02
2.709119262695312500e+02
2.692490539550781250e+02
2.673531799316406250e+02
2.660668029785156250e+02
2.662542114257812500e+02
2.631513061523437500e+02
2.638423767089843750e+02
2.668817443847656250e+02
2.603716430664062500e+02
2.586211853027343750e+02
2.571987609863281250e+02
2.550852355957031250e+02
2.537326965332031250e+02
2.535017242431640625e+02
2.529946441650390625e+02
2.529150085449218750e+02
2.520273895263671875e+02
2.512876892089843750e+02
2.509342956542968750e+02
2.512013397216796875e+02
2.520756530761718750e+02
2.571733703613281250e+02
2.659287719726562500e+02
2.685304870605468750e+02
2.672360229492187500e+02
2.657126770019531250e+02
2.665585327148437500e+02
2.687394714355468750e+02
2.696493530273437500e+02
2.687579040527343750e+02
2.688463745117187500e+02
2.687074890136718750e+02
2.697660522460937500e+02
2.701958923339843750e+02
2.702563781738281250e+02
2.699838562011718750e+02
2.694961853027343750e+02
2.680843811035156250e+02
2.674664001464843750e+02
2.684162292480468750e+02
2.673825073242187500e+02
2.663816223144531250e+02
2.670908508300781250e+02
2.660960693359375000e+02
2.678627319335937500e+02
2.703206176757812500e+02
2.699393615722656250e+02
2.694198608398437500e+02
2.679168701171875000e+02
2.641930541992187500e+02
2.627086791992187500e+02
2.643137512207031250e+02
2.678794860839843750e+02
2.679903869628906250e+02
2.662330322265625000e+02
2.663611145019531250e+02
2.651075439453125000e+02
2.640738220214843750e+02
2.639453735351562500e+02
2.607142333984375000e+02
2.591510009765625000e+02
2.585052795410156250e+02
2.585964965820312500e+02
2.599603271484375000e+02
2.614585876464843750e+02
2.632309875488281250e+02
2.636115417480468750e+02
2.640303649902343750e+02
2.635372314453125000e+02
2.618866577148437500e+02
2.602201232910156250e+02
2.604416503906250000e+02
2.626161804199218750e+02
2.621088562011718750e+02
2.573179626464843750e+02
2.548876037597656250e+02
2.553824768066406250e+02
2.560236816406250000e+02
2.619614257812500000e+02
2.667276306152343750e+02
2.691132202148437500e+02
2.699239196777343750e+02
2.686820373535156250e+02
2.665341796875000000e+02
2.652583923339843750e+02
2.652844848632812500e+02
2.606048583984375000e+02
2.587973632812500000e+02
2.580703735351562500e+02
2.587846374511718750e+02
2.606737060546875000e+02
2.622033386230468750e+02
2.629323120117187500e+02
2.628116455078125000e+02
2.619924316406250000e+02
2.613555603027343750e+02
2.625643920898437500e+02
2.627812194824218750e+02
2.613672485351562500e+02
2.590699462890625000e+02
2.556331176757812500e+02
2.538376617431640625e+02
2.527113342285156250e+02
2.517821655273437500e+02
2.503737030029296875e+02
2.495121765136718750e+02
2.490039978027343750e+02
2.493768463134765625e+02
2.482423706054687500e+02
2.471735992431640625e+02
2.479935913085937500e+02
2.486247558593750000e+02
2.479774322509765625e+02
2.504316406250000000e+02
2.566787414550781250e+02
2.597612609863281250e+02
2.604259033203125000e+02
2.610631408691406250e+02
2.611114501953125000e+02
2.602646484375000000e+02
2.644124145507812500e+02
2.665851745605468750e+02
2.655290527343750000e+02
2.674687805175781250e+02
2.661226806640625000e+02
2.638098754882812500e+02
2.630966796875000000e+02
2.629022216796875000e+02
2.615403137207031250e+02
2.590274047851562500e+02
2.586148986816406250e+02
2.589667663574218750e+02
2.569259643554687500e+02
2.548190002441406250e+02
2.528107452392578125e+02
2.524802246093750000e+02
2.510511474609375000e+02
2.521941375732421875e+02
2.545100555419921875e+02
2.571696166992187500e+02
2.598379516601562500e+02
2.627949523925781250e+02
2.656282348632812500e+02
2.666651611328125000e+02
2.678291320800781250e+02
2.684384460449218750e+02
2.685521545410156250e+02
2.687839355468750000e+02
2.680998535156250000e+02
2.688395996093750000e+02
2.697193298339843750e+02
2.699222717285156250e+02
2.711501464843750000e+02
2.711970214843750000e+02
2.702234802246093750e+02
2.696032104492187500e+02
2.685373535156250000e+02
2.686761779785156250e+02
2.696295776367187500e+02
2.702059936523437500e+02
2.702626037597656250e+02
2.706457519531250000e+02
2.701370849609375000e+02
2.690558776855468750e+02
2.663952636718750000e+02
2.653577880859375000e+02
2.643958129882812500e+02
2.637134704589843750e+02
2.611333007812500000e+02
2.571582336425781250e+02
2.580087890625000000e+02
2.591847534179687500e+02
2.579721069335937500e+02
2.566301269531250000e+02
2.573735351562500000e+02
2.575414733886718750e+02
2.554666595458984375e+02
2.538688201904296875e+02
2.538610534667968750e+02
2.545861358642578125e+02
2.539855346679687500e+02
2.547894287109375000e+02
2.589580993652343750e+02
2.615410766601562500e+02
2.630811462402343750e+02
2.661988830566406250e+02
2.712768249511718750e+02
2.708260498046875000e+02
2.685473937988281250e+02
2.694927368164062500e+02
2.707680969238281250e+02
2.703511962890625000e+02
2.661611938476562500e+02
2.640924072265625000e+02
2.639487304687500000e+02
2.629339294433593750e+02
2.596572265625000000e+02
2.580023193359375000e+02
2.593064880371093750e+02
2.612973022460937500e+02
2.615655212402343750e+02
2.618496398925781250e+02
2.653430480957031250e+02
2.651556396484375000e+02
2.617576904296875000e+02
2.586303405761718750e+02
2.592091979980468750e+02
2.610648803710937500e+02
2.627435607910156250e+02
2.652789916992187500e+02
2.656464538574218750e+02
2.670075988769531250e+02
2.681079406738281250e+02
2.693697814941406250e+02
2.705451354980468750e+02
2.697885437011718750e+02
2.670426330566406250e+02
2.624805603027343750e+02
2.599313049316406250e+02
2.598063354492187500e+02
2.607603759765625000e+02
2.634724731445312500e+02
2.655867919921875000e+02
2.647753601074218750e+02
2.642678833007812500e+02
2.657781982421875000e+02
2.664897460937500000e+02
2.672728576660156250e+02
2.648168029785156250e+02
2.640269470214843750e+02
2.685640869140625000e+02
2.698381652832031250e+02
2.686645812988281250e+02
2.674730529785156250e+02
2.639271240234375000e+02
2.606604919433593750e+02
2.575892944335937500e+02
2.563751220703125000e+02
2.554731597900390625e+02
2.563617553710937500e+02
2.562655944824218750e+02
2.583357238769531250e+02
2.612456970214843750e+02
2.619424438476562500e+02
2.606965942382812500e+02
2.609533081054687500e+02
2.605409545898437500e+02
2.604346313476562500e+02
2.597478332519531250e+02
2.589601745605468750e+02
2.590584716796875000e+02
2.590111083984375000e+02
2.578673095703125000e+02
2.572760314941406250e+02
2.563430480957031250e+02
2.571406555175781250e+02
2.584544982910156250e+02
2.585418701171875000e+02
2.581528930664062500e+02
2.576720581054687500e+02
2.573851318359375000e+02
2.566928405761718750e+02
2.572508850097656250e+02
2.579319152832031250e+02
2.580556945800781250e+02
2.576108703613281250e+02
2.594418945312500000e+02
2.605372924804687500e+02
2.589371032714843750e+02
2.574630737304687500e+02
2.602354736328125000e+02
2.617035217285156250e+02
2.609650268554687500e+02
2.609537048339843750e+02
2.616761169433593750e+02
2.614421386718750000e+02
2.601742248535156250e+02
2.598091735839843750e+02
2.607411804199218750e+02
2.646120605468750000e+02
2.694129028320312500e+02
2.717144775390625000e+02
2.718943176269531250e+02
2.714532165527343750e+02
2.690993957519531250e+02
2.678324890136718750e+02
2.668902282714843750e+02
2.650997009277343750e+02
2.629265441894531250e+02
2.609493408203125000e+02
2.603912658691406250e+02
2.596967468261718750e+02
2.571118469238281250e+02
2.563096618652343750e+02
2.590791931152343750e+02
2.607492980957031250e+02
2.599455566406250000e+02
2.596862487792968750e+02
2.611338806152343750e+02
2.614548645019531250e+02
2.598951110839843750e+02
2.597785949707031250e+02
2.615615234375000000e+02
2.619303283691406250e+02
2.620588378906250000e+02
2.612171325683593750e+02
2.607479553222656250e+02
2.616227722167968750e+02
2.607900695800781250e+02
2.598033142089843750e+02
2.604524536132812500e+02
2.605447387695312500e+02
2.604965820312500000e+02
2.596521301269531250e+02
2.600692138671875000e+02
2.613290405273437500e+02
2.619443359375000000e+02
2.631041564941406250e+02
2.650253601074218750e+02
2.664560241699218750e+02
2.654786376953125000e+02
2.656893310546875000e+02
2.654773864746093750e+02
2.665117492675781250e+02
2.667566528320312500e+02
2.665202026367187500e+02
2.672298889160156250e+02
2.677600708007812500e+02
2.671891479492187500e+02
2.673438720703125000e+02
2.682681884765625000e+02
2.685346984863281250e+02
2.671224060058593750e+02
2.659640502929687500e+02
2.660398254394531250e+02
2.656929016113281250e+02
2.638076477050781250e+02
2.635041809082031250e+02
2.645937805175781250e+02
2.654897766113281250e+02
2.645759277343750000e+02
2.638503723144531250e+02
2.623992004394531250e+02
2.623066101074218750e+02
2.612937622070312500e+02
2.621976928710937500e+02
2.629475708007812500e+02
2.640149841308593750e+02
2.638388366699218750e+02
2.634754943847656250e+02
2.623573608398437500e+02
2.628498535156250000e+02
2.624891662597656250e+02
2.608780212402343750e+02
2.591045532226562500e+02
2.588812255859375000e+02
2.592386779785156250e+02
2.606252746582031250e+02
2.620426330566406250e+02
2.624239196777343750e+02
2.607584838867187500e+02
2.592386169433593750e+02
2.591281738281250000e+02
2.593471679687500000e+02
2.595863342285156250e+02
2.591820983886718750e+02
2.591763305664062500e+02
2.586839599609375000e+02
2.592765197753906250e+02
2.594822998046875000e+02
2.617769775390625000e+02
2.632013854980468750e+02
2.636404418945312500e+02
2.633288269042968750e+02
2.650286865234375000e+02
2.664880371093750000e+02
2.654743652343750000e+02
2.651565551757812500e+02
2.651409301757812500e+02
2.656691284179687500e+02
2.657723693847656250e+02
2.656388549804687500e+02
2.658269348144531250e+02
2.661679077148437500e+02
2.658017883300781250e+02
2.659132080078125000e+02
2.659581298828125000e+02
2.658529968261718750e+02
2.663941955566406250e+02
2.662009277343750000e+02
2.670583190917968750e+02
2.671327209472656250e+02
2.670246276855468750e+02
2.668412170410156250e+02
2.672659301757812500e+02
2.672573547363281250e+02
2.671882934570312500e+02
2.666977233886718750e+02
2.661309204101562500e+02
2.662596435546875000e+02
2.656016540527343750e+02
2.653248901367187500e+02
2.655359191894531250e+02
2.657680358886718750e+02
2.660887451171875000e+02
2.655644531250000000e+02
2.642858886718750000e+02
2.632713928222656250e+02
2.619057312011718750e+02
2.612548217773437500e+02
2.617158508300781250e+02
2.636038208007812500e+02
2.653253479003906250e+02
2.667275695800781250e+02
2.674708862304687500e+02
2.694781188964843750e+02
2.693845214843750000e+02
2.688686523437500000e+02
2.692032470703125000e+02
2.685849304199218750e+02
2.683997802734375000e+02
2.668905639648437500e+02
2.655503540039062500e+02
2.650145568847656250e+02
2.648913574218750000e+02
2.645326843261718750e+02
2.651939697265625000e+02
2.662546386718750000e+02
2.672613220214843750e+02
2.674997558593750000e+02
2.661696777343750000e+02
2.670918273925781250e+02
2.687645568847656250e+02
2.689820556640625000e+02
2.688799743652343750e+02
2.690681152343750000e+02
2.677416076660156250e+02
2.668357238769531250e+02
2.652785034179687500e+02
2.659193115234375000e+02
2.658690795898437500e+02
2.661137695312500000e+02
2.656334228515625000e+02
2.663446350097656250e+02
2.662375793457031250e+02
2.657948608398437500e+02
2.653747558593750000e+02
2.653478088378906250e+02
2.657487792968750000e+02
2.658817443847656250e+02
2.652475280761718750e+02
2.649177856445312500e+02
2.670911560058593750e+02
2.671440429687500000e+02
2.674780578613281250e+02
2.679581298828125000e+02
2.677551879882812500e+02
2.672409057617187500e+02
2.670697631835937500e+02
2.668409118652343750e+02
2.671205444335937500e+02
2.667852172851562500e+02
2.668353576660156250e+02
2.669062194824218750e+02
2.667366638183593750e+02
2.664024047851562500e+02
2.659902038574218750e+02
2.661751403808593750e+02
2.668380126953125000e+02
2.669411926269531250e+02
2.661903381347656250e+02
2.661004333496093750e+02
2.668086547851562500e+02
2.674683837890625000e+02
2.668473815917968750e+02
2.672363891601562500e+02
2.676728515625000000e+02
2.674288635253906250e+02
2.679275207519531250e+02
2.673050537109375000e+02
2.688398742675781250e+02
2.701883239746093750e+02
2.717962341308593750e+02
2.719457092285156250e+02
2.712690429687500000e+02
2.706314697265625000e+02
2.700133361816406250e+02
2.691449890136718750e+02
2.679702148437500000e+02
2.676435241699218750e+02
2.674550170898437500e+02
2.682752380371093750e+02
2.685956726074218750e+02
2.691847534179687500e+02
2.693351745605468750e+02
