2.713249206542968750e+02
2.704629821777343750e+02
2.699690551757812500e+02
2.706648559570312500e+02
2.714095153808593750e+02
2.713612365722656250e+02
2.710455627441406250e+02
2.705652465820312500e+02
2.705973510742187500e+02
2.699509582519531250e+02
2.691646423339843750e+02
2.697120971679687500e+02
2.698039550781250000e+02
2.691806640625000000e+02
2.687438659667968750e+02
2.676891479492187500e+02
2.682572021484375000e+02
2.698079223632812500e+02
2.703705139160156250e+02
2.686856689453125000e+02
2.693564147949218750e+02
2.709203186035156250e+02
2.709862060546875000e+02
2.710013122558593750e+02
2.713315124511718750e+02
2.712263488769531250e+02
2.702193908691406250e+02
2.713820800781250000e+02
2.731292114257812500e+02
2.724969482421875000e+02
2.721992797851562500e+02
2.726852416992187500e+02
2.734347534179687500e+02
2.723286132812500000e+02
2.718531494140625000e+02
2.717779541015625000e+02
2.724595642089843750e+02
2.725249328613281250e+02
2.724338989257812500e+02
2.708308715820312500e+02
2.701545410156250000e+02
2.692809143066406250e+02
2.688116149902343750e+02
2.693739624023437500e+02
2.700714111328125000e+02
2.702957763671875000e+02
2.698625183105468750e+02
2.705713806152343750e+02
2.710344238281250000e+02
2.709460754394531250e+02
2.706038513183593750e+02
2.715463867187500000e+02
2.715274353027343750e+02
2.704791259765625000e+02
2.698351135253906250e+02
2.714284362792968750e+02
2.721961669921875000e+02
2.717993469238281250e+02
2.713463439941406250e+02
2.733327941894531250e+02
2.738937988281250000e+02
2.727565002441406250e+02
2.717086181640625000e+02
2.727541809082031250e+02
2.728185424804687500e+02
2.719209289550781250e+02
2.716162109375000000e+02
2.719985351562500000e+02
2.718919677734375000e+02
2.719490356445312500e+02
2.713950500488281250e+02
2.724990539550781250e+02
2.726704711914062500e+02
2.717668762207031250e+02
2.710653991699218750e+02
2.724919433593750000e+02
2.728960876464843750e+02
2.716820068359375000e+02
2.706880187988281250e+02
2.728378295898437500e+02
2.729278564453125000e+02
2.724414672851562500e+02
2.713334960937500000e+02
2.712062988281250000e+02
2.711571960449218750e+02
2.717063903808593750e+02
2.720588073730468750e+02
2.729774475097656250e+02
2.737243652343750000e+02
2.730906982421875000e+02
2.727213134765625000e+02
2.731977844238281250e+02
2.732686157226562500e+02
2.730047302246093750e+02
2.728679809570312500e+02
2.729197998046875000e+02
2.724185485839843750e+02
2.713177795410156250e+02
2.707991638183593750e+02
2.702968139648437500e+02
2.709557189941406250e+02
2.712868347167968750e+02
2.715117492675781250e+02
2.709411010742187500e+02
2.707713012695312500e+02
2.713502502441406250e+02
2.714586791992187500e+02
2.720323181152343750e+02
2.725279541015625000e+02
2.722282714843750000e+02
2.719400939941406250e+02
2.722021179199218750e+02
2.724375000000000000e+02
2.725817260742187500e+02
2.717815856933593750e+02
2.713502502441406250e+02
2.713417358398437500e+02
2.708650512695312500e+02
2.702185668945312500e+02
2.704291687011718750e+02
2.701110839843750000e+02
2.703658142089843750e+02
2.700041503906250000e+02
2.705299072265625000e+02
2.707849121093750000e+02
2.708242492675781250e+02
2.703858032226562500e+02
2.704470214843750000e+02
2.706419982910156250e+02
2.708938598632812500e+02
2.707455749511718750e+02
2.697502441406250000e+02
2.685893249511718750e+02
2.680114135742187500e+02
2.677016296386718750e+02
2.686694641113281250e+02
2.705039367675781250e+02
2.714851074218750000e+02
2.711837768554687500e+02
2.711866149902343750e+02
2.716814270019531250e+02
2.716134033203125000e+02
2.720126647949218750e+02
2.730819702148437500e+02
2.738189697265625000e+02
2.731364746093750000e+02
2.728763732910156250e+02
2.728549499511718750e+02
2.728730163574218750e+02
2.724326171875000000e+02
2.726820983886718750e+02
2.735290832519531250e+02
2.735687255859375000e+02
2.727071228027343750e+02
2.720457458496093750e+02
2.717279357910156250e+02
2.711273803710937500e+02
2.699721374511718750e+02
2.700360107421875000e+02
2.700008544921875000e+02
2.704887695312500000e+02
2.709849548339843750e+02
2.709375000000000000e+02
2.708355102539062500e+02
2.707036132812500000e+02
2.697471618652343750e+02
2.687743835449218750e+02
2.698591918945312500e+02
2.696767883300781250e+02
2.694162292480468750e+02
2.685330200195312500e+02
2.697210388183593750e+02
2.693197326660156250e+02
2.680855407714843750e+02
2.677272338867187500e+02
2.689601745605468750e+02
2.689479980468750000e+02
2.679098815917968750e+02
2.662560119628906250e+02
2.660751342773437500e+02
2.655733337402343750e+02
2.653684692382812500e+02
2.652174987792968750e+02
2.648706970214843750e+02
2.650313415527343750e+02
2.655627136230468750e+02
2.661135253906250000e+02
2.673209533691406250e+02
2.685620727539062500e+02
2.673797912597656250e+02
2.661678771972656250e+02
2.658350524902343750e+02
2.658097534179687500e+02
2.658346557617187500e+02
2.657830200195312500e+02
2.666142883300781250e+02
2.676809692382812500e+02
2.677807617187500000e+02
2.668991088867187500e+02
2.669831542968750000e+02
2.664791870117187500e+02
2.669830322265625000e+02
2.680780944824218750e+02
2.687767639160156250e+02
2.683893432617187500e+02
2.676072082519531250e+02
2.672696228027343750e+02
2.668972167968750000e+02
2.662626037597656250e+02
2.653293457031250000e+02
2.645574035644531250e+02
2.649750671386718750e+02
2.646568603515625000e+02
2.654294738769531250e+02
2.662693481445312500e+02
2.665640869140625000e+02
2.661444396972656250e+02
2.638251342773437500e+02
2.629802246093750000e+02
2.636915588378906250e+02
2.643385925292968750e+02
2.641939392089843750e+02
2.644556579589843750e+02
2.655657348632812500e+02
2.670116882324218750e+02
2.664596862792968750e+02
2.635709533691406250e+02
2.620521240234375000e+02
2.622850952148437500e+02
2.641264343261718750e+02
2.663534545898437500e+02
2.681971740722656250e+02
2.678426818847656250e+02
2.669230346679687500e+02
2.655203552246093750e+02
2.645174865722656250e+02
2.641176757812500000e+02
2.626696472167968750e+02
2.621107482910156250e+02
2.628275451660156250e+02
2.630341186523437500e+02
2.608800964355468750e+02
2.623951416015625000e+02
2.632071228027343750e+02
2.634074707031250000e+02
2.634505615234375000e+02
2.631701049804687500e+02
2.627657165527343750e+02
2.623607482910156250e+02
2.621721496582031250e+02
2.622655029296875000e+02
2.617124938964843750e+02
2.619981079101562500e+02
2.616199340820312500e+02
2.614671630859375000e+02
2.626834716796875000e+02
2.623004455566406250e+02
2.614947204589843750e+02
2.619666137695312500e+02
2.640132751464843750e+02
2.640693969726562500e+02
2.638603515625000000e+02
2.640810241699218750e+02
2.651177978515625000e+02
2.644776611328125000e+02
2.639516601562500000e+02
2.634131469726562500e+02
2.632648315429687500e+02
2.628743286132812500e+02
2.619597167968750000e+02
2.617161254882812500e+02
2.624255981445312500e+02
2.627232360839843750e+02
2.608073425292968750e+02
2.603691711425781250e+02
2.617728271484375000e+02
2.617396545410156250e+02
2.616667480468750000e+02
2.621622314453125000e+02
2.629564514160156250e+02
2.620598754882812500e+02
2.604244079589843750e+02
2.595629882812500000e+02
2.594098815917968750e+02
2.604440612792968750e+02
2.618259277343750000e+02
2.626177673339843750e+02
2.630471496582031250e+02
2.631222229003906250e+02
2.628954772949218750e+02
2.632281494140625000e+02
2.675300598144531250e+02
2.694352111816406250e+02
2.695393981933593750e+02
2.669869689941406250e+02
2.675716552734375000e+02
2.674193115234375000e+02
2.658763732910156250e+02
2.656065368652343750e+02
2.653925476074218750e+02
2.659167480468750000e+02
2.658230285644531250e+02
2.668599853515625000e+02
2.676728820800781250e+02
2.671934204101562500e+02
2.654050598144531250e+02
2.628832702636718750e+02
2.623306579589843750e+02
2.647374267578125000e+02
2.679295959472656250e+02
2.704320068359375000e+02
2.724795227050781250e+02
2.724694519042968750e+02
2.694801025390625000e+02
2.668220520019531250e+02
2.654097900390625000e+02
2.672168579101562500e+02
2.690946960449218750e+02
2.703131713867187500e+02
2.706564025878906250e+02
2.707514648437500000e+02
2.692775878906250000e+02
2.689906311035156250e+02
2.686327819824218750e+02
2.680514831542968750e+02
2.673199462890625000e+02
2.673210144042968750e+02
2.673593139648437500e+02
2.668130187988281250e+02
2.655541687011718750e+02
2.653791503906250000e+02
2.651932983398437500e+02
2.633652648925781250e+02
2.608535156250000000e+02
2.609459838867187500e+02
2.618452758789062500e+02
2.624533081054687500e+02
2.621160278320312500e+02
2.626795043945312500e+02
2.640547485351562500e+02
2.645690917968750000e+02
2.635474853515625000e+02
2.630130920410156250e+02
2.618481750488281250e+02
2.609521789550781250e+02
2.604395446777343750e+02
2.602452697753906250e+02
2.606441955566406250e+02
2.605333862304687500e+02
2.591472167968750000e+02
2.583926696777343750e+02
2.593346252441406250e+02
2.615401000976562500e+02
2.633961791992187500e+02
2.629332885742187500e+02
2.614902954101562500e+02
2.610333862304687500e+02
2.595532836914062500e+02
2.579766235351562500e+02
2.573045959472656250e+02
2.575822753906250000e+02
2.568114624023437500e+02
2.570804138183593750e+02
2.578292541503906250e+02
2.588550109863281250e+02
2.581443481445312500e+02
2.582223510742187500e+02
2.583290100097656250e+02
2.593932189941406250e+02
2.596131591796875000e+02
2.612391662597656250e+02
2.633077087402343750e+02
2.652904663085937500e+02
2.649630737304687500e+02
2.656008605957031250e+02
2.647724304199218750e+02
2.637031555175781250e+02
2.639147644042968750e+02
2.641511535644531250e+02
2.637112426757812500e+02
2.631410217285156250e+02
2.623580017089843750e+02
2.617382202148437500e+02
2.604655151367187500e+02
2.594315185546875000e+02
2.572860107421875000e+02
2.573336486816406250e+02
2.595418395996093750e+02
2.628291015625000000e+02
2.632713012695312500e+02
2.639526672363281250e+02
2.639489135742187500e+02
2.629178771972656250e+02
2.588747558593750000e+02
2.551027069091796875e+02
2.551824340820312500e+02
2.576204833984375000e+02
2.591941223144531250e+02
2.629994201660156250e+02
2.668198852539062500e+02
2.695724792480468750e+02
2.707742004394531250e+02
2.694774475097656250e+02
2.683628845214843750e+02
2.658249206542968750e+02
2.620316772460937500e+02
2.614162292480468750e+02
2.646183166503906250e+02
2.648601074218750000e+02
2.637781677246093750e+02
2.622721252441406250e+02
2.611602478027343750e+02
2.615399780273437500e+02
2.629160766601562500e+02
2.629998779296875000e+02
2.622778625488281250e+02
2.625028381347656250e+02
2.639929504394531250e+02
2.655008850097656250e+02
2.664820861816406250e+02
2.673012695312500000e+02
2.687899780273437500e+02
2.696990966796875000e+02
2.699107666015625000e+02
2.682577514648437500e+02
2.645077209472656250e+02
2.630226440429687500e+02
2.630011291503906250e+02
2.632972106933593750e+02
2.627044067382812500e+02
2.616699829101562500e+02
2.604886474609375000e+02
2.607668457031250000e+02
2.636203613281250000e+02
2.642231750488281250e+02
2.641238403320312500e+02
2.633776245117187500e+02
2.627726440429687500e+02
2.617300720214843750e+02
2.626333312988281250e+02
2.628655090332031250e+02
2.614198913574218750e+02
2.616803894042968750e+02
2.619055175781250000e+02
2.639706115722656250e+02
2.626445617675781250e+02
2.604030761718750000e+02
2.592083129882812500e+02
2.585046691894531250e+02
2.577480468750000000e+02
2.579335327148437500e+02
2.580399780273437500e+02
2.569112548828125000e+02
2.561479492187500000e+02
2.558971405029296875e+02
2.555581359863281250e+02
2.556525115966796875e+02
2.545259246826171875e+02
2.547619781494140625e+02
2.553984985351562500e+02
2.562389221191406250e+02
2.572995910644531250e+02
2.577607116699218750e+02
2.574458007812500000e+02
2.570618896484375000e+02
2.558742065429687500e+02
2.546912994384765625e+02
2.535707702636718750e+02
2.543970031738281250e+02
2.544988861083984375e+02
2.558199920654296875e+02
2.569992065429687500e+02
2.596839294433593750e+02
2.619946899414062500e+02
2.630511779785156250e+02
2.641521301269531250e+02
2.622406921386718750e+02
2.577941894531250000e+02
2.538981475830078125e+02
2.552485961914062500e+02
2.557252655029296875e+02
2.573762817382812500e+02
2.607516479492187500e+02
2.628060607910156250e+02
2.642815551757812500e+02
2.653890075683593750e+02
2.668299865722656250e+02
2.669428405761718750e+02
2.655546569824218750e+02
2.635473327636718750e+02
2.620946655273437500e+02
2.616837158203125000e+02
2.608509521484375000e+02
2.600633850097656250e+02
2.595344543457031250e+02
2.594122314453125000e+02
2.587097778320312500e+02
2.558961639404296875e+02
2.536671752929687500e+02
2.532056121826171875e+02
2.529161834716796875e+02
2.527739868164062500e+02
2.543547515869140625e+02
2.560805969238281250e+02
2.566622009277343750e+02
2.566927490234375000e+02
2.593375549316406250e+02
2.610001220703125000e+02
2.627739562988281250e+02
2.605745239257812500e+02
2.582077941894531250e+02
2.582709960937500000e+02
2.604208679199218750e+02
2.643747558593750000e+02
2.675980529785156250e+02
2.690830688476562500e+02
2.707068481445312500e+02
2.683445129394531250e+02
2.644577026367187500e+02
2.620857238769531250e+02
2.601763610839843750e+02
2.576483459472656250e+02
2.574249877929687500e+02
2.587196350097656250e+02
2.612701416015625000e+02
2.623612670898437500e+02
2.630524291992187500e+02
2.646994628906250000e+02
2.658394775390625000e+02
2.662722778320312500e+02
2.668995971679687500e+02
2.671701965332031250e+02
2.683860473632812500e+02
2.685830688476562500e+02
2.684138488769531250e+02
2.682526550292968750e+02
2.678439941406250000e+02
2.673364257812500000e+02
2.677539978027343750e+02
2.678262023925781250e+02
2.679655151367187500e+02
2.678048095703125000e+02
2.675471191406250000e+02
2.670289916992187500e+02
2.664629211425781250e+02
2.657828979492187500e+02
2.670390319824218750e+02
2.670286254882812500e+02
2.647008361816406250e+02
2.634383239746093750e+02
2.630373535156250000e+02
2.622301940917968750e+02
2.611985473632812500e+02
2.607189331054687500e+02
2.616064147949218750e+02
2.619428405761718750e+02
2.616014099121093750e+02
2.610368041992187500e+02
2.604140625000000000e+02
2.590746765136718750e+02
2.581486816406250000e+02
2.571093444824218750e+02
2.572196655273437500e+02
2.573532409667968750e+02
2.580681152343750000e+02
2.571211547851562500e+02
2.571416015625000000e+02
2.568907775878906250e+02
2.596500854492187500e+02
2.623180847167968750e+02
2.648603820800781250e+02
2.664909362792968750e+02
2.682003173828125000e+02
2.680271911621093750e+02
2.684520568847656250e+02
2.688938903808593750e+02
2.662829589843750000e+02
2.635190734863281250e+02
2.620303955078125000e+02
2.612308044433593750e+02
2.592528381347656250e+02
2.570664062500000000e+02
2.570179748535156250e+02
2.591100463867187500e+02
2.629335021972656250e+02
2.679601440429687500e+02
2.702158813476562500e+02
2.673327636718750000e+02
2.636192016601562500e+02
2.597467651367187500e+02
2.582597045898437500e+02
2.575806884765625000e+02
2.566164550781250000e+02
2.545509338378906250e+02
2.539749908447265625e+02
2.543764190673828125e+02
2.551782531738281250e+02
2.550850830078125000e+02
2.567293701171875000e+02
2.595287475585937500e+02
2.603390197753906250e+02
2.593988037109375000e+02
2.583340148925781250e+02
2.561937255859375000e+02
2.553356323242187500e+02
2.541654052734375000e+02
2.539823760986328125e+02
2.544333648681640625e+02
2.546227874755859375e+02
2.543861846923828125e+02
2.540401458740234375e+02
2.537721405029296875e+02
2.537192230224609375e+02
2.543431091308593750e+02
2.541505889892578125e+02
2.541236267089843750e+02
2.539462738037109375e+02
2.539592437744140625e+02
2.543017730712890625e+02
2.539171142578125000e+02
2.532426147460937500e+02
2.527614135742187500e+02
2.523263549804687500e+02
2.537384796142578125e+02
2.571463012695312500e+02
2.602382202148437500e+02
2.615277099609375000e+02
2.608796386718750000e+02
2.609912109375000000e+02
2.623023681640625000e+02
2.653163146972656250e+02
2.656669006347656250e+02
2.610484313964843750e+02
2.569073486328125000e+02
2.524129180908203125e+02
2.504037322998046875e+02
2.488186187744140625e+02
2.477692718505859375e+02
2.487231597900390625e+02
2.504218444824218750e+02
2.509239196777343750e+02
2.510426940917968750e+02
2.519404907226562500e+02
2.524781036376953125e+02
2.525167388916015625e+02
2.518536987304687500e+02
2.511587982177734375e+02
2.512492523193359375e+02
2.569021301269531250e+02
2.581461181640625000e+02
2.570426330566406250e+02
2.582518310546875000e+02
2.597763061523437500e+02
2.577404479980468750e+02
2.525772705078125000e+02
2.512983093261718750e+02
2.567767333984375000e+02
2.628040161132812500e+02
2.590861816406250000e+02
2.557045745849609375e+02
2.551931152343750000e+02
2.549109497070312500e+02
2.553397216796875000e+02
2.581110229492187500e+02
2.604810485839843750e+02
2.618410339355468750e+02
2.630012817382812500e+02
2.605022583007812500e+02
2.570416564941406250e+02
2.564610290527343750e+02
2.576908264160156250e+02
2.652190246582031250e+02
2.683098449707031250e+02
2.666895446777343750e+02
2.660031738281250000e+02
2.652171936035156250e+02
2.651463928222656250e+02
2.645816955566406250e+02
2.682914428710937500e+02
2.676441650390625000e+02
2.630045166015625000e+02
2.620847473144531250e+02
2.625508728027343750e+02
2.610402221679687500e+02
2.618192443847656250e+02
2.627505493164062500e+02
2.648564758300781250e+02
2.611493530273437500e+02
2.600294494628906250e+02
2.573865356445312500e+02
2.560260925292968750e+02
2.547642669677734375e+02
2.537433929443359375e+02
2.534163513183593750e+02
2.563169555664062500e+02
2.614372558593750000e+02
2.646387939453125000e+02
2.672101745605468750e+02
2.694300842285156250e+02
2.716599731445312500e+02
2.724769592285156250e+02
2.727351074218750000e+02
2.732000122070312500e+02
2.734225769042968750e+02
2.727846374511718750e+02
2.729077758789062500e+02
2.718867797851562500e+02
2.717445068359375000e+02
2.712991027832031250e+02
2.704603271484375000e+02
2.711972961425781250e+02
2.711874389648437500e+02
2.708746032714843750e+02
2.699800720214843750e+02
2.695497436523437500e+02
2.683510131835937500e+02
2.657642517089843750e+02
2.618090820312500000e+02
2.603225708007812500e+02
2.600986938476562500e+02
2.595708923339843750e+02
2.589716186523437500e+02
2.614201354980468750e+02
2.628072509765625000e+02
2.642097167968750000e+02
2.640398254394531250e+02
2.632208862304687500e+02
2.623266296386718750e+02
2.623425598144531250e+02
2.631732177734375000e+02
2.661217041015625000e+02
2.692692260742187500e+02
2.690091857910156250e+02
2.677793884277343750e+02
2.694794006347656250e+02
2.702256469726562500e+02
2.686970825195312500e+02
2.675282897949218750e+02
2.675198669433593750e+02
2.674663391113281250e+02
2.676885375976562500e+02
2.673509521484375000e+02
2.660855712890625000e+02
2.651280212402343750e+02
2.650180664062500000e+02
2.653249816894531250e+02
2.662449951171875000e+02
2.673292236328125000e+02
2.686543273925781250e+02
2.705629882812500000e+02
2.711501464843750000e+02
2.691846008300781250e+02
2.676049804687500000e+02
2.677484741210937500e+02
2.680173034667968750e+02
2.684591369628906250e+02
2.682444458007812500e+02
2.680474548339843750e+02
2.659179077148437500e+02
2.608753967285156250e+02
2.571217346191406250e+02
2.564531860351562500e+02
2.577996826171875000e+02
2.580414733886718750e+02
2.576413574218750000e+02
2.558262329101562500e+02
2.541234893798828125e+02
2.532673034667968750e+02
2.523996429443359375e+02
2.505408172607421875e+02
2.504020690917968750e+02
2.500495147705078125e+02
2.502274017333984375e+02
2.513278503417968750e+02
2.523667297363281250e+02
2.569088745117187500e+02
2.611784362792968750e+02
2.614795837402343750e+02
2.613955993652343750e+02
2.639145812988281250e+02
2.652736511230468750e+02
2.683885498046875000e+02
2.702489624023437500e+02
2.692927246093750000e+02
2.682879028320312500e+02
2.677720947265625000e+02
2.665625915527343750e+02
2.654750061035156250e+02
2.640745544433593750e+02
2.634215393066406250e+02
2.641549072265625000e+02
2.644692687988281250e+02
2.640448303222656250e+02
2.633802795410156250e+02
2.632380676269531250e+02
2.627076416015625000e+02
2.614375915527343750e+02
2.599335327148437500e+02
2.584432983398437500e+02
2.572684936523437500e+02
2.560103454589843750e+02
2.558605041503906250e+02
2.577062988281250000e+02
2.618192138671875000e+02
2.628175659179687500e+02
2.625799865722656250e+02
2.619606018066406250e+02
2.625536804199218750e+02
2.616776733398437500e+02
2.612302856445312500e+02
2.630393981933593750e+02
2.672212829589843750e+02
2.680470886230468750e+02
2.691124877929687500e+02
2.687021179199218750e+02
2.690734863281250000e+02
2.677054748535156250e+02
2.669377136230468750e+02
2.685719299316406250e+02
2.715146179199218750e+02
2.702389221191406250e+02
2.651363220214843750e+02
2.638269653320312500e+02
2.621350708007812500e+02
2.612535705566406250e+02
2.616158752441406250e+02
2.611482543945312500e+02
2.614920959472656250e+02
2.616724548339843750e+02
2.606728210449218750e+02
2.600989990234375000e+02
2.600769958496093750e+02
2.597786865234375000e+02
2.589841308593750000e+02
2.584409179687500000e+02
2.597307739257812500e+02
2.624099731445312500e+02
2.643705749511718750e+02
2.650275878906250000e+02
2.650127868652343750e+02
2.644657897949218750e+02
2.627261352539062500e+02
2.609420166015625000e+02
2.610525512695312500e+02
2.649784851074218750e+02
2.678172607421875000e+02
2.657077026367187500e+02
2.678452758789062500e+02
2.699576416015625000e+02
2.717448730468750000e+02
2.686729736328125000e+02
2.635441284179687500e+02
2.629953308105468750e+02
2.620952453613281250e+02
2.609566040039062500e+02
2.594098815917968750e+02
2.592891235351562500e+02
2.608455810546875000e+02
2.632175292968750000e+02
2.622306213378906250e+02
2.596608886718750000e+02
2.556979064941406250e+02
2.573615112304687500e+02
2.614830627441406250e+02
2.629986267089843750e+02
2.646997985839843750e+02
2.656970214843750000e+02
2.669405822753906250e+02
2.673729553222656250e+02
2.676484680175781250e+02
2.652574157714843750e+02
2.628828430175781250e+02
2.610318603515625000e+02
2.562972412109375000e+02
2.549889526367187500e+02
2.533069000244140625e+02
2.525769500732421875e+02
2.584702453613281250e+02
2.610872192382812500e+02
2.561240539550781250e+02
2.564711914062500000e+02
2.554348144531250000e+02
2.554035491943359375e+02
2.553842620849609375e+02
2.553639678955078125e+02
2.536358795166015625e+02
2.513352508544921875e+02
2.507373504638671875e+02
2.531498565673828125e+02
2.549734039306640625e+02
2.593614196777343750e+02
2.642637329101562500e+02
2.652888183593750000e+02
2.621047058105468750e+02
2.619695739746093750e+02
2.632874450683593750e+02
2.633854370117187500e+02
2.613556518554687500e+02
2.594985351562500000e+02
2.573721008300781250e+02
2.564567260742187500e+02
2.545608673095703125e+02
2.537595672607421875e+02
2.525068511962890625e+02
2.517144165039062500e+02
2.504257202148437500e+02
2.503051452636718750e+02
2.497827606201171875e+02
2.500126800537109375e+02
2.479705963134765625e+02
2.475763397216796875e+02
2.487057800292968750e+02
2.497738342285156250e+02
2.488600463867187500e+02
2.494649505615234375e+02
2.505597076416015625e+02
2.530575103759765625e+02
2.543953857421875000e+02
2.569563598632812500e+02
2.578740844726562500e+02
2.574606933593750000e+02
2.560656433105468750e+02
2.561657104492187500e+02
2.546759033203125000e+02
2.535126037597656250e+02
2.513935546875000000e+02
2.519627227783203125e+02
2.516566925048828125e+02
2.518147735595703125e+02
2.510797729492187500e+02
2.517911529541015625e+02
2.524471130371093750e+02
2.520235748291015625e+02
2.511730957031250000e+02
2.506795043945312500e+02
2.510245361328125000e+02
2.520867462158203125e+02
2.523264465332031250e+02
2.550880432128906250e+02
2.588532104492187500e+02
2.603239440917968750e+02
2.611694946289062500e+02
2.610232238769531250e+02
2.640272521972656250e+02
2.666227111816406250e+02
2.666281433105468750e+02
2.690988464355468750e+02
2.715476074218750000e+02
2.716508789062500000e+02
2.710313720703125000e+02
2.706213684082031250e+02
2.692850646972656250e+02
2.655725097656250000e+02
2.630313720703125000e+02
2.655330810546875000e+02
2.639356079101562500e+02
2.618856201171875000e+02
2.641075134277343750e+02
2.659545898437500000e+02
2.669607238769531250e+02
2.655988769531250000e+02
2.649437255859375000e+02
2.629745178222656250e+02
2.615887756347656250e+02
2.623049011230468750e+02
2.668195495605468750e+02
2.669361267089843750e+02
2.626641540527343750e+02
2.586505432128906250e+02
2.560113830566406250e+02
2.545103302001953125e+02
2.540698547363281250e+02
2.551856384277343750e+02
2.584576110839843750e+02
2.641802062988281250e+02
2.668127136230468750e+02
2.691204528808593750e+02
2.705672302246093750e+02
2.710776672363281250e+02
2.700259704589843750e+02
2.658006896972656250e+02
2.665703735351562500e+02
2.680472412109375000e+02
2.617516784667968750e+02
2.642930908203125000e+02
2.643805541992187500e+02
2.564323730468750000e+02
2.582720642089843750e+02
2.616469726562500000e+02
2.642958679199218750e+02
2.656899414062500000e+02
2.681416931152343750e+02
2.664902954101562500e+02
2.664852600097656250e+02
2.648172912597656250e+02
2.617726135253906250e+02
2.576713562011718750e+02
2.559066162109375000e+02
2.570699157714843750e+02
2.609651184082031250e+02
2.609352111816406250e+02
2.601914978027343750e+02
2.640360412597656250e+02
2.685388488769531250e+02
2.683986816406250000e+02
2.662820129394531250e+02
2.643077087402343750e+02
2.608003540039062500e+02
2.585748596191406250e+02
2.566274719238281250e+02
2.583378295898437500e+02
2.656732482910156250e+02
2.665934753417968750e+02
2.621883544921875000e+02
2.563705749511718750e+02
2.548486022949218750e+02
2.560872497558593750e+02
2.584096984863281250e+02
2.612246704101562500e+02
2.660858154296875000e+02
2.679603576660156250e+02
2.679963378906250000e+02
2.658761291503906250e+02
2.657346496582031250e+02
2.665315551757812500e+02
2.661394653320312500e+02
2.658185729980468750e+02
2.648197937011718750e+02
2.648777160644531250e+02
2.651271362304687500e+02
2.665575866699218750e+02
2.678868103027343750e+02
2.673520507812500000e+02
2.641850280761718750e+02
2.630876464843750000e+02
2.615036621093750000e+02
2.629346313476562500e+02
2.688941955566406250e+02
2.665253601074218750e+02
2.679121093750000000e+02
2.718457946777343750e+02
2.724660644531250000e+02
2.725042114257812500e+02
2.724008789062500000e+02
2.726704101562500000e+02
2.719331970214843750e+02
2.717747192382812500e+02
2.712654113769531250e+02
2.706499328613281250e+02
2.693671875000000000e+02
2.692805786132812500e+02
2.703259582519531250e+02
2.699982910156250000e+02
2.684477539062500000e+02
2.655516967773437500e+02
2.655039367675781250e+02
2.653490600585937500e+02
2.662634277343750000e+02
2.661417236328125000e+02
2.662911987304687500e+02
2.655417480468750000e+02
2.639441223144531250e+02
2.622467041015625000e+02
2.604651489257812500e+02
2.599696960449218750e+02
2.584297790527343750e+02
2.593238525390625000e+02
2.629210510253906250e+02
2.662907104492187500e+02
2.667807617187500000e+02
2.668610839843750000e+02
2.672455444335937500e+02
2.679265136718750000e+02
2.687008972167968750e+02
2.700180053710937500e+02
2.701242370605468750e+02
2.674665222167968750e+02
2.641026916503906250e+02
2.600355529785156250e+02
2.573530578613281250e+02
2.574960021972656250e+02
2.582974853515625000e+02
2.593252258300781250e+02
2.611017150878906250e+02
2.640303649902343750e+02
2.678761596679687500e+02
2.688153991699218750e+02
2.679645385742187500e+02
2.681850280761718750e+02
2.687082214355468750e+02
2.687505187988281250e+02
2.652552490234375000e+02
2.635219421386718750e+02
2.620751647949218750e+02
2.611823730468750000e+02
2.609038085937500000e+02
2.599440307617187500e+02
2.583626098632812500e+02
2.576709289550781250e+02
2.586791076660156250e+02
2.607174072265625000e+02
2.632075195312500000e+02
2.627760314941406250e+02
2.626731872558593750e+02
2.624145812988281250e+02
2.620286865234375000e+02
2.609211120605468750e+02
2.605520629882812500e+02
2.623391113281250000e+02
2.634800109863281250e+02
2.643908081054687500e+02
2.639915161132812500e+02
2.624456787109375000e+02
2.618992614746093750e+02
2.626910400390625000e+02
2.649931030273437500e+02
2.679249877929687500e+02
2.691983642578125000e+02
2.679533386230468750e+02
2.672505187988281250e+02
2.683778991699218750e+02
2.685305480957031250e+02
2.686872863769531250e+02
2.684457092285156250e+02
2.669228515625000000e+02
2.651570434570312500e+02
2.661003417968750000e+02
2.684625549316406250e+02
2.692730407714843750e+02
2.688825988769531250e+02
2.688299865722656250e+02
2.682134704589843750e+02
2.676435241699218750e+02
2.656705627441406250e+02
2.646927490234375000e+02
2.633267517089843750e+02
2.620489501953125000e+02
2.610885925292968750e+02
2.601676025390625000e+02
2.590831604003906250e+02
2.577861938476562500e+02
2.565944824218750000e+02
2.589303588867187500e+02
2.598357543945312500e+02
2.577842102050781250e+02
2.546051025390625000e+02
2.536772155761718750e+02
2.564411926269531250e+02
2.592820129394531250e+02
2.619906005859375000e+02
2.617287597656250000e+02
2.588551940917968750e+02
2.557183685302734375e+02
2.553767700195312500e+02
2.562787170410156250e+02
2.587081604003906250e+02
2.618009338378906250e+02
2.594059143066406250e+02
2.560309143066406250e+02
2.557097778320312500e+02
2.559549407958984375e+02
2.557813720703125000e+02
2.548150482177734375e+02
2.545348205566406250e+02
2.566820068359375000e+02
2.612395935058593750e+02
2.653460388183593750e+02
2.662546386718750000e+02
2.651870422363281250e+02
2.647496948242187500e+02
2.652742614746093750e+02
2.660673217773437500e+02
2.637870483398437500e+02
2.607528686523437500e+02
2.583902282714843750e+02
2.585886840820312500e+02
2.600100097656250000e+02
2.580404052734375000e+02
2.569544372558593750e+02
2.566804504394531250e+02
2.573802185058593750e+02
2.589095153808593750e+02
2.596805419921875000e+02
2.604900207519531250e+02
2.605141601562500000e+02
2.593474731445312500e+02
2.596209716796875000e+02
2.622419738769531250e+02
2.640191955566406250e+02
2.626919555664062500e+02
2.630672607421875000e+02
2.632281799316406250e+02
2.643087463378906250e+02
2.651391906738281250e+02
2.660523071289062500e+02
2.667197875976562500e+02
2.673950500488281250e+02
2.668676757812500000e+02
2.663053283691406250e+02
2.665721130371093750e+02
2.670171813964843750e+02
2.679945068359375000e+02
2.676480712890625000e+02
2.682466125488281250e+02
2.688507080078125000e+02
2.687424926757812500e+02
2.682445983886718750e+02
2.669549560546875000e+02
2.692580566406250000e+02
2.678850708007812500e+02
2.668277587890625000e+02
2.656261596679687500e+02
2.656013488769531250e+02
2.645504150390625000e+02
2.632203674316406250e+02
2.663661499023437500e+02
2.691076049804687500e+02
2.654574279785156250e+02
2.648814086914062500e+02
2.662251892089843750e+02
2.680204772949218750e+02
2.690107116699218750e+02
2.680331115722656250e+02
2.669471740722656250e+02
2.652291564941406250e+02
2.683897399902343750e+02
2.709738159179687500e+02
2.715133972167968750e+02
2.703053283691406250e+02
2.690015869140625000e+02
2.644880676269531250e+02
2.643561096191406250e+02
2.667656555175781250e+02
2.672685241699218750e+02
2.681597595214843750e+02
2.693954772949218750e+02
2.698822631835937500e+02
2.687590942382812500e+02
2.665567626953125000e+02
2.682494812011718750e+02
2.688235778808593750e+02
2.680280151367187500e+02
2.675643310546875000e+02
2.670821533203125000e+02
2.661333007812500000e+02
2.653159179687500000e+02
2.647185058593750000e+02
2.658702392578125000e+02
2.660168762207031250e+02
2.655284118652343750e+02
2.653386840820312500e+02
2.661660156250000000e+02
2.683601684570312500e+02
2.686086120605468750e+02
2.691404418945312500e+02
2.717988586425781250e+02
2.721542663574218750e+02
2.685458374023437500e+02
2.675797729492187500e+02
2.689813232421875000e+02
2.710755615234375000e+02
2.724761047363281250e+02
2.731972656250000000e+02
2.734474487304687500e+02
2.732313232421875000e+02
2.730924377441406250e+02
2.733654785156250000e+02
2.711737670898437500e+02
2.698672485351562500e+02
2.691878356933593750e+02
2.684529113769531250e+02
2.675638732910156250e+02
2.683503723144531250e+02
2.696982727050781250e+02
2.704136962890625000e+02
2.703636474609375000e+02
2.689607238769531250e+02
2.688075866699218750e+02
2.697930603027343750e+02
2.713512878417968750e+02
2.723502807617187500e+02
2.697159423828125000e+02
2.669002990722656250e+02
2.674929809570312500e+02
2.679186706542968750e+02
2.659228515625000000e+02
2.652548828125000000e+02
2.653800048828125000e+02
2.673995361328125000e+02
2.651164550781250000e+02
2.639810791015625000e+02
2.668831787109375000e+02
2.679011535644531250e+02
2.688660888671875000e+02
2.694028015136718750e+02
2.699755249023437500e+02
2.703508911132812500e+02
2.706159667968750000e+02
2.714596557617187500e+02
2.721893310546875000e+02
2.722020874023437500e+02
2.720242614746093750e+02
2.720360412597656250e+02
2.715621948242187500e+02
2.703379211425781250e+02
2.664620056152343750e+02
2.624961547851562500e+02
2.620054321289062500e+02
2.621088562011718750e+02
2.610049133300781250e+02
2.600385742187500000e+02
2.617603454589843750e+02
2.622855529785156250e+02
2.605358886718750000e+02
2.624122314453125000e+02
2.638243713378906250e+02
2.658526916503906250e+02
2.669420471191406250e+02
2.668150329589843750e+02
2.671002807617187500e+02
2.677274169921875000e+02
2.667886657714843750e+02
2.656174926757812500e+02
2.681883239746093750e+02
2.693623962402343750e+02
2.678489685058593750e+02
2.666130676269531250e+02
2.687849121093750000e+02
2.698128051757812500e+02
2.671115417480468750e+02
2.657644042968750000e+02
2.680010070800781250e+02
2.696785583496093750e+02
2.692140197753906250e+02
2.691108093261718750e+02
2.693183593750000000e+02
2.703426818847656250e+02
2.710885009765625000e+02
2.715605773925781250e+02
2.721588745117187500e+02
2.724495849609375000e+02
2.722403564453125000e+02
2.712115173339843750e+02
2.706384582519531250e+02
2.693110046386718750e+02
2.686351928710937500e+02
2.680737609863281250e+02
2.682730407714843750e+02
2.684536437988281250e+02
2.683511047363281250e+02
2.679610290527343750e+02
2.677925415039062500e+02
2.670399780273437500e+02
2.666382141113281250e+02
2.656918945312500000e+02
2.649400939941406250e+02
2.646246337890625000e+02
2.634930419921875000e+02
2.617789611816406250e+02
2.612596130371093750e+02
2.606348266601562500e+02
2.613420104980468750e+02
2.610845031738281250e+02
2.626091003417968750e+02
2.628907470703125000e+02
2.634308776855468750e+02
2.625997009277343750e+02
2.630513000488281250e+02
2.618292846679687500e+02
2.620756835937500000e+02
2.617097778320312500e+02
2.624078369140625000e+02
2.634719543457031250e+02
2.647643737792968750e+02
2.658142395019531250e+02
2.672028808593750000e+02
2.691420898437500000e+02
2.698243713378906250e+02
2.708503417968750000e+02
2.724580993652343750e+02
2.733712768554687500e+02
2.730139770507812500e+02
2.730329589843750000e+02
2.727635803222656250e+02
2.726856689453125000e+02
2.719121704101562500e+02
2.713580017089843750e+02
2.712514038085937500e+02
2.714197082519531250e+02
2.705605773925781250e+02
2.705089111328125000e+02
2.709993286132812500e+02
2.711372680664062500e+02
2.711364135742187500e+02
2.707412719726562500e+02
2.709096984863281250e+02
2.706837768554687500e+02
2.691467895507812500e+02
2.678326416015625000e+02
2.678326110839843750e+02
2.673089294433593750e+02
2.671824035644531250e+02
2.660084533691406250e+02
2.660421142578125000e+02
2.658678894042968750e+02
2.676621704101562500e+02
2.677211608886718750e+02
2.673316650390625000e+02
2.679568176269531250e+02
2.692954101562500000e+02
2.681918640136718750e+02
2.684662170410156250e+02
2.689989929199218750e+02
2.693381347656250000e+02
2.691882019042968750e+02
2.691762390136718750e+02
2.697225646972656250e+02
2.701089477539062500e+02
2.698044433593750000e+02
2.702913208007812500e+02
2.701736755371093750e+02
2.704125671386718750e+02
2.697509155273437500e+02
2.700853576660156250e+02
2.698550720214843750e+02
2.698915100097656250e+02
2.697445068359375000e+02
2.716445922851562500e+02
2.725025939941406250e+02
2.722958679199218750e+02
2.725205383300781250e+02
2.738533630371093750e+02
2.737348327636718750e+02
2.733966979980468750e+02
2.731571350097656250e+02
2.740095214843750000e+02
2.737814636230468750e+02
2.731136169433593750e+02
2.727549743652343750e+02
2.732433776855468750e+02
2.734541625976562500e+02
2.727332153320312500e+02
2.722260437011718750e+02
2.722803649902343750e+02
2.726277465820312500e+02
2.721871337890625000e+02
2.722568664550781250e+02
2.727496643066406250e+02
2.729614562988281250e+02
2.724333496093750000e+02
2.723518981933593750e+02
2.724469299316406250e+02
2.724230957031250000e+02
2.717915649414062500e+02
2.711269836425781250e+02
2.709279479980468750e+02
2.711938781738281250e+02
2.689460449218750000e+02
2.683849182128906250e+02
2.685376892089843750e+02
