2.683033752441406250e+02
2.681527099609375000e+02
2.672182922363281250e+02
2.682735290527343750e+02
2.687349853515625000e+02
2.683175659179687500e+02
2.670664978027343750e+02
2.676914672851562500e+02
2.681857910156250000e+02
2.675211181640625000e+02
2.688056030273437500e+02
2.696506347656250000e+02
2.702099609375000000e+02
2.705666503906250000e+02
2.707582397460937500e+02
2.709146728515625000e+02
2.715192871093750000e+02
2.712767944335937500e+02
2.712410583496093750e+02
2.717969970703125000e+02
2.717961425781250000e+02
2.708237609863281250e+02
2.702138061523437500e+02
2.699440612792968750e+02
2.706324157714843750e+02
2.699221191406250000e+02
2.697712402343750000e+02
2.699104309082031250e+02
2.702362060546875000e+02
2.698260498046875000e+02
2.695198669433593750e+02
2.699595336914062500e+02
2.711221618652343750e+02
2.715534973144531250e+02
2.715110168457031250e+02
2.727493286132812500e+02
2.733989562988281250e+02
2.724798278808593750e+02
2.720923767089843750e+02
2.732990417480468750e+02
2.734455566406250000e+02
2.715794372558593750e+02
2.711271362304687500e+02
2.721336669921875000e+02
2.726836853027343750e+02
2.721202087402343750e+02
2.714622497558593750e+02
2.727001342773437500e+02
2.728247375488281250e+02
2.718428955078125000e+02
2.711439514160156250e+02
2.715328063964843750e+02
2.713658142089843750e+02
2.714833068847656250e+02
2.716568298339843750e+02
2.732817382812500000e+02
2.738784179687500000e+02
2.730321655273437500e+02
2.727852172851562500e+02
2.731826171875000000e+02
2.736603088378906250e+02
2.730900878906250000e+02
2.729350585937500000e+02
2.730885314941406250e+02
2.733060607910156250e+02
2.727826232910156250e+02
2.725759277343750000e+02
2.723749084472656250e+02
2.728511962890625000e+02
2.724982910156250000e+02
2.723115844726562500e+02
2.717918395996093750e+02
2.720705261230468750e+02
2.723473815917968750e+02
2.724218444824218750e+02
2.718420410156250000e+02
2.718588256835937500e+02
2.718138732910156250e+02
2.715382080078125000e+02
2.717624511718750000e+02
2.718414306640625000e+02
2.719924926757812500e+02
2.720051879882812500e+02
2.716727905273437500e+02
2.712770385742187500e+02
2.714016723632812500e+02
2.704080810546875000e+02
2.694750976562500000e+02
2.684176330566406250e+02
2.689786987304687500e+02
2.685046997070312500e+02
2.684257202148437500e+02
2.681631774902343750e+02
2.687933654785156250e+02
2.690818481445312500e+02
2.682457885742187500e+02
2.681878662109375000e+02
2.693581237792968750e+02
2.696324768066406250e+02
2.690046386718750000e+02
2.696458129882812500e+02
2.698823242187500000e+02
2.697041320800781250e+02
2.694531860351562500e+02
2.703670349121093750e+02
2.711943359375000000e+02
2.712561035156250000e+02
2.721572875976562500e+02
2.729584960937500000e+02
2.721559448242187500e+02
2.713438415527343750e+02
2.699236450195312500e+02
2.691301574707031250e+02
2.676039123535156250e+02
2.672871093750000000e+02
2.684901428222656250e+02
2.693894653320312500e+02
2.701165771484375000e+02
2.697326965332031250e+02
2.712782287597656250e+02
2.714147949218750000e+02
2.704661254882812500e+02
2.693422546386718750e+02
2.690843505859375000e+02
2.686017150878906250e+02
2.694870605468750000e+02
2.692482604980468750e+02
2.671051025390625000e+02
2.666910705566406250e+02
2.692328186035156250e+02
2.688273925781250000e+02
2.671731262207031250e+02
2.674111633300781250e+02
2.696182556152343750e+02
2.693245239257812500e+02
2.689017333984375000e+02
2.699934692382812500e+02
2.707978820800781250e+02
2.698855285644531250e+02
2.710972900390625000e+02
2.725126647949218750e+02
2.727694702148437500e+02
2.726305236816406250e+02
2.731483459472656250e+02
2.734618835449218750e+02
2.728601379394531250e+02
2.723848571777343750e+02
2.727201843261718750e+02
2.725400695800781250e+02
2.722675170898437500e+02
2.722322082519531250e+02
2.727557373046875000e+02
2.729267883300781250e+02
2.728041381835937500e+02
2.727199401855468750e+02
2.728094482421875000e+02
2.730623168945312500e+02
2.726497497558593750e+02
2.724621276855468750e+02
2.728224487304687500e+02
2.727911682128906250e+02
2.727649841308593750e+02
2.722622070312500000e+02
2.725372009277343750e+02
2.728011474609375000e+02
2.727530212402343750e+02
2.725689697265625000e+02
2.723776245117187500e+02
2.721918029785156250e+02
2.717399291992187500e+02
2.713848266601562500e+02
2.714698486328125000e+02
2.714854431152343750e+02
2.711578674316406250e+02
2.714877014160156250e+02
2.717529907226562500e+02
2.727085266113281250e+02
2.729346923828125000e+02
2.727426452636718750e+02
2.723255920410156250e+02
2.723553466796875000e+02
2.719481811523437500e+02
2.718439636230468750e+02
2.724273986816406250e+02
2.722762756347656250e+02
2.714547119140625000e+02
2.699356994628906250e+02
2.700795593261718750e+02
2.709225769042968750e+02
2.697951354980468750e+02
2.693927612304687500e+02
2.709920043945312500e+02
2.717039489746093750e+02
2.716553955078125000e+02
2.717714233398437500e+02
2.722079162597656250e+02
2.723636779785156250e+02
2.720235595703125000e+02
2.717267456054687500e+02
2.721347961425781250e+02
2.718176574707031250e+02
2.713007507324218750e+02
2.702616577148437500e+02
2.695334167480468750e+02
2.693859558105468750e+02
2.691454772949218750e+02
2.690080871582031250e+02
2.688178710937500000e+02
2.691590576171875000e+02
2.696064147949218750e+02
2.696611328125000000e+02
2.708965148925781250e+02
2.703930664062500000e+02
2.684924621582031250e+02
2.671514282226562500e+02
2.681856079101562500e+02
2.683073425292968750e+02
2.676806335449218750e+02
2.674618835449218750e+02
2.685771179199218750e+02
2.696980590820312500e+02
2.698029785156250000e+02
2.699375610351562500e+02
2.708529663085937500e+02
2.712456054687500000e+02
2.711276245117187500e+02
2.711233520507812500e+02
2.717690734863281250e+02
2.724782714843750000e+02
2.716688842773437500e+02
2.710939636230468750e+02
2.714703369140625000e+02
2.719883117675781250e+02
2.714399108886718750e+02
2.699974670410156250e+02
2.712183227539062500e+02
2.719557495117187500e+02
2.708096008300781250e+02
2.708228759765625000e+02
2.721905517578125000e+02
2.732602233886718750e+02
2.733031921386718750e+02
2.733539123535156250e+02
2.733215026855468750e+02
2.729222412109375000e+02
2.726563415527343750e+02
2.726011657714843750e+02
2.728469238281250000e+02
2.727403259277343750e+02
2.719988098144531250e+02
2.718596801757812500e+02
2.722183227539062500e+02
2.726025390625000000e+02
2.720669250488281250e+02
2.719873352050781250e+02
2.717557067871093750e+02
2.722143249511718750e+02
2.714121398925781250e+02
2.712739562988281250e+02
2.710284118652343750e+02
2.702738037109375000e+02
2.703615112304687500e+02
2.693407592773437500e+02
2.687247314453125000e+02
2.689286804199218750e+02
2.675321044921875000e+02
2.659997558593750000e+02
2.642955017089843750e+02
2.641915283203125000e+02
2.624150695800781250e+02
2.612999267578125000e+02
2.619558410644531250e+02
2.631520996093750000e+02
2.621807250976562500e+02
2.641489562988281250e+02
2.633070373535156250e+02
2.642252807617187500e+02
2.647499694824218750e+02
2.641507873535156250e+02
2.651235656738281250e+02
2.655540771484375000e+02
2.658093566894531250e+02
2.657223815917968750e+02
2.659111633300781250e+02
2.662303771972656250e+02
2.673884582519531250e+02
2.671596984863281250e+02
2.661568298339843750e+02
2.660493774414062500e+02
2.662702331542968750e+02
2.662132873535156250e+02
2.652481384277343750e+02
2.643630981445312500e+02
2.636853027343750000e+02
2.627681274414062500e+02
2.619281005859375000e+02
2.623708496093750000e+02
2.614935913085937500e+02
2.600997009277343750e+02
2.619643554687500000e+02
2.649794616699218750e+02
2.657852172851562500e+02
2.654335632324218750e+02
2.648721313476562500e+02
2.649289550781250000e+02
2.628540039062500000e+02
2.622354736328125000e+02
2.619739685058593750e+02
2.630343933105468750e+02
2.629044494628906250e+02
2.627530517578125000e+02
2.630963134765625000e+02
2.637254333496093750e+02
2.626015930175781250e+02
2.618240051269531250e+02
2.622667236328125000e+02
2.626559448242187500e+02
2.631668701171875000e+02
2.640126647949218750e+02
2.649833984375000000e+02
2.663383178710937500e+02
2.656978149414062500e+02
2.652867736816406250e+02
2.673669738769531250e+02
2.669426574707031250e+02
2.663241882324218750e+02
2.659080505371093750e+02
2.668177185058593750e+02
2.670219726562500000e+02
2.659649353027343750e+02
2.663380737304687500e+02
2.669468078613281250e+02
2.664373474121093750e+02
2.657751770019531250e+02
2.649170227050781250e+02
2.650417785644531250e+02
2.635849914550781250e+02
2.603546752929687500e+02
2.594311828613281250e+02
2.590668029785156250e+02
2.593630676269531250e+02
2.585682983398437500e+02
2.585124206542968750e+02
2.585136108398437500e+02
2.588739318847656250e+02
2.586999816894531250e+02
2.575848693847656250e+02
2.571452636718750000e+02
2.577513427734375000e+02
2.575335693359375000e+02
2.595146179199218750e+02
2.614669189453125000e+02
2.633215026855468750e+02
2.636208801269531250e+02
2.645254821777343750e+02
2.651296997070312500e+02
2.661093750000000000e+02
2.662360229492187500e+02
2.657030029296875000e+02
2.658639526367187500e+02
2.658122558593750000e+02
2.660545654296875000e+02
2.657959899902343750e+02
2.656099243164062500e+02
2.645516662597656250e+02
2.625664367675781250e+02
2.610747070312500000e+02
2.601214904785156250e+02
2.606920166015625000e+02
2.604745178222656250e+02
2.613829040527343750e+02
2.625439758300781250e+02
2.625841064453125000e+02
2.616578979492187500e+02
2.618255310058593750e+02
2.619030151367187500e+02
2.618838500976562500e+02
2.607554931640625000e+02
2.614858093261718750e+02
2.619668884277343750e+02
2.621746520996093750e+02
2.605836791992187500e+02
2.603662414550781250e+02
2.595255126953125000e+02
2.594273376464843750e+02
2.582930297851562500e+02
2.576925964355468750e+02
2.574183654785156250e+02
2.567106323242187500e+02
2.557046661376953125e+02
2.555485534667968750e+02
2.563445739746093750e+02
2.565998229980468750e+02
2.565986328125000000e+02
2.564078979492187500e+02
2.550645751953125000e+02
2.546849365234375000e+02
2.537104797363281250e+02
2.549425048828125000e+02
2.567091979980468750e+02
2.592132263183593750e+02
2.592120361328125000e+02
2.617107238769531250e+02
2.646820983886718750e+02
2.678541259765625000e+02
2.679282836914062500e+02
2.638117065429687500e+02
2.605922241210937500e+02
2.601476135253906250e+02
2.589402160644531250e+02
2.588841247558593750e+02
2.599720458984375000e+02
2.606843872070312500e+02
2.601081542968750000e+02
2.595298461914062500e+02
2.587326049804687500e+02
2.578766479492187500e+02
2.578265991210937500e+02
2.608557739257812500e+02
2.612574157714843750e+02
2.607176513671875000e+02
2.596517639160156250e+02
2.591462097167968750e+02
2.581050720214843750e+02
2.582303466796875000e+02
2.573342590332031250e+02
2.608739318847656250e+02
2.617061462402343750e+02
2.559726257324218750e+02
2.547506103515625000e+02
2.550885620117187500e+02
2.535266571044921875e+02
2.540798034667968750e+02
2.564862060546875000e+02
2.608472595214843750e+02
2.641438293457031250e+02
2.652057189941406250e+02
2.665338745117187500e+02
2.629781799316406250e+02
2.567297973632812500e+02
2.558193664550781250e+02
2.569778137207031250e+02
2.576098327636718750e+02
2.535716705322265625e+02
2.533239135742187500e+02
2.525739135742187500e+02
2.528291931152343750e+02
2.528357696533203125e+02
2.520948333740234375e+02
2.503546752929687500e+02
2.494445190429687500e+02
2.477617492675781250e+02
2.473400878906250000e+02
2.468282623291015625e+02
2.478171081542968750e+02
2.480646514892578125e+02
2.484665985107421875e+02
2.477919616699218750e+02
2.474119110107421875e+02
2.487021636962890625e+02
2.499912261962890625e+02
2.506833953857421875e+02
2.517050933837890625e+02
2.533173217773437500e+02
2.545265502929687500e+02
2.557248077392578125e+02
2.563236999511718750e+02
2.570748291015625000e+02
2.583123474121093750e+02
2.600326232910156250e+02
2.617587280273437500e+02
2.637340698242187500e+02
2.648863525390625000e+02
2.657736206054687500e+02
2.668132019042968750e+02
2.675622863769531250e+02
2.683046875000000000e+02
2.677142028808593750e+02
2.679866027832031250e+02
2.688110351562500000e+02
2.688840942382812500e+02
2.687458801269531250e+02
2.685853271484375000e+02
2.681797790527343750e+02
2.676250915527343750e+02
2.671172485351562500e+02
2.660439758300781250e+02
2.658879699707031250e+02
2.669067382812500000e+02
2.675022277832031250e+02
2.682802429199218750e+02
2.692277832031250000e+02
2.693348388671875000e+02
2.680203857421875000e+02
2.664195251464843750e+02
2.670492553710937500e+02
2.688779602050781250e+02
2.699682312011718750e+02
2.710427856445312500e+02
2.709103088378906250e+02
2.709346008300781250e+02
2.692467041015625000e+02
2.680811767578125000e+02
2.684245910644531250e+02
2.694120178222656250e+02
2.697561035156250000e+02
2.699026794433593750e+02
2.697327270507812500e+02
2.699050598144531250e+02
2.703988342285156250e+02
2.697655029296875000e+02
2.692105712890625000e+02
2.682474670410156250e+02
2.664220886230468750e+02
2.649677124023437500e+02
2.636924743652343750e+02
2.626841735839843750e+02
2.604713745117187500e+02
2.594113769531250000e+02
2.588958740234375000e+02
2.585445861816406250e+02
2.582272644042968750e+02
2.580719299316406250e+02
2.571405029296875000e+02
2.565199890136718750e+02
2.551387329101562500e+02
2.545676879882812500e+02
2.535400543212890625e+02
2.531149444580078125e+02
2.527329711914062500e+02
2.537808837890625000e+02
2.548250427246093750e+02
2.550788269042968750e+02
2.524367828369140625e+02
2.514914398193359375e+02
2.532790527343750000e+02
2.563832397460937500e+02
2.558272399902343750e+02
2.541920166015625000e+02
2.495919036865234375e+02
2.462469329833984375e+02
2.440000000000000000e+02
2.431637878417968750e+02
2.442409515380859375e+02
2.455910034179687500e+02
2.452918853759765625e+02
2.464155731201171875e+02
2.460270843505859375e+02
2.480277862548828125e+02
2.495254516601562500e+02
2.506870574951171875e+02
2.514201507568359375e+02
2.518632659912109375e+02
2.516179809570312500e+02
2.518894805908203125e+02
2.501606903076171875e+02
2.486954650878906250e+02
2.489568786621093750e+02
2.496452789306640625e+02
2.504772796630859375e+02
2.495931854248046875e+02
2.484654235839843750e+02
2.482469024658203125e+02
2.492639617919921875e+02
2.492965545654296875e+02
2.494082489013671875e+02
2.490977172851562500e+02
2.513179168701171875e+02
2.569765014648437500e+02
2.639625549316406250e+02
2.684329833984375000e+02
2.661229248046875000e+02
2.646395874023437500e+02
2.648166198730468750e+02
2.656731872558593750e+02
2.661130065917968750e+02
2.644449462890625000e+02
2.674771728515625000e+02
2.691069946289062500e+02
2.644649047851562500e+02
2.583608398437500000e+02
2.573697814941406250e+02
2.588014526367187500e+02
2.639603271484375000e+02
2.656900024414062500e+02
2.650450439453125000e+02
2.644721679687500000e+02
2.677837829589843750e+02
2.678736267089843750e+02
2.658237304687500000e+02
2.662522277832031250e+02
2.651982727050781250e+02
2.634308776855468750e+02
2.611392822265625000e+02
2.589515991210937500e+02
2.591890258789062500e+02
2.625845642089843750e+02
2.643257751464843750e+02
2.646605529785156250e+02
2.657372741699218750e+02
2.663125305175781250e+02
2.625366821289062500e+02
2.569137268066406250e+02
2.529582672119140625e+02
2.518794708251953125e+02
2.509405517578125000e+02
2.503754272460937500e+02
2.518667297363281250e+02
2.574266662597656250e+02
2.630207214355468750e+02
2.621894836425781250e+02
2.610216064453125000e+02
2.626236877441406250e+02
2.661149291992187500e+02
2.683301086425781250e+02
2.682742309570312500e+02
2.684315185546875000e+02
2.678533020019531250e+02
2.670709228515625000e+02
2.663403625488281250e+02
2.650582580566406250e+02
2.641838073730468750e+02
2.633176574707031250e+02
2.623773803710937500e+02
2.620441894531250000e+02
2.610134887695312500e+02
2.613771667480468750e+02
2.613591308593750000e+02
2.614221191406250000e+02
2.605291442871093750e+02
2.598954162597656250e+02
2.591725769042968750e+02
2.580338439941406250e+02
2.577000122070312500e+02
2.605695800781250000e+02
2.670395202636718750e+02
2.696177368164062500e+02
2.697781372070312500e+02
2.669755249023437500e+02
2.628397827148437500e+02
2.617028198242187500e+02
2.640796203613281250e+02
2.647249755859375000e+02
2.650469970703125000e+02
2.660483703613281250e+02
2.661735839843750000e+02
2.660955810546875000e+02
2.646515197753906250e+02
2.644737548828125000e+02
2.632295837402343750e+02
2.630846862792968750e+02
2.639103393554687500e+02
2.629847412109375000e+02
2.608197631835937500e+02
2.596908569335937500e+02
2.585703430175781250e+02
2.579614562988281250e+02
2.573002014160156250e+02
2.570653686523437500e+02
2.562103576660156250e+02
2.562301940917968750e+02
2.560727844238281250e+02
2.563060607910156250e+02
2.586606445312500000e+02
2.620100402832031250e+02
2.635010070800781250e+02
2.647424926757812500e+02
2.656959838867187500e+02
2.662354125976562500e+02
2.676331481933593750e+02
2.696628112792968750e+02
2.706690368652343750e+02
2.713444824218750000e+02
2.720447692871093750e+02
2.723073730468750000e+02
2.721504516601562500e+02
2.710877685546875000e+02
2.703057250976562500e+02
2.693921813964843750e+02
2.659223937988281250e+02
2.612755126953125000e+02
2.587404479980468750e+02
2.575822448730468750e+02
2.582816162109375000e+02
2.580634155273437500e+02
2.574527893066406250e+02
2.571353149414062500e+02
2.567355651855468750e+02
2.577369689941406250e+02
2.577651672363281250e+02
2.584847717285156250e+02
2.588131713867187500e+02
2.592177429199218750e+02
2.590899353027343750e+02
2.601458740234375000e+02
2.629932861328125000e+02
2.660321350097656250e+02
2.683640441894531250e+02
2.682694702148437500e+02
2.678285827636718750e+02
2.682519226074218750e+02
2.668749389648437500e+02
2.643644409179687500e+02
2.616060791015625000e+02
2.609944458007812500e+02
2.611193847656250000e+02
2.609453125000000000e+02
2.592040710449218750e+02
2.566345214843750000e+02
2.556665649414062500e+02
2.560218200683593750e+02
2.605287780761718750e+02
2.652372131347656250e+02
2.677710571289062500e+02
2.692069396972656250e+02
2.666965332031250000e+02
2.639277954101562500e+02
2.651325073242187500e+02
2.668664245605468750e+02
2.673073425292968750e+02
2.682431030273437500e+02
2.685663146972656250e+02
2.668360900878906250e+02
2.667596740722656250e+02
2.674302673339843750e+02
2.689460144042968750e+02
2.713647460937500000e+02
2.696070251464843750e+02
2.691637878417968750e+02
2.705631103515625000e+02
2.705013122558593750e+02
2.668184814453125000e+02
2.627179260253906250e+02
2.581641540527343750e+02
2.569142456054687500e+02
2.573386230468750000e+02
2.570311279296875000e+02
2.556755523681640625e+02
2.557569274902343750e+02
2.585385131835937500e+02
2.604013977050781250e+02
2.604572448730468750e+02
2.614196777343750000e+02
2.587117309570312500e+02
2.555847625732421875e+02
2.564625549316406250e+02
2.577288513183593750e+02
2.537489624023437500e+02
2.525942687988281250e+02
2.563649291992187500e+02
2.599323120117187500e+02
2.627069702148437500e+02
2.626132507324218750e+02
2.625782775878906250e+02
2.618323364257812500e+02
2.600214538574218750e+02
2.592527465820312500e+02
2.570158691406250000e+02
2.555139312744140625e+02
2.538875427246093750e+02
2.529708404541015625e+02
2.522813720703125000e+02
2.510292968750000000e+02
2.497890167236328125e+02
2.493863830566406250e+02
2.487587890625000000e+02
2.483527832031250000e+02
2.489996337890625000e+02
2.510324859619140625e+02
2.533891754150390625e+02
2.565764770507812500e+02
2.601592407226562500e+02
2.589342041015625000e+02
2.537621307373046875e+02
2.516497497558593750e+02
2.548704223632812500e+02
2.569593505859375000e+02
2.552390899658203125e+02
2.526305541992187500e+02
2.488743438720703125e+02
2.479887542724609375e+02
2.475432739257812500e+02
2.471605377197265625e+02
2.477794647216796875e+02
2.490396270751953125e+02
2.492560882568359375e+02
2.504766998291015625e+02
2.510338134765625000e+02
2.520455322265625000e+02
2.533147888183593750e+02
2.562992248535156250e+02
2.573698425292968750e+02
2.558366241455078125e+02
2.580082092285156250e+02
2.601459655761718750e+02
2.620698242187500000e+02
2.632593383789062500e+02
2.633451232910156250e+02
2.621829223632812500e+02
2.604037475585937500e+02
2.580062561035156250e+02
2.556734313964843750e+02
2.531266326904296875e+02
2.523614807128906250e+02
2.515606842041015625e+02
2.510587005615234375e+02
2.510943603515625000e+02
2.539285736083984375e+02
2.592702636718750000e+02
2.637384643554687500e+02
2.651850585937500000e+02
2.628123779296875000e+02
2.580414428710937500e+02
2.549422454833984375e+02
2.524998474121093750e+02
2.518674468994140625e+02
2.518714141845703125e+02
2.534344787597656250e+02
2.538332061767578125e+02
2.519640960693359375e+02
2.507019958496093750e+02
2.506896820068359375e+02
2.541674652099609375e+02
2.581704711914062500e+02
2.592314758300781250e+02
2.584313354492187500e+02
2.620418090820312500e+02
2.627185058593750000e+02
2.604411621093750000e+02
2.591056823730468750e+02
2.599963989257812500e+02
2.623638305664062500e+02
2.635518188476562500e+02
2.636236267089843750e+02
2.645524902343750000e+02
2.644435424804687500e+02
2.638478393554687500e+02
2.616407470703125000e+02
2.621720275878906250e+02
2.659812011718750000e+02
2.674055175781250000e+02
2.684158935546875000e+02
2.712047729492187500e+02
2.689719238281250000e+02
2.621166076660156250e+02
2.606004333496093750e+02
2.610566101074218750e+02
2.630563964843750000e+02
2.596666259765625000e+02
2.544880371093750000e+02
2.530632324218750000e+02
2.521811981201171875e+02
2.530991821289062500e+02
2.538857879638671875e+02
2.545274353027343750e+02
2.554668426513671875e+02
2.587617492675781250e+02
2.625113525390625000e+02
2.646362609863281250e+02
2.671775512695312500e+02
2.704026794433593750e+02
2.719346923828125000e+02
2.725026855468750000e+02
2.727901916503906250e+02
2.722520446777343750e+02
2.718504943847656250e+02
2.713529968261718750e+02
2.719344787597656250e+02
2.718746948242187500e+02
2.711019592285156250e+02
2.682293090820312500e+02
2.684181518554687500e+02
2.686441955566406250e+02
2.689511413574218750e+02
2.685590515136718750e+02
2.694315490722656250e+02
2.698547973632812500e+02
2.705987548828125000e+02
2.718392944335937500e+02
2.719750976562500000e+02
2.715506591796875000e+02
2.699719543457031250e+02
2.680746154785156250e+02
2.664647827148437500e+02
2.660819702148437500e+02
2.679747619628906250e+02
2.666830139160156250e+02
2.655543823242187500e+02
2.665003967285156250e+02
2.622726440429687500e+02
2.601583557128906250e+02
2.619855957031250000e+02
2.631368713378906250e+02
2.617124633789062500e+02
2.592084045410156250e+02
2.603760070800781250e+02
2.632860412597656250e+02
2.641981201171875000e+02
2.641858825683593750e+02
2.638931884765625000e+02
2.653142700195312500e+02
2.665977478027343750e+02
2.677567443847656250e+02
2.685491333007812500e+02
2.681897583007812500e+02
2.665063171386718750e+02
2.658192138671875000e+02
2.659978942871093750e+02
2.661800231933593750e+02
2.654591674804687500e+02
2.653560485839843750e+02
2.647317810058593750e+02
2.645808105468750000e+02
2.646492004394531250e+02
2.651698913574218750e+02
2.655361633300781250e+02
2.655104370117187500e+02
2.664622192382812500e+02
2.670751037597656250e+02
2.654154357910156250e+02
2.660148620605468750e+02
2.670858459472656250e+02
2.676802673339843750e+02
2.684468688964843750e+02
2.681173706054687500e+02
2.667373962402343750e+02
2.657115478515625000e+02
2.650862731933593750e+02
2.657929992675781250e+02
2.665172729492187500e+02
2.663236083984375000e+02
2.668165283203125000e+02
2.664671936035156250e+02
2.646217956542968750e+02
2.628416137695312500e+02
2.605349121093750000e+02
2.585892639160156250e+02
2.570895996093750000e+02
2.557284545898437500e+02
2.543432922363281250e+02
2.531050262451171875e+02
2.520516052246093750e+02
2.514545440673828125e+02
2.502351226806640625e+02
2.501272430419921875e+02
2.516463012695312500e+02
2.541151275634765625e+02
2.554006195068359375e+02
2.557395935058593750e+02
2.560799560546875000e+02
2.589765930175781250e+02
2.646768493652343750e+02
2.665464477539062500e+02
2.662928771972656250e+02
2.662698669433593750e+02
2.662153930664062500e+02
2.658334960937500000e+02
2.656921691894531250e+02
2.644916381835937500e+02
2.630596008300781250e+02
2.627991943359375000e+02
2.619122314453125000e+02
2.599167480468750000e+02
2.586151733398437500e+02
2.594184265136718750e+02
2.624914245605468750e+02
2.638906555175781250e+02
2.618601074218750000e+02
2.602744750976562500e+02
2.592618103027343750e+02
2.587582092285156250e+02
2.606831359863281250e+02
2.618448486328125000e+02
2.620054931640625000e+02
2.604403076171875000e+02
2.588356933593750000e+02
2.580528259277343750e+02
2.578677368164062500e+02
2.584904174804687500e+02
2.595216979980468750e+02
2.609579467773437500e+02
2.619020080566406250e+02
2.615427551269531250e+02
2.617829895019531250e+02
2.602077331542968750e+02
2.578804626464843750e+02
2.566066589355468750e+02
2.561844177246093750e+02
2.562078552246093750e+02
2.557250061035156250e+02
2.558011932373046875e+02
2.552342681884765625e+02
2.551921844482421875e+02
2.543058013916015625e+02
2.534768676757812500e+02
2.515127410888671875e+02
2.506077575683593750e+02
2.519140167236328125e+02
2.550495300292968750e+02
2.603630371093750000e+02
2.656463623046875000e+02
2.662145080566406250e+02
2.622140197753906250e+02
2.604707946777343750e+02
2.650330810546875000e+02
2.661564025878906250e+02
2.621694335937500000e+02
2.589845886230468750e+02
2.583512268066406250e+02
2.576696166992187500e+02
2.574815368652343750e+02
2.569813537597656250e+02
2.587067260742187500e+02
2.650792236328125000e+02
2.687052307128906250e+02
2.681003417968750000e+02
2.627255249023437500e+02
2.582779235839843750e+02
2.569443359375000000e+02
2.551609954833984375e+02
2.554390106201171875e+02
2.559732208251953125e+02
2.560865783691406250e+02
2.552597656250000000e+02
2.541919708251953125e+02
2.512856140136718750e+02
2.503285369873046875e+02
2.513809814453125000e+02
2.528642272949218750e+02
2.543204650878906250e+02
2.557547760009765625e+02
2.568014526367187500e+02
2.577414245605468750e+02
2.573401184082031250e+02
2.565502624511718750e+02
2.532981414794921875e+02
2.529538116455078125e+02
2.520505981445312500e+02
2.513777618408203125e+02
2.511003417968750000e+02
2.514477386474609375e+02
2.513007507324218750e+02
2.531728210449218750e+02
2.552859344482421875e+02
2.563747253417968750e+02
2.553954467773437500e+02
2.557282257080078125e+02
2.538347167968750000e+02
2.525164489746093750e+02
2.500906829833984375e+02
2.492281341552734375e+02
2.488688507080078125e+02
2.488747558593750000e+02
2.481657257080078125e+02
2.473081359863281250e+02
2.467002410888671875e+02
2.466449737548828125e+02
2.457322845458984375e+02
2.453101806640625000e+02
2.459791870117187500e+02
2.475485839843750000e+02
2.470097351074218750e+02
2.470152282714843750e+02
2.479881439208984375e+02
2.495084228515625000e+02
2.492803955078125000e+02
2.504692535400390625e+02
2.509100341796875000e+02
2.516697998046875000e+02
2.508911590576171875e+02
2.514264526367187500e+02
2.519945526123046875e+02
2.536805267333984375e+02
2.521576232910156250e+02
2.509413604736328125e+02
2.509568634033203125e+02
2.521729888916015625e+02
2.508345031738281250e+02
2.513571929931640625e+02
2.518336181640625000e+02
2.534414978027343750e+02
2.529684600830078125e+02
2.538182373046875000e+02
2.555945587158203125e+02
2.605729064941406250e+02
2.659732971191406250e+02
2.663294677734375000e+02
2.660519714355468750e+02
2.659942626953125000e+02
2.660532226562500000e+02
2.657951049804687500e+02
2.664508666992187500e+02
2.664134826660156250e+02
2.655406188964843750e+02
2.651672363281250000e+02
2.647816467285156250e+02
2.647354431152343750e+02
2.646212463378906250e+02
2.642333068847656250e+02
2.639069519042968750e+02
2.618185424804687500e+02
2.575852966308593750e+02
2.539732513427734375e+02
2.532854461669921875e+02
2.535969543457031250e+02
2.522528228759765625e+02
2.515193786621093750e+02
2.525136871337890625e+02
2.533430175781250000e+02
2.528787689208984375e+02
2.528078155517578125e+02
2.542789916992187500e+02
2.561041564941406250e+02
2.574584045410156250e+02
2.578363037109375000e+02
2.582802734375000000e+02
2.586861267089843750e+02
2.580131835937500000e+02
2.584473266601562500e+02
2.588845214843750000e+02
2.602608642578125000e+02
2.613684997558593750e+02
2.623247375488281250e+02
2.625415649414062500e+02
2.628681945800781250e+02
2.608378295898437500e+02
2.606533203125000000e+02
2.631681213378906250e+02
2.662165222167968750e+02
2.658812561035156250e+02
2.628291320800781250e+02
2.618036499023437500e+02
2.620034179687500000e+02
2.605242919921875000e+02
2.608218078613281250e+02
2.617795410156250000e+02
2.623557739257812500e+02
2.615852661132812500e+02
2.596000671386718750e+02
2.589668884277343750e+02
2.595008544921875000e+02
2.606441650390625000e+02
2.618427124023437500e+02
2.628132934570312500e+02
2.634439392089843750e+02
2.631591491699218750e+02
2.627189941406250000e+02
2.644282226562500000e+02
2.653629455566406250e+02
2.662044982910156250e+02
2.666307373046875000e+02
2.673072509765625000e+02
2.678703308105468750e+02
2.674493103027343750e+02
2.676445922851562500e+02
2.678080139160156250e+02
2.679174804687500000e+02
2.673652648925781250e+02
2.671165466308593750e+02
2.683743286132812500e+02
2.694403381347656250e+02
2.692389221191406250e+02
2.688645019531250000e+02
2.687827758789062500e+02
2.684552917480468750e+02
2.664912719726562500e+02
2.648671264648437500e+02
2.642346801757812500e+02
2.647315368652343750e+02
2.643095703125000000e+02
2.642594299316406250e+02
2.664299926757812500e+02
2.669721984863281250e+02
2.661922302246093750e+02
2.652231750488281250e+02
2.650268249511718750e+02
2.650796813964843750e+02
2.662139892578125000e+02
2.685276794433593750e+02
2.706990051269531250e+02
2.714815673828125000e+02
2.715692443847656250e+02
2.715996704101562500e+02
2.717752990722656250e+02
2.725475463867187500e+02
2.719534301757812500e+02
2.709649658203125000e+02
2.707659912109375000e+02
2.673765563964843750e+02
2.604263916015625000e+02
2.574095764160156250e+02
2.567712402343750000e+02
2.569314270019531250e+02
2.571432189941406250e+02
2.582764282226562500e+02
2.595990295410156250e+02
2.601957702636718750e+02
2.592622985839843750e+02
2.592782287597656250e+02
2.594879150390625000e+02
2.592784118652343750e+02
2.586982116699218750e+02
2.581520385742187500e+02
2.589702453613281250e+02
2.595508422851562500e+02
2.591078796386718750e+02
2.589386901855468750e+02
2.598763427734375000e+02
2.604152221679687500e+02
2.593940124511718750e+02
2.591226806640625000e+02
2.599714660644531250e+02
2.593277587890625000e+02
2.587531433105468750e+02
2.585307922363281250e+02
2.588843078613281250e+02
2.596897888183593750e+02
2.592191772460937500e+02
2.592481384277343750e+02
2.598870239257812500e+02
2.607313537597656250e+02
2.586890258789062500e+02
2.563818359375000000e+02
2.574470214843750000e+02
2.586970214843750000e+02
2.580675964355468750e+02
2.574908142089843750e+02
2.582324829101562500e+02
2.586754760742187500e+02
2.576347045898437500e+02
2.576917114257812500e+02
2.582240600585937500e+02
2.588104248046875000e+02
2.588236083984375000e+02
2.590947875976562500e+02
2.590350036621093750e+02
2.591292724609375000e+02
2.585776062011718750e+02
2.588280334472656250e+02
2.582161865234375000e+02
2.568446960449218750e+02
2.563661499023437500e+02
2.556961975097656250e+02
2.557361907958984375e+02
2.559242858886718750e+02
2.552092285156250000e+02
2.551347656250000000e+02
2.591983642578125000e+02
2.646065063476562500e+02
2.645988769531250000e+02
2.645102844238281250e+02
2.650315551757812500e+02
2.652068176269531250e+02
2.647641906738281250e+02
2.639996643066406250e+02
2.639902038574218750e+02
2.638856811523437500e+02
2.633111267089843750e+02
2.622478027343750000e+02
2.622625122070312500e+02
2.623817138671875000e+02
2.620550842285156250e+02
2.616426391601562500e+02
2.627167358398437500e+02
2.628911132812500000e+02
2.633027343750000000e+02
2.631697082519531250e+02
2.630531311035156250e+02
2.629590454101562500e+02
2.619495849609375000e+02
2.617119750976562500e+02
2.628034667968750000e+02
2.636336975097656250e+02
2.628397521972656250e+02
2.614239807128906250e+02
2.619629516601562500e+02
2.626077575683593750e+02
2.614004516601562500e+02
2.600497741699218750e+02
2.611284484863281250e+02
2.617120056152343750e+02
2.605740661621093750e+02
2.593459472656250000e+02
2.617016296386718750e+02
2.620517272949218750e+02
2.611634826660156250e+02
2.606593933105468750e+02
2.606204528808593750e+02
2.607940673828125000e+02
2.596472473144531250e+02
2.602333068847656250e+02
2.611658020019531250e+02
2.613350524902343750e+02
2.591600036621093750e+02
2.584801635742187500e+02
2.605665283203125000e+02
2.623530883789062500e+02
2.635921325683593750e+02
2.661570129394531250e+02
2.695382385253906250e+02
2.707507629394531250e+02
2.697365722656250000e+02
2.692420043945312500e+02
2.684959106445312500e+02
2.668052368164062500e+02
2.651653747558593750e+02
2.645274658203125000e+02
2.653204345703125000e+02
2.674233093261718750e+02
2.680879821777343750e+02
2.688278198242187500e+02
2.700461425781250000e+02
2.697976989746093750e+02
2.686320190429687500e+02
2.686840515136718750e+02
2.704542541503906250e+02
2.718692321777343750e+02
2.712888183593750000e+02
2.710470886230468750e+02
2.718312683105468750e+02
2.728205566406250000e+02
2.719222412109375000e+02
2.714785461425781250e+02
2.719136047363281250e+02
2.722490539550781250e+02
2.715580444335937500e+02
2.712203674316406250e+02
2.706173095703125000e+02
2.713252563476562500e+02
2.713877258300781250e+02
2.705933532714843750e+02
2.703565063476562500e+02
2.709686889648437500e+02
2.703832092285156250e+02
2.701372985839843750e+02
2.693903808593750000e+02
2.703065795898437500e+02
2.705079345703125000e+02
2.709840087890625000e+02
2.701925048828125000e+02
2.695979919433593750e+02
2.702085876464843750e+02
2.714637756347656250e+02
2.723881530761718750e+02
2.730937194824218750e+02
2.728844604492187500e+02
2.726354980468750000e+02
2.726748352050781250e+02
2.729925537109375000e+02
2.726643066406250000e+02
2.720205383300781250e+02
2.720197143554687500e+02
2.720119323730468750e+02
2.703848571777343750e+02
2.692535095214843750e+02
2.696049194335937500e+02
2.698011474609375000e+02
2.695151672363281250e+02
2.686834106445312500e+02
2.684567565917968750e+02
2.677919616699218750e+02
2.670621948242187500e+02
2.665726623535156250e+02
2.669988098144531250e+02
2.676085510253906250e+02
2.671923217773437500e+02
2.667319335937500000e+02
2.672470703125000000e+02
2.667471618652343750e+02
2.657252807617187500e+02
2.654845886230468750e+02
2.652500305175781250e+02
2.653414306640625000e+02
2.654686279296875000e+02
2.655976257324218750e+02
2.671302185058593750e+02
2.682790832519531250e+02
2.686860656738281250e+02
2.695330200195312500e+02
2.700098876953125000e+02
2.711813659667968750e+02
2.688526306152343750e+02
2.683630981445312500e+02
2.705508728027343750e+02
2.716728515625000000e+02
2.704656677246093750e+02
2.704042358398437500e+02
2.711299743652343750e+02
2.706551818847656250e+02
2.695588684082031250e+02
2.691106872558593750e+02
2.703582458496093750e+02
2.704338989257812500e+02
2.698606567382812500e+02
2.691663513183593750e+02
2.703628234863281250e+02
2.696836242675781250e+02
2.692459411621093750e+02
2.683584289550781250e+02
2.679556884765625000e+02
2.668992004394531250e+02
2.676771240234375000e+02
2.675175781250000000e+02
2.679104003906250000e+02
2.675083618164062500e+02
2.687138061523437500e+02
2.686288757324218750e+02
2.685461120605468750e+02
2.676997985839843750e+02
2.687709960937500000e+02
2.684723510742187500e+02
2.686334228515625000e+02
2.672164916992187500e+02
2.677237243652343750e+02
2.670231018066406250e+02
2.688658142089843750e+02
2.699129028320312500e+02
2.706295776367187500e+02
2.710317382812500000e+02
2.712227172851562500e+02
2.714173278808593750e+02
2.715241088867187500e+02
2.715342102050781250e+02
2.718178710937500000e+02
2.722667541503906250e+02
2.707071838378906250e+02
2.682205200195312500e+02
2.686511535644531250e+02
2.677801513671875000e+02
2.678413085937500000e+02
2.679230346679687500e+02
2.687866516113281250e+02
2.690113830566406250e+02
2.697531738281250000e+02
2.699146728515625000e+02
2.696872863769531250e+02
2.691444702148437500e+02
2.698145751953125000e+02
2.698167114257812500e+02
2.690505676269531250e+02
2.691556701660156250e+02
2.701182861328125000e+02
2.701687011718750000e+02
2.703481140136718750e+02
2.699014282226562500e+02
2.702457275390625000e+02
2.703847351074218750e+02
2.704671020507812500e+02
2.708619384765625000e+02
2.710379028320312500e+02
2.712100219726562500e+02
2.710160827636718750e+02
2.707166137695312500e+02
2.702511901855468750e+02
2.699209594726562500e+02
2.705052490234375000e+02
2.703284606933593750e+02
2.701624450683593750e+02
2.697717285156250000e+02
2.699267883300781250e+02
