2.684562377929687500e+02
2.697240905761718750e+02
2.696919250488281250e+02
2.698015136718750000e+02
2.695560607910156250e+02
2.704180908203125000e+02
2.699237670898437500e+02
2.703857116699218750e+02
2.713890686035156250e+02
2.716465454101562500e+02
2.706691284179687500e+02
2.737926330566406250e+02
2.730712585449218750e+02
2.726739807128906250e+02
2.723949890136718750e+02
2.723374938964843750e+02
2.724105529785156250e+02
2.722829284667968750e+02
2.721595764160156250e+02
2.716198120117187500e+02
2.717350463867187500e+02
2.724155578613281250e+02
2.722577209472656250e+02
2.717736816406250000e+02
2.726979370117187500e+02
2.729326782226562500e+02
2.724067077636718750e+02
2.719116210937500000e+02
2.708916625976562500e+02
2.705767517089843750e+02
2.709668579101562500e+02
2.718934936523437500e+02
2.724227600097656250e+02
2.713315124511718750e+02
2.710342712402343750e+02
2.720551757812500000e+02
2.726229248046875000e+02
2.717173156738281250e+02
2.699216613769531250e+02
2.713453674316406250e+02
2.713891296386718750e+02
2.713122863769531250e+02
2.707864685058593750e+02
2.715420532226562500e+02
2.719215698242187500e+02
2.709870910644531250e+02
2.710110778808593750e+02
2.700957641601562500e+02
2.702940063476562500e+02
2.705944213867187500e+02
2.707101745605468750e+02
2.703781127929687500e+02
2.705392761230468750e+02
2.704341735839843750e+02
2.696920471191406250e+02
2.705590515136718750e+02
2.709924011230468750e+02
2.717353820800781250e+02
2.718700561523437500e+02
2.720365295410156250e+02
2.721276245117187500e+02
2.714143676757812500e+02
2.714529418945312500e+02
2.716232299804687500e+02
2.714559936523437500e+02
2.706113891601562500e+02
2.702886047363281250e+02
2.687059020996093750e+02
2.685116882324218750e+02
2.695194702148437500e+02
2.699968261718750000e+02
2.685568542480468750e+02
2.686539611816406250e+02
2.699124145507812500e+02
2.692800903320312500e+02
2.704096984863281250e+02
2.701571350097656250e+02
2.701828613281250000e+02
2.695729064941406250e+02
2.684766540527343750e+02
2.684950561523437500e+02
2.693440856933593750e+02
2.691947937011718750e+02
2.695056457519531250e+02
2.690264892578125000e+02
2.700858459472656250e+02
2.695225219726562500e+02
2.684661865234375000e+02
2.691708374023437500e+02
2.700477905273437500e+02
2.699240112304687500e+02
2.700908508300781250e+02
2.715329589843750000e+02
2.717973327636718750e+02
2.720903015136718750e+02
2.728056640625000000e+02
2.734753417968750000e+02
2.732178039550781250e+02
2.725149841308593750e+02
2.721168212890625000e+02
2.713664550781250000e+02
2.710592041015625000e+02
2.702554016113281250e+02
2.698344421386718750e+02
2.709312744140625000e+02
2.716741943359375000e+02
2.712005004882812500e+02
2.701394958496093750e+02
2.702496032714843750e+02
2.713803405761718750e+02
2.711861877441406250e+02
2.701187744140625000e+02
2.692281494140625000e+02
2.692358703613281250e+02
2.685732421875000000e+02
2.695805664062500000e+02
2.705934143066406250e+02
2.708089904785156250e+02
2.711642761230468750e+02
2.709497070312500000e+02
2.709285888671875000e+02
2.701558532714843750e+02
2.690241394042968750e+02
2.695845336914062500e+02
2.694154357910156250e+02
2.698363952636718750e+02
2.689842834472656250e+02
2.696090698242187500e+02
2.695992126464843750e+02
2.698729248046875000e+02
2.691896362304687500e+02
2.697702026367187500e+02
2.702586669921875000e+02
2.698997802734375000e+02
2.690020751953125000e+02
2.686497192382812500e+02
2.687222595214843750e+02
2.691552734375000000e+02
2.690510559082031250e+02
2.677287292480468750e+02
2.677839355468750000e+02
2.686773376464843750e+02
2.687551879882812500e+02
2.681769714355468750e+02
2.677409667968750000e+02
2.683057861328125000e+02
2.676590270996093750e+02
2.666382141113281250e+02
2.659185791015625000e+02
2.660862121582031250e+02
2.654086608886718750e+02
2.644490966796875000e+02
2.645096130371093750e+02
2.650541687011718750e+02
2.645589294433593750e+02
2.647032470703125000e+02
2.657968139648437500e+02
2.666143188476562500e+02
2.662575073242187500e+02
2.670499267578125000e+02
2.671172180175781250e+02
2.676731872558593750e+02
2.675725708007812500e+02
2.689025268554687500e+02
2.704827270507812500e+02
2.713096008300781250e+02
2.714281921386718750e+02
2.721628723144531250e+02
2.728407897949218750e+02
2.723546142578125000e+02
2.719245910644531250e+02
2.717786560058593750e+02
2.717731933593750000e+02
2.692848510742187500e+02
2.657488098144531250e+02
2.658623657226562500e+02
2.658555603027343750e+02
2.669801635742187500e+02
2.669914245605468750e+02
2.664169616699218750e+02
2.664590148925781250e+02
2.674385986328125000e+02
2.675776672363281250e+02
2.687625732421875000e+02
2.694881896972656250e+02
2.695137939453125000e+02
2.686032714843750000e+02
2.695083618164062500e+02
2.691933898925781250e+02
2.680941162109375000e+02
2.663339233398437500e+02
2.665308837890625000e+02
2.662002258300781250e+02
2.657824707031250000e+02
2.645184631347656250e+02
2.647247619628906250e+02
2.645881652832031250e+02
2.649984130859375000e+02
2.648643798828125000e+02
2.670883789062500000e+02
2.677438049316406250e+02
2.668097534179687500e+02
2.661071166992187500e+02
2.661634216308593750e+02
2.668969421386718750e+02
2.673514099121093750e+02
2.677976684570312500e+02
2.696359863281250000e+02
2.699863891601562500e+02
2.698047790527343750e+02
2.684703369140625000e+02
2.685513610839843750e+02
2.676459960937500000e+02
2.652269897460937500e+02
2.632573547363281250e+02
2.650793457031250000e+02
2.665584106445312500e+02
2.663931884765625000e+02
2.665888366699218750e+02
2.679301452636718750e+02
2.683428649902343750e+02
2.690714721679687500e+02
2.691852111816406250e+02
2.704347534179687500e+02
2.716861572265625000e+02
2.708296508789062500e+02
2.699099426269531250e+02
2.708370056152343750e+02
2.703620605468750000e+02
2.695225219726562500e+02
2.689888305664062500e+02
2.700596618652343750e+02
2.697418518066406250e+02
2.686502075195312500e+02
2.689696350097656250e+02
2.715276794433593750e+02
2.721409301757812500e+02
2.715767822265625000e+02
2.712260437011718750e+02
2.713399047851562500e+02
2.720249023437500000e+02
2.706779785156250000e+02
2.700751037597656250e+02
2.706595764160156250e+02
2.706102905273437500e+02
2.690195617675781250e+02
2.679081726074218750e+02
2.680786743164062500e+02
2.680112609863281250e+02
2.673181762695312500e+02
2.668885498046875000e+02
2.672678222656250000e+02
2.669216613769531250e+02
2.672899169921875000e+02
2.668120422363281250e+02
2.669293212890625000e+02
2.676829223632812500e+02
2.667385864257812500e+02
2.651501159667968750e+02
2.645439758300781250e+02
2.632561645507812500e+02
2.622891540527343750e+02
2.616234436035156250e+02
2.622685852050781250e+02
2.625208129882812500e+02
2.617132873535156250e+02
2.617161865234375000e+02
2.635694274902343750e+02
2.658559875488281250e+02
2.663047485351562500e+02
2.660712890625000000e+02
2.667750549316406250e+02
2.681756896972656250e+02
2.679599609375000000e+02
2.677288208007812500e+02
2.681085510253906250e+02
2.674523620605468750e+02
2.645208740234375000e+02
2.615026855468750000e+02
2.624950561523437500e+02
2.625072326660156250e+02
2.621675415039062500e+02
2.620317077636718750e+02
2.630430297851562500e+02
2.631111755371093750e+02
2.618124389648437500e+02
2.612987976074218750e+02
2.629453430175781250e+02
2.633081665039062500e+02
2.614725646972656250e+02
2.610566101074218750e+02
2.624333496093750000e+02
2.632315673828125000e+02
2.620335083007812500e+02
2.605848999023437500e+02
2.600967712402343750e+02
2.601211853027343750e+02
2.595817260742187500e+02
2.590877075195312500e+02
2.602908935546875000e+02
2.602138061523437500e+02
2.587811889648437500e+02
2.581416625976562500e+02
2.598120117187500000e+02
2.612910461425781250e+02
2.612888183593750000e+02
2.625307312011718750e+02
2.642415466308593750e+02
2.660360717773437500e+02
2.675388488769531250e+02
2.692873229980468750e+02
2.713187561035156250e+02
2.721907958984375000e+02
2.726506652832031250e+02
2.723433837890625000e+02
2.725623168945312500e+02
2.726736145019531250e+02
2.723070373535156250e+02
2.718420410156250000e+02
2.720936584472656250e+02
2.718202209472656250e+02
2.710303344726562500e+02
2.707696228027343750e+02
2.709172973632812500e+02
2.706958312988281250e+02
2.702229309082031250e+02
2.699129638671875000e+02
2.699160156250000000e+02
2.698527526855468750e+02
2.690960388183593750e+02
2.686065063476562500e+02
2.686465148925781250e+02
2.687599792480468750e+02
2.675005493164062500e+02
2.667699890136718750e+02
2.666963195800781250e+02
2.661203613281250000e+02
2.656739196777343750e+02
2.650303344726562500e+02
2.646060791015625000e+02
2.635923461914062500e+02
2.631942443847656250e+02
2.642739562988281250e+02
2.653700561523437500e+02
2.658830566406250000e+02
2.664707641601562500e+02
2.677416076660156250e+02
2.677838439941406250e+02
2.656303405761718750e+02
2.633805847167968750e+02
2.632033691406250000e+02
2.648086242675781250e+02
2.664714660644531250e+02
2.651567993164062500e+02
2.636890563964843750e+02
2.627920227050781250e+02
2.620529785156250000e+02
2.637554931640625000e+02
2.650555419921875000e+02
2.654415283203125000e+02
2.654368896484375000e+02
2.645180664062500000e+02
2.643584289550781250e+02
2.646354064941406250e+02
2.654433898925781250e+02
2.651550903320312500e+02
2.665184326171875000e+02
2.673809204101562500e+02
2.671988220214843750e+02
2.661684265136718750e+02
2.656564941406250000e+02
2.657193603515625000e+02
2.660667419433593750e+02
2.660260009765625000e+02
2.673634033203125000e+02
2.674779357910156250e+02
2.656689758300781250e+02
2.640929565429687500e+02
2.630011901855468750e+02
2.632565917968750000e+02
2.640021667480468750e+02
2.643653564453125000e+02
2.642081909179687500e+02
2.636267395019531250e+02
2.626943969726562500e+02
2.612327575683593750e+02
2.605665283203125000e+02
2.608841552734375000e+02
2.610696716308593750e+02
2.602618103027343750e+02
2.598811950683593750e+02
2.607462463378906250e+02
2.622197570800781250e+02
2.617145080566406250e+02
2.613750305175781250e+02
2.621677246093750000e+02
2.640195922851562500e+02
2.645254516601562500e+02
2.647115173339843750e+02
2.645311279296875000e+02
2.650285034179687500e+02
2.655729370117187500e+02
2.649373474121093750e+02
2.638658142089843750e+02
2.619877014160156250e+02
2.599114074707031250e+02
2.582209777832031250e+02
2.579475097656250000e+02
2.574284057617187500e+02
2.561743469238281250e+02
2.558910217285156250e+02
2.562593383789062500e+02
2.569853820800781250e+02
2.574902038574218750e+02
2.572772521972656250e+02
2.567699890136718750e+02
2.567669067382812500e+02
2.571090393066406250e+02
2.578737182617187500e+02
2.582584228515625000e+02
2.576592407226562500e+02
2.552910766601562500e+02
2.546647186279296875e+02
2.552924194335937500e+02
2.547492980957031250e+02
2.564035339355468750e+02
2.604705200195312500e+02
2.647404174804687500e+02
2.689256591796875000e+02
2.694503784179687500e+02
2.683270874023437500e+02
2.699858398437500000e+02
2.707434082031250000e+02
2.697377014160156250e+02
2.693572692871093750e+02
2.697586669921875000e+02
2.692793273925781250e+02
2.683069763183593750e+02
2.679089050292968750e+02
2.677163696289062500e+02
2.676314392089843750e+02
2.676635437011718750e+02
2.683920288085937500e+02
2.696156311035156250e+02
2.692265930175781250e+02
2.683418884277343750e+02
2.678042297363281250e+02
2.674229736328125000e+02
2.666068115234375000e+02
2.650045776367187500e+02
2.631695861816406250e+02
2.614491882324218750e+02
2.593453979492187500e+02
2.578735351562500000e+02
2.573299255371093750e+02
2.572010498046875000e+02
2.565196533203125000e+02
2.557012023925781250e+02
2.547453460693359375e+02
2.527566070556640625e+02
2.512925262451171875e+02
2.501928100585937500e+02
2.494842071533203125e+02
2.491620178222656250e+02
2.489354553222656250e+02
2.479603271484375000e+02
2.479266052246093750e+02
2.489420928955078125e+02
2.499102630615234375e+02
2.515586547851562500e+02
2.557753448486328125e+02
2.600562438964843750e+02
2.577380371093750000e+02
2.522430572509765625e+02
2.494134521484375000e+02
2.476326904296875000e+02
2.464883422851562500e+02
2.456536865234375000e+02
2.455413055419921875e+02
2.462376708984375000e+02
2.477368011474609375e+02
2.518931579589843750e+02
2.559085235595703125e+02
2.592129821777343750e+02
2.615472717285156250e+02
2.614116210937500000e+02
2.602453002929687500e+02
2.585651245117187500e+02
2.570353698730468750e+02
2.559232940673828125e+02
2.548136138916015625e+02
2.547955932617187500e+02
2.551523437500000000e+02
2.565915527343750000e+02
2.583775634765625000e+02
2.605108032226562500e+02
2.606382141113281250e+02
2.593252563476562500e+02
2.583394165039062500e+02
2.584451599121093750e+02
2.588153076171875000e+02
2.582600708007812500e+02
2.563044738769531250e+02
2.546190338134765625e+02
2.537729339599609375e+02
2.538527221679687500e+02
2.539655151367187500e+02
2.531349182128906250e+02
2.520542449951171875e+02
2.511333312988281250e+02
2.507895050048828125e+02
2.505260009765625000e+02
2.502996826171875000e+02
2.496773071289062500e+02
2.496310272216796875e+02
2.497170715332031250e+02
2.496920013427734375e+02
2.491448974609375000e+02
2.489725036621093750e+02
2.488421325683593750e+02
2.486379852294921875e+02
2.481676483154296875e+02
2.480012664794921875e+02
2.478140106201171875e+02
2.478037261962890625e+02
2.474336395263671875e+02
2.471393432617187500e+02
2.470122528076171875e+02
2.467095031738281250e+02
2.463797912597656250e+02
2.459873504638671875e+02
2.460202026367187500e+02
2.459568634033203125e+02
2.461461944580078125e+02
2.470547180175781250e+02
2.518679809570312500e+02
2.568820800781250000e+02
2.554977416992187500e+02
2.534312286376953125e+02
2.516583862304687500e+02
2.502687225341796875e+02
2.495928955078125000e+02
2.499613189697265625e+02
2.504720001220703125e+02
2.504749908447265625e+02
2.494262237548828125e+02
2.488027954101562500e+02
2.490858764648437500e+02
2.501337280273437500e+02
2.538197174072265625e+02
2.594485168457031250e+02
2.612265319824218750e+02
2.580501708984375000e+02
2.565059814453125000e+02
2.547052612304687500e+02
2.542770233154296875e+02
2.546029052734375000e+02
2.546418609619140625e+02
2.568356628417968750e+02
2.605224304199218750e+02
2.653254394531250000e+02
2.696686401367187500e+02
2.699003601074218750e+02
2.687614746093750000e+02
2.678815917968750000e+02
2.673925170898437500e+02
2.677152099609375000e+02
2.674112548828125000e+02
2.653973388671875000e+02
2.639839782714843750e+02
2.624271240234375000e+02
2.607369689941406250e+02
2.598779296875000000e+02
2.592994689941406250e+02
2.583700866699218750e+02
2.580697326660156250e+02
2.578922119140625000e+02
2.569864807128906250e+02
2.562869262695312500e+02
2.557957153320312500e+02
2.562767333984375000e+02
2.578983154296875000e+02
2.587215881347656250e+02
2.582208557128906250e+02
2.576519470214843750e+02
2.577875976562500000e+02
2.588782348632812500e+02
2.619896240234375000e+02
2.644433593750000000e+02
2.664765319824218750e+02
2.675942077636718750e+02
2.668485412597656250e+02
2.665385131835937500e+02
2.670619506835937500e+02
2.670616455078125000e+02
2.667791137695312500e+02
2.658611145019531250e+02
2.654125061035156250e+02
2.646370239257812500e+02
2.637690124511718750e+02
2.626097106933593750e+02
2.631766967773437500e+02
2.630984802246093750e+02
2.639274291992187500e+02
2.634858398437500000e+02
2.635545043945312500e+02
2.632539672851562500e+02
2.608894042968750000e+02
2.587486877441406250e+02
2.575941162109375000e+02
2.574454040527343750e+02
2.577614135742187500e+02
2.591822814941406250e+02
2.605533752441406250e+02
2.620718994140625000e+02
2.624387207031250000e+02
2.628825683593750000e+02
2.643294067382812500e+02
2.650328674316406250e+02
2.653461303710937500e+02
2.660143127441406250e+02
2.666860656738281250e+02
2.665489196777343750e+02
2.658739929199218750e+02
2.639933776855468750e+02
2.617563171386718750e+02
2.603795166015625000e+02
2.623158569335937500e+02
2.621970825195312500e+02
2.614895324707031250e+02
2.617618713378906250e+02
2.612660522460937500e+02
2.617117004394531250e+02
2.605619812011718750e+02
2.601496276855468750e+02
2.602569274902343750e+02
2.608169555664062500e+02
2.618647155761718750e+02
2.624995117187500000e+02
2.662505187988281250e+02
2.678908081054687500e+02
2.676340332031250000e+02
2.674243469238281250e+02
2.663383178710937500e+02
2.647460327148437500e+02
2.627009887695312500e+02
2.597958984375000000e+02
2.592658386230468750e+02
2.596223754882812500e+02
2.593747558593750000e+02
2.601456298828125000e+02
2.645003051757812500e+02
2.690651245117187500e+02
2.713050231933593750e+02
2.722826538085937500e+02
2.720074157714843750e+02
2.719853515625000000e+02
2.720665283203125000e+02
2.727312622070312500e+02
2.723724365234375000e+02
2.716694641113281250e+02
2.717682800292968750e+02
2.710479431152343750e+02
2.692417297363281250e+02
2.670775146484375000e+02
2.669250183105468750e+02
2.681208190917968750e+02
2.679099121093750000e+02
2.672752685546875000e+02
2.661973876953125000e+02
2.660205383300781250e+02
2.653301696777343750e+02
2.659254150390625000e+02
2.657521972656250000e+02
2.654273986816406250e+02
2.651680603027343750e+02
2.655581359863281250e+02
2.652327880859375000e+02
2.649683532714843750e+02
2.653955993652343750e+02
2.655068054199218750e+02
2.654925537109375000e+02
2.662136840820312500e+02
2.664736022949218750e+02
2.665021362304687500e+02
2.659430236816406250e+02
2.664828796386718750e+02
2.674430847167968750e+02
2.677421264648437500e+02
2.670772705078125000e+02
2.679688720703125000e+02
2.685643310546875000e+02
2.694577636718750000e+02
2.693980712890625000e+02
2.699710693359375000e+02
2.699502563476562500e+02
2.682893066406250000e+02
2.669832763671875000e+02
2.672471008300781250e+02
2.662860107421875000e+02
2.648373107910156250e+02
2.642023620605468750e+02
2.640147094726562500e+02
2.633735351562500000e+02
2.629576110839843750e+02
2.622174377441406250e+02
2.616079406738281250e+02
2.604484252929687500e+02
2.601585998535156250e+02
2.582019042968750000e+02
2.565567321777343750e+02
2.549275360107421875e+02
2.539258422851562500e+02
2.524045562744140625e+02
2.516100158691406250e+02
2.513838958740234375e+02
2.510639953613281250e+02
2.513321685791015625e+02
2.519229583740234375e+02
2.515201416015625000e+02
2.509194641113281250e+02
2.511188354492187500e+02
2.520337677001953125e+02
2.534792480468750000e+02
2.528829498291015625e+02
2.514234313964843750e+02
2.481925048828125000e+02
2.463226623535156250e+02
2.470509185791015625e+02
2.460432586669921875e+02
2.452718505859375000e+02
2.455142059326171875e+02
2.465465850830078125e+02
2.480036315917968750e+02
2.487891998291015625e+02
2.498943939208984375e+02
2.501806640625000000e+02
2.499207611083984375e+02
2.493697357177734375e+02
2.492259216308593750e+02
2.492887420654296875e+02
2.486522521972656250e+02
2.482092590332031250e+02
2.494831695556640625e+02
2.503209686279296875e+02
2.514600677490234375e+02
2.500257568359375000e+02
2.490183715820312500e+02
2.485147399902343750e+02
2.487770385742187500e+02
2.498924407958984375e+02
2.524608306884765625e+02
2.536719665527343750e+02
2.555149078369140625e+02
2.622872924804687500e+02
2.660282287597656250e+02
2.662333374023437500e+02
2.664387207031250000e+02
2.678065795898437500e+02
2.682077331542968750e+02
2.659880371093750000e+02
2.648255310058593750e+02
2.694011840820312500e+02
2.702694396972656250e+02
2.644807128906250000e+02
2.579387207031250000e+02
2.550848999023437500e+02
2.570766906738281250e+02
2.620718994140625000e+02
2.659666748046875000e+02
2.678464965820312500e+02
2.657895507812500000e+02
2.652269897460937500e+02
2.675339050292968750e+02
2.660518798828125000e+02
2.666799926757812500e+02
2.647384033203125000e+02
2.627635498046875000e+02
2.640829162597656250e+02
2.661742858886718750e+02
2.663820495605468750e+02
2.665398559570312500e+02
2.667086181640625000e+02
2.645080871582031250e+02
2.627585754394531250e+02
2.605662231445312500e+02
2.616268615722656250e+02
2.626705627441406250e+02
2.622450866699218750e+02
2.629449768066406250e+02
2.653570861816406250e+02
2.652112426757812500e+02
2.642537231445312500e+02
2.634584960937500000e+02
2.632522583007812500e+02
2.620312194824218750e+02
2.605273437500000000e+02
2.606814270019531250e+02
2.607676086425781250e+02
2.619504089355468750e+02
2.635680236816406250e+02
2.646601257324218750e+02
2.663359069824218750e+02
2.692457275390625000e+02
2.705613098144531250e+02
2.686463317871093750e+02
2.641054992675781250e+02
2.625037841796875000e+02
2.619057922363281250e+02
2.629824523925781250e+02
2.666992492675781250e+02
2.692669067382812500e+02
2.682876281738281250e+02
2.679573364257812500e+02
2.687241210937500000e+02
2.684059143066406250e+02
2.644139099121093750e+02
2.594520874023437500e+02
2.595451660156250000e+02
2.589391784667968750e+02
2.588323974609375000e+02
2.590922546386718750e+02
2.589608764648437500e+02
2.590680847167968750e+02
2.574809265136718750e+02
2.568185424804687500e+02
2.567849426269531250e+02
2.555506439208984375e+02
2.549616851806640625e+02
2.550106964111328125e+02
2.547508850097656250e+02
2.546495361328125000e+02
2.541862335205078125e+02
2.546482543945312500e+02
2.544723968505859375e+02
2.544268493652343750e+02
2.541261291503906250e+02
2.541584625244140625e+02
2.537521972656250000e+02
2.535505828857421875e+02
2.537392120361328125e+02
2.539947204589843750e+02
2.551067047119140625e+02
2.567509460449218750e+02
2.578739624023437500e+02
2.594883422851562500e+02
2.602614746093750000e+02
2.604772338867187500e+02
2.607826232910156250e+02
2.612937622070312500e+02
2.618512573242187500e+02
2.627129211425781250e+02
2.638675537109375000e+02
2.628872680664062500e+02
2.615747375488281250e+02
2.620648193359375000e+02
2.648469848632812500e+02
2.698886108398437500e+02
2.699983520507812500e+02
2.672417602539062500e+02
2.639223022460937500e+02
2.618166198730468750e+02
2.614229431152343750e+02
2.610218505859375000e+02
2.628163757324218750e+02
2.654055175781250000e+02
2.655635070800781250e+02
2.635561828613281250e+02
2.627115783691406250e+02
2.624746398925781250e+02
2.629837951660156250e+02
2.638401184082031250e+02
2.655310363769531250e+02
2.681435241699218750e+02
2.691302185058593750e+02
2.677166137695312500e+02
2.653896789550781250e+02
2.614443359375000000e+02
2.594463500976562500e+02
2.609297485351562500e+02
2.624021301269531250e+02
2.632934570312500000e+02
2.638539428710937500e+02
2.643456726074218750e+02
2.632994689941406250e+02
2.595902099609375000e+02
2.573626708984375000e+02
2.559026031494140625e+02
2.548524169921875000e+02
2.544175720214843750e+02
2.534412078857421875e+02
2.525392303466796875e+02
2.524765319824218750e+02
2.519128265380859375e+02
2.522000274658203125e+02
2.547639160156250000e+02
2.602361755371093750e+02
2.661402282714843750e+02
2.676918334960937500e+02
2.679788818359375000e+02
2.677881164550781250e+02
2.675913696289062500e+02
2.679033813476562500e+02
2.689566650390625000e+02
2.696347961425781250e+02
2.698393249511718750e+02
2.697167358398437500e+02
2.705363769531250000e+02
2.704421997070312500e+02
2.695118103027343750e+02
2.676835327148437500e+02
2.663778686523437500e+02
2.664397888183593750e+02
2.657559814453125000e+02
2.638793945312500000e+02
2.644674377441406250e+02
2.677833862304687500e+02
2.700337219238281250e+02
2.706289672851562500e+02
2.697446594238281250e+02
2.690256347656250000e+02
2.684178771972656250e+02
2.675309143066406250e+02
2.681578979492187500e+02
2.680133361816406250e+02
2.678920288085937500e+02
2.680984191894531250e+02
2.686726684570312500e+02
2.687796936035156250e+02
2.684972839355468750e+02
2.688222961425781250e+02
2.689389953613281250e+02
2.687452392578125000e+02
2.679640808105468750e+02
2.668672485351562500e+02
2.646747741699218750e+02
2.641409606933593750e+02
2.630313415527343750e+02
2.618155517578125000e+02
2.597053527832031250e+02
2.596584472656250000e+02
2.595626831054687500e+02
2.599209594726562500e+02
2.586038513183593750e+02
2.576347045898437500e+02
2.568602905273437500e+02
2.557641296386718750e+02
2.548852233886718750e+02
2.540881195068359375e+02
2.534756774902343750e+02
2.546038208007812500e+02
2.600384216308593750e+02
2.668521423339843750e+02
2.696780395507812500e+02
2.705970458984375000e+02
2.710040893554687500e+02
2.713215332031250000e+02
2.716334533691406250e+02
2.718051452636718750e+02
2.706823120117187500e+02
2.701834716796875000e+02
2.705958251953125000e+02
2.704343872070312500e+02
2.691547241210937500e+02
2.680276794433593750e+02
2.678544006347656250e+02
2.672600708007812500e+02
2.660541687011718750e+02
2.644921569824218750e+02
2.633124389648437500e+02
2.643348388671875000e+02
2.658251953125000000e+02
2.658763732910156250e+02
2.642910766601562500e+02
2.653866882324218750e+02
2.683953857421875000e+02
2.702285766601562500e+02
2.701451110839843750e+02
2.709210815429687500e+02
2.712581176757812500e+02
2.713459472656250000e+02
2.717026672363281250e+02
2.713441162109375000e+02
2.705840148925781250e+02
2.693320617675781250e+02
2.673768615722656250e+02
2.654255065917968750e+02
2.651781616210937500e+02
2.651132812500000000e+02
2.648097534179687500e+02
2.652874145507812500e+02
2.650822753906250000e+02
2.650309448242187500e+02
2.650674133300781250e+02
2.658184509277343750e+02
2.665307922363281250e+02
2.672457885742187500e+02
2.672627258300781250e+02
2.667997131347656250e+02
2.658074035644531250e+02
2.656413879394531250e+02
2.649134521484375000e+02
2.641606750488281250e+02
2.636750183105468750e+02
2.630667724609375000e+02
2.613872070312500000e+02
2.600477294921875000e+02
2.591801757812500000e+02
2.598729553222656250e+02
2.608541870117187500e+02
2.569226379394531250e+02
2.563240966796875000e+02
2.565611572265625000e+02
2.557904052734375000e+02
2.554781951904296875e+02
2.556795959472656250e+02
2.584411010742187500e+02
2.614738769531250000e+02
2.631939697265625000e+02
2.632413024902343750e+02
2.630487670898437500e+02
2.621961669921875000e+02
2.610463562011718750e+02
2.600680541992187500e+02
2.593437194824218750e+02
2.580017395019531250e+02
2.583894348144531250e+02
2.616573181152343750e+02
2.640785827636718750e+02
2.637502746582031250e+02
2.627472839355468750e+02
2.620308532714843750e+02
2.621602783203125000e+02
2.637499694824218750e+02
2.632747192382812500e+02
2.635198364257812500e+02
2.626929626464843750e+02
2.608652038574218750e+02
2.593555908203125000e+02
2.583697509765625000e+02
2.568940734863281250e+02
2.554151458740234375e+02
2.540605163574218750e+02
2.540163726806640625e+02
2.540591125488281250e+02
2.536486358642578125e+02
2.523468322753906250e+02
2.510533142089843750e+02
2.499443206787109375e+02
2.483043518066406250e+02
2.473619689941406250e+02
2.478404083251953125e+02
2.489769744873046875e+02
2.479519195556640625e+02
2.478115539550781250e+02
2.481228942871093750e+02
2.485177154541015625e+02
2.477790527343750000e+02
2.481329193115234375e+02
2.483485870361328125e+02
2.481502075195312500e+02
2.478223724365234375e+02
2.460418853759765625e+02
2.456067047119140625e+02
2.463244171142578125e+02
2.458754730224609375e+02
2.461235046386718750e+02
2.471761779785156250e+02
2.473073730468750000e+02
2.456054077148437500e+02
2.449669189453125000e+02
2.464947357177734375e+02
2.482123413085937500e+02
2.484230957031250000e+02
2.496907043457031250e+02
2.499818725585937500e+02
2.494380798339843750e+02
2.473762664794921875e+02
2.497854156494140625e+02
2.571528930664062500e+02
2.656391906738281250e+02
2.679029846191406250e+02
2.632474365234375000e+02
2.585937194824218750e+02
2.563090209960937500e+02
2.524260406494140625e+02
2.509917144775390625e+02
2.543793334960937500e+02
2.615061035156250000e+02
2.629942016601562500e+02
2.555827331542968750e+02
2.508954010009765625e+02
2.488293914794921875e+02
2.445354461669921875e+02
2.400449523925781250e+02
2.397857055664062500e+02
2.403609008789062500e+02
2.408121185302734375e+02
2.411643524169921875e+02
2.424231109619140625e+02
2.444506530761718750e+02
2.462553253173828125e+02
2.500855407714843750e+02
2.523463134765625000e+02
2.477823181152343750e+02
2.466323547363281250e+02
2.469671325683593750e+02
2.487922821044921875e+02
2.525782775878906250e+02
2.583889465332031250e+02
2.647701110839843750e+02
2.653696899414062500e+02
2.618561706542968750e+02
2.557350158691406250e+02
2.535616455078125000e+02
2.572947998046875000e+02
2.639323730468750000e+02
2.661114501953125000e+02
2.677245483398437500e+02
2.692506408691406250e+02
2.703601379394531250e+02
2.702907104492187500e+02
2.694618225097656250e+02
2.700015563964843750e+02
2.706572875976562500e+02
2.711429443359375000e+02
2.713862304687500000e+02
2.713008422851562500e+02
2.710303039550781250e+02
2.698206787109375000e+02
2.713696899414062500e+02
2.726482849121093750e+02
2.727588806152343750e+02
2.718034362792968750e+02
2.714996948242187500e+02
2.714967346191406250e+02
2.720582885742187500e+02
2.713178405761718750e+02
2.707873535156250000e+02
2.704646606445312500e+02
2.711000366210937500e+02
2.708713684082031250e+02
2.702954406738281250e+02
2.696989135742187500e+02
2.680963439941406250e+02
2.645729980468750000e+02
2.625838012695312500e+02
2.622917480468750000e+02
2.627531433105468750e+02
2.608981323242187500e+02
2.589260864257812500e+02
2.593403015136718750e+02
2.609754028320312500e+02
2.602501831054687500e+02
2.581119384765625000e+02
2.586285705566406250e+02
2.585480957031250000e+02
2.551868133544921875e+02
2.535988616943359375e+02
2.547272186279296875e+02
2.561629943847656250e+02
2.535578613281250000e+02
2.520939178466796875e+02
2.531719360351562500e+02
2.545538940429687500e+02
2.543592681884765625e+02
2.557515716552734375e+02
2.580773925781250000e+02
2.585393371582031250e+02
2.579043579101562500e+02
2.572295837402343750e+02
2.573018188476562500e+02
2.571763610839843750e+02
2.569900512695312500e+02
2.569381713867187500e+02
2.580872192382812500e+02
2.584237670898437500e+02
2.581034240722656250e+02
2.585987548828125000e+02
2.594852600097656250e+02
2.608329467773437500e+02
2.607547607421875000e+02
2.596679687500000000e+02
2.584531250000000000e+02
2.578765869140625000e+02
2.593225097656250000e+02
2.601041259765625000e+02
2.609830627441406250e+02
2.613146667480468750e+02
2.606752929687500000e+02
2.608609619140625000e+02
2.620794982910156250e+02
2.618798217773437500e+02
2.603526611328125000e+02
2.582343444824218750e+02
2.589939270019531250e+02
2.596577453613281250e+02
2.566198120117187500e+02
2.571293945312500000e+02
2.604310607910156250e+02
2.628825988769531250e+02
2.612787780761718750e+02
2.610811157226562500e+02
2.605388488769531250e+02
2.609215087890625000e+02
2.600172729492187500e+02
2.600845642089843750e+02
2.604295349121093750e+02
2.611971435546875000e+02
2.605634460449218750e+02
2.597932128906250000e+02
2.596487426757812500e+02
2.594656372070312500e+02
2.588314514160156250e+02
2.578161621093750000e+02
2.607679748535156250e+02
2.626843566894531250e+02
2.618059387207031250e+02
2.627028198242187500e+02
2.654050292968750000e+02
2.650440979003906250e+02
2.629732971191406250e+02
2.610540771484375000e+02
2.593353576660156250e+02
2.589334716796875000e+02
2.588854370117187500e+02
2.583435668945312500e+02
2.587644958496093750e+02
2.594533996582031250e+02
2.598176269531250000e+02
2.601293029785156250e+02
2.632580261230468750e+02
2.650401916503906250e+02
2.645410461425781250e+02
2.645005493164062500e+02
2.647831115722656250e+02
2.641463928222656250e+02
2.632710876464843750e+02
2.636197814941406250e+02
2.649353332519531250e+02
2.648754577636718750e+02
2.633979797363281250e+02
2.610643920898437500e+02
2.599770507812500000e+02
2.602966613769531250e+02
2.599031982421875000e+02
2.598885803222656250e+02
2.630527648925781250e+02
2.644887695312500000e+02
2.633638610839843750e+02
2.629992980957031250e+02
2.626267700195312500e+02
2.628569335937500000e+02
2.631599731445312500e+02
2.645590820312500000e+02
2.658909301757812500e+02
2.659795532226562500e+02
2.644264221191406250e+02
2.621004943847656250e+02
2.602182312011718750e+02
2.590112304687500000e+02
2.591684875488281250e+02
2.583518066406250000e+02
2.594656982421875000e+02
2.598073120117187500e+02
2.594717712402343750e+02
2.593181762695312500e+02
2.597466125488281250e+02
2.593665161132812500e+02
2.591226196289062500e+02
2.589852294921875000e+02
2.596382751464843750e+02
2.586564636230468750e+02
2.573762512207031250e+02
2.566348571777343750e+02
2.581973571777343750e+02
2.597373046875000000e+02
2.607138061523437500e+02
2.614590148925781250e+02
2.628749694824218750e+02
2.630046997070312500e+02
2.626328735351562500e+02
2.637272033691406250e+02
2.635940551757812500e+02
2.634045104980468750e+02
2.602916259765625000e+02
2.584615173339843750e+02
2.606933593750000000e+02
2.630809631347656250e+02
2.620154113769531250e+02
2.619929199218750000e+02
2.645000915527343750e+02
2.659794616699218750e+02
2.643811035156250000e+02
2.624318847656250000e+02
2.626147460937500000e+02
2.626484069824218750e+02
2.610099487304687500e+02
2.601144409179687500e+02
2.613686523437500000e+02
2.619381408691406250e+02
2.615997009277343750e+02
2.612680969238281250e+02
2.625197753906250000e+02
2.622040405273437500e+02
2.610641784667968750e+02
2.610501098632812500e+02
2.614791259765625000e+02
2.610224609375000000e+02
2.604106445312500000e+02
2.604963073730468750e+02
2.625713806152343750e+02
2.638317871093750000e+02
2.649064331054687500e+02
2.670510253906250000e+02
2.706352844238281250e+02
2.713782348632812500e+02
2.712694396972656250e+02
2.706699523925781250e+02
2.712369689941406250e+02
2.708123779296875000e+02
2.693530578613281250e+02
2.686766357421875000e+02
2.696352233886718750e+02
2.709212951660156250e+02
2.694508666992187500e+02
2.693733825683593750e+02
2.704159545898437500e+02
2.712279968261718750e+02
2.707736816406250000e+02
2.702359924316406250e+02
2.687708129882812500e+02
2.682662963867187500e+02
2.676235351562500000e+02
2.673522033691406250e+02
2.687480163574218750e+02
2.698009033203125000e+02
2.693481140136718750e+02
2.690367431640625000e+02
2.696499938964843750e+02
2.693642272949218750e+02
2.693079833984375000e+02
2.684257507324218750e+02
2.698795776367187500e+02
2.701726684570312500e+02
2.690040283203125000e+02
2.684106140136718750e+02
2.693830566406250000e+02
2.694467468261718750e+02
2.689151916503906250e+02
2.686349182128906250e+02
2.688500061035156250e+02
2.694815673828125000e+02
2.699212646484375000e+02
2.699906311035156250e+02
2.715986938476562500e+02
2.724644775390625000e+02
2.727539062500000000e+02
2.725405273437500000e+02
2.722177124023437500e+02
2.722709960937500000e+02
2.719216918945312500e+02
2.711071166992187500e+02
2.701192321777343750e+02
2.695508728027343750e+02
2.702077636718750000e+02
2.701977233886718750e+02
2.700524597167968750e+02
2.699233093261718750e+02
2.701027832031250000e+02
2.702273559570312500e+02
2.700212402343750000e+02
2.707369079589843750e+02
2.702363281250000000e+02
2.697709960937500000e+02
2.698332519531250000e+02
2.708048095703125000e+02
2.703527526855468750e+02
2.698740539550781250e+02
2.710106811523437500e+02
2.713024902343750000e+02
2.707839660644531250e+02
2.706221313476562500e+02
2.710136108398437500e+02
2.721636657714843750e+02
2.724675292968750000e+02
2.724187011718750000e+02
2.724385070800781250e+02
2.725593872070312500e+02
2.717861938476562500e+02
2.712464904785156250e+02
2.717984619140625000e+02
2.715972595214843750e+02
2.702440795898437500e+02
2.698141174316406250e+02
2.704270019531250000e+02
2.717111511230468750e+02
2.706666870117187500e+02
2.698038330078125000e+02
2.708772888183593750e+02
2.701468505859375000e+02
2.692008056640625000e+02
2.685538635253906250e+02
2.690872192382812500e+02
2.693728332519531250e+02
2.699836425781250000e+02
2.694995422363281250e+02
2.697600708007812500e+02
2.697355651855468750e+02
2.692394409179687500e+02
2.689910888671875000e+02
2.692244567871093750e+02
2.701709594726562500e+02
2.689327392578125000e+02
2.685339050292968750e+02
2.691145629882812500e+02
2.687400512695312500e+02
2.674685363769531250e+02
2.660874328613281250e+02
2.648406677246093750e+02
2.638919372558593750e+02
2.648321838378906250e+02
2.655025939941406250e+02
2.640626831054687500e+02
2.652045593261718750e+02
2.671313171386718750e+02
2.671137390136718750e+02
2.670686340332031250e+02
2.672119445800781250e+02
2.674279174804687500e+02
2.670929870605468750e+02
2.661079711914062500e+02
2.652366333007812500e+02
2.667641601562500000e+02
2.665736999511718750e+02
2.645600891113281250e+02
2.651196289062500000e+02
2.662634277343750000e+02
2.661719970703125000e+02
2.671349487304687500e+02
2.666600341796875000e+02
2.676822204589843750e+02
2.685852050781250000e+02
2.703415527343750000e+02
2.719427185058593750e+02
2.718551025390625000e+02
2.716952819824218750e+02
2.728980712890625000e+02
2.734496154785156250e+02
2.729253234863281250e+02
2.725704345703125000e+02
2.730372009277343750e+02
2.738850097656250000e+02
2.733245239257812500e+02
2.730811462402343750e+02
2.737662658691406250e+02
2.741560058593750000e+02
2.732425842285156250e+02
2.724664306640625000e+02
2.720762329101562500e+02
