2.686440734863281250e+02
2.667850952148437500e+02
2.655379638671875000e+02
2.650310668945312500e+02
2.640557861328125000e+02
2.663959655761718750e+02
2.672266540527343750e+02
2.662119445800781250e+02
2.667022094726562500e+02
2.675244750976562500e+02
2.678997497558593750e+02
2.672789611816406250e+02
2.670381774902343750e+02
2.669440917968750000e+02
2.667679138183593750e+02
2.674319458007812500e+02
2.675611267089843750e+02
2.681296081542968750e+02
2.684272155761718750e+02
2.688808898925781250e+02
2.698047485351562500e+02
2.696336975097656250e+02
2.690278625488281250e+02
2.706414184570312500e+02
2.702315673828125000e+02
2.703532714843750000e+02
2.705175170898437500e+02
2.700735473632812500e+02
2.693869018554687500e+02
2.701862182617187500e+02
2.691636962890625000e+02
2.695539550781250000e+02
2.694094848632812500e+02
2.702277526855468750e+02
2.695252380371093750e+02
2.702723999023437500e+02
2.702547302246093750e+02
2.698526306152343750e+02
2.689517517089843750e+02
2.702193908691406250e+02
2.698001708984375000e+02
2.698307189941406250e+02
2.689104919433593750e+02
2.680628356933593750e+02
2.678819274902343750e+02
2.695242309570312500e+02
2.693067016601562500e+02
2.697461547851562500e+02
2.689533386230468750e+02
2.688504028320312500e+02
2.686094360351562500e+02
2.681529235839843750e+02
2.674187927246093750e+02
2.687337036132812500e+02
2.685830688476562500e+02
2.684995117187500000e+02
2.683270263671875000e+02
2.699735107421875000e+02
2.700223083496093750e+02
2.702745971679687500e+02
2.710779113769531250e+02
2.716243286132812500e+02
2.715057373046875000e+02
2.706419982910156250e+02
2.701858215332031250e+02
2.706407470703125000e+02
2.706713562011718750e+02
2.693188171386718750e+02
2.696695556640625000e+02
2.705170288085937500e+02
2.700722961425781250e+02
2.714734191894531250e+02
2.718182067871093750e+02
2.706391296386718750e+02
2.696927795410156250e+02
2.704945983886718750e+02
2.706418762207031250e+02
2.710622558593750000e+02
2.709071960449218750e+02
2.705261840820312500e+02
2.704961853027343750e+02
2.709876098632812500e+02
2.707651062011718750e+02
2.701563720703125000e+02
2.692361755371093750e+02
2.692078247070312500e+02
2.681461486816406250e+02
2.689761962890625000e+02
2.691312561035156250e+02
2.691172180175781250e+02
2.695549011230468750e+02
2.698912048339843750e+02
2.695062255859375000e+02
2.696749877929687500e+02
2.692133483886718750e+02
2.691454467773437500e+02
2.694634704589843750e+02
2.698431701660156250e+02
2.705573730468750000e+02
2.718246154785156250e+02
2.714512634277343750e+02
2.714952697753906250e+02
2.704959716796875000e+02
2.693573913574218750e+02
2.699028015136718750e+02
2.699216003417968750e+02
2.706092224121093750e+02
2.713509521484375000e+02
2.720610046386718750e+02
2.717865295410156250e+02
2.719662780761718750e+02
2.719895019531250000e+02
2.717008972167968750e+02
2.713482971191406250e+02
2.707474060058593750e+02
2.708810119628906250e+02
2.706471557617187500e+02
2.707318115234375000e+02
2.698150634765625000e+02
2.703039855957031250e+02
2.693139648437500000e+02
2.694805297851562500e+02
2.694264526367187500e+02
2.690233764648437500e+02
2.684494628906250000e+02
2.691201171875000000e+02
2.692698974609375000e+02
2.681916198730468750e+02
2.676925048828125000e+02
2.694071044921875000e+02
2.696099853515625000e+02
2.679318237304687500e+02
2.677496337890625000e+02
2.696602172851562500e+02
2.691889038085937500e+02
2.687362976074218750e+02
2.689676208496093750e+02
2.690796203613281250e+02
2.686841735839843750e+02
2.704226989746093750e+02
2.707055358886718750e+02
2.701648559570312500e+02
2.695215148925781250e+02
2.680325317382812500e+02
2.673464355468750000e+02
2.684631347656250000e+02
2.683921813964843750e+02
2.675485534667968750e+02
2.671798095703125000e+02
2.685832824707031250e+02
2.679977722167968750e+02
2.685773620605468750e+02
2.689955444335937500e+02
2.693720092773437500e+02
2.691263732910156250e+02
2.701661682128906250e+02
2.715078735351562500e+02
2.714779968261718750e+02
2.714585266113281250e+02
2.722360839843750000e+02
2.724275207519531250e+02
2.722282104492187500e+02
2.719045410156250000e+02
2.718941345214843750e+02
2.712182922363281250e+02
2.699595031738281250e+02
2.692969665527343750e+02
2.694315185546875000e+02
2.681181335449218750e+02
2.681486816406250000e+02
2.680144348144531250e+02
2.677539367675781250e+02
2.672499389648437500e+02
2.677844848632812500e+02
2.672903747558593750e+02
2.674860534667968750e+02
2.661656799316406250e+02
2.668539428710937500e+02
2.668985595703125000e+02
2.675105285644531250e+02
2.691253662109375000e+02
2.701502685546875000e+02
2.705277404785156250e+02
2.718716735839843750e+02
2.718437805175781250e+02
2.703866271972656250e+02
2.690696411132812500e+02
2.693804016113281250e+02
2.693139953613281250e+02
2.691327514648437500e+02
2.679401245117187500e+02
2.677028198242187500e+02
2.675868225097656250e+02
2.685014953613281250e+02
2.689555664062500000e+02
2.688680725097656250e+02
2.683703918457031250e+02
2.669689331054687500e+02
2.652676391601562500e+02
2.647761840820312500e+02
2.650830383300781250e+02
2.657153930664062500e+02
2.663958740234375000e+02
2.659837036132812500e+02
2.657030639648437500e+02
2.670661010742187500e+02
2.667725830078125000e+02
2.670145263671875000e+02
2.657905883789062500e+02
2.662568054199218750e+02
2.659696350097656250e+02
2.661487121582031250e+02
2.660473632812500000e+02
2.665152893066406250e+02
2.662094421386718750e+02
2.676917724609375000e+02
2.671962890625000000e+02
2.682354125976562500e+02
2.684139709472656250e+02
2.691210021972656250e+02
2.700639648437500000e+02
2.688453369140625000e+02
2.676950988769531250e+02
2.669307556152343750e+02
2.670518188476562500e+02
2.672259216308593750e+02
2.671188049316406250e+02
2.688137817382812500e+02
2.702538146972656250e+02
2.703587036132812500e+02
2.704828796386718750e+02
2.709610290527343750e+02
2.709366149902343750e+02
2.708930664062500000e+02
2.709151000976562500e+02
2.711009216308593750e+02
2.716820983886718750e+02
2.712613220214843750e+02
2.712922058105468750e+02
2.713613891601562500e+02
2.712572937011718750e+02
2.707346496582031250e+02
2.705191650390625000e+02
2.703813171386718750e+02
2.706098937988281250e+02
2.707214965820312500e+02
2.707276306152343750e+02
2.711523132324218750e+02
2.713916015625000000e+02
2.703468933105468750e+02
2.692559204101562500e+02
2.689292907714843750e+02
2.689923706054687500e+02
2.689710388183593750e+02
2.685602416992187500e+02
2.684254455566406250e+02
2.676748352050781250e+02
2.671131591796875000e+02
2.672864379882812500e+02
2.686959228515625000e+02
2.697015380859375000e+02
2.690767822265625000e+02
2.692904357910156250e+02
2.694510498046875000e+02
2.699378356933593750e+02
2.686434020996093750e+02
2.680681457519531250e+02
2.681094360351562500e+02
2.681205139160156250e+02
2.676193847656250000e+02
2.673654174804687500e+02
2.681032104492187500e+02
2.681896057128906250e+02
2.667269897460937500e+02
2.659009704589843750e+02
2.660421142578125000e+02
2.660952758789062500e+02
2.656127929687500000e+02
2.624772338867187500e+02
2.617139587402343750e+02
2.615184326171875000e+02
2.626939392089843750e+02
2.642343750000000000e+02
2.651647033691406250e+02
2.657281494140625000e+02
2.657828063964843750e+02
2.667098388671875000e+02
2.686831359863281250e+02
2.694897766113281250e+02
2.692017822265625000e+02
2.696654052734375000e+02
2.708424987792968750e+02
2.716705627441406250e+02
2.715759887695312500e+02
2.710084228515625000e+02
2.702848815917968750e+02
2.694334411621093750e+02
2.687306823730468750e+02
2.684708251953125000e+02
2.689583129882812500e+02
2.687398681640625000e+02
2.681702575683593750e+02
2.684636230468750000e+02
2.695252990722656250e+02
2.693343200683593750e+02
2.678989562988281250e+02
2.664543151855468750e+02
2.660123901367187500e+02
2.653590087890625000e+02
2.655598144531250000e+02
2.651140136718750000e+02
2.641091613769531250e+02
2.642337951660156250e+02
2.644955139160156250e+02
2.641017761230468750e+02
2.620764770507812500e+02
2.615890808105468750e+02
2.616963806152343750e+02
2.621058654785156250e+02
2.616396179199218750e+02
2.613031311035156250e+02
2.598909912109375000e+02
2.595765686035156250e+02
2.600849304199218750e+02
2.615443420410156250e+02
2.630424194335937500e+02
2.644038696289062500e+02
2.672564392089843750e+02
2.688173217773437500e+02
2.691074829101562500e+02
2.690400695800781250e+02
2.706421203613281250e+02
2.716964721679687500e+02
2.722719116210937500e+02
2.730285644531250000e+02
2.729759521484375000e+02
2.727258911132812500e+02
2.713370971679687500e+02
2.719601135253906250e+02
2.725026855468750000e+02
2.723609619140625000e+02
2.715607299804687500e+02
2.711192016601562500e+02
2.708990783691406250e+02
2.702777404785156250e+02
2.701078186035156250e+02
2.711183776855468750e+02
2.723845825195312500e+02
2.723977355957031250e+02
2.722025146484375000e+02
2.720000000000000000e+02
2.718216247558593750e+02
2.711437988281250000e+02
2.712231445312500000e+02
2.714147033691406250e+02
2.718768615722656250e+02
2.718092041015625000e+02
2.706834106445312500e+02
2.692005004882812500e+02
2.691183471679687500e+02
2.679543762207031250e+02
2.670673217773437500e+02
2.668273925781250000e+02
2.677517700195312500e+02
2.685936889648437500e+02
2.687684020996093750e+02
2.681840209960937500e+02
2.669580688476562500e+02
2.662322692871093750e+02
2.637862548828125000e+02
2.613928222656250000e+02
2.599799804687500000e+02
2.601833801269531250e+02
2.603612060546875000e+02
2.600944824218750000e+02
2.600033569335937500e+02
2.604001464843750000e+02
2.598972473144531250e+02
2.600542297363281250e+02
2.598489685058593750e+02
2.608147583007812500e+02
2.621570739746093750e+02
2.650612792968750000e+02
2.679151306152343750e+02
2.682349243164062500e+02
2.675429687500000000e+02
2.677185668945312500e+02
2.678627624511718750e+02
2.679091491699218750e+02
2.679210815429687500e+02
2.678995361328125000e+02
2.674739074707031250e+02
2.680459289550781250e+02
2.688840332031250000e+02
2.694631652832031250e+02
2.689071960449218750e+02
2.690913391113281250e+02
2.689640502929687500e+02
2.690624389648437500e+02
2.691941833496093750e+02
2.688795471191406250e+02
2.685092773437500000e+02
2.682797851562500000e+02
2.682730712890625000e+02
2.681937561035156250e+02
2.676148376464843750e+02
2.669056396484375000e+02
2.655890197753906250e+02
2.643203125000000000e+02
2.616159057617187500e+02
2.585275268554687500e+02
2.576496887207031250e+02
2.580911254882812500e+02
2.593340148925781250e+02
2.606062622070312500e+02
2.642631835937500000e+02
2.674330749511718750e+02
2.684976806640625000e+02
2.692379150390625000e+02
2.692818908691406250e+02
2.690469360351562500e+02
2.689141845703125000e+02
2.688346252441406250e+02
2.685432128906250000e+02
2.682168273925781250e+02
2.675521240234375000e+02
2.676676330566406250e+02
2.694038391113281250e+02
2.697624816894531250e+02
2.697466125488281250e+02
2.700500793457031250e+02
2.704727478027343750e+02
2.692208862304687500e+02
2.675483093261718750e+02
2.667761840820312500e+02
2.660129089355468750e+02
2.661974792480468750e+02
2.660095214843750000e+02
2.663875122070312500e+02
2.661886596679687500e+02
2.665961914062500000e+02
2.667384948730468750e+02
2.669535827636718750e+02
2.667242736816406250e+02
2.654626159667968750e+02
2.633093566894531250e+02
2.619984130859375000e+02
2.626572265625000000e+02
2.633296203613281250e+02
2.634404907226562500e+02
2.627252807617187500e+02
2.621274108886718750e+02
2.619970703125000000e+02
2.628443603515625000e+02
2.629093017578125000e+02
2.614500122070312500e+02
2.581336975097656250e+02
2.562144165039062500e+02
2.556585845947265625e+02
2.556370544433593750e+02
2.555181274414062500e+02
2.542422943115234375e+02
2.540789031982421875e+02
2.562384033203125000e+02
2.606907348632812500e+02
2.646336059570312500e+02
2.657503356933593750e+02
2.629953002929687500e+02
2.590128479003906250e+02
2.588667907714843750e+02
2.595850219726562500e+02
2.647913208007812500e+02
2.662665100097656250e+02
2.661102600097656250e+02
2.666279907226562500e+02
2.672310485839843750e+02
2.673316955566406250e+02
2.670189208984375000e+02
2.659495544433593750e+02
2.649381103515625000e+02
2.640274353027343750e+02
2.645653991699218750e+02
2.652192077636718750e+02
2.649203186035156250e+02
2.640865783691406250e+02
2.632942199707031250e+02
2.634815063476562500e+02
2.671076660156250000e+02
2.701551208496093750e+02
2.713856201171875000e+02
2.690405578613281250e+02
2.655802307128906250e+02
2.656396789550781250e+02
2.666824035644531250e+02
2.675702819824218750e+02
2.673467407226562500e+02
2.663417663574218750e+02
2.646028747558593750e+02
2.636731567382812500e+02
2.639368896484375000e+02
2.640573425292968750e+02
2.644584960937500000e+02
2.641385803222656250e+02
2.634130249023437500e+02
2.632160034179687500e+02
2.629025573730468750e+02
2.624429931640625000e+02
2.617496643066406250e+02
2.616293945312500000e+02
2.611289062500000000e+02
2.617496032714843750e+02
2.631721191406250000e+02
2.640461425781250000e+02
2.644554748535156250e+02
2.632412719726562500e+02
2.631262207031250000e+02
2.620454711914062500e+02
2.608369140625000000e+02
2.608518981933593750e+02
2.615126647949218750e+02
2.622522888183593750e+02
2.614591979980468750e+02
2.620170898437500000e+02
2.596479187011718750e+02
2.586654968261718750e+02
2.576364746093750000e+02
2.579978332519531250e+02
2.628305664062500000e+02
2.668901062011718750e+02
2.665729980468750000e+02
2.664486389160156250e+02
2.649536437988281250e+02
2.641236267089843750e+02
2.663213195800781250e+02
2.662941284179687500e+02
2.687305908203125000e+02
2.715217895507812500e+02
2.701906433105468750e+02
2.696700439453125000e+02
2.708329162597656250e+02
2.716434326171875000e+02
2.702745666503906250e+02
2.708050231933593750e+02
2.705152587890625000e+02
2.706347961425781250e+02
2.697880554199218750e+02
2.699683532714843750e+02
2.702572021484375000e+02
2.690951232910156250e+02
2.674834594726562500e+02
2.677800598144531250e+02
2.685898132324218750e+02
2.696432189941406250e+02
2.687686462402343750e+02
2.680509033203125000e+02
2.679208984375000000e+02
2.671849365234375000e+02
2.672390747070312500e+02
2.671339721679687500e+02
2.664452209472656250e+02
2.663167114257812500e+02
2.657482910156250000e+02
2.644284362792968750e+02
2.628989562988281250e+02
2.617576599121093750e+02
2.616108093261718750e+02
2.637150878906250000e+02
2.658318786621093750e+02
2.670658874511718750e+02
2.663584899902343750e+02
2.662903747558593750e+02
2.659672546386718750e+02
2.653858947753906250e+02
2.641392822265625000e+02
2.635121765136718750e+02
2.637920837402343750e+02
2.652652587890625000e+02
2.675614624023437500e+02
2.683334045410156250e+02
2.684495544433593750e+02
2.689685058593750000e+02
2.687786865234375000e+02
2.675412292480468750e+02
2.661157226562500000e+02
2.634381713867187500e+02
2.612885742187500000e+02
2.602381286621093750e+02
2.598870544433593750e+02
2.600830383300781250e+02
2.593182373046875000e+02
2.585427551269531250e+02
2.583635864257812500e+02
2.600373840332031250e+02
2.634321594238281250e+02
2.657506103515625000e+02
2.661549987792968750e+02
2.653118591308593750e+02
2.645821228027343750e+02
2.660277099609375000e+02
2.682517700195312500e+02
2.702214660644531250e+02
2.711671142578125000e+02
2.698699035644531250e+02
2.682284545898437500e+02
2.675574645996093750e+02
2.685684509277343750e+02
2.692704467773437500e+02
2.687781982421875000e+02
2.678528747558593750e+02
2.663121337890625000e+02
2.628058776855468750e+02
2.612796020507812500e+02
2.613179321289062500e+02
2.597955322265625000e+02
2.587302246093750000e+02
2.567550964355468750e+02
2.564293212890625000e+02
2.577725524902343750e+02
2.601266174316406250e+02
2.600797729492187500e+02
2.602892456054687500e+02
2.599295043945312500e+02
2.580210266113281250e+02
2.567551269531250000e+02
2.547660522460937500e+02
2.555783081054687500e+02
2.589840087890625000e+02
2.591602783203125000e+02
2.565313110351562500e+02
2.539189910888671875e+02
2.542278289794921875e+02
2.529957275390625000e+02
2.535872802734375000e+02
2.538722076416015625e+02
2.549561004638671875e+02
2.564238891601562500e+02
2.574745178222656250e+02
2.580477600097656250e+02
2.585340270996093750e+02
2.600985717773437500e+02
2.618665161132812500e+02
2.629630126953125000e+02
2.636133728027343750e+02
2.636774291992187500e+02
2.637963562011718750e+02
2.645913391113281250e+02
2.659508056640625000e+02
2.667171936035156250e+02
2.666861877441406250e+02
2.652379455566406250e+02
2.647032165527343750e+02
2.653682556152343750e+02
2.669536132812500000e+02
2.670514526367187500e+02
2.664134216308593750e+02
2.669739990234375000e+02
2.666621398925781250e+02
2.650631713867187500e+02
2.628385009765625000e+02
2.627580871582031250e+02
2.629279479980468750e+02
2.633091735839843750e+02
2.639763488769531250e+02
2.646220703125000000e+02
2.650376892089843750e+02
2.648553466796875000e+02
2.647774963378906250e+02
2.657795410156250000e+02
2.665436401367187500e+02
2.645994873046875000e+02
2.640161132812500000e+02
2.649089660644531250e+02
2.654115905761718750e+02
2.654467468261718750e+02
2.640593566894531250e+02
2.627647094726562500e+02
2.624019165039062500e+02
2.613349609375000000e+02
2.611925964355468750e+02
2.600177001953125000e+02
2.586706542968750000e+02
2.601586608886718750e+02
2.639991149902343750e+02
2.660653076171875000e+02
2.664792175292968750e+02
2.675325317382812500e+02
2.670410766601562500e+02
2.643949584960937500e+02
2.602057189941406250e+02
2.579916381835937500e+02
2.625885925292968750e+02
2.650884094238281250e+02
2.658757629394531250e+02
2.652358398437500000e+02
2.621611633300781250e+02
2.618508911132812500e+02
2.655715637207031250e+02
2.661995849609375000e+02
2.682025756835937500e+02
2.675516052246093750e+02
2.591930541992187500e+02
2.569888610839843750e+02
2.562098999023437500e+02
2.552977905273437500e+02
2.583450317382812500e+02
2.665296325683593750e+02
2.614996032714843750e+02
2.538719024658203125e+02
2.545820770263671875e+02
2.555920867919921875e+02
2.629322509765625000e+02
2.682322387695312500e+02
2.688435974121093750e+02
2.687984619140625000e+02
2.698269042968750000e+02
2.702030639648437500e+02
2.704365539550781250e+02
2.699413146972656250e+02
2.691219482421875000e+02
2.685102844238281250e+02
2.690173339843750000e+02
2.702214355468750000e+02
2.706729125976562500e+02
2.708405151367187500e+02
2.697366333007812500e+02
2.672105102539062500e+02
2.659690551757812500e+02
2.655115051269531250e+02
2.645749511718750000e+02
2.620232849121093750e+02
2.604248046875000000e+02
2.592487487792968750e+02
2.585268554687500000e+02
2.582604675292968750e+02
2.582980041503906250e+02
2.570337524414062500e+02
2.559458770751953125e+02
2.559415740966796875e+02
2.548578643798828125e+02
2.541403503417968750e+02
2.537854766845703125e+02
2.533628540039062500e+02
2.536286621093750000e+02
2.536927490234375000e+02
2.545805358886718750e+02
2.547903289794921875e+02
2.547423706054687500e+02
2.544026336669921875e+02
2.555343780517578125e+02
2.603887634277343750e+02
2.638349304199218750e+02
2.665157165527343750e+02
2.664414062500000000e+02
2.625973205566406250e+02
2.611380615234375000e+02
2.541751708984375000e+02
2.512544708251953125e+02
2.508705444335937500e+02
2.519530181884765625e+02
2.516263122558593750e+02
2.515109100341796875e+02
2.504410095214843750e+02
2.498378448486328125e+02
2.493113403320312500e+02
2.495626220703125000e+02
2.512665863037109375e+02
2.559762878417968750e+02
2.585769042968750000e+02
2.561437072753906250e+02
2.541752471923828125e+02
2.546887054443359375e+02
2.574919433593750000e+02
2.626023559570312500e+02
2.638431701660156250e+02
2.601326293945312500e+02
2.568603515625000000e+02
2.554924316406250000e+02
2.543278503417968750e+02
2.536043090820312500e+02
2.518880004882812500e+02
2.525740661621093750e+02
2.524917144775390625e+02
2.530796813964843750e+02
2.553631134033203125e+02
2.613532409667968750e+02
2.664291076660156250e+02
2.700273132324218750e+02
2.709920959472656250e+02
2.711346740722656250e+02
2.705863342285156250e+02
2.700010070800781250e+02
2.685089416503906250e+02
2.680507812500000000e+02
2.678095397949218750e+02
2.689384460449218750e+02
2.687519226074218750e+02
2.691223754882812500e+02
2.655718994140625000e+02
2.635760803222656250e+02
2.610508422851562500e+02
2.620707702636718750e+02
2.669038696289062500e+02
2.702190551757812500e+02
2.697945556640625000e+02
2.668424682617187500e+02
2.631561889648437500e+02
2.618969421386718750e+02
2.610854187011718750e+02
2.629442443847656250e+02
2.637930908203125000e+02
2.651351318359375000e+02
2.649971008300781250e+02
2.653261108398437500e+02
2.659892883300781250e+02
2.666021728515625000e+02
2.669630737304687500e+02
2.669281005859375000e+02
2.671362304687500000e+02
2.671628112792968750e+02
2.671129760742187500e+02
2.657208251953125000e+02
2.648156433105468750e+02
2.644642028808593750e+02
2.649722900390625000e+02
2.662121276855468750e+02
2.678830261230468750e+02
2.673496398925781250e+02
2.659736328125000000e+02
2.664942932128906250e+02
2.673484802246093750e+02
2.671836242675781250e+02
2.669826965332031250e+02
2.664958190917968750e+02
2.657834167480468750e+02
2.647156677246093750e+02
2.650238952636718750e+02
2.644132690429687500e+02
2.651008300781250000e+02
2.646135253906250000e+02
2.622806091308593750e+02
2.610429077148437500e+02
2.587267150878906250e+02
2.565725097656250000e+02
2.551271057128906250e+02
2.544293670654296875e+02
2.539360656738281250e+02
2.562475891113281250e+02
2.603403930664062500e+02
2.647940368652343750e+02
2.669090881347656250e+02
2.677585754394531250e+02
2.677646179199218750e+02
2.669475708007812500e+02
2.652683715820312500e+02
2.642312011718750000e+02
2.632581481933593750e+02
2.632189941406250000e+02
2.641699218750000000e+02
2.657136535644531250e+02
2.672610473632812500e+02
2.677307128906250000e+02
2.678591308593750000e+02
2.678408813476562500e+02
2.669239501953125000e+02
2.669781494140625000e+02
2.657244567871093750e+02
2.634893798828125000e+02
2.601307983398437500e+02
2.578514404296875000e+02
2.555596160888671875e+02
2.541525268554687500e+02
2.540390472412109375e+02
2.551376342773437500e+02
2.604218444824218750e+02
2.663320922851562500e+02
2.662825317382812500e+02
2.654194641113281250e+02
2.655285339355468750e+02
2.657472534179687500e+02
2.671770629882812500e+02
2.662671813964843750e+02
2.654008178710937500e+02
2.650269165039062500e+02
2.639766845703125000e+02
2.619014587402343750e+02
2.603407287597656250e+02
2.589135742187500000e+02
2.568141784667968750e+02
2.572196044921875000e+02
2.578916931152343750e+02
2.558501892089843750e+02
2.531464233398437500e+02
2.523273010253906250e+02
2.531743316650390625e+02
2.538282470703125000e+02
2.572052001953125000e+02
2.614104309082031250e+02
2.651625061035156250e+02
2.674167480468750000e+02
2.687916564941406250e+02
2.697858276367187500e+02
2.688653564453125000e+02
2.665025939941406250e+02
2.660297851562500000e+02
2.672003173828125000e+02
2.616104431152343750e+02
2.566035766601562500e+02
2.597180786132812500e+02
2.596524658203125000e+02
2.554536590576171875e+02
2.520697174072265625e+02
2.500592041015625000e+02
2.487224273681640625e+02
2.471390838623046875e+02
2.454345550537109375e+02
2.443367767333984375e+02
2.444562530517578125e+02
2.437543487548828125e+02
2.441613922119140625e+02
2.440696716308593750e+02
2.441973571777343750e+02
2.447183074951171875e+02
2.450587463378906250e+02
2.445495452880859375e+02
2.448068237304687500e+02
2.444851989746093750e+02
2.447886657714843750e+02
2.443018646240234375e+02
2.441874847412109375e+02
2.435265655517578125e+02
2.436618041992187500e+02
2.432152709960937500e+02
2.432449645996093750e+02
2.429263305664062500e+02
2.432526397705078125e+02
2.435976562500000000e+02
2.429161071777343750e+02
2.432231140136718750e+02
2.438512573242187500e+02
2.420141296386718750e+02
2.411352844238281250e+02
2.407907104492187500e+02
2.416212158203125000e+02
2.453629455566406250e+02
2.476047821044921875e+02
2.480744018554687500e+02
2.479853210449218750e+02
2.470495452880859375e+02
2.464588470458984375e+02
2.458049926757812500e+02
2.461666564941406250e+02
2.464524078369140625e+02
2.468704071044921875e+02
2.475552062988281250e+02
2.474205932617187500e+02
2.479081726074218750e+02
2.511764678955078125e+02
2.579563903808593750e+02
2.572984619140625000e+02
2.604636230468750000e+02
2.642763366699218750e+02
2.656938781738281250e+02
2.660689392089843750e+02
2.665754089355468750e+02
2.676393127441406250e+02
2.673764648437500000e+02
2.676881103515625000e+02
2.648197021484375000e+02
2.579432373046875000e+02
2.568314514160156250e+02
2.594205322265625000e+02
2.566232910156250000e+02
2.505316314697265625e+02
2.481915435791015625e+02
2.530984344482421875e+02
2.583423461914062500e+02
2.533719329833984375e+02
2.500629577636718750e+02
2.501102447509765625e+02
2.494523773193359375e+02
2.499856262207031250e+02
2.499214782714843750e+02
2.488331756591796875e+02
2.487561187744140625e+02
2.483943328857421875e+02
2.495124511718750000e+02
2.519813385009765625e+02
2.498789672851562500e+02
2.493119049072265625e+02
2.501172943115234375e+02
2.503384246826171875e+02
2.502994079589843750e+02
2.504790802001953125e+02
2.514491882324218750e+02
2.524577178955078125e+02
2.520078735351562500e+02
2.526520996093750000e+02
2.529256286621093750e+02
2.531673278808593750e+02
2.508002319335937500e+02
2.492757110595703125e+02
2.493519439697265625e+02
2.515302886962890625e+02
2.550027923583984375e+02
2.582215881347656250e+02
2.611188964843750000e+02
2.620895690917968750e+02
2.615753173828125000e+02
2.612464599609375000e+02
2.588329772949218750e+02
2.568587646484375000e+02
2.564759826660156250e+02
2.570529174804687500e+02
2.570036010742187500e+02
2.565653381347656250e+02
2.552910308837890625e+02
2.536908264160156250e+02
2.533135223388671875e+02
2.525771026611328125e+02
2.524638061523437500e+02
2.523327789306640625e+02
2.518876342773437500e+02
2.522702636718750000e+02
2.525954284667968750e+02
2.530245819091796875e+02
2.532288970947265625e+02
2.526823577880859375e+02
2.514329071044921875e+02
2.504472503662109375e+02
2.496799316406250000e+02
2.489307250976562500e+02
2.510452423095703125e+02
2.537233123779296875e+02
2.531724700927734375e+02
2.514521484375000000e+02
2.499870758056640625e+02
2.491511688232421875e+02
2.476774902343750000e+02
2.497397613525390625e+02
2.570484924316406250e+02
2.663735351562500000e+02
2.687155151367187500e+02
2.639584960937500000e+02
2.554921569824218750e+02
2.539335784912109375e+02
2.521315155029296875e+02
2.538623962402343750e+02
2.607960510253906250e+02
2.654780578613281250e+02
2.689262390136718750e+02
2.645910034179687500e+02
2.603063354492187500e+02
2.566512145996093750e+02
2.549270477294921875e+02
2.551241302490234375e+02
2.562120361328125000e+02
2.571456298828125000e+02
2.616512756347656250e+02
2.625292968750000000e+02
2.615409240722656250e+02
2.606906738281250000e+02
2.596390075683593750e+02
2.586577453613281250e+02
2.576835632324218750e+02
2.577358093261718750e+02
2.572461853027343750e+02
2.573498535156250000e+02
2.570611267089843750e+02
2.565464172363281250e+02
2.555918121337890625e+02
2.547150115966796875e+02
2.539333343505859375e+02
2.535488586425781250e+02
2.526004943847656250e+02
2.517509155273437500e+02
2.514042968750000000e+02
2.510366973876953125e+02
2.507397613525390625e+02
2.505673828125000000e+02
2.525919189453125000e+02
2.544962158203125000e+02
2.573897399902343750e+02
2.611179809570312500e+02
2.614718017578125000e+02
2.617413940429687500e+02
2.603251953125000000e+02
2.597320556640625000e+02
2.594899902343750000e+02
2.599143676757812500e+02
2.636507873535156250e+02
2.656124572753906250e+02
2.649164123535156250e+02
2.639277954101562500e+02
2.592353820800781250e+02
2.571336975097656250e+02
2.631258239746093750e+02
2.670731506347656250e+02
2.626385803222656250e+02
2.603458251953125000e+02
2.589136657714843750e+02
2.569812316894531250e+02
2.555706024169921875e+02
2.610185546875000000e+02
2.616200256347656250e+02
2.603428649902343750e+02
2.570865173339843750e+02
2.552353363037109375e+02
2.535857849121093750e+02
2.529150848388671875e+02
2.539772491455078125e+02
2.565807495117187500e+02
2.570206604003906250e+02
2.585370178222656250e+02
2.589666442871093750e+02
2.597019958496093750e+02
2.563746032714843750e+02
2.547427673339843750e+02
2.536161041259765625e+02
2.527490386962890625e+02
2.529968872070312500e+02
2.548071594238281250e+02
2.621647338867187500e+02
2.664940185546875000e+02
2.683259582519531250e+02
2.685467529296875000e+02
2.673340148925781250e+02
2.673639221191406250e+02
2.658267822265625000e+02
2.638562011718750000e+02
2.603173522949218750e+02
2.562667236328125000e+02
2.553809509277343750e+02
2.551727447509765625e+02
2.552898559570312500e+02
2.565873413085937500e+02
2.639092102050781250e+02
2.671888732910156250e+02
2.656058654785156250e+02
2.652183227539062500e+02
2.644145812988281250e+02
2.639013061523437500e+02
2.633628234863281250e+02
2.632214050292968750e+02
2.623164367675781250e+02
2.614263916015625000e+02
2.601882324218750000e+02
2.600833435058593750e+02
2.589894409179687500e+02
2.594502563476562500e+02
2.592732543945312500e+02
2.590936279296875000e+02
2.587462158203125000e+02
2.589140625000000000e+02
2.579997863769531250e+02
2.575679626464843750e+02
2.575363769531250000e+02
2.566393432617187500e+02
2.580921630859375000e+02
2.598079528808593750e+02
2.610445861816406250e+02
2.609789428710937500e+02
2.589357604980468750e+02
2.573750305175781250e+02
2.564440307617187500e+02
2.565210266113281250e+02
2.563054199218750000e+02
2.561239929199218750e+02
2.562020874023437500e+02
2.567856445312500000e+02
2.564994812011718750e+02
2.569453125000000000e+02
2.572606506347656250e+02
2.563944091796875000e+02
2.540782165527343750e+02
2.525926361083984375e+02
2.541237640380859375e+02
2.554749450683593750e+02
2.548688964843750000e+02
2.554373016357421875e+02
2.577133789062500000e+02
2.592357177734375000e+02
2.569801025390625000e+02
2.552904968261718750e+02
2.561286010742187500e+02
2.574850158691406250e+02
2.573706359863281250e+02
2.582162475585937500e+02
2.589817199707031250e+02
2.585039062500000000e+02
2.571278076171875000e+02
2.554591369628906250e+02
2.557618865966796875e+02
2.565049133300781250e+02
2.557115783691406250e+02
2.606376037597656250e+02
2.645082702636718750e+02
2.647676696777343750e+02
2.649520874023437500e+02
2.616109619140625000e+02
2.564017333984375000e+02
2.558411407470703125e+02
2.550207824707031250e+02
2.547607269287109375e+02
2.547327117919921875e+02
2.550513000488281250e+02
2.548670959472656250e+02
2.547942810058593750e+02
2.566507873535156250e+02
2.589187316894531250e+02
2.614469909667968750e+02
2.623327636718750000e+02
2.623774719238281250e+02
2.614604187011718750e+02
2.603623962402343750e+02
2.599440002441406250e+02
2.595303649902343750e+02
2.594417419433593750e+02
2.573872070312500000e+02
2.554920349121093750e+02
2.549963378906250000e+02
2.553822326660156250e+02
2.550752563476562500e+02
2.549620208740234375e+02
2.556139678955078125e+02
2.557733917236328125e+02
2.555381927490234375e+02
2.548188171386718750e+02
2.547190856933593750e+02
2.552355346679687500e+02
2.548856353759765625e+02
2.543072814941406250e+02
2.533695831298828125e+02
2.531958923339843750e+02
2.531736602783203125e+02
2.525880279541015625e+02
2.528965301513671875e+02
2.537171783447265625e+02
2.536800231933593750e+02
2.530721740722656250e+02
2.513816986083984375e+02
2.514864349365234375e+02
2.519019317626953125e+02
2.528082733154296875e+02
2.539511871337890625e+02
2.533493194580078125e+02
2.539179534912109375e+02
2.549327087402343750e+02
2.581820678710937500e+02
2.596143493652343750e+02
2.585390319824218750e+02
2.574588317871093750e+02
2.585711975097656250e+02
2.591478271484375000e+02
2.590701904296875000e+02
2.594772338867187500e+02
2.610731201171875000e+02
2.631744689941406250e+02
2.665300903320312500e+02
2.685339660644531250e+02
2.700503540039062500e+02
2.715784301757812500e+02
2.709908447265625000e+02
2.699111633300781250e+02
2.698806457519531250e+02
2.699559020996093750e+02
2.705148620605468750e+02
2.695697021484375000e+02
2.678903198242187500e+02
2.647999877929687500e+02
2.618788452148437500e+02
2.612711791992187500e+02
2.615204162597656250e+02
2.634254760742187500e+02
2.639220581054687500e+02
2.643509216308593750e+02
2.645472412109375000e+02
2.652116699218750000e+02
2.653599548339843750e+02
2.646932983398437500e+02
2.638070678710937500e+02
2.626181640625000000e+02
2.620223999023437500e+02
2.604245910644531250e+02
2.597579040527343750e+02
2.601586914062500000e+02
2.597276916503906250e+02
2.595022888183593750e+02
2.601119384765625000e+02
2.622911987304687500e+02
2.625339355468750000e+02
2.636403198242187500e+02
2.640648803710937500e+02
2.652933044433593750e+02
2.655543823242187500e+02
2.654918212890625000e+02
2.645188903808593750e+02
2.639372558593750000e+02
2.638707275390625000e+02
2.631719970703125000e+02
2.634667053222656250e+02
2.641028442382812500e+02
2.647762451171875000e+02
2.656232299804687500e+02
2.652344360351562500e+02
2.655761108398437500e+02
2.643077087402343750e+02
2.629922485351562500e+02
2.628564147949218750e+02
2.627860107421875000e+02
2.624075317382812500e+02
2.617163085937500000e+02
2.614368896484375000e+02
2.619480285644531250e+02
2.629407653808593750e+02
2.630776672363281250e+02
2.638980407714843750e+02
2.655195007324218750e+02
2.655390014648437500e+02
2.644490051269531250e+02
2.651361694335937500e+02
2.649851684570312500e+02
2.638245544433593750e+02
2.641053771972656250e+02
2.684153442382812500e+02
2.704677124023437500e+02
2.685757751464843750e+02
2.682286682128906250e+02
2.687294006347656250e+02
2.695083007812500000e+02
2.695223693847656250e+02
2.692218627929687500e+02
2.684906005859375000e+02
2.683806762695312500e+02
2.685415344238281250e+02
2.682475585937500000e+02
2.685721435546875000e+02
2.679431152343750000e+02
2.669546813964843750e+02
2.665948181152343750e+02
2.664973754882812500e+02
2.666395568847656250e+02
2.671000061035156250e+02
2.674096984863281250e+02
2.675092468261718750e+02
2.682822570800781250e+02
2.679577026367187500e+02
2.677025146484375000e+02
2.682242126464843750e+02
2.684405212402343750e+02
2.681266479492187500e+02
2.676033325195312500e+02
2.680080261230468750e+02
2.671871643066406250e+02
2.661302185058593750e+02
2.652210998535156250e+02
2.649631042480468750e+02
2.639800720214843750e+02
2.642236633300781250e+02
2.638958435058593750e+02
2.644706726074218750e+02
2.634008789062500000e+02
2.642165832519531250e+02
2.642760314941406250e+02
2.659142150878906250e+02
2.652475585937500000e+02
2.644265441894531250e+02
2.651325073242187500e+02
2.637076110839843750e+02
2.639394226074218750e+02
2.649355163574218750e+02
2.648520202636718750e+02
2.645798950195312500e+02
2.644490051269531250e+02
2.648859863281250000e+02
2.648566284179687500e+02
2.649784545898437500e+02
2.647337341308593750e+02
2.655468139648437500e+02
2.652756347656250000e+02
2.641133422851562500e+02
2.636830444335937500e+02
2.657737731933593750e+02
2.674367065429687500e+02
2.696458740234375000e+02
2.706624450683593750e+02
2.707942199707031250e+02
2.704266662597656250e+02
2.704634094238281250e+02
2.700173645019531250e+02
2.685712585449218750e+02
2.679437255859375000e+02
2.683854980468750000e+02
2.684418640136718750e+02
2.674778442382812500e+02
2.670238952636718750e+02
2.682954101562500000e+02
2.682364196777343750e+02
2.684561462402343750e+02
2.684590148925781250e+02
2.686213684082031250e+02
2.687311096191406250e+02
2.689621276855468750e+02
2.686037292480468750e+02
2.687329101562500000e+02
2.682456970214843750e+02
2.681721191406250000e+02
2.680213928222656250e+02
2.683098144531250000e+02
2.682248229980468750e+02
2.686230773925781250e+02
2.682086486816406250e+02
2.684497985839843750e+02
2.683519592285156250e+02
2.675472412109375000e+02
2.672041931152343750e+02
2.671825256347656250e+02
2.675608215332031250e+02
2.681466064453125000e+02
2.679832763671875000e+02
2.676033325195312500e+02
2.681872558593750000e+02
2.688834533691406250e+02
2.688615112304687500e+02
2.678088378906250000e+02
2.685478820800781250e+02
2.694017333984375000e+02
2.695065002441406250e+02
2.684273986816406250e+02
2.688007202148437500e+02
2.692124328613281250e+02
2.694766540527343750e+02
2.681955261230468750e+02
2.686785583496093750e+02
2.685281066894531250e+02
2.687652282714843750e+02
2.678899841308593750e+02
2.681895751953125000e+02
2.683774719238281250e+02
2.685993652343750000e+02
2.682670898437500000e+02
2.684332275390625000e+02
2.687595520019531250e+02
2.686263427734375000e+02
2.679203796386718750e+02
2.682252807617187500e+02
2.680202636718750000e+02
2.679612731933593750e+02
2.673733520507812500e+02
2.672510986328125000e+02
2.685616455078125000e+02
2.685518798828125000e+02
2.685500183105468750e+02
2.680266418457031250e+02
2.687810058593750000e+02
2.691684265136718750e+02
2.693669128417968750e+02
2.691371765136718750e+02
2.688832092285156250e+02
2.688341064453125000e+02
2.685646362304687500e+02
