2.693357543945312500e+02
2.700371093750000000e+02
2.699630737304687500e+02
2.692426147460937500e+02
2.692941589355468750e+02
2.698630371093750000e+02
2.698292236328125000e+02
2.696253967285156250e+02
2.700515136718750000e+02
2.697803344726562500e+02
2.693167724609375000e+02
2.687872009277343750e+02
2.693985900878906250e+02
2.704237670898437500e+02
2.707249755859375000e+02
2.715942382812500000e+02
2.717804870605468750e+02
2.712969055175781250e+02
2.712073364257812500e+02
2.709603271484375000e+02
2.713133544921875000e+02
2.706236267089843750e+02
2.703704223632812500e+02
2.700202026367187500e+02
2.710675354003906250e+02
2.719155578613281250e+02
2.722117309570312500e+02
2.728635253906250000e+02
2.728937377929687500e+02
2.722364501953125000e+02
2.711594238281250000e+02
2.708749694824218750e+02
2.715419311523437500e+02
2.726003112792968750e+02
2.728256530761718750e+02
2.730276794433593750e+02
2.726505126953125000e+02
2.725466613769531250e+02
2.722052307128906250e+02
2.716022338867187500e+02
2.708820800781250000e+02
2.706147766113281250e+02
2.707745971679687500e+02
2.723780517578125000e+02
2.726844787597656250e+02
2.726608276367187500e+02
2.725683593750000000e+02
2.727758483886718750e+02
2.732143554687500000e+02
2.726764221191406250e+02
2.720346069335937500e+02
2.716569213867187500e+02
2.719143676757812500e+02
2.720158691406250000e+02
2.718838806152343750e+02
2.729395751953125000e+02
2.729745788574218750e+02
2.722785949707031250e+02
2.717870178222656250e+02
2.716547851562500000e+02
2.714076538085937500e+02
2.705787353515625000e+02
2.694314270019531250e+02
2.697043151855468750e+02
2.708260498046875000e+02
2.714552612304687500e+02
2.716449890136718750e+02
2.720329589843750000e+02
2.725730285644531250e+02
2.724362182617187500e+02
2.724756469726562500e+02
2.729288635253906250e+02
2.733038940429687500e+02
2.727662048339843750e+02
2.725872802734375000e+02
2.727485961914062500e+02
2.727311401367187500e+02
2.723986206054687500e+02
2.721228027343750000e+02
2.721440124511718750e+02
2.720107727050781250e+02
2.716098022460937500e+02
2.710313110351562500e+02
2.703746643066406250e+02
2.704386901855468750e+02
2.705180969238281250e+02
2.704344787597656250e+02
2.713542175292968750e+02
2.715649414062500000e+02
2.708751831054687500e+02
2.704081420898437500e+02
2.708355102539062500e+02
2.709192810058593750e+02
2.710035705566406250e+02
2.713981323242187500e+02
2.722861938476562500e+02
2.727520751953125000e+02
2.727026367187500000e+02
2.723328857421875000e+02
2.722275695800781250e+02
2.722420959472656250e+02
2.717757568359375000e+02
2.715413818359375000e+02
2.715328674316406250e+02
2.710692443847656250e+02
2.703304748535156250e+02
2.704316406250000000e+02
2.698482666015625000e+02
2.699164733886718750e+02
2.701674804687500000e+02
2.701942138671875000e+02
2.694496459960937500e+02
2.695139465332031250e+02
2.697424926757812500e+02
2.695140686035156250e+02
2.692565307617187500e+02
2.682845764160156250e+02
2.672367553710937500e+02
2.670756835937500000e+02
2.690614929199218750e+02
2.706676025390625000e+02
2.699684448242187500e+02
2.676652221679687500e+02
2.679725036621093750e+02
2.694303588867187500e+02
2.709285278320312500e+02
2.714743652343750000e+02
2.717857055664062500e+02
2.721968078613281250e+02
2.711964721679687500e+02
2.706824951171875000e+02
2.706362609863281250e+02
2.715750732421875000e+02
2.709133605957031250e+02
2.704091186523437500e+02
2.707273864746093750e+02
2.711521606445312500e+02
2.702302246093750000e+02
2.688451843261718750e+02
2.702068481445312500e+02
2.714819030761718750e+02
2.715314636230468750e+02
2.711713562011718750e+02
2.711417541503906250e+02
2.710821228027343750e+02
2.706375122070312500e+02
2.698993835449218750e+02
2.697996215820312500e+02
2.708322753906250000e+02
2.712684631347656250e+02
2.704480895996093750e+02
2.702201843261718750e+02
2.712035217285156250e+02
2.712313537597656250e+02
2.715473327636718750e+02
2.713433837890625000e+02
2.713598022460937500e+02
2.709120483398437500e+02
2.707640380859375000e+02
2.709019775390625000e+02
2.714646301269531250e+02
2.715100708007812500e+02
2.714736633300781250e+02
2.713421020507812500e+02
2.717607727050781250e+02
2.715927429199218750e+02
2.712201232910156250e+02
2.715559997558593750e+02
2.714481506347656250e+02
2.709402465820312500e+02
2.703376770019531250e+02
2.703767700195312500e+02
2.700689392089843750e+02
2.694216003417968750e+02
2.684414672851562500e+02
2.703404235839843750e+02
2.702795715332031250e+02
2.700720214843750000e+02
2.695216674804687500e+02
2.695417175292968750e+02
2.697925109863281250e+02
2.686210632324218750e+02
2.674297180175781250e+02
2.697067565917968750e+02
2.706350097656250000e+02
2.704700927734375000e+02
2.702347412109375000e+02
2.724503479003906250e+02
2.729971313476562500e+02
2.728188781738281250e+02
2.727037048339843750e+02
2.727286682128906250e+02
2.726964721679687500e+02
2.725513305664062500e+02
2.721042785644531250e+02
2.717504882812500000e+02
2.712272644042968750e+02
2.703412780761718750e+02
2.694381713867187500e+02
2.697144470214843750e+02
2.706773681640625000e+02
2.716475524902343750e+02
2.716972351074218750e+02
2.714954833984375000e+02
2.711181945800781250e+02
2.696990051269531250e+02
2.701726074218750000e+02
2.715672912597656250e+02
2.722354431152343750e+02
2.715812683105468750e+02
2.715039672851562500e+02
2.715144958496093750e+02
2.712361145019531250e+02
2.707705688476562500e+02
2.701707153320312500e+02
2.698744812011718750e+02
2.697388916015625000e+02
2.698312988281250000e+02
2.694975280761718750e+02
2.696633911132812500e+02
2.705840454101562500e+02
2.709777221679687500e+02
2.712073669433593750e+02
2.710988769531250000e+02
2.707308959960937500e+02
2.704811401367187500e+02
2.698538208007812500e+02
2.705039978027343750e+02
2.701880187988281250e+02
2.696874084472656250e+02
2.705244750976562500e+02
2.714845886230468750e+02
2.727342224121093750e+02
2.732299499511718750e+02
2.727291259765625000e+02
2.724927062988281250e+02
2.719813537597656250e+02
2.710735473632812500e+02
2.699819030761718750e+02
2.703201293945312500e+02
2.701329956054687500e+02
2.695262451171875000e+02
2.696847229003906250e+02
2.700441284179687500e+02
2.698776245117187500e+02
2.688462829589843750e+02
2.679983520507812500e+02
2.681156921386718750e+02
2.680002136230468750e+02
2.677277221679687500e+02
2.678623352050781250e+02
2.686595458984375000e+02
2.695395812988281250e+02
2.689674377441406250e+02
2.689397277832031250e+02
2.695980224609375000e+02
2.688891296386718750e+02
2.679906311035156250e+02
2.672940063476562500e+02
2.677913208007812500e+02
2.694398193359375000e+02
2.708700866699218750e+02
2.714516601562500000e+02
2.715795288085937500e+02
2.715777893066406250e+02
2.706329956054687500e+02
2.698643798828125000e+02
2.677805175781250000e+02
2.660480346679687500e+02
2.651169433593750000e+02
2.643169250488281250e+02
2.653151550292968750e+02
2.661030578613281250e+02
2.676889953613281250e+02
2.692709960937500000e+02
2.703678588867187500e+02
2.704855957031250000e+02
2.700954589843750000e+02
2.695661010742187500e+02
2.696156921386718750e+02
2.691554870605468750e+02
2.682634582519531250e+02
2.671274719238281250e+02
2.675341186523437500e+02
2.683968200683593750e+02
2.679713439941406250e+02
2.682735595703125000e+02
2.703301391601562500e+02
2.702072143554687500e+02
2.685256652832031250e+02
2.668836669921875000e+02
2.635772705078125000e+02
2.622694396972656250e+02
2.619219665527343750e+02
2.631381835937500000e+02
2.663990478515625000e+02
2.672999267578125000e+02
2.667534484863281250e+02
2.663869323730468750e+02
2.638924255371093750e+02
2.613555908203125000e+02
2.590446777343750000e+02
2.578457641601562500e+02
2.578829956054687500e+02
2.583538513183593750e+02
2.582316589355468750e+02
2.584676818847656250e+02
2.579277954101562500e+02
2.578639221191406250e+02
2.573763732910156250e+02
2.569839477539062500e+02
2.554966888427734375e+02
2.556768035888671875e+02
2.556244506835937500e+02
2.545542144775390625e+02
2.535492095947265625e+02
2.536679534912109375e+02
2.546169891357421875e+02
2.548332519531250000e+02
2.560751647949218750e+02
2.571543579101562500e+02
2.573255615234375000e+02
2.571602172851562500e+02
2.565949401855468750e+02
2.565076293945312500e+02
2.560288391113281250e+02
2.563660278320312500e+02
2.591019287109375000e+02
2.597757263183593750e+02
2.599721984863281250e+02
2.618174438476562500e+02
2.628773498535156250e+02
2.640370788574218750e+02
2.644615783691406250e+02
2.643690795898437500e+02
2.631802673339843750e+02
2.633503417968750000e+02
2.610632629394531250e+02
2.588437805175781250e+02
2.583392333984375000e+02
2.572970581054687500e+02
2.571087341308593750e+02
2.570258789062500000e+02
2.581197204589843750e+02
2.600146789550781250e+02
2.607955017089843750e+02
2.610498352050781250e+02
2.615997009277343750e+02
2.618262023925781250e+02
2.618808288574218750e+02
2.630734863281250000e+02
2.680032958984375000e+02
2.697979125976562500e+02
2.679789123535156250e+02
2.644429016113281250e+02
2.643377685546875000e+02
2.655246582031250000e+02
2.665654907226562500e+02
2.677438354492187500e+02
2.714547424316406250e+02
2.713618469238281250e+02
2.690381774902343750e+02
2.676858825683593750e+02
2.663294982910156250e+02
2.661145935058593750e+02
2.650243835449218750e+02
2.650325012207031250e+02
2.655894470214843750e+02
2.667562255859375000e+02
2.668137207031250000e+02
2.657813110351562500e+02
2.637331542968750000e+02
2.632525939941406250e+02
2.624824218750000000e+02
2.625403442382812500e+02
2.625426025390625000e+02
2.639156799316406250e+02
2.652629699707031250e+02
2.679110412597656250e+02
2.681438598632812500e+02
2.674450683593750000e+02
2.667559204101562500e+02
2.664920959472656250e+02
2.670536499023437500e+02
2.681828002929687500e+02
2.678893432617187500e+02
2.670870361328125000e+02
2.661917419433593750e+02
2.662419128417968750e+02
2.644797668457031250e+02
2.631724243164062500e+02
2.623264465332031250e+02
2.620382690429687500e+02
2.611700134277343750e+02
2.597398986816406250e+02
2.573938903808593750e+02
2.569690856933593750e+02
2.568564147949218750e+02
2.556840667724609375e+02
2.549708251953125000e+02
2.558697967529296875e+02
2.590112304687500000e+02
2.615889587402343750e+02
2.606216735839843750e+02
2.601836242675781250e+02
2.615283508300781250e+02
2.649304504394531250e+02
2.661581420898437500e+02
2.679134521484375000e+02
2.673413696289062500e+02
2.662004089355468750e+02
2.653339233398437500e+02
2.650132141113281250e+02
2.651820373535156250e+02
2.662623901367187500e+02
2.676481018066406250e+02
2.681302490234375000e+02
2.685185546875000000e+02
2.685229797363281250e+02
2.683318176269531250e+02
2.677323913574218750e+02
2.666911010742187500e+02
2.659317016601562500e+02
2.643803100585937500e+02
2.644003601074218750e+02
2.638614807128906250e+02
2.636122436523437500e+02
2.626271667480468750e+02
2.632510375976562500e+02
2.616695556640625000e+02
2.572229919433593750e+02
2.573806152343750000e+02
2.569539794921875000e+02
2.586023864746093750e+02
2.606043090820312500e+02
2.618174438476562500e+02
2.620234985351562500e+02
2.635284729003906250e+02
2.663993835449218750e+02
2.696902160644531250e+02
2.698414001464843750e+02
2.687176208496093750e+02
2.687749938964843750e+02
2.682937011718750000e+02
2.686485290527343750e+02
2.684384460449218750e+02
2.671190185546875000e+02
2.662911071777343750e+02
2.684526672363281250e+02
2.702470703125000000e+02
2.709467163085937500e+02
2.702298889160156250e+02
2.681712951660156250e+02
2.645457763671875000e+02
2.638393554687500000e+02
2.658096923828125000e+02
2.676618652343750000e+02
2.687685241699218750e+02
2.688569030761718750e+02
2.669321594238281250e+02
2.633302917480468750e+02
2.605103454589843750e+02
2.599701232910156250e+02
2.586435546875000000e+02
2.571298522949218750e+02
2.563719787597656250e+02
2.574317321777343750e+02
2.624528198242187500e+02
2.662128295898437500e+02
2.654828796386718750e+02
2.651440124511718750e+02
2.616040344238281250e+02
2.587059020996093750e+02
2.567607727050781250e+02
2.558106536865234375e+02
2.553193054199218750e+02
2.553842010498046875e+02
2.557069244384765625e+02
2.559933624267578125e+02
2.551770172119140625e+02
2.554593811035156250e+02
2.552241363525390625e+02
2.560558166503906250e+02
2.567888488769531250e+02
2.586023254394531250e+02
2.600108337402343750e+02
2.616419677734375000e+02
2.623777160644531250e+02
2.628990478515625000e+02
2.634461059570312500e+02
2.642673645019531250e+02
2.646035461425781250e+02
2.649240112304687500e+02
2.647991333007812500e+02
2.650522155761718750e+02
2.642480468750000000e+02
2.630860595703125000e+02
2.625264587402343750e+02
2.641068420410156250e+02
2.649853820800781250e+02
2.635999145507812500e+02
2.631445007324218750e+02
2.631092529296875000e+02
2.638687744140625000e+02
2.651814270019531250e+02
2.656293334960937500e+02
2.647738952636718750e+02
2.615273132324218750e+02
2.613193359375000000e+02
2.615589294433593750e+02
2.592566223144531250e+02
2.581126098632812500e+02
2.580789794921875000e+02
2.591667785644531250e+02
2.634237976074218750e+02
2.683865966796875000e+02
2.710074157714843750e+02
2.709517822265625000e+02
2.672279357910156250e+02
2.604494018554687500e+02
2.577814331054687500e+02
2.555091857910156250e+02
2.553732757568359375e+02
2.567481079101562500e+02
2.617357788085937500e+02
2.656887817382812500e+02
2.682944641113281250e+02
2.692637939453125000e+02
2.698012695312500000e+02
2.703644104003906250e+02
2.687789916992187500e+02
2.673865356445312500e+02
2.672327575683593750e+02
2.667856140136718750e+02
2.659562683105468750e+02
2.652322387695312500e+02
2.650391845703125000e+02
2.649283752441406250e+02
2.643872985839843750e+02
2.650202026367187500e+02
2.672860107421875000e+02
2.681018676757812500e+02
2.671881713867187500e+02
2.664268188476562500e+02
2.663657836914062500e+02
2.670378723144531250e+02
2.673393249511718750e+02
2.670854492187500000e+02
2.678051757812500000e+02
2.685356140136718750e+02
2.693426818847656250e+02
2.698930664062500000e+02
2.709940185546875000e+02
2.721206665039062500e+02
2.721306762695312500e+02
2.715855407714843750e+02
2.707286071777343750e+02
2.704136962890625000e+02
2.704896545410156250e+02
2.704611206054687500e+02
2.703843078613281250e+02
2.684208374023437500e+02
2.672976379394531250e+02
2.656125488281250000e+02
2.652627258300781250e+02
2.651003417968750000e+02
2.651365356445312500e+02
2.651903381347656250e+02
2.648882141113281250e+02
2.648079223632812500e+02
2.645513610839843750e+02
2.643571166992187500e+02
2.640302429199218750e+02
2.637315063476562500e+02
2.635083618164062500e+02
2.623436584472656250e+02
2.615533447265625000e+02
2.593518066406250000e+02
2.583728027343750000e+02
2.588117675781250000e+02
2.601699218750000000e+02
2.611008911132812500e+02
2.608251647949218750e+02
2.607502441406250000e+02
2.631069335937500000e+02
2.667416992187500000e+02
2.672572937011718750e+02
2.652131958007812500e+02
2.626511230468750000e+02
2.613679199218750000e+02
2.598606567382812500e+02
2.597008361816406250e+02
2.591896667480468750e+02
2.581026000976562500e+02
2.564221191406250000e+02
2.552756347656250000e+02
2.553771514892578125e+02
2.568385009765625000e+02
2.576988525390625000e+02
2.587390441894531250e+02
2.588101501464843750e+02
2.564695129394531250e+02
2.537219238281250000e+02
2.523418121337890625e+02
2.519965209960937500e+02
2.519073638916015625e+02
2.527776489257812500e+02
2.541888580322265625e+02
2.555451507568359375e+02
2.582191162109375000e+02
2.614981689453125000e+02
2.639568786621093750e+02
2.673099670410156250e+02
2.694023132324218750e+02
2.703054199218750000e+02
2.710031738281250000e+02
2.682870178222656250e+02
2.596636047363281250e+02
2.558750457763671875e+02
2.570006408691406250e+02
2.604031066894531250e+02
2.659227905273437500e+02
2.663768920898437500e+02
2.639747009277343750e+02
2.601638488769531250e+02
2.564230651855468750e+02
2.557371520996093750e+02
2.549795227050781250e+02
2.561250915527343750e+02
2.567938537597656250e+02
2.580689697265625000e+02
2.599841613769531250e+02
2.613561401367187500e+02
2.617122802734375000e+02
2.617713012695312500e+02
2.618124694824218750e+02
2.625502319335937500e+02
2.628645324707031250e+02
2.645859680175781250e+02
2.651470642089843750e+02
2.655257873535156250e+02
2.644433593750000000e+02
2.639102478027343750e+02
2.637095336914062500e+02
2.634392395019531250e+02
2.644381103515625000e+02
2.655510559082031250e+02
2.667851867675781250e+02
2.680211486816406250e+02
2.691905212402343750e+02
2.694421997070312500e+02
2.688368225097656250e+02
2.686587219238281250e+02
2.683674011230468750e+02
2.681938476562500000e+02
2.664010314941406250e+02
2.634213867187500000e+02
2.658581542968750000e+02
2.665686340332031250e+02
2.643265686035156250e+02
2.614565124511718750e+02
2.615354614257812500e+02
2.679034423828125000e+02
2.691783447265625000e+02
2.697996520996093750e+02
2.675251159667968750e+02
2.627375488281250000e+02
2.592752380371093750e+02
2.571203613281250000e+02
2.561788940429687500e+02
2.550535125732421875e+02
2.543570404052734375e+02
2.530844573974609375e+02
2.519814147949218750e+02
2.512087097167968750e+02
2.514410400390625000e+02
2.526703186035156250e+02
2.569956054687500000e+02
2.614379272460937500e+02
2.618129882812500000e+02
2.634706726074218750e+02
2.661655273437500000e+02
2.663230285644531250e+02
2.640099182128906250e+02
2.599904479980468750e+02
2.584473571777343750e+02
2.567398681640625000e+02
2.556712188720703125e+02
2.549689941406250000e+02
2.539784851074218750e+02
2.524902191162109375e+02
2.518874664306640625e+02
2.514644622802734375e+02
2.495801696777343750e+02
2.495771484375000000e+02
2.502257080078125000e+02
2.515653839111328125e+02
2.536599884033203125e+02
2.558486328125000000e+02
2.567066955566406250e+02
2.564551391601562500e+02
2.547127227783203125e+02
2.537142333984375000e+02
2.532004241943359375e+02
2.531596221923828125e+02
2.532710723876953125e+02
2.522247314453125000e+02
2.510372314453125000e+02
2.504883270263671875e+02
2.490834655761718750e+02
2.485813751220703125e+02
2.481828613281250000e+02
2.481186981201171875e+02
2.482519378662109375e+02
2.484030303955078125e+02
2.502993621826171875e+02
2.522092590332031250e+02
2.522915954589843750e+02
2.517867889404296875e+02
2.518984527587890625e+02
2.524045715332031250e+02
2.556087646484375000e+02
2.571992492675781250e+02
2.589027709960937500e+02
2.600573120117187500e+02
2.604850158691406250e+02
2.599686279296875000e+02
2.580146179199218750e+02
2.565179138183593750e+02
2.550180053710937500e+02
2.538189392089843750e+02
2.526067352294921875e+02
2.516814727783203125e+02
2.517558441162109375e+02
2.509795989990234375e+02
2.508212280273437500e+02
2.499499359130859375e+02
2.503729858398437500e+02
2.517394104003906250e+02
2.530918884277343750e+02
2.523678436279296875e+02
2.516109924316406250e+02
2.532508392333984375e+02
2.538398437500000000e+02
2.557183227539062500e+02
2.542574462890625000e+02
2.528350524902343750e+02
2.520118255615234375e+02
2.515578002929687500e+02
2.516383819580078125e+02
2.521556854248046875e+02
2.544846496582031250e+02
2.569946594238281250e+02
2.558271636962890625e+02
2.568796081542968750e+02
2.580486145019531250e+02
2.568734741210937500e+02
2.564856872558593750e+02
2.564683532714843750e+02
2.521927490234375000e+02
2.483883056640625000e+02
2.467855529785156250e+02
2.470311431884765625e+02
2.489144744873046875e+02
2.511726226806640625e+02
2.532237396240234375e+02
2.548506469726562500e+02
2.574511108398437500e+02
2.600963439941406250e+02
2.599523315429687500e+02
2.612942810058593750e+02
2.619557495117187500e+02
2.619809570312500000e+02
2.619681396484375000e+02
2.617045898437500000e+02
2.615164794921875000e+02
2.627563171386718750e+02
2.649790344238281250e+02
2.673115844726562500e+02
2.669132690429687500e+02
2.667664184570312500e+02
2.670755920410156250e+02
2.668584594726562500e+02
2.660968933105468750e+02
2.653827819824218750e+02
2.651529541015625000e+02
2.648050231933593750e+02
2.644364624023437500e+02
2.641126098632812500e+02
2.634209289550781250e+02
2.629601135253906250e+02
2.625677490234375000e+02
2.618185729980468750e+02
2.592285156250000000e+02
2.558350982666015625e+02
2.528951416015625000e+02
2.514516296386718750e+02
2.506009216308593750e+02
2.506149139404296875e+02
2.521639709472656250e+02
2.534209442138671875e+02
2.530721588134765625e+02
2.518248748779296875e+02
2.525889587402343750e+02
2.514237670898437500e+02
2.508964996337890625e+02
2.524783325195312500e+02
2.542360992431640625e+02
2.551968078613281250e+02
2.559189758300781250e+02
2.558690490722656250e+02
2.544969177246093750e+02
2.532502593994140625e+02
2.514306182861328125e+02
2.500812530517578125e+02
2.480549774169921875e+02
2.472964019775390625e+02
2.467117156982421875e+02
2.465957336425781250e+02
2.469292144775390625e+02
2.485322113037109375e+02
2.509037780761718750e+02
2.521434936523437500e+02
2.503728942871093750e+02
2.494754333496093750e+02
2.479447479248046875e+02
2.464200286865234375e+02
2.456085815429687500e+02
2.454478759765625000e+02
2.448936004638671875e+02
2.444653015136718750e+02
2.445675201416015625e+02
2.457627105712890625e+02
2.465490112304687500e+02
2.472691345214843750e+02
2.466832733154296875e+02
2.442152404785156250e+02
2.438764953613281250e+02
2.439627532958984375e+02
2.424534606933593750e+02
2.412478179931640625e+02
2.408165130615234375e+02
2.413990020751953125e+02
2.445344390869140625e+02
2.453688049316406250e+02
2.453048400878906250e+02
2.462057189941406250e+02
2.490493621826171875e+02
2.519715270996093750e+02
2.549178771972656250e+02
2.573633728027343750e+02
2.591824035644531250e+02
2.590279541015625000e+02
2.606848449707031250e+02
2.648576049804687500e+02
2.634232177734375000e+02
2.619853820800781250e+02
2.637238769531250000e+02
2.595187988281250000e+02
2.649804077148437500e+02
2.646487426757812500e+02
2.531511077880859375e+02
2.501501312255859375e+02
2.506476287841796875e+02
2.505056610107421875e+02
2.494601593017578125e+02
2.492632141113281250e+02
2.487235260009765625e+02
2.500118408203125000e+02
2.521552581787109375e+02
2.535041503906250000e+02
2.548849334716796875e+02
2.538304748535156250e+02
2.515838775634765625e+02
2.477646179199218750e+02
2.474240570068359375e+02
2.520938415527343750e+02
2.566659851074218750e+02
2.518630828857421875e+02
2.508153228759765625e+02
2.524812469482421875e+02
2.589786376953125000e+02
2.550858154296875000e+02
2.535356292724609375e+02
2.503642730712890625e+02
2.481773986816406250e+02
2.474808807373046875e+02
2.497048797607421875e+02
2.558026275634765625e+02
2.583211669921875000e+02
2.566808166503906250e+02
2.536356964111328125e+02
2.520528869628906250e+02
2.491946716308593750e+02
2.474387512207031250e+02
2.459750213623046875e+02
2.453017425537109375e+02
2.445885009765625000e+02
2.437559661865234375e+02
2.439842224121093750e+02
2.442171783447265625e+02
2.440309143066406250e+02
2.437001342773437500e+02
2.433248596191406250e+02
2.431051940917968750e+02
2.431740722656250000e+02
2.441741485595703125e+02
2.469809112548828125e+02
2.499435882568359375e+02
2.500386199951171875e+02
2.489717254638671875e+02
2.501301727294921875e+02
2.498525390625000000e+02
2.497557373046875000e+02
2.517501831054687500e+02
2.549444427490234375e+02
2.562811584472656250e+02
2.561105346679687500e+02
2.607431030273437500e+02
2.595679626464843750e+02
2.564847717285156250e+02
2.550719451904296875e+02
2.533731079101562500e+02
2.525883331298828125e+02
2.549063415527343750e+02
2.552792053222656250e+02
2.528395538330078125e+02
2.522016143798828125e+02
2.505807342529296875e+02
2.482934417724609375e+02
2.469173583984375000e+02
2.459642028808593750e+02
2.452452392578125000e+02
2.444489440917968750e+02
2.441749725341796875e+02
2.430946807861328125e+02
2.426018371582031250e+02
2.424526977539062500e+02
2.424295196533203125e+02
2.411150970458984375e+02
2.412814025878906250e+02
2.407384796142578125e+02
2.407030029296875000e+02
2.411942901611328125e+02
2.420628967285156250e+02
2.423362731933593750e+02
2.432704162597656250e+02
2.487865447998046875e+02
2.489045410156250000e+02
2.468337097167968750e+02
2.461162109375000000e+02
2.455070343017578125e+02
2.463256683349609375e+02
2.482758636474609375e+02
2.482561798095703125e+02
2.454400482177734375e+02
2.445405731201171875e+02
2.451676940917968750e+02
2.457340393066406250e+02
2.469351348876953125e+02
2.504591369628906250e+02
2.502521820068359375e+02
2.539895935058593750e+02
2.568267517089843750e+02
2.613907470703125000e+02
2.641568298339843750e+02
2.645627136230468750e+02
2.659292907714843750e+02
2.664302978515625000e+02
2.679786987304687500e+02
2.678379821777343750e+02
2.648080444335937500e+02
2.595070800781250000e+02
2.629668884277343750e+02
2.668980102539062500e+02
2.660904235839843750e+02
2.637024230957031250e+02
2.601017761230468750e+02
2.535733489990234375e+02
2.504441986083984375e+02
2.500106048583984375e+02
2.515083618164062500e+02
2.516886749267578125e+02
2.518656158447265625e+02
2.497547149658203125e+02
2.481694793701171875e+02
2.478863525390625000e+02
2.481611022949218750e+02
2.492907714843750000e+02
2.501804656982421875e+02
2.530223693847656250e+02
2.564163818359375000e+02
2.568976440429687500e+02
2.556163330078125000e+02
2.562620239257812500e+02
2.569238891601562500e+02
2.573527221679687500e+02
2.573082885742187500e+02
2.559841156005859375e+02
2.547329406738281250e+02
2.535599060058593750e+02
2.513471984863281250e+02
2.501392059326171875e+02
2.495502777099609375e+02
2.496934814453125000e+02
2.499018707275390625e+02
2.497076263427734375e+02
2.509544067382812500e+02
2.521249542236328125e+02
2.504137573242187500e+02
2.483088378906250000e+02
2.472039489746093750e+02
2.471457672119140625e+02
2.464808654785156250e+02
2.483979949951171875e+02
2.518878021240234375e+02
2.517768707275390625e+02
2.509936676025390625e+02
2.502088623046875000e+02
2.494373931884765625e+02
2.488720397949218750e+02
2.476176605224609375e+02
2.470711517333984375e+02
2.482437591552734375e+02
2.491335296630859375e+02
2.490502014160156250e+02
2.482029571533203125e+02
2.478418426513671875e+02
2.483141784667968750e+02
2.474645385742187500e+02
2.472889251708984375e+02
2.487393646240234375e+02
2.518188323974609375e+02
2.536550750732421875e+02
2.583250732421875000e+02
2.618341369628906250e+02
2.613193664550781250e+02
2.591956176757812500e+02
2.574353942871093750e+02
2.568895568847656250e+02
2.587014160156250000e+02
2.632094421386718750e+02
2.646689147949218750e+02
2.650926208496093750e+02
2.644381408691406250e+02
2.657695922851562500e+02
2.661002807617187500e+02
2.661195373535156250e+02
2.654330139160156250e+02
2.642955017089843750e+02
2.638419799804687500e+02
2.642359313964843750e+02
2.654063110351562500e+02
2.655980224609375000e+02
2.654920349121093750e+02
2.636520080566406250e+02
2.605557250976562500e+02
2.583177795410156250e+02
2.622103576660156250e+02
2.636753540039062500e+02
2.636131896972656250e+02
2.648714294433593750e+02
2.652433471679687500e+02
2.566149902343750000e+02
2.553464813232421875e+02
2.561372070312500000e+02
2.616137695312500000e+02
2.675114746093750000e+02
2.675095214843750000e+02
2.687549438476562500e+02
2.706949157714843750e+02
2.704736022949218750e+02
2.660043334960937500e+02
2.612182617187500000e+02
2.597137451171875000e+02
2.629974060058593750e+02
2.672168579101562500e+02
2.675972900390625000e+02
2.684003906250000000e+02
2.696929931640625000e+02
2.706155700683593750e+02
2.711739807128906250e+02
2.670195007324218750e+02
2.624917297363281250e+02
2.649401855468750000e+02
2.646558837890625000e+02
2.660776977539062500e+02
2.671642456054687500e+02
2.681746215820312500e+02
2.672011413574218750e+02
2.588198547363281250e+02
2.564151611328125000e+02
2.550593261718750000e+02
2.513677825927734375e+02
2.498229522705078125e+02
2.524747314453125000e+02
2.538832702636718750e+02
2.561687011718750000e+02
2.584646301269531250e+02
2.619198303222656250e+02
2.602777404785156250e+02
2.530361938476562500e+02
2.513407592773437500e+02
2.509101257324218750e+02
2.508640747070312500e+02
2.523133544921875000e+02
2.553540802001953125e+02
2.602765502929687500e+02
2.623360595703125000e+02
2.616034240722656250e+02
2.606956481933593750e+02
2.616134948730468750e+02
2.647909851074218750e+02
2.638119506835937500e+02
2.597951354980468750e+02
2.586466979980468750e+02
2.569379882812500000e+02
2.538099517822265625e+02
2.527270050048828125e+02
2.558549957275390625e+02
2.584816589355468750e+02
2.586078491210937500e+02
2.570264587402343750e+02
2.542625732421875000e+02
2.513990783691406250e+02
2.487060699462890625e+02
2.489079589843750000e+02
2.510399322509765625e+02
2.532610626220703125e+02
2.541267547607421875e+02
2.559860534667968750e+02
2.581806945800781250e+02
2.598139648437500000e+02
2.601922607421875000e+02
2.590888061523437500e+02
2.570361328125000000e+02
2.572672729492187500e+02
2.553191680908203125e+02
2.564307861328125000e+02
2.578182373046875000e+02
2.596669311523437500e+02
2.600396423339843750e+02
2.611666259765625000e+02
2.624433593750000000e+02
2.628574218750000000e+02
2.610232238769531250e+02
2.583193969726562500e+02
2.588699340820312500e+02
2.596176452636718750e+02
2.593635253906250000e+02
2.611499633789062500e+02
2.631741638183593750e+02
2.635427246093750000e+02
2.639530029296875000e+02
2.637906188964843750e+02
2.634239807128906250e+02
2.646672973632812500e+02
2.653976440429687500e+02
2.650265197753906250e+02
2.644531860351562500e+02
2.646499023437500000e+02
2.650243225097656250e+02
2.641607055664062500e+02
2.640361022949218750e+02
2.648224792480468750e+02
2.644836425781250000e+02
2.632033691406250000e+02
2.618798217773437500e+02
2.608592224121093750e+02
2.577746276855468750e+02
2.565438537597656250e+02
2.557761077880859375e+02
2.562039794921875000e+02
2.559048614501953125e+02
2.552051391601562500e+02
2.570729370117187500e+02
2.602496032714843750e+02
2.629037780761718750e+02
2.648727111816406250e+02
2.663613281250000000e+02
2.673627624511718750e+02
2.670912475585937500e+02
2.686384887695312500e+02
2.669082336425781250e+02
2.659078979492187500e+02
2.653805847167968750e+02
2.648404541015625000e+02
2.649515991210937500e+02
2.649841613769531250e+02
2.644749755859375000e+02
2.642969970703125000e+02
2.643538818359375000e+02
2.633200683593750000e+02
2.615526733398437500e+02
2.620585632324218750e+02
2.644674377441406250e+02
2.656474914550781250e+02
2.649735412597656250e+02
2.646324462890625000e+02
2.651486206054687500e+02
2.660629577636718750e+02
2.656927795410156250e+02
2.653276672363281250e+02
2.658966064453125000e+02
2.649142456054687500e+02
2.631208496093750000e+02
2.624883422851562500e+02
2.648386230468750000e+02
2.674837036132812500e+02
2.702287597656250000e+02
2.706222839355468750e+02
2.713646545410156250e+02
2.707516784667968750e+02
2.706036987304687500e+02
2.703260498046875000e+02
2.695618591308593750e+02
2.696568603515625000e+02
2.701250610351562500e+02
2.697077026367187500e+02
2.702075500488281250e+02
2.703462219238281250e+02
2.686174316406250000e+02
2.680840148925781250e+02
2.689013061523437500e+02
2.688086242675781250e+02
2.666655273437500000e+02
2.652985229492187500e+02
2.647953796386718750e+02
2.652289123535156250e+02
2.648474731445312500e+02
2.646582031250000000e+02
2.641131286621093750e+02
2.629592285156250000e+02
2.621471862792968750e+02
2.612832641601562500e+02
2.610877380371093750e+02
2.613821716308593750e+02
2.616278076171875000e+02
2.628384704589843750e+02
2.645516357421875000e+02
2.667450866699218750e+02
2.666421203613281250e+02
2.658593139648437500e+02
2.651939697265625000e+02
2.652184448242187500e+02
2.644014587402343750e+02
2.639328308105468750e+02
2.641547851562500000e+02
2.649574279785156250e+02
2.641309204101562500e+02
2.641385803222656250e+02
2.638348693847656250e+02
2.629300842285156250e+02
2.602673034667968750e+02
2.594966125488281250e+02
2.626364135742187500e+02
2.637538757324218750e+02
2.614622192382812500e+02
2.608335876464843750e+02
2.610940856933593750e+02
2.616997375488281250e+02
2.597404174804687500e+02
2.585586547851562500e+02
2.607517700195312500e+02
2.646359558105468750e+02
2.669937744140625000e+02
2.703196411132812500e+02
2.702183837890625000e+02
2.692709045410156250e+02
2.692710266113281250e+02
2.688637390136718750e+02
2.681882629394531250e+02
2.679464721679687500e+02
2.659609680175781250e+02
2.646824340820312500e+02
2.674583129882812500e+02
2.692944946289062500e+02
2.686607360839843750e+02
2.673084106445312500e+02
2.669709777832031250e+02
2.666479492187500000e+02
2.666273498535156250e+02
2.662324829101562500e+02
2.659837646484375000e+02
2.652764282226562500e+02
2.646218261718750000e+02
2.644127197265625000e+02
2.646138916015625000e+02
2.649720458984375000e+02
2.645784301757812500e+02
2.641432495117187500e+02
2.643009643554687500e+02
2.653929138183593750e+02
2.642870178222656250e+02
2.628807678222656250e+02
2.625083312988281250e+02
2.618282470703125000e+02
2.607546386718750000e+02
2.595707397460937500e+02
2.597665100097656250e+02
2.596184082031250000e+02
2.596789550781250000e+02
2.595349426269531250e+02
2.593643798828125000e+02
2.587681274414062500e+02
2.588707580566406250e+02
2.588644714355468750e+02
2.586491088867187500e+02
2.581882934570312500e+02
2.582161254882812500e+02
2.582646179199218750e+02
2.587093200683593750e+02
2.585537719726562500e+02
2.587129211425781250e+02
2.584507141113281250e+02
2.599591674804687500e+02
2.610798339843750000e+02
2.630422363281250000e+02
2.665724182128906250e+02
2.679942932128906250e+02
2.660523681640625000e+02
2.633620605468750000e+02
2.635045776367187500e+02
2.659174499511718750e+02
2.686806945800781250e+02
2.702381286621093750e+02
2.704129943847656250e+02
2.711974487304687500e+02
2.688154296875000000e+02
2.652677917480468750e+02
2.646493225097656250e+02
2.638622741699218750e+02
2.626880187988281250e+02
2.623460388183593750e+02
2.616452026367187500e+02
2.630737609863281250e+02
2.648413085937500000e+02
2.671522216796875000e+02
2.674631958007812500e+02
2.670122070312500000e+02
2.652767333984375000e+02
2.651588439941406250e+02
2.649087829589843750e+02
2.656411132812500000e+02
2.659247436523437500e+02
2.652669372558593750e+02
2.638483886718750000e+02
2.639681396484375000e+02
2.638953247070312500e+02
2.650340576171875000e+02
2.651385498046875000e+02
2.649783325195312500e+02
2.650231933593750000e+02
2.665574035644531250e+02
2.660177612304687500e+02
2.667841491699218750e+02
2.664002075195312500e+02
2.666864013671875000e+02
2.660192871093750000e+02
2.668698425292968750e+02
2.659555053710937500e+02
2.664533081054687500e+02
2.667512817382812500e+02
2.679248352050781250e+02
2.685422668457031250e+02
2.680892333984375000e+02
2.676936340332031250e+02
2.674514160156250000e+02
2.674696044921875000e+02
2.660648498535156250e+02
2.649775390625000000e+02
2.647123413085937500e+02
2.651564636230468750e+02
2.657307739257812500e+02
2.652965393066406250e+02
2.661783447265625000e+02
2.661146545410156250e+02
2.651272277832031250e+02
2.646465148925781250e+02
2.643328247070312500e+02
2.641854553222656250e+02
2.639929504394531250e+02
2.641536560058593750e+02
2.642693481445312500e+02
2.654792480468750000e+02
2.670411376953125000e+02
2.680514526367187500e+02
2.694983825683593750e+02
2.708926391601562500e+02
2.705962829589843750e+02
2.703659973144531250e+02
2.714082946777343750e+02
2.718981018066406250e+02
2.714216613769531250e+02
2.707830810546875000e+02
2.712451477050781250e+02
2.717251281738281250e+02
2.711856079101562500e+02
2.702080993652343750e+02
2.694698486328125000e+02
2.689943237304687500e+02
2.685310058593750000e+02
2.679378051757812500e+02
2.678348693847656250e+02
2.683690185546875000e+02
2.687558288574218750e+02
2.687743225097656250e+02
2.687070617675781250e+02
2.693857727050781250e+02
2.690463562011718750e+02
2.685041503906250000e+02
2.706532592773437500e+02
2.717016906738281250e+02
2.702818603515625000e+02
2.692832641601562500e+02
2.710981750488281250e+02
2.714964599609375000e+02
2.698386840820312500e+02
2.688208312988281250e+02
2.706601257324218750e+02
2.708708801269531250e+02
2.701292724609375000e+02
2.692141113281250000e+02
2.712951965332031250e+02
2.715598754882812500e+02
2.709078674316406250e+02
2.701263427734375000e+02
2.708552856445312500e+02
2.729766845703125000e+02
2.734804687500000000e+02
2.732670593261718750e+02
2.737073669433593750e+02
2.733674926757812500e+02
2.728366088867187500e+02
2.723402099609375000e+02
2.725171813964843750e+02
2.719957275390625000e+02
2.707294921875000000e+02
2.703340759277343750e+02
2.686445617675781250e+02
2.687665710449218750e+02
2.693506774902343750e+02
2.699665832519531250e+02
2.697195739746093750e+02
2.714929199218750000e+02
2.722426452636718750e+02
2.721394653320312500e+02
2.721421813964843750e+02
2.722692260742187500e+02
2.712733154296875000e+02
2.704899902343750000e+02
2.708072509765625000e+02
2.713809509277343750e+02
2.714989929199218750e+02
2.712386474609375000e+02
2.694155273437500000e+02
2.690151672363281250e+02
2.696073608398437500e+02
2.694251708984375000e+02
2.693047485351562500e+02
