2.696044921875000000e+02
2.695605163574218750e+02
2.692220764160156250e+02
2.688716735839843750e+02
2.693305664062500000e+02
2.698253173828125000e+02
2.696033020019531250e+02
2.695843811035156250e+02
2.693339843750000000e+02
2.691563720703125000e+02
2.692102050781250000e+02
2.694688110351562500e+02
2.688589172363281250e+02
2.672248840332031250e+02
2.650163574218750000e+02
2.658190612792968750e+02
2.677278137207031250e+02
2.688776855468750000e+02
2.698011169433593750e+02
2.705109558105468750e+02
2.703113403320312500e+02
2.702818298339843750e+02
2.700911560058593750e+02
2.701761779785156250e+02
2.707660522460937500e+02
2.701715698242187500e+02
2.700486755371093750e+02
2.703277587890625000e+02
2.703130187988281250e+02
2.697750854492187500e+02
2.692047119140625000e+02
2.673398742675781250e+02
2.666484985351562500e+02
2.679066162109375000e+02
2.680775146484375000e+02
2.674678344726562500e+02
2.685101013183593750e+02
2.700972900390625000e+02
2.711676330566406250e+02
2.723871154785156250e+02
2.713959960937500000e+02
2.697437438964843750e+02
2.697281494140625000e+02
2.701403198242187500e+02
2.700890808105468750e+02
2.701230468750000000e+02
2.703798828125000000e+02
2.714204101562500000e+02
2.726804504394531250e+02
2.725971374511718750e+02
2.727695922851562500e+02
2.726887207031250000e+02
2.730799560546875000e+02
2.730606079101562500e+02
2.727449340820312500e+02
2.730542907714843750e+02
2.731028137207031250e+02
2.729589843750000000e+02
2.727146301269531250e+02
2.727229003906250000e+02
2.723862609863281250e+02
2.719300537109375000e+02
2.717198181152343750e+02
2.718669433593750000e+02
2.721331176757812500e+02
2.723970947265625000e+02
2.725545654296875000e+02
2.731547851562500000e+02
2.733828735351562500e+02
2.728361206054687500e+02
2.727868041992187500e+02
2.728540344238281250e+02
2.731168518066406250e+02
2.727256774902343750e+02
2.723762207031250000e+02
2.722017517089843750e+02
2.711791687011718750e+02
2.693380432128906250e+02
2.688523254394531250e+02
2.697515563964843750e+02
2.701550598144531250e+02
2.710841064453125000e+02
2.710894470214843750e+02
2.709183349609375000e+02
2.710764160156250000e+02
2.709587707519531250e+02
2.705427856445312500e+02
2.692429504394531250e+02
2.690325317382812500e+02
2.699915161132812500e+02
2.697904052734375000e+02
2.699203186035156250e+02
2.700120849609375000e+02
2.703585205078125000e+02
2.694754943847656250e+02
2.718153991699218750e+02
2.723025207519531250e+02
2.718238830566406250e+02
2.712807922363281250e+02
2.726846008300781250e+02
2.730196228027343750e+02
2.725551452636718750e+02
2.724442749023437500e+02
2.729645996093750000e+02
2.733283386230468750e+02
2.723243713378906250e+02
2.722542724609375000e+02
2.725552673339843750e+02
2.722233276367187500e+02
2.715942382812500000e+02
2.714107360839843750e+02
2.711896972656250000e+02
2.721121215820312500e+02
2.721057739257812500e+02
2.718597717285156250e+02
2.720052490234375000e+02
2.717411804199218750e+02
2.702133789062500000e+02
2.698500976562500000e+02
2.725846862792968750e+02
2.732409057617187500e+02
2.721808471679687500e+02
2.714857482910156250e+02
2.713977355957031250e+02
2.718050842285156250e+02
2.710180969238281250e+02
2.704352416992187500e+02
2.713771667480468750e+02
2.714461669921875000e+02
2.716141662597656250e+02
2.718250122070312500e+02
2.723007507324218750e+02
2.727536926269531250e+02
2.720297546386718750e+02
2.714944458007812500e+02
2.717645874023437500e+02
2.721599426269531250e+02
2.723166198730468750e+02
2.724032287597656250e+02
2.721147766113281250e+02
2.721194152832031250e+02
2.720961914062500000e+02
2.702725524902343750e+02
2.708340148925781250e+02
2.724286499023437500e+02
2.726226196289062500e+02
2.725981750488281250e+02
2.728229980468750000e+02
2.726690673828125000e+02
2.717914428710937500e+02
2.710181884765625000e+02
2.712903747558593750e+02
2.715162353515625000e+02
2.709615173339843750e+02
2.706944885253906250e+02
2.709027099609375000e+02
2.706265869140625000e+02
2.704584350585937500e+02
2.704039001464843750e+02
2.705042114257812500e+02
2.712625122070312500e+02
2.713032531738281250e+02
2.704454345703125000e+02
2.703464355468750000e+02
2.702195129394531250e+02
2.698661193847656250e+02
2.699788513183593750e+02
2.714646911621093750e+02
2.721695556640625000e+02
2.716412048339843750e+02
2.712962036132812500e+02
2.718531799316406250e+02
2.709645080566406250e+02
2.700678405761718750e+02
2.695194091796875000e+02
2.693174743652343750e+02
2.707519531250000000e+02
2.701463623046875000e+02
2.706742858886718750e+02
2.721645507812500000e+02
2.727777404785156250e+02
2.727185974121093750e+02
2.728452453613281250e+02
2.731760253906250000e+02
2.732679138183593750e+02
2.727614746093750000e+02
2.725902709960937500e+02
2.729061279296875000e+02
2.729191894531250000e+02
2.725563354492187500e+02
2.719640502929687500e+02
2.707317504882812500e+02
2.704476623535156250e+02
2.693160400390625000e+02
2.684145507812500000e+02
2.696567687988281250e+02
2.699641113281250000e+02
2.696010437011718750e+02
2.692436218261718750e+02
2.700553283691406250e+02
2.701860351562500000e+02
2.710752258300781250e+02
2.708569030761718750e+02
2.710514526367187500e+02
2.710006408691406250e+02
2.709788208007812500e+02
2.705063781738281250e+02
2.709895629882812500e+02
2.708312683105468750e+02
2.709138488769531250e+02
2.710156860351562500e+02
2.707648620605468750e+02
2.693562316894531250e+02
2.674464721679687500e+02
2.658995971679687500e+02
2.675966796875000000e+02
2.697757873535156250e+02
2.703977661132812500e+02
2.702695617675781250e+02
2.698860473632812500e+02
2.698605346679687500e+02
2.704974365234375000e+02
2.697679443359375000e+02
2.690115356445312500e+02
2.682604370117187500e+02
2.677783203125000000e+02
2.675718383789062500e+02
2.672881164550781250e+02
2.668895568847656250e+02
2.674567871093750000e+02
2.683545532226562500e+02
2.688556518554687500e+02
2.695218505859375000e+02
2.705395202636718750e+02
2.689544372558593750e+02
2.684900512695312500e+02
2.677493591308593750e+02
2.683541870117187500e+02
2.658187561035156250e+02
2.643510742187500000e+02
2.633703613281250000e+02
2.640777893066406250e+02
2.646436462402343750e+02
2.643340454101562500e+02
2.638057556152343750e+02
2.640848999023437500e+02
2.642816772460937500e+02
2.631647949218750000e+02
2.633419494628906250e+02
2.628456115722656250e+02
2.628327026367187500e+02
2.622501220703125000e+02
2.620655517578125000e+02
2.638259887695312500e+02
2.643931579589843750e+02
2.630802612304687500e+02
2.624214782714843750e+02
2.622918701171875000e+02
2.679120788574218750e+02
2.706590881347656250e+02
2.702366027832031250e+02
2.701205139160156250e+02
2.699366455078125000e+02
2.704852905273437500e+02
2.703685607910156250e+02
2.716184082031250000e+02
2.709746704101562500e+02
2.713891296386718750e+02
2.698902587890625000e+02
2.706568603515625000e+02
2.691083984375000000e+02
2.678867492675781250e+02
2.684755554199218750e+02
2.700584411621093750e+02
2.693817443847656250e+02
2.700924987792968750e+02
2.721775207519531250e+02
2.720833435058593750e+02
2.715261535644531250e+02
2.700380249023437500e+02
2.690025329589843750e+02
2.685968933105468750e+02
2.682647094726562500e+02
2.697036437988281250e+02
2.709170532226562500e+02
2.719584960937500000e+02
2.717201843261718750e+02
2.712965698242187500e+02
2.693951110839843750e+02
2.681721191406250000e+02
2.673031005859375000e+02
2.659327392578125000e+02
2.664816589355468750e+02
2.675282592773437500e+02
2.691165161132812500e+02
2.704219360351562500e+02
2.713122558593750000e+02
2.708233337402343750e+02
2.708820190429687500e+02
2.708974914550781250e+02
2.713447875976562500e+02
2.713137207031250000e+02
2.705958862304687500e+02
2.693629150390625000e+02
2.692943115234375000e+02
2.699031066894531250e+02
2.694641113281250000e+02
2.693569641113281250e+02
2.690664367675781250e+02
2.695216369628906250e+02
2.694982604980468750e+02
2.695771179199218750e+02
2.694210510253906250e+02
2.695716552734375000e+02
2.681598510742187500e+02
2.693401794433593750e+02
2.707351684570312500e+02
2.714250183105468750e+02
2.716796569824218750e+02
2.711947937011718750e+02
2.711754760742187500e+02
2.706341552734375000e+02
2.684537963867187500e+02
2.633309936523437500e+02
2.599987182617187500e+02
2.573588256835937500e+02
2.584084472656250000e+02
2.571231384277343750e+02
2.570112915039062500e+02
2.546769866943359375e+02
2.545064544677734375e+02
2.542699737548828125e+02
2.556849060058593750e+02
2.571832580566406250e+02
2.619016723632812500e+02
2.645343017578125000e+02
2.653833923339843750e+02
2.634937133789062500e+02
2.633786010742187500e+02
2.632045593261718750e+02
2.640825500488281250e+02
2.650998229980468750e+02
2.660643005371093750e+02
2.667167663574218750e+02
2.662883300781250000e+02
2.649607238769531250e+02
2.637246093750000000e+02
2.630087585449218750e+02
2.636235656738281250e+02
2.639817504882812500e+02
2.645141601562500000e+02
2.656075744628906250e+02
2.666117553710937500e+02
2.672756347656250000e+02
2.684609985351562500e+02
2.700192871093750000e+02
2.705739135742187500e+02
2.703008117675781250e+02
2.700621032714843750e+02
2.700726013183593750e+02
2.702500305175781250e+02
2.693723754882812500e+02
2.691585083007812500e+02
2.688024291992187500e+02
2.684914550781250000e+02
2.677882995605468750e+02
2.670049743652343750e+02
2.663031005859375000e+02
2.672765197753906250e+02
2.680738220214843750e+02
2.676784973144531250e+02
2.675369873046875000e+02
2.669720764160156250e+02
2.668686828613281250e+02
2.660917358398437500e+02
2.658895874023437500e+02
2.651382446289062500e+02
2.645610656738281250e+02
2.633391418457031250e+02
2.621651611328125000e+02
2.616309814453125000e+02
2.610956726074218750e+02
2.613959960937500000e+02
2.627881164550781250e+02
2.633908996582031250e+02
2.635948791503906250e+02
2.632218017578125000e+02
2.629585266113281250e+02
2.623143310546875000e+02
2.613313903808593750e+02
2.600255432128906250e+02
2.597324523925781250e+02
2.598708801269531250e+02
2.598652648925781250e+02
2.607505798339843750e+02
2.617757873535156250e+02
2.624856567382812500e+02
2.618876342773437500e+02
2.620931396484375000e+02
2.619890747070312500e+02
2.616206665039062500e+02
2.600042724609375000e+02
2.586002807617187500e+02
2.562493591308593750e+02
2.551108245849609375e+02
2.535507812500000000e+02
2.534589996337890625e+02
2.551835327148437500e+02
2.574441223144531250e+02
2.580892944335937500e+02
2.564956359863281250e+02
2.553566284179687500e+02
2.551988220214843750e+02
2.549769439697265625e+02
2.550583038330078125e+02
2.544820404052734375e+02
2.546396942138671875e+02
2.548089599609375000e+02
2.552148590087890625e+02
2.551873474121093750e+02
2.561243896484375000e+02
2.566462707519531250e+02
2.583503723144531250e+02
2.590749816894531250e+02
2.610140075683593750e+02
2.632608642578125000e+02
2.650613098144531250e+02
2.645248413085937500e+02
2.648743286132812500e+02
2.623877258300781250e+02
2.622820739746093750e+02
2.614928588867187500e+02
2.604407958984375000e+02
2.566410522460937500e+02
2.556657104492187500e+02
2.553102722167968750e+02
2.563769226074218750e+02
2.566093444824218750e+02
2.569806518554687500e+02
2.579147949218750000e+02
2.583428955078125000e+02
2.569827575683593750e+02
2.565988159179687500e+02
2.562885131835937500e+02
2.560417785644531250e+02
2.552185974121093750e+02
2.571634826660156250e+02
2.600624694824218750e+02
2.653524475097656250e+02
2.694004821777343750e+02
2.700985107421875000e+02
2.688312377929687500e+02
2.680662841796875000e+02
2.688306884765625000e+02
2.696304626464843750e+02
2.703107299804687500e+02
2.699233703613281250e+02
2.684014892578125000e+02
2.658815917968750000e+02
2.635891113281250000e+02
2.638446960449218750e+02
2.621206970214843750e+02
2.606785278320312500e+02
2.590402221679687500e+02
2.577481994628906250e+02
2.570205993652343750e+02
2.566765136718750000e+02
2.561322021484375000e+02
2.575285949707031250e+02
2.609584350585937500e+02
2.648034057617187500e+02
2.644770812988281250e+02
2.602746582031250000e+02
2.564588928222656250e+02
2.555760345458984375e+02
2.574196166992187500e+02
2.623438110351562500e+02
2.643210449218750000e+02
2.648932800292968750e+02
2.641624145507812500e+02
2.648115844726562500e+02
2.662429809570312500e+02
2.664346008300781250e+02
2.654767150878906250e+02
2.634597473144531250e+02
2.617765808105468750e+02
2.613468627929687500e+02
2.608434753417968750e+02
2.610600585937500000e+02
2.601877136230468750e+02
2.608912048339843750e+02
2.619751281738281250e+02
2.629122314453125000e+02
2.632944030761718750e+02
2.649372558593750000e+02
2.662009887695312500e+02
2.679570922851562500e+02
2.701959228515625000e+02
2.726810607910156250e+02
2.728388977050781250e+02
2.717204284667968750e+02
2.713125915527343750e+02
2.717537536621093750e+02
2.715122985839843750e+02
2.704984436035156250e+02
2.713886413574218750e+02
2.711847534179687500e+02
2.710975646972656250e+02
2.714147644042968750e+02
2.717464904785156250e+02
2.699634094238281250e+02
2.715608520507812500e+02
2.712388000488281250e+02
2.694931335449218750e+02
2.691140136718750000e+02
2.697493286132812500e+02
2.704782714843750000e+02
2.699566955566406250e+02
2.697953186035156250e+02
2.700259094238281250e+02
2.688475952148437500e+02
2.685015563964843750e+02
2.690138549804687500e+02
2.685314636230468750e+02
2.690912780761718750e+02
2.690084228515625000e+02
2.681353149414062500e+02
2.670430908203125000e+02
2.667090454101562500e+02
2.670646972656250000e+02
2.668994750976562500e+02
2.671147766113281250e+02
2.682052917480468750e+02
2.675574340820312500e+02
2.655762939453125000e+02
2.645108337402343750e+02
2.644284057617187500e+02
2.649363403320312500e+02
2.648762817382812500e+02
2.639913940429687500e+02
2.632694091796875000e+02
2.619507141113281250e+02
2.606021118164062500e+02
2.594606018066406250e+02
2.588852233886718750e+02
2.580413208007812500e+02
2.574188232421875000e+02
2.562337951660156250e+02
2.555831146240234375e+02
2.553970184326171875e+02
2.556700439453125000e+02
2.551555328369140625e+02
2.554313049316406250e+02
2.552867736816406250e+02
2.553023071289062500e+02
2.538603210449218750e+02
2.523265991210937500e+02
2.510475463867187500e+02
2.507067260742187500e+02
2.506138153076171875e+02
2.505416107177734375e+02
2.502119293212890625e+02
2.498953552246093750e+02
2.489667510986328125e+02
2.492872467041015625e+02
2.510651702880859375e+02
2.547981262207031250e+02
2.584770507812500000e+02
2.622974243164062500e+02
2.649567260742187500e+02
2.630204467773437500e+02
2.620352478027343750e+02
2.610304870605468750e+02
2.627413330078125000e+02
2.630551452636718750e+02
2.635603637695312500e+02
2.637798461914062500e+02
2.630415954589843750e+02
2.629729003906250000e+02
2.626349182128906250e+02
2.615773010253906250e+02
2.611003112792968750e+02
2.628732299804687500e+02
2.624543762207031250e+02
2.626805114746093750e+02
2.632631835937500000e+02
2.640835571289062500e+02
2.642251892089843750e+02
2.637837829589843750e+02
2.624409484863281250e+02
2.620525207519531250e+02
2.611212768554687500e+02
2.606091613769531250e+02
2.606311035156250000e+02
2.603836059570312500e+02
2.606984558105468750e+02
2.615293579101562500e+02
2.626266784667968750e+02
2.638357849121093750e+02
2.652924499511718750e+02
2.680811157226562500e+02
2.683750000000000000e+02
2.672117004394531250e+02
2.700648498535156250e+02
2.722619628906250000e+02
2.705830688476562500e+02
2.678443603515625000e+02
2.681804809570312500e+02
2.692996215820312500e+02
2.709861145019531250e+02
2.691224670410156250e+02
2.659177246093750000e+02
2.666154479980468750e+02
2.693792419433593750e+02
2.687593383789062500e+02
2.691564941406250000e+02
2.687158813476562500e+02
2.663091735839843750e+02
2.634854431152343750e+02
2.618694763183593750e+02
2.613837280273437500e+02
2.618610229492187500e+02
2.611094665527343750e+02
2.602586975097656250e+02
2.585570373535156250e+02
2.573160705566406250e+02
2.575025634765625000e+02
2.577051086425781250e+02
2.576408386230468750e+02
2.567233886718750000e+02
2.562110595703125000e+02
2.545672760009765625e+02
2.539258270263671875e+02
2.532497711181640625e+02
2.535623779296875000e+02
2.540662536621093750e+02
2.550589752197265625e+02
2.565126342773437500e+02
2.580444030761718750e+02
2.590186157226562500e+02
2.603964843750000000e+02
2.591098022460937500e+02
2.597422180175781250e+02
2.591016540527343750e+02
2.588287048339843750e+02
2.618934631347656250e+02
2.663036193847656250e+02
2.684075622558593750e+02
2.679107666015625000e+02
2.665764770507812500e+02
2.668391113281250000e+02
2.670931396484375000e+02
2.677672424316406250e+02
2.666280212402343750e+02
2.646186828613281250e+02
2.633930664062500000e+02
2.626463012695312500e+02
2.616978149414062500e+02
2.604277648925781250e+02
2.602227172851562500e+02
2.615633850097656250e+02
2.631454162597656250e+02
2.664882202148437500e+02
2.693754272460937500e+02
2.677675476074218750e+02
2.652183532714843750e+02
2.637400512695312500e+02
2.616830749511718750e+02
2.604405822753906250e+02
2.624714660644531250e+02
2.649527587890625000e+02
2.652379150390625000e+02
2.686215820312500000e+02
2.721274414062500000e+02
2.712445983886718750e+02
2.691748352050781250e+02
2.666146240234375000e+02
2.653065185546875000e+02
2.644667663574218750e+02
2.646553039550781250e+02
2.660439758300781250e+02
2.654367065429687500e+02
2.641003417968750000e+02
2.601274719238281250e+02
2.585574645996093750e+02
2.574348754882812500e+02
2.576121215820312500e+02
2.595833435058593750e+02
2.618043212890625000e+02
2.596489562988281250e+02
2.560091857910156250e+02
2.515344238281250000e+02
2.504898223876953125e+02
2.493629608154296875e+02
2.487294464111328125e+02
2.477770080566406250e+02
2.481404266357421875e+02
2.484893646240234375e+02
2.489083709716796875e+02
2.484889831542968750e+02
2.497164001464843750e+02
2.503642883300781250e+02
2.512018737792968750e+02
2.508556060791015625e+02
2.511794128417968750e+02
2.506215057373046875e+02
2.497269897460937500e+02
2.489878692626953125e+02
2.480128021240234375e+02
2.474025421142578125e+02
2.475368804931640625e+02
2.516088562011718750e+02
2.595424499511718750e+02
2.669087524414062500e+02
2.616614074707031250e+02
2.540651855468750000e+02
2.512851257324218750e+02
2.491899261474609375e+02
2.484882507324218750e+02
2.481176147460937500e+02
2.478197174072265625e+02
2.480437011718750000e+02
2.477779846191406250e+02
2.480338592529296875e+02
2.490178070068359375e+02
2.495282135009765625e+02
2.507863311767578125e+02
2.526233825683593750e+02
2.555333557128906250e+02
2.622433776855468750e+02
2.660000305175781250e+02
2.666595764160156250e+02
2.669774475097656250e+02
2.659779357910156250e+02
2.649329223632812500e+02
2.638008117675781250e+02
2.639037780761718750e+02
2.665883483886718750e+02
2.695780639648437500e+02
2.702836914062500000e+02
2.685318603515625000e+02
2.699340515136718750e+02
2.696638183593750000e+02
2.666100463867187500e+02
2.665584411621093750e+02
2.662439270019531250e+02
2.635148620605468750e+02
2.640586547851562500e+02
2.662198181152343750e+02
2.685844726562500000e+02
2.697787780761718750e+02
2.707962951660156250e+02
2.707705383300781250e+02
2.712312622070312500e+02
2.710644836425781250e+02
2.692057495117187500e+02
2.622985229492187500e+02
2.525558624267578125e+02
2.498458557128906250e+02
2.548596496582031250e+02
2.566251220703125000e+02
2.536839141845703125e+02
2.526468658447265625e+02
2.524559631347656250e+02
2.533283691406250000e+02
2.554025726318359375e+02
2.596445617675781250e+02
2.620228271484375000e+02
2.623439331054687500e+02
2.628395080566406250e+02
2.637676391601562500e+02
2.654220886230468750e+02
2.677532043457031250e+02
2.686375732421875000e+02
2.702752075195312500e+02
2.704847412109375000e+02
2.705334167480468750e+02
2.703547058105468750e+02
2.704165344238281250e+02
2.708489685058593750e+02
2.703591918945312500e+02
2.702086486816406250e+02
2.706536254882812500e+02
2.722766723632812500e+02
2.725458679199218750e+02
2.725047912597656250e+02
2.723553466796875000e+02
2.717243347167968750e+02
2.709792480468750000e+02
2.680321960449218750e+02
2.616959228515625000e+02
2.588416137695312500e+02
2.621788940429687500e+02
2.675502929687500000e+02
2.699608764648437500e+02
2.699968566894531250e+02
2.700231323242187500e+02
2.698265380859375000e+02
2.691003112792968750e+02
2.686410827636718750e+02
2.680598449707031250e+02
2.666689147949218750e+02
2.660572814941406250e+02
2.667958679199218750e+02
2.688143615722656250e+02
2.685308532714843750e+02
2.673811035156250000e+02
2.656455688476562500e+02
2.651805725097656250e+02
2.662840881347656250e+02
2.673823547363281250e+02
2.687760314941406250e+02
2.684242858886718750e+02
2.676087646484375000e+02
2.661691894531250000e+02
2.649109802246093750e+02
2.663347778320312500e+02
2.684452819824218750e+02
2.670747985839843750e+02
2.650068054199218750e+02
2.643350524902343750e+02
2.633211975097656250e+02
2.640249023437500000e+02
2.630109558105468750e+02
2.629481506347656250e+02
2.623102111816406250e+02
2.625116271972656250e+02
2.601195983886718750e+02
2.588464965820312500e+02
2.591269836425781250e+02
2.569982604980468750e+02
2.562507019042968750e+02
2.554255981445312500e+02
2.538760375976562500e+02
2.531815185546875000e+02
2.525164337158203125e+02
2.522217864990234375e+02
2.518112640380859375e+02
2.506262664794921875e+02
2.488999633789062500e+02
2.477213745117187500e+02
2.466162261962890625e+02
2.460390014648437500e+02
2.456001129150390625e+02
2.451860809326171875e+02
2.448718414306640625e+02
2.442108306884765625e+02
2.445404205322265625e+02
2.445803070068359375e+02
2.454223022460937500e+02
2.468013153076171875e+02
2.467777862548828125e+02
2.458359069824218750e+02
2.438443603515625000e+02
2.426720428466796875e+02
2.416768951416015625e+02
2.405892333984375000e+02
2.395563659667968750e+02
2.388886413574218750e+02
2.394723663330078125e+02
2.408465423583984375e+02
2.411592254638671875e+02
2.409227142333984375e+02
2.411949920654296875e+02
2.418498535156250000e+02
2.427660217285156250e+02
2.433073730468750000e+02
2.444419403076171875e+02
2.443656005859375000e+02
2.430146026611328125e+02
2.418706970214843750e+02
2.411966552734375000e+02
2.403999633789062500e+02
2.396379852294921875e+02
2.393172454833984375e+02
2.383532867431640625e+02
2.383198394775390625e+02
2.373900604248046875e+02
2.371118469238281250e+02
2.372973480224609375e+02
2.371291961669921875e+02
2.369203186035156250e+02
2.370928039550781250e+02
2.375487976074218750e+02
2.380190277099609375e+02
2.382868499755859375e+02
2.382501373291015625e+02
2.384194641113281250e+02
2.412185821533203125e+02
2.457743682861328125e+02
2.509039154052734375e+02
2.519154968261718750e+02
2.536047668457031250e+02
2.534427795410156250e+02
2.535002746582031250e+02
2.517923126220703125e+02
2.511558685302734375e+02
2.502900848388671875e+02
2.494772338867187500e+02
2.469639129638671875e+02
2.450383605957031250e+02
2.431829528808593750e+02
2.422321166992187500e+02
2.422566375732421875e+02
2.430772857666015625e+02
2.425073547363281250e+02
2.422056579589843750e+02
2.410899505615234375e+02
2.406636810302734375e+02
2.405333251953125000e+02
2.407163543701171875e+02
2.408702850341796875e+02
2.402483215332031250e+02
2.394820556640625000e+02
2.390464477539062500e+02
2.390865478515625000e+02
2.389313507080078125e+02
2.387255554199218750e+02
2.391521759033203125e+02
2.446541748046875000e+02
2.497264709472656250e+02
2.512727661132812500e+02
2.482112731933593750e+02
2.465741271972656250e+02
2.476202239990234375e+02
2.496526489257812500e+02
2.568421936035156250e+02
2.629359130859375000e+02
2.632768554687500000e+02
2.649227294921875000e+02
2.637768554687500000e+02
2.615859069824218750e+02
2.586612548828125000e+02
2.580077514648437500e+02
2.586818542480468750e+02
2.591088562011718750e+02
2.593018493652343750e+02
2.607864990234375000e+02
2.639600219726562500e+02
2.647731323242187500e+02
2.679432983398437500e+02
2.685116882324218750e+02
2.646839294433593750e+02
2.567033081054687500e+02
2.517784271240234375e+02
2.504733428955078125e+02
2.497034912109375000e+02
2.508258056640625000e+02
2.503750000000000000e+02
2.512063751220703125e+02
2.565833740234375000e+02
2.583530883789062500e+02
2.578662719726562500e+02
2.561832580566406250e+02
2.558384094238281250e+02
2.544583435058593750e+02
2.549718017578125000e+02
2.549531555175781250e+02
2.558176422119140625e+02
2.546597137451171875e+02
2.555232086181640625e+02
2.584631042480468750e+02
2.600805664062500000e+02
2.604932556152343750e+02
2.600310974121093750e+02
2.586586914062500000e+02
2.576823425292968750e+02
2.575337829589843750e+02
2.576522521972656250e+02
2.577737426757812500e+02
2.590424499511718750e+02
2.612928161621093750e+02
2.625892333984375000e+02
2.619650573730468750e+02
2.617597961425781250e+02
2.585703125000000000e+02
2.568476867675781250e+02
2.553416442871093750e+02
2.546478729248046875e+02
2.546850128173828125e+02
2.545917358398437500e+02
2.556829833984375000e+02
2.566430969238281250e+02
2.570625915527343750e+02
2.587514343261718750e+02
2.603179626464843750e+02
2.611992797851562500e+02
2.606254577636718750e+02
2.589182128906250000e+02
2.553235015869140625e+02
2.548153991699218750e+02
2.553911895751953125e+02
2.561302795410156250e+02
2.554634704589843750e+02
2.526704864501953125e+02
2.509177856445312500e+02
2.500810089111328125e+02
2.498374786376953125e+02
2.521808471679687500e+02
2.547234344482421875e+02
2.569689025878906250e+02
2.567896118164062500e+02
2.572234497070312500e+02
2.552848358154296875e+02
2.543612365722656250e+02
2.543057708740234375e+02
2.540657043457031250e+02
2.522722930908203125e+02
2.514659729003906250e+02
2.498274841308593750e+02
2.490363006591796875e+02
2.487942352294921875e+02
2.494529571533203125e+02
2.498404998779296875e+02
2.505932769775390625e+02
2.523683471679687500e+02
2.544237670898437500e+02
2.542843170166015625e+02
2.531242523193359375e+02
2.548242340087890625e+02
2.589206848144531250e+02
2.593783874511718750e+02
2.593058776855468750e+02
2.629534606933593750e+02
2.628425903320312500e+02
2.612566223144531250e+02
2.598615417480468750e+02
2.596940917968750000e+02
2.617505187988281250e+02
2.631074829101562500e+02
2.653529357910156250e+02
2.643345947265625000e+02
2.625679321289062500e+02
2.615686645507812500e+02
2.628170776367187500e+02
2.636924743652343750e+02
2.624516296386718750e+02
2.597794494628906250e+02
2.573860473632812500e+02
2.593122863769531250e+02
2.646696777343750000e+02
2.644528808593750000e+02
2.631124267578125000e+02
2.622332763671875000e+02
2.614536437988281250e+02
2.600093994140625000e+02
2.599288635253906250e+02
2.613728637695312500e+02
2.625028076171875000e+02
2.640581359863281250e+02
2.668435363769531250e+02
2.706851806640625000e+02
2.719166259765625000e+02
2.690116577148437500e+02
2.633685302734375000e+02
2.607278137207031250e+02
2.583004150390625000e+02
2.554389801025390625e+02
2.536194305419921875e+02
2.528105316162109375e+02
2.535311279296875000e+02
2.536996154785156250e+02
2.554078826904296875e+02
2.593904418945312500e+02
2.621778259277343750e+02
2.641138610839843750e+02
2.643255310058593750e+02
2.639992675781250000e+02
2.633078613281250000e+02
2.622081298828125000e+02
2.618039550781250000e+02
2.618579101562500000e+02
2.605797424316406250e+02
2.596272277832031250e+02
2.567304687500000000e+02
2.534259796142578125e+02
2.517215118408203125e+02
2.555778961181640625e+02
2.555659637451171875e+02
2.520072784423828125e+02
2.507928009033203125e+02
2.498112640380859375e+02
2.502065277099609375e+02
2.506258087158203125e+02
2.522071838378906250e+02
2.546847381591796875e+02
2.571055908203125000e+02
2.576458740234375000e+02
2.577213439941406250e+02
2.574508361816406250e+02
2.594376831054687500e+02
2.634440917968750000e+02
2.666232299804687500e+02
2.675129089355468750e+02
2.680634765625000000e+02
2.662714538574218750e+02
2.650762329101562500e+02
2.627885742187500000e+02
2.602714538574218750e+02
2.603732299804687500e+02
2.630058898925781250e+02
2.620115966796875000e+02
2.605888977050781250e+02
2.625051574707031250e+02
2.651934204101562500e+02
2.657411804199218750e+02
2.658604125976562500e+02
2.646292419433593750e+02
2.629933166503906250e+02
2.623124389648437500e+02
2.611022644042968750e+02
2.594531250000000000e+02
2.565560607910156250e+02
2.539149475097656250e+02
2.522747039794921875e+02
2.518364868164062500e+02
2.531033325195312500e+02
2.541271514892578125e+02
2.558472442626953125e+02
2.569374389648437500e+02
2.579408569335937500e+02
2.582797546386718750e+02
2.578543701171875000e+02
2.576397094726562500e+02
2.571985778808593750e+02
2.554895782470703125e+02
2.547863616943359375e+02
2.558741760253906250e+02
2.563771972656250000e+02
2.548323059082031250e+02
2.544624786376953125e+02
2.547369384765625000e+02
2.554219055175781250e+02
2.578149414062500000e+02
2.608680725097656250e+02
2.594263000488281250e+02
2.616617126464843750e+02
2.631103820800781250e+02
2.690003356933593750e+02
2.687180786132812500e+02
2.642885437011718750e+02
2.585900268554687500e+02
2.562188110351562500e+02
2.563273925781250000e+02
2.550109252929687500e+02
2.541730041503906250e+02
2.517493896484375000e+02
2.509792175292968750e+02
2.525983123779296875e+02
2.539261627197265625e+02
2.555386199951171875e+02
2.610136413574218750e+02
2.663695678710937500e+02
2.644860229492187500e+02
2.627923278808593750e+02
2.645237731933593750e+02
2.625593566894531250e+02
2.596265563964843750e+02
2.578668823242187500e+02
2.565670776367187500e+02
2.556321105957031250e+02
2.530761566162109375e+02
2.524263000488281250e+02
2.543997039794921875e+02
2.583569030761718750e+02
2.619738159179687500e+02
2.632155151367187500e+02
2.637907104492187500e+02
2.626112060546875000e+02
2.604263610839843750e+02
2.569750061035156250e+02
2.561163024902343750e+02
2.563391723632812500e+02
2.538813934326171875e+02
2.528362274169921875e+02
2.544474945068359375e+02
2.556989898681640625e+02
2.543833770751953125e+02
2.545828552246093750e+02
2.544704284667968750e+02
2.539543914794921875e+02
2.526071166992187500e+02
2.520199737548828125e+02
2.521221160888671875e+02
2.527018127441406250e+02
2.545205230712890625e+02
2.569211425781250000e+02
2.606594543457031250e+02
2.634955444335937500e+02
2.612583007812500000e+02
2.577851257324218750e+02
2.564972534179687500e+02
2.568492431640625000e+02
2.588817749023437500e+02
2.602770690917968750e+02
2.626075134277343750e+02
2.647627258300781250e+02
2.647955627441406250e+02
2.650232238769531250e+02
2.648908386230468750e+02
2.650354309082031250e+02
2.645341186523437500e+02
2.641392517089843750e+02
2.646744079589843750e+02
2.645899353027343750e+02
2.634326782226562500e+02
2.624537353515625000e+02
2.623673706054687500e+02
2.623952331542968750e+02
2.611366271972656250e+02
2.598718566894531250e+02
2.601181945800781250e+02
2.606443176269531250e+02
2.606882934570312500e+02
2.594974670410156250e+02
2.585354919433593750e+02
2.580512084960937500e+02
2.564097900390625000e+02
2.561640930175781250e+02
2.570519409179687500e+02
2.578761291503906250e+02
2.574787597656250000e+02
2.585967712402343750e+02
2.606833801269531250e+02
2.617175903320312500e+02
2.600177917480468750e+02
2.581098937988281250e+02
2.581507568359375000e+02
2.586156005859375000e+02
2.558212280273437500e+02
2.544111175537109375e+02
2.557799987792968750e+02
2.569913940429687500e+02
2.553439483642578125e+02
2.546977996826171875e+02
2.556696472167968750e+02
2.568596191406250000e+02
2.554288482666015625e+02
2.549421844482421875e+02
2.560373840332031250e+02
2.571195373535156250e+02
2.563161621093750000e+02
2.550580902099609375e+02
2.590986328125000000e+02
2.607682495117187500e+02
2.563038330078125000e+02
2.575476684570312500e+02
2.604301757812500000e+02
2.609290466308593750e+02
2.585063476562500000e+02
2.601905517578125000e+02
2.616437683105468750e+02
2.619809875488281250e+02
2.617471618652343750e+02
2.626221618652343750e+02
2.636385803222656250e+02
2.634061584472656250e+02
2.619814147949218750e+02
2.619630737304687500e+02
2.633387451171875000e+02
2.637614746093750000e+02
2.623616943359375000e+02
2.619347839355468750e+02
2.634846191406250000e+02
2.647418518066406250e+02
2.627146301269531250e+02
2.617069091796875000e+02
2.630413818359375000e+02
2.633689270019531250e+02
2.632092590332031250e+02
2.652789611816406250e+02
2.673690795898437500e+02
2.678586120605468750e+02
2.648343505859375000e+02
2.640328063964843750e+02
2.652288818359375000e+02
2.650592346191406250e+02
2.643035888671875000e+02
2.651701049804687500e+02
2.676441955566406250e+02
2.674363098144531250e+02
2.649201354980468750e+02
2.648005981445312500e+02
2.659283142089843750e+02
2.655876464843750000e+02
2.653072204589843750e+02
2.662517395019531250e+02
2.690059814453125000e+02
2.714275512695312500e+02
2.712088317871093750e+02
2.707348632812500000e+02
2.707261352539062500e+02
2.686681213378906250e+02
2.671856079101562500e+02
2.682130737304687500e+02
2.696965332031250000e+02
2.697800903320312500e+02
2.693286132812500000e+02
2.683400878906250000e+02
2.686782531738281250e+02
2.667381591796875000e+02
2.643327941894531250e+02
2.630315856933593750e+02
2.655526733398437500e+02
2.654001159667968750e+02
2.634000549316406250e+02
2.627203674316406250e+02
2.642115783691406250e+02
2.639759521484375000e+02
2.635830688476562500e+02
2.637785339355468750e+02
2.646933898925781250e+02
2.649956970214843750e+02
2.654928588867187500e+02
2.656631469726562500e+02
2.657803649902343750e+02
2.650555419921875000e+02
2.669379577636718750e+02
2.675070800781250000e+02
2.697662658691406250e+02
2.706085205078125000e+02
2.695943908691406250e+02
2.700190734863281250e+02
2.707030029296875000e+02
2.699953613281250000e+02
2.679284362792968750e+02
2.677623291015625000e+02
2.688859558105468750e+02
2.694705810546875000e+02
2.688251037597656250e+02
2.682593078613281250e+02
2.685370483398437500e+02
2.682671813964843750e+02
2.660930786132812500e+02
2.653055725097656250e+02
2.654328308105468750e+02
2.649741516113281250e+02
2.650142517089843750e+02
2.653595275878906250e+02
2.654986572265625000e+02
2.658011169433593750e+02
2.659365234375000000e+02
2.647276000976562500e+02
2.644264221191406250e+02
2.637904968261718750e+02
2.631129150390625000e+02
2.628861389160156250e+02
2.636431579589843750e+02
2.634550476074218750e+02
2.643782653808593750e+02
2.651896362304687500e+02
2.639445800781250000e+02
2.638138732910156250e+02
2.646260681152343750e+02
2.651024169921875000e+02
2.648087158203125000e+02
2.641123352050781250e+02
2.651670227050781250e+02
2.654055175781250000e+02
2.669180603027343750e+02
2.676851501464843750e+02
2.673403015136718750e+02
2.678037414550781250e+02
2.695867919921875000e+02
2.696164245605468750e+02
2.695800476074218750e+02
2.697188110351562500e+02
2.693764343261718750e+02
2.687750244140625000e+02
2.680532226562500000e+02
2.685051879882812500e+02
2.691080322265625000e+02
2.701567077636718750e+02
2.689177246093750000e+02
2.694474792480468750e+02
2.699733276367187500e+02
2.699387512207031250e+02
2.689332885742187500e+02
2.680803833007812500e+02
2.691477966308593750e+02
2.701553039550781250e+02
2.697832336425781250e+02
2.678779602050781250e+02
2.670977172851562500e+02
2.658042297363281250e+02
2.657361450195312500e+02
2.655575256347656250e+02
2.666848144531250000e+02
2.667232055664062500e+02
2.680685424804687500e+02
2.692177429199218750e+02
2.692513122558593750e+02
2.699488830566406250e+02
2.704251098632812500e+02
2.701370544433593750e+02
2.693515014648437500e+02
2.661422729492187500e+02
2.650831298828125000e+02
2.653980712890625000e+02
2.659177246093750000e+02
2.647599487304687500e+02
2.652535095214843750e+02
2.656746215820312500e+02
2.662587280273437500e+02
2.662327575683593750e+02
2.658130798339843750e+02
2.656662597656250000e+02
2.655501403808593750e+02
2.643816833496093750e+02
2.653116149902343750e+02
2.662037048339843750e+02
2.657670898437500000e+02
2.660797119140625000e+02
2.673826293945312500e+02
2.683745422363281250e+02
2.688395996093750000e+02
2.690328369140625000e+02
2.686716613769531250e+02
2.673388366699218750e+02
2.682194824218750000e+02
2.676188049316406250e+02
2.661259765625000000e+02
2.654577941894531250e+02
2.665908813476562500e+02
2.668759765625000000e+02
2.673179016113281250e+02
2.688243103027343750e+02
2.694000854492187500e+02
2.698128967285156250e+02
2.706389160156250000e+02
2.715786437988281250e+02
2.727209472656250000e+02
2.719114379882812500e+02
2.706114501953125000e+02
2.706774291992187500e+02
2.719024047851562500e+02
2.716048889160156250e+02
2.700905151367187500e+02
2.691231384277343750e+02
2.687215881347656250e+02
2.698246154785156250e+02
2.708661193847656250e+02
2.714185791015625000e+02
2.718785400390625000e+02
2.722889099121093750e+02
2.718133850097656250e+02
2.714601440429687500e+02
2.710915222167968750e+02
2.706013183593750000e+02
2.706877441406250000e+02
2.709210510253906250e+02
2.717624816894531250e+02
2.710391235351562500e+02
2.701858520507812500e+02
2.704966125488281250e+02
2.710264587402343750e+02
2.700875854492187500e+02
2.700937500000000000e+02
2.702695312500000000e+02
2.701598510742187500e+02
