2.706798095703125000e+02
2.708525085449218750e+02
2.710556335449218750e+02
2.714876708984375000e+02
2.708799438476562500e+02
2.695674743652343750e+02
2.686404418945312500e+02
2.682509765625000000e+02
2.680854492187500000e+02
2.677543334960937500e+02
2.674781188964843750e+02
2.666213378906250000e+02
2.663513793945312500e+02
2.662681274414062500e+02
2.661700134277343750e+02
2.677758178710937500e+02
2.690449523925781250e+02
2.690992126464843750e+02
2.689489746093750000e+02
2.707198486328125000e+02
2.722601928710937500e+02
2.716560058593750000e+02
2.712839355468750000e+02
2.712965698242187500e+02
2.718788452148437500e+02
2.716511230468750000e+02
2.714939575195312500e+02
2.715777587890625000e+02
2.713982238769531250e+02
2.706551818847656250e+02
2.699804992675781250e+02
2.709291076660156250e+02
2.714276733398437500e+02
2.709587707519531250e+02
2.706578674316406250e+02
2.708765869140625000e+02
2.710449523925781250e+02
2.708350219726562500e+02
2.704827880859375000e+02
2.701122741699218750e+02
2.707066955566406250e+02
2.702710266113281250e+02
2.694251098632812500e+02
2.698792114257812500e+02
2.697944641113281250e+02
2.698148803710937500e+02
2.695189208984375000e+02
2.687340087890625000e+02
2.680009155273437500e+02
2.683443908691406250e+02
2.678228454589843750e+02
2.674325256347656250e+02
2.668773498535156250e+02
2.675144348144531250e+02
2.681267700195312500e+02
2.679515075683593750e+02
2.685769042968750000e+02
2.687758483886718750e+02
2.687037963867187500e+02
2.682108764648437500e+02
2.677780456542968750e+02
2.680484313964843750e+02
2.676213073730468750e+02
2.676030273437500000e+02
2.680741882324218750e+02
2.680548400878906250e+02
2.679233398437500000e+02
2.686731567382812500e+02
2.684671936035156250e+02
2.690311279296875000e+02
2.686518249511718750e+02
2.688912048339843750e+02
2.684572753906250000e+02
2.672604370117187500e+02
2.662762451171875000e+02
2.669054870605468750e+02
2.660833129882812500e+02
2.654930114746093750e+02
2.641033935546875000e+02
2.638530578613281250e+02
2.636466674804687500e+02
2.643031311035156250e+02
2.642529296875000000e+02
2.646525878906250000e+02
2.640654907226562500e+02
2.648588562011718750e+02
2.642413024902343750e+02
2.646907348632812500e+02
2.675270080566406250e+02
2.688657531738281250e+02
2.686029968261718750e+02
2.693512573242187500e+02
2.692135620117187500e+02
2.676224975585937500e+02
2.661854858398437500e+02
2.671596069335937500e+02
2.678697204589843750e+02
2.673074951171875000e+02
2.671112670898437500e+02
2.690637817382812500e+02
2.694580383300781250e+02
2.691330871582031250e+02
2.684164733886718750e+02
2.694370422363281250e+02
2.688418884277343750e+02
2.685459289550781250e+02
2.682351684570312500e+02
2.682063903808593750e+02
2.691628723144531250e+02
2.686561889648437500e+02
2.674850463867187500e+02
2.690224304199218750e+02
2.708171386718750000e+02
2.706857299804687500e+02
2.710460510253906250e+02
2.722424316406250000e+02
2.727778015136718750e+02
2.716481628417968750e+02
2.707852783203125000e+02
2.711987609863281250e+02
2.699649963378906250e+02
2.694113159179687500e+02
2.686967773437500000e+02
2.691241455078125000e+02
2.683290100097656250e+02
2.677473144531250000e+02
2.667946166992187500e+02
2.652926635742187500e+02
2.628298645019531250e+02
2.619874267578125000e+02
2.613642883300781250e+02
2.633877868652343750e+02
2.640726623535156250e+02
2.619456787109375000e+02
2.599772338867187500e+02
2.586046752929687500e+02
2.591823120117187500e+02
2.592935180664062500e+02
2.602066650390625000e+02
2.645499572753906250e+02
2.672556762695312500e+02
2.683566894531250000e+02
2.691976928710937500e+02
2.717178039550781250e+02
2.720127563476562500e+02
2.705502014160156250e+02
2.714171752929687500e+02
2.724309692382812500e+02
2.727622985839843750e+02
2.723603210449218750e+02
2.722866516113281250e+02
2.721144714355468750e+02
2.722722167968750000e+02
2.717137756347656250e+02
2.713345642089843750e+02
2.715134582519531250e+02
2.707915039062500000e+02
2.683678894042968750e+02
2.669334411621093750e+02
2.659353027343750000e+02
2.647553710937500000e+02
2.644065246582031250e+02
2.644756774902343750e+02
2.649055175781250000e+02
2.640319824218750000e+02
2.638232727050781250e+02
2.640841979980468750e+02
2.657227783203125000e+02
2.646631164550781250e+02
2.644536743164062500e+02
2.641952514648437500e+02
2.638738403320312500e+02
2.631770019531250000e+02
2.621264953613281250e+02
2.619544677734375000e+02
2.636975402832031250e+02
2.662149353027343750e+02
2.674469299316406250e+02
2.655364379882812500e+02
2.648750305175781250e+02
2.638233947753906250e+02
2.631916198730468750e+02
2.630166320800781250e+02
2.643078613281250000e+02
2.638332214355468750e+02
2.625121154785156250e+02
2.618083190917968750e+02
2.627207641601562500e+02
2.631208496093750000e+02
2.617927856445312500e+02
2.623917846679687500e+02
2.631545410156250000e+02
2.636468505859375000e+02
2.624318237304687500e+02
2.622914428710937500e+02
2.653197326660156250e+02
2.670856323242187500e+02
2.694129943847656250e+02
2.701034240722656250e+02
2.696825256347656250e+02
2.696941528320312500e+02
2.674555053710937500e+02
2.664102783203125000e+02
2.654947814941406250e+02
2.650892333984375000e+02
2.629646606445312500e+02
2.627372131347656250e+02
2.642347106933593750e+02
2.654223632812500000e+02
2.632383117675781250e+02
2.613789672851562500e+02
2.597598876953125000e+02
2.607579345703125000e+02
2.615895080566406250e+02
2.604953308105468750e+02
2.601913757324218750e+02
2.610733337402343750e+02
2.614258728027343750e+02
2.612565917968750000e+02
2.627749023437500000e+02
2.634957580566406250e+02
2.628648986816406250e+02
2.663061523437500000e+02
2.703628540039062500e+02
2.710297241210937500e+02
2.723121032714843750e+02
2.731336669921875000e+02
2.728750915527343750e+02
2.723372497558593750e+02
2.707474060058593750e+02
2.699565124511718750e+02
2.700279846191406250e+02
2.691719360351562500e+02
2.672392883300781250e+02
2.654151306152343750e+02
2.647914733886718750e+02
2.651918029785156250e+02
2.647113647460937500e+02
2.645354309082031250e+02
2.648576660156250000e+02
2.649974670410156250e+02
2.650641174316406250e+02
2.662800598144531250e+02
2.672866516113281250e+02
2.668550109863281250e+02
2.654779357910156250e+02
2.650851440429687500e+02
2.639566345214843750e+02
2.643605346679687500e+02
2.630730895996093750e+02
2.611573791503906250e+02
2.600497131347656250e+02
2.597057800292968750e+02
2.576119079589843750e+02
2.582751770019531250e+02
2.595848999023437500e+02
2.603011474609375000e+02
2.596525878906250000e+02
2.594923706054687500e+02
2.600816650390625000e+02
2.602875671386718750e+02
2.599090270996093750e+02
2.635368652343750000e+02
2.682449035644531250e+02
2.702131042480468750e+02
2.717218933105468750e+02
2.694249877929687500e+02
2.682204284667968750e+02
2.668785400390625000e+02
2.661138610839843750e+02
2.675131530761718750e+02
2.680849914550781250e+02
2.692106628417968750e+02
2.654408569335937500e+02
2.629885864257812500e+02
2.633788757324218750e+02
2.634720458984375000e+02
2.625944213867187500e+02
2.620841674804687500e+02
2.607210388183593750e+02
2.592263793945312500e+02
2.582193908691406250e+02
2.573429870605468750e+02
2.568402404785156250e+02
2.559920806884765625e+02
2.549408264160156250e+02
2.565164794921875000e+02
2.597304992675781250e+02
2.621436462402343750e+02
2.622930908203125000e+02
2.610490112304687500e+02
2.589902648925781250e+02
2.562190246582031250e+02
2.552854003906250000e+02
2.546975250244140625e+02
2.553572845458984375e+02
2.557831420898437500e+02
2.567400512695312500e+02
2.582603759765625000e+02
2.583819580078125000e+02
2.578350830078125000e+02
2.591764221191406250e+02
2.606778259277343750e+02
2.663296813964843750e+02
2.690325927734375000e+02
2.696155700683593750e+02
2.702407836914062500e+02
2.697015075683593750e+02
2.648270874023437500e+02
2.614277954101562500e+02
2.605138244628906250e+02
2.601493225097656250e+02
2.595950927734375000e+02
2.592646179199218750e+02
2.582922973632812500e+02
2.577531738281250000e+02
2.570101318359375000e+02
2.564507141113281250e+02
2.555789794921875000e+02
2.548651885986328125e+02
2.549815521240234375e+02
2.549085235595703125e+02
2.557888641357421875e+02
2.566194152832031250e+02
2.573360290527343750e+02
2.551517944335937500e+02
2.537819671630859375e+02
2.531248321533203125e+02
2.531559295654296875e+02
2.530203399658203125e+02
2.535999145507812500e+02
2.548011169433593750e+02
2.584949645996093750e+02
2.614238891601562500e+02
2.654132995605468750e+02
2.689857482910156250e+02
2.703499145507812500e+02
2.689715881347656250e+02
2.645588989257812500e+02
2.579991760253906250e+02
2.573147583007812500e+02
2.588704833984375000e+02
2.595582885742187500e+02
2.613210449218750000e+02
2.648034667968750000e+02
2.675072937011718750e+02
2.682582702636718750e+02
2.689158020019531250e+02
2.683836669921875000e+02
2.679456176757812500e+02
2.686882019042968750e+02
2.691994018554687500e+02
2.677608642578125000e+02
2.643227539062500000e+02
2.666273498535156250e+02
2.664796142578125000e+02
2.666313781738281250e+02
2.669989929199218750e+02
2.684869995117187500e+02
2.701304016113281250e+02
2.700922241210937500e+02
2.708446655273437500e+02
2.701634521484375000e+02
2.695665893554687500e+02
2.696870727539062500e+02
2.698770751953125000e+02
2.693111267089843750e+02
2.680972595214843750e+02
2.679532470703125000e+02
2.669420776367187500e+02
2.672593078613281250e+02
2.689393615722656250e+02
2.703272399902343750e+02
2.719822998046875000e+02
2.721542663574218750e+02
2.716380004882812500e+02
2.716403503417968750e+02
2.712516174316406250e+02
2.695875549316406250e+02
2.673604736328125000e+02
2.650674133300781250e+02
2.638502197265625000e+02
2.632687988281250000e+02
2.630256652832031250e+02
2.630471191406250000e+02
2.627080993652343750e+02
2.626354064941406250e+02
2.631560058593750000e+02
2.624003601074218750e+02
2.612416687011718750e+02
2.608014221191406250e+02
2.602193603515625000e+02
2.601961669921875000e+02
2.586684875488281250e+02
2.588294982910156250e+02
2.584054870605468750e+02
2.580308837890625000e+02
2.576534423828125000e+02
2.582927246093750000e+02
2.584685363769531250e+02
2.590209655761718750e+02
2.585496826171875000e+02
2.591290588378906250e+02
2.590704650878906250e+02
2.591251220703125000e+02
2.589410705566406250e+02
2.602557678222656250e+02
2.621511535644531250e+02
2.628515014648437500e+02
2.609591674804687500e+02
2.594382934570312500e+02
2.570925903320312500e+02
2.554971160888671875e+02
2.540978851318359375e+02
2.543076171875000000e+02
2.554360656738281250e+02
2.557151641845703125e+02
2.546867980957031250e+02
2.543024597167968750e+02
2.529308166503906250e+02
2.521854858398437500e+02
2.526065826416015625e+02
2.540815277099609375e+02
2.552062072753906250e+02
2.554245452880859375e+02
2.532473297119140625e+02
2.517173767089843750e+02
2.520464477539062500e+02
2.516527099609375000e+02
2.515448760986328125e+02
2.547646636962890625e+02
2.553822326660156250e+02
2.515656585693359375e+02
2.498234100341796875e+02
2.493340148925781250e+02
2.493992156982421875e+02
2.490414733886718750e+02
2.472628173828125000e+02
2.469458770751953125e+02
2.470907592773437500e+02
2.468052520751953125e+02
2.464732208251953125e+02
2.467895050048828125e+02
2.469740753173828125e+02
2.468185424804687500e+02
2.467328948974609375e+02
2.468650970458984375e+02
2.488035125732421875e+02
2.523050231933593750e+02
2.564399414062500000e+02
2.578262939453125000e+02
2.549486083984375000e+02
2.517351684570312500e+02
2.501871032714843750e+02
2.537329254150390625e+02
2.591994628906250000e+02
2.661451721191406250e+02
2.658132019042968750e+02
2.606099853515625000e+02
2.555129394531250000e+02
2.552130126953125000e+02
2.643411254882812500e+02
2.724620056152343750e+02
2.702387695312500000e+02
2.599321899414062500e+02
2.583831481933593750e+02
2.603095092773437500e+02
2.641965026855468750e+02
2.676222534179687500e+02
2.693799133300781250e+02
2.710570983886718750e+02
2.709433898925781250e+02
2.663037414550781250e+02
2.583121643066406250e+02
2.552190856933593750e+02
2.577325134277343750e+02
2.608200073242187500e+02
2.611756286621093750e+02
2.629449157714843750e+02
2.623375549316406250e+02
2.615526428222656250e+02
2.600704956054687500e+02
2.601886901855468750e+02
2.629229125976562500e+02
2.576753845214843750e+02
2.517359161376953125e+02
2.520333862304687500e+02
2.536291351318359375e+02
2.547171783447265625e+02
2.543898315429687500e+02
2.528425140380859375e+02
2.514432525634765625e+02
2.508196105957031250e+02
2.501535949707031250e+02
2.505328826904296875e+02
2.527598571777343750e+02
2.579812316894531250e+02
2.634497375488281250e+02
2.626180725097656250e+02
2.615312500000000000e+02
2.595936279296875000e+02
2.567982482910156250e+02
2.557241516113281250e+02
2.564679870605468750e+02
2.583546752929687500e+02
2.597347412109375000e+02
2.597602844238281250e+02
2.598684082031250000e+02
2.599023742675781250e+02
2.582732238769531250e+02
2.576378784179687500e+02
2.550807189941406250e+02
2.526795501708984375e+02
2.502716217041015625e+02
2.505083465576171875e+02
2.514452209472656250e+02
2.536531219482421875e+02
2.579960327148437500e+02
2.625768737792968750e+02
2.683543090820312500e+02
2.693272705078125000e+02
2.684457702636718750e+02
2.683003845214843750e+02
2.677254943847656250e+02
2.658865966796875000e+02
2.619876098632812500e+02
2.552628173828125000e+02
2.517325439453125000e+02
2.502611541748046875e+02
2.496532897949218750e+02
2.485048980712890625e+02
2.488667755126953125e+02
2.503303985595703125e+02
2.500774078369140625e+02
2.494983367919921875e+02
2.486236267089843750e+02
2.488807525634765625e+02
2.494327850341796875e+02
2.515630187988281250e+02
2.551658325195312500e+02
2.580848388671875000e+02
2.604968261718750000e+02
2.626554870605468750e+02
2.648551635742187500e+02
2.638483581542968750e+02
2.599445190429687500e+02
2.579236755371093750e+02
2.576078186035156250e+02
2.594561462402343750e+02
2.596499328613281250e+02
2.600141601562500000e+02
2.591361389160156250e+02
2.582670898437500000e+02
2.607891540527343750e+02
2.651268005371093750e+02
2.661202392578125000e+02
2.626400451660156250e+02
2.609493408203125000e+02
2.590024414062500000e+02
2.602932739257812500e+02
2.599447021484375000e+02
2.596184082031250000e+02
2.609615173339843750e+02
2.632806091308593750e+02
2.666242370605468750e+02
2.641831970214843750e+02
2.609158325195312500e+02
2.570974426269531250e+02
2.557045440673828125e+02
2.552571563720703125e+02
2.577199707031250000e+02
2.590543212890625000e+02
2.583667297363281250e+02
2.556676483154296875e+02
2.547528076171875000e+02
2.532403869628906250e+02
2.525391082763671875e+02
2.510086517333984375e+02
2.502352905273437500e+02
2.493212890625000000e+02
2.498184509277343750e+02
2.528901824951171875e+02
2.560444335937500000e+02
2.557499847412109375e+02
2.554213256835937500e+02
2.552057189941406250e+02
2.535247344970703125e+02
2.515446319580078125e+02
2.538506011962890625e+02
2.598880310058593750e+02
2.665967407226562500e+02
2.700032958984375000e+02
2.695801391601562500e+02
2.688589172363281250e+02
2.685040588378906250e+02
2.695953369140625000e+02
2.683278808593750000e+02
2.665581054687500000e+02
2.676799316406250000e+02
2.699969482421875000e+02
2.704127197265625000e+02
2.708686828613281250e+02
2.714775695800781250e+02
2.717616577148437500e+02
2.718129577636718750e+02
2.716797790527343750e+02
2.714749755859375000e+02
2.711608276367187500e+02
2.703800964355468750e+02
2.680858459472656250e+02
2.686399841308593750e+02
2.692717285156250000e+02
2.691993408203125000e+02
2.689559326171875000e+02
2.674512634277343750e+02
2.672317504882812500e+02
2.660793151855468750e+02
2.639805297851562500e+02
2.632754211425781250e+02
2.644038085937500000e+02
2.659721679687500000e+02
2.666512756347656250e+02
2.667181396484375000e+02
2.660718688964843750e+02
2.639068298339843750e+02
2.598345947265625000e+02
2.570638732910156250e+02
2.559666290283203125e+02
2.555307159423828125e+02
2.553166656494140625e+02
2.561436767578125000e+02
2.568843078613281250e+02
2.569516906738281250e+02
2.559091491699218750e+02
2.578051452636718750e+02
2.566220397949218750e+02
2.544432678222656250e+02
2.549296417236328125e+02
2.577145996093750000e+02
2.609775695800781250e+02
2.624586181640625000e+02
2.611321411132812500e+02
2.637695922851562500e+02
2.662050476074218750e+02
2.666194763183593750e+02
2.667846374511718750e+02
2.664830932617187500e+02
2.647606201171875000e+02
2.641221313476562500e+02
2.623999938964843750e+02
2.583462829589843750e+02
2.547109527587890625e+02
2.545099487304687500e+02
2.555265502929687500e+02
2.584654541015625000e+02
2.617182617187500000e+02
2.624817199707031250e+02
2.626774902343750000e+02
2.619328308105468750e+02
2.603043518066406250e+02
2.579810180664062500e+02
2.563558654785156250e+02
2.561572265625000000e+02
2.568454895019531250e+02
2.569712219238281250e+02
2.553523101806640625e+02
2.522328643798828125e+02
2.509200286865234375e+02
2.546211395263671875e+02
2.584810180664062500e+02
2.637693786621093750e+02
2.663555297851562500e+02
2.675146179199218750e+02
2.662119750976562500e+02
2.636737060546875000e+02
2.540882263183593750e+02
2.520394744873046875e+02
2.525785675048828125e+02
2.572310791015625000e+02
2.575032348632812500e+02
2.580726928710937500e+02
2.593958129882812500e+02
2.634102783203125000e+02
2.645486755371093750e+02
2.596842041015625000e+02
2.566909484863281250e+02
2.559387359619140625e+02
2.551506652832031250e+02
2.549436340332031250e+02
2.573775634765625000e+02
2.597917480468750000e+02
2.637203674316406250e+02
2.655565490722656250e+02
2.660292968750000000e+02
2.668376770019531250e+02
2.700022277832031250e+02
2.690969543457031250e+02
2.667568969726562500e+02
2.689948120117187500e+02
2.714000854492187500e+02
2.674880065917968750e+02
2.617261352539062500e+02
2.656948547363281250e+02
2.626552429199218750e+02
2.554910430908203125e+02
2.519743041992187500e+02
2.517665863037109375e+02
2.518384246826171875e+02
2.520759277343750000e+02
2.516421356201171875e+02
2.511377563476562500e+02
2.504204711914062500e+02
2.505979309082031250e+02
2.507734680175781250e+02
2.518888244628906250e+02
2.528695220947265625e+02
2.521737670898437500e+02
2.503112945556640625e+02
2.508029174804687500e+02
2.523154602050781250e+02
2.522615661621093750e+02
2.506054382324218750e+02
2.501812744140625000e+02
2.482665405273437500e+02
2.486248474121093750e+02
2.495082550048828125e+02
2.536750335693359375e+02
2.556530761718750000e+02
2.559223937988281250e+02
2.542166900634765625e+02
2.528200836181640625e+02
2.522223510742187500e+02
2.526836090087890625e+02
2.540587921142578125e+02
2.538328704833984375e+02
2.517272491455078125e+02
2.504086761474609375e+02
2.495826110839843750e+02
2.509930725097656250e+02
2.533051910400390625e+02
2.579734497070312500e+02
2.572720947265625000e+02
2.535192413330078125e+02
2.529116821289062500e+02
2.589634704589843750e+02
2.607405395507812500e+02
2.569311218261718750e+02
2.528210144042968750e+02
2.504744720458984375e+02
2.488241882324218750e+02
2.527736663818359375e+02
2.578725891113281250e+02
2.608678588867187500e+02
2.555792541503906250e+02
2.495459442138671875e+02
2.463822631835937500e+02
2.467638702392578125e+02
2.461330413818359375e+02
2.476327667236328125e+02
2.490277404785156250e+02
2.487850494384765625e+02
2.469278411865234375e+02
2.456820068359375000e+02
2.452140655517578125e+02
2.453709411621093750e+02
2.469377746582031250e+02
2.492040100097656250e+02
2.513213348388671875e+02
2.518253326416015625e+02
2.501793670654296875e+02
2.491126861572265625e+02
2.476964721679687500e+02
2.476339569091796875e+02
2.479391784667968750e+02
2.505300445556640625e+02
2.570530395507812500e+02
2.610845336914062500e+02
2.493199005126953125e+02
2.506543121337890625e+02
2.533943328857421875e+02
2.581285400390625000e+02
2.603929748535156250e+02
2.565498962402343750e+02
2.498302612304687500e+02
2.476115722656250000e+02
2.455666046142578125e+02
2.451645660400390625e+02
2.457867431640625000e+02
2.450754547119140625e+02
2.441740264892578125e+02
2.449189758300781250e+02
2.446656494140625000e+02
2.440514526367187500e+02
2.428639678955078125e+02
2.423237915039062500e+02
2.413743286132812500e+02
2.388232269287109375e+02
2.392134246826171875e+02
2.401015930175781250e+02
2.402787017822265625e+02
2.424397583007812500e+02
2.451745300292968750e+02
2.504839782714843750e+02
2.553465423583984375e+02
2.616408386230468750e+02
2.656904907226562500e+02
2.692202148437500000e+02
2.699291381835937500e+02
2.690650939941406250e+02
2.607612609863281250e+02
2.590542602539062500e+02
2.600465087890625000e+02
2.598895263671875000e+02
2.593088073730468750e+02
2.590571899414062500e+02
2.582917480468750000e+02
2.582788085937500000e+02
2.581990051269531250e+02
2.579269714355468750e+02
2.573291320800781250e+02
2.555942993164062500e+02
2.534667663574218750e+02
2.522400360107421875e+02
2.515980987548828125e+02
2.518123474121093750e+02
2.521749114990234375e+02
2.535270233154296875e+02
2.551596832275390625e+02
2.558596954345703125e+02
2.570487060546875000e+02
2.616757507324218750e+02
2.656588439941406250e+02
2.672429809570312500e+02
2.671174011230468750e+02
2.683082275390625000e+02
2.679031677246093750e+02
2.655227661132812500e+02
2.649271545410156250e+02
2.648768615722656250e+02
2.634695129394531250e+02
2.621969604492187500e+02
2.616430358886718750e+02
2.647684326171875000e+02
2.681057739257812500e+02
2.625861816406250000e+02
2.567482604980468750e+02
2.562593994140625000e+02
2.587481994628906250e+02
2.643397827148437500e+02
2.637153015136718750e+02
2.618988952636718750e+02
2.600490112304687500e+02
2.578213500976562500e+02
2.550559082031250000e+02
2.534401550292968750e+02
2.526428375244140625e+02
2.544283294677734375e+02
2.560201416015625000e+02
2.572059020996093750e+02
2.548417053222656250e+02
2.508066711425781250e+02
2.464799957275390625e+02
2.457304382324218750e+02
2.452907867431640625e+02
2.459491577148437500e+02
2.460417022705078125e+02
2.481494140625000000e+02
2.517077331542968750e+02
2.601702270507812500e+02
2.614247131347656250e+02
2.526741638183593750e+02
2.496837005615234375e+02
2.506682891845703125e+02
2.502727203369140625e+02
2.498398284912109375e+02
2.500088500976562500e+02
2.490632324218750000e+02
2.450897216796875000e+02
2.434786529541015625e+02
2.430296020507812500e+02
2.463414611816406250e+02
2.476617889404296875e+02
2.479202117919921875e+02
2.442835235595703125e+02
2.402244110107421875e+02
2.378732147216796875e+02
2.396606597900390625e+02
2.419666595458984375e+02
2.439875946044921875e+02
2.457536621093750000e+02
2.458336181640625000e+02
2.444736328125000000e+02
2.420449371337890625e+02
2.395289764404296875e+02
2.400842895507812500e+02
2.424731140136718750e+02
2.440991668701171875e+02
2.421681365966796875e+02
2.401577758789062500e+02
2.386197967529296875e+02
2.409916076660156250e+02
2.426837921142578125e+02
2.453091583251953125e+02
2.466090545654296875e+02
2.481025543212890625e+02
2.501776275634765625e+02
2.558931732177734375e+02
2.602786865234375000e+02
2.594495849609375000e+02
2.566636962890625000e+02
2.538615875244140625e+02
2.521889038085937500e+02
2.508864898681640625e+02
2.491194152832031250e+02
2.487739715576171875e+02
2.499532775878906250e+02
2.505406341552734375e+02
2.521697540283203125e+02
2.556787414550781250e+02
2.588280029296875000e+02
2.605126037597656250e+02
2.612573852539062500e+02
2.609580688476562500e+02
2.597003784179687500e+02
2.591967163085937500e+02
2.571945800781250000e+02
2.536273345947265625e+02
2.529727020263671875e+02
2.538469390869140625e+02
2.542016143798828125e+02
2.557722015380859375e+02
2.610281982421875000e+02
2.661763000488281250e+02
2.657321166992187500e+02
2.633252868652343750e+02
2.618628234863281250e+02
2.603144836425781250e+02
2.564861450195312500e+02
2.548063354492187500e+02
2.547804565429687500e+02
2.553697204589843750e+02
2.545500335693359375e+02
2.543090667724609375e+02
2.551439514160156250e+02
2.585532226562500000e+02
2.601239318847656250e+02
2.577422790527343750e+02
2.557859344482421875e+02
2.585873107910156250e+02
2.608163757324218750e+02
2.624286499023437500e+02
2.634693298339843750e+02
2.630628051757812500e+02
2.613753051757812500e+02
2.604319763183593750e+02
2.600589294433593750e+02
2.602965087890625000e+02
2.591092834472656250e+02
2.568012695312500000e+02
2.574427185058593750e+02
2.573213806152343750e+02
2.561488037109375000e+02
2.560086059570312500e+02
2.562638549804687500e+02
2.558667297363281250e+02
2.555188293457031250e+02
2.589168090820312500e+02
2.610007934570312500e+02
2.585372314453125000e+02
2.556375579833984375e+02
2.544582519531250000e+02
2.517536010742187500e+02
2.513481750488281250e+02
2.501860656738281250e+02
2.502869873046875000e+02
2.518187408447265625e+02
2.528432159423828125e+02
2.538936462402343750e+02
2.543151550292968750e+02
2.550311584472656250e+02
2.562885437011718750e+02
2.560102844238281250e+02
2.552000427246093750e+02
2.556423950195312500e+02
2.568138122558593750e+02
2.569622497558593750e+02
2.586899108886718750e+02
2.605838928222656250e+02
2.641903381347656250e+02
2.657585144042968750e+02
2.637545166015625000e+02
2.612615966796875000e+02
2.607551879882812500e+02
2.579693603515625000e+02
2.588801269531250000e+02
2.630902404785156250e+02
2.672575683593750000e+02
2.678138427734375000e+02
2.673135681152343750e+02
2.673005676269531250e+02
2.668781738281250000e+02
2.646678771972656250e+02
2.617172851562500000e+02
2.613283691406250000e+02
2.641075439453125000e+02
2.664018249511718750e+02
2.676745605468750000e+02
2.675314636230468750e+02
2.641076660156250000e+02
2.561385803222656250e+02
2.529275817871093750e+02
2.517052764892578125e+02
2.520529174804687500e+02
2.497905883789062500e+02
2.507197570800781250e+02
2.500160522460937500e+02
2.505960998535156250e+02
2.481368103027343750e+02
2.464915008544921875e+02
2.455001068115234375e+02
2.470278167724609375e+02
2.474819183349609375e+02
2.478944396972656250e+02
2.490644226074218750e+02
2.500970458984375000e+02
2.510517883300781250e+02
2.503193817138671875e+02
2.503692779541015625e+02
2.514781799316406250e+02
2.519359893798828125e+02
2.541623687744140625e+02
2.570316467285156250e+02
2.561645507812500000e+02
2.539746704101562500e+02
2.523890075683593750e+02
2.515748291015625000e+02
2.515894317626953125e+02
2.509748687744140625e+02
2.504569244384765625e+02
2.517164154052734375e+02
2.532495880126953125e+02
2.536288604736328125e+02
2.549527130126953125e+02
2.550553741455078125e+02
2.539264831542968750e+02
2.532742614746093750e+02
2.529656219482421875e+02
2.519446563720703125e+02
2.527664337158203125e+02
2.541622314453125000e+02
2.570512390136718750e+02
2.612336425781250000e+02
2.644605102539062500e+02
2.666862487792968750e+02
2.666403808593750000e+02
2.672405090332031250e+02
2.677682495117187500e+02
2.654559326171875000e+02
2.608515014648437500e+02
2.592982482910156250e+02
2.633297119140625000e+02
2.647545776367187500e+02
2.635305786132812500e+02
2.630664367675781250e+02
2.636685791015625000e+02
2.644206848144531250e+02
2.645039367675781250e+02
2.640094299316406250e+02
2.633382263183593750e+02
2.608002929687500000e+02
2.604812316894531250e+02
2.618792114257812500e+02
2.621217956542968750e+02
2.606343688964843750e+02
2.592497558593750000e+02
2.589535217285156250e+02
2.594022521972656250e+02
2.587441101074218750e+02
2.582970275878906250e+02
2.588674011230468750e+02
2.593356018066406250e+02
2.593497314453125000e+02
2.597360839843750000e+02
2.621069641113281250e+02
2.623121337890625000e+02
2.629128417968750000e+02
2.632360839843750000e+02
2.647348632812500000e+02
2.663452453613281250e+02
2.670229187011718750e+02
2.670354309082031250e+02
2.664302062988281250e+02
2.650648193359375000e+02
2.638391113281250000e+02
2.629175415039062500e+02
2.629170227050781250e+02
2.640216064453125000e+02
2.646420898437500000e+02
2.658339843750000000e+02
2.669467468261718750e+02
2.681759033203125000e+02
2.675885314941406250e+02
2.670329284667968750e+02
2.664368896484375000e+02
2.650057678222656250e+02
2.636634521484375000e+02
2.669567871093750000e+02
2.688780212402343750e+02
2.697465515136718750e+02
2.692726745605468750e+02
2.675645141601562500e+02
2.651313171386718750e+02
2.639855041503906250e+02
2.632027893066406250e+02
2.623399047851562500e+02
2.616234130859375000e+02
2.610678710937500000e+02
2.617252197265625000e+02
2.651421813964843750e+02
2.680598144531250000e+02
2.698898620605468750e+02
2.714325256347656250e+02
2.694876708984375000e+02
2.648435668945312500e+02
2.624899902343750000e+02
2.610733642578125000e+02
2.607243347167968750e+02
2.627193908691406250e+02
2.655605773925781250e+02
2.655910034179687500e+02
2.660157775878906250e+02
2.669275207519531250e+02
2.673730163574218750e+02
2.673500366210937500e+02
2.674864501953125000e+02
2.674872741699218750e+02
2.670317382812500000e+02
2.665649719238281250e+02
2.661097412109375000e+02
2.662506713867187500e+02
2.655012512207031250e+02
2.646488952636718750e+02
2.649544067382812500e+02
2.671330566406250000e+02
2.702414550781250000e+02
2.687377014160156250e+02
2.677619934082031250e+02
2.683738403320312500e+02
2.709379577636718750e+02
2.674263000488281250e+02
2.660735168457031250e+02
2.644334106445312500e+02
2.647816467285156250e+02
2.669120788574218750e+02
2.680963745117187500e+02
2.693400878906250000e+02
2.703645629882812500e+02
2.675093688964843750e+02
2.649031066894531250e+02
2.637841491699218750e+02
2.628934326171875000e+02
2.644815063476562500e+02
2.644251708984375000e+02
2.623874816894531250e+02
2.615998535156250000e+02
2.617655334472656250e+02
2.622382507324218750e+02
2.625274047851562500e+02
2.626006164550781250e+02
2.611199951171875000e+02
2.606175231933593750e+02
2.611531677246093750e+02
2.619863586425781250e+02
2.628755798339843750e+02
2.635616760253906250e+02
2.670249938964843750e+02
2.679085998535156250e+02
2.665705566406250000e+02
2.671527404785156250e+02
2.671881408691406250e+02
2.662708740234375000e+02
2.644136962890625000e+02
2.636423645019531250e+02
2.670976867675781250e+02
2.687966918945312500e+02
2.672800903320312500e+02
2.663790283203125000e+02
2.679357604980468750e+02
2.699746704101562500e+02
2.702745666503906250e+02
2.713060302734375000e+02
2.718520812988281250e+02
2.717793579101562500e+02
2.692795410156250000e+02
2.673466186523437500e+02
2.697848510742187500e+02
2.713456420898437500e+02
2.703553771972656250e+02
2.703839721679687500e+02
2.704340820312500000e+02
2.707599487304687500e+02
2.698808898925781250e+02
2.697198486328125000e+02
2.699746704101562500e+02
2.702348632812500000e+02
2.694796752929687500e+02
2.683489685058593750e+02
2.677320251464843750e+02
2.687507019042968750e+02
2.684339904785156250e+02
2.669748229980468750e+02
2.691990356445312500e+02
2.694101867675781250e+02
2.678383178710937500e+02
2.661501464843750000e+02
2.661802978515625000e+02
2.658603210449218750e+02
2.645979919433593750e+02
2.641140441894531250e+02
2.640234680175781250e+02
2.644637145996093750e+02
2.651965942382812500e+02
2.661320800781250000e+02
2.668107910156250000e+02
2.684651184082031250e+02
2.678580322265625000e+02
2.674463806152343750e+02
2.672694091796875000e+02
2.678252563476562500e+02
2.668394775390625000e+02
2.650822753906250000e+02
2.655986328125000000e+02
2.664695129394531250e+02
2.658994445800781250e+02
2.637278747558593750e+02
2.629535827636718750e+02
2.631284484863281250e+02
2.634819335937500000e+02
2.639527893066406250e+02
2.634202880859375000e+02
2.634511108398437500e+02
2.637213134765625000e+02
2.650761108398437500e+02
2.658403015136718750e+02
2.660919799804687500e+02
2.658569030761718750e+02
2.648233642578125000e+02
2.651845703125000000e+02
2.651403198242187500e+02
2.658238220214843750e+02
2.654839782714843750e+02
2.660038452148437500e+02
2.650050659179687500e+02
2.656907043457031250e+02
2.655780334472656250e+02
2.648903503417968750e+02
2.639607543945312500e+02
2.660354003906250000e+02
2.664428710937500000e+02
2.671362609863281250e+02
2.689408569335937500e+02
2.706059265136718750e+02
2.710939025878906250e+02
2.715437622070312500e+02
2.714310607910156250e+02
2.706268615722656250e+02
2.706430969238281250e+02
2.706472778320312500e+02
2.707402343750000000e+02
2.678795471191406250e+02
2.664241943359375000e+02
2.665964660644531250e+02
2.670715942382812500e+02
2.669929199218750000e+02
2.668733825683593750e+02
2.666831054687500000e+02
2.660667419433593750e+02
2.656646118164062500e+02
2.656784057617187500e+02
2.654773254394531250e+02
2.655436706542968750e+02
2.664753417968750000e+02
2.662476806640625000e+02
2.667763366699218750e+02
2.665558471679687500e+02
2.666871032714843750e+02
2.668812866210937500e+02
2.672096557617187500e+02
2.682756347656250000e+02
2.690653686523437500e+02
2.699042663574218750e+02
2.700250854492187500e+02
2.698722839355468750e+02
2.697669677734375000e+02
2.700016784667968750e+02
2.695862426757812500e+02
2.708313598632812500e+02
2.708378906250000000e+02
2.711583862304687500e+02
2.703751831054687500e+02
2.707964782714843750e+02
2.709323120117187500e+02
2.711207885742187500e+02
2.708584899902343750e+02
2.710119628906250000e+02
2.704804382324218750e+02
2.698857116699218750e+02
2.702655639648437500e+02
2.708760070800781250e+02
2.708589782714843750e+02
2.708647155761718750e+02
2.711948547363281250e+02
2.718432922363281250e+02
2.721536560058593750e+02
2.720703125000000000e+02
2.722059326171875000e+02
2.721160583496093750e+02
2.716635742187500000e+02
2.713646850585937500e+02
2.705330200195312500e+02
2.708086853027343750e+02
2.712168273925781250e+02
2.713994750976562500e+02
2.720074157714843750e+02
2.725448303222656250e+02
2.722962951660156250e+02
2.721623229980468750e+02
2.730476379394531250e+02
2.733640136718750000e+02
2.726195983886718750e+02
2.725319213867187500e+02
2.725665893554687500e+02
2.726923217773437500e+02
2.717205505371093750e+02
2.689442749023437500e+02
2.681763916015625000e+02
2.702172241210937500e+02
2.695757446289062500e+02
2.687144470214843750e+02
2.689330139160156250e+02
2.681920776367187500e+02
2.688349304199218750e+02
2.688049926757812500e+02
2.688704833984375000e+02
2.678688354492187500e+02
2.694188232421875000e+02
2.699827575683593750e+02
2.703763427734375000e+02
2.710324707031250000e+02
2.703356018066406250e+02
2.701409606933593750e+02
2.712394714355468750e+02
2.714236145019531250e+02
2.710614318847656250e+02
2.708129882812500000e+02
2.714172058105468750e+02
2.724690551757812500e+02
2.716703186035156250e+02
2.708367004394531250e+02
2.703916320800781250e+02
2.713249206542968750e+02
2.704629821777343750e+02
2.699690551757812500e+02
2.706648559570312500e+02
2.714095153808593750e+02
2.713612365722656250e+02
2.710455627441406250e+02
2.705652465820312500e+02
2.705973510742187500e+02
2.699509582519531250e+02
2.691646423339843750e+02
2.697120971679687500e+02
2.698039550781250000e+02
2.691806640625000000e+02
2.687438659667968750e+02
2.676891479492187500e+02
2.682572021484375000e+02
2.698079223632812500e+02
2.703705139160156250e+02
2.686856689453125000e+02
2.693564147949218750e+02
2.709203186035156250e+02
2.709862060546875000e+02
2.710013122558593750e+02
2.713315124511718750e+02
2.712263488769531250e+02
2.702193908691406250e+02
2.713820800781250000e+02
2.731292114257812500e+02
2.724969482421875000e+02
2.721992797851562500e+02
2.726852416992187500e+02
2.734347534179687500e+02
2.723286132812500000e+02
2.718531494140625000e+02
2.717779541015625000e+02
2.724595642089843750e+02
2.725249328613281250e+02
2.724338989257812500e+02
2.708308715820312500e+02
2.701545410156250000e+02
2.692809143066406250e+02
2.688116149902343750e+02
2.693739624023437500e+02
2.700714111328125000e+02
2.702957763671875000e+02
2.698625183105468750e+02
2.705713806152343750e+02
2.710344238281250000e+02
2.709460754394531250e+02
2.706038513183593750e+02
2.715463867187500000e+02
2.715274353027343750e+02
2.704791259765625000e+02
2.698351135253906250e+02
2.714284362792968750e+02
2.721961669921875000e+02
2.717993469238281250e+02
2.713463439941406250e+02
2.733327941894531250e+02
2.738937988281250000e+02
2.727565002441406250e+02
2.717086181640625000e+02
2.727541809082031250e+02
2.728185424804687500e+02
2.719209289550781250e+02
2.716162109375000000e+02
2.719985351562500000e+02
2.718919677734375000e+02
2.719490356445312500e+02
2.713950500488281250e+02
2.724990539550781250e+02
2.726704711914062500e+02
2.717668762207031250e+02
2.710653991699218750e+02
2.724919433593750000e+02
2.728960876464843750e+02
2.716820068359375000e+02
2.706880187988281250e+02
2.728378295898437500e+02
2.729278564453125000e+02
2.724414672851562500e+02
2.713334960937500000e+02
2.712062988281250000e+02
2.711571960449218750e+02
2.717063903808593750e+02
2.720588073730468750e+02
2.729774475097656250e+02
2.737243652343750000e+02
2.730906982421875000e+02
2.727213134765625000e+02
2.731977844238281250e+02
2.732686157226562500e+02
2.730047302246093750e+02
2.728679809570312500e+02
2.729197998046875000e+02
2.724185485839843750e+02
2.713177795410156250e+02
2.707991638183593750e+02
2.702968139648437500e+02
2.709557189941406250e+02
2.712868347167968750e+02
2.715117492675781250e+02
2.709411010742187500e+02
