-1.165161132812500000e-01
6.499023437500000000e-01
2.939453125000000000e+00
5.761718750000000000e+00
6.105468750000000000e+00
5.546875000000000000e+00
5.792968750000000000e+00
4.781250000000000000e+00
5.070312500000000000e+00
3.710937500000000000e+00
4.019531250000000000e+00
3.462890625000000000e+00
2.408203125000000000e+00
-4.055786132812500000e-02
-7.290039062500000000e-01
-1.737304687500000000e+00
-2.513671875000000000e+00
-4.191406250000000000e+00
-4.996093750000000000e+00
-6.453125000000000000e+00
-5.621093750000000000e+00
-3.359375000000000000e+00
-4.238281250000000000e-01
2.702636718750000000e-01
-1.219726562500000000e+00
-2.517578125000000000e+00
-4.281250000000000000e+00
-8.851562500000000000e+00
-9.164062500000000000e+00
-1.100000000000000000e+01
-1.298437500000000000e+01
-1.067187500000000000e+01
-4.453125000000000000e+00
-1.956054687500000000e+00
-1.043945312500000000e+00
-1.559570312500000000e+00
-2.101562500000000000e+00
-3.896484375000000000e+00
-6.031250000000000000e+00
-7.156250000000000000e+00
-5.960937500000000000e+00
-5.703125000000000000e+00
-7.300781250000000000e+00
-7.949218750000000000e+00
-5.453125000000000000e+00
-2.410156250000000000e+00
-1.474609375000000000e+00
-2.517578125000000000e+00
-3.869628906250000000e-01
1.202148437500000000e+00
1.155273437500000000e+00
1.322265625000000000e+00
1.096679687500000000e+00
2.460937500000000000e+00
1.470703125000000000e+00
2.110595703125000000e-01
5.449218750000000000e-01
1.592773437500000000e+00
2.224609375000000000e+00
3.101562500000000000e+00
4.367187500000000000e+00
5.078125000000000000e+00
5.613281250000000000e+00
5.835937500000000000e+00
5.300781250000000000e+00
3.716796875000000000e+00
3.148437500000000000e+00
1.876953125000000000e+00
1.657226562500000000e+00
2.044921875000000000e+00
9.541015625000000000e-01
-5.105590820312500000e-02
-2.417968750000000000e+00
-2.744140625000000000e+00
-3.914062500000000000e+00
-5.882812500000000000e+00
-6.144531250000000000e+00
-5.097656250000000000e+00
-3.880859375000000000e+00
-3.292968750000000000e+00
-2.066406250000000000e+00
9.135742187500000000e-01
8.662109375000000000e-01
5.795898437500000000e-01
-4.350585937500000000e-01
-3.808593750000000000e-01
-8.530273437500000000e-01
-2.708984375000000000e+00
-3.126953125000000000e+00
-2.511718750000000000e+00
-2.671875000000000000e+00
-4.437500000000000000e+00
-4.351562500000000000e+00
-3.238281250000000000e+00
-2.917968750000000000e+00
-3.056640625000000000e+00
-2.173828125000000000e+00
1.365966796875000000e-01
7.963867187500000000e-01
9.018554687500000000e-01
1.920898437500000000e+00
1.964843750000000000e+00
2.552734375000000000e+00
2.449218750000000000e+00
2.679687500000000000e+00
3.101562500000000000e+00
2.630859375000000000e+00
2.917968750000000000e+00
3.968750000000000000e+00
3.214843750000000000e+00
1.716796875000000000e+00
-4.536132812500000000e-01
-1.318359375000000000e+00
-2.489013671875000000e-01
1.596679687500000000e+00
2.218750000000000000e+00
1.436523437500000000e+00
9.526367187500000000e-01
1.392578125000000000e+00
1.339843750000000000e+00
5.117187500000000000e-01
-1.796875000000000000e+00
-3.779296875000000000e+00
-5.437500000000000000e+00
-3.099609375000000000e+00
-2.695312500000000000e-01
2.556640625000000000e+00
3.888671875000000000e+00
1.051757812500000000e+00
-5.751953125000000000e-01
-4.257812500000000000e-01
4.971313476562500000e-02
1.405273437500000000e+00
-5.175781250000000000e-01
-1.529296875000000000e+00
-5.523437500000000000e+00
-6.144531250000000000e+00
-7.234375000000000000e+00
-7.367187500000000000e+00
-7.296875000000000000e+00
-5.078125000000000000e+00
-5.218750000000000000e+00
-6.582031250000000000e+00
-9.593750000000000000e+00
-1.031250000000000000e+01
-1.200781250000000000e+01
-1.433593750000000000e+01
-1.645312500000000000e+01
-1.309375000000000000e+01
-1.136718750000000000e+01
-9.921875000000000000e+00
-9.429687500000000000e+00
-5.574218750000000000e+00
-5.296875000000000000e+00
-4.886718750000000000e+00
-5.105468750000000000e+00
-4.503906250000000000e+00
-4.648437500000000000e+00
-3.546875000000000000e+00
-2.048828125000000000e+00
-4.121093750000000000e+00
-9.164062500000000000e+00
-1.113281250000000000e+01
-1.025781250000000000e+01
-5.023437500000000000e+00
-3.000000000000000000e+00
-2.552734375000000000e+00
-2.750000000000000000e+00
-1.846679687500000000e+00
-3.048828125000000000e+00
-6.035156250000000000e+00
-1.141406250000000000e+01
-1.087500000000000000e+01
-1.047656250000000000e+01
-9.023437500000000000e+00
-8.593750000000000000e+00
-5.523437500000000000e+00
-5.265625000000000000e+00
-6.820312500000000000e+00
-8.367187500000000000e+00
-6.234375000000000000e+00
-3.167968750000000000e+00
-3.353515625000000000e+00
-3.082031250000000000e+00
-2.554687500000000000e+00
-2.912109375000000000e+00
-3.076171875000000000e+00
-4.199218750000000000e+00
-2.185546875000000000e+00
-1.677734375000000000e+00
5.756835937500000000e-01
1.926757812500000000e+00
3.539062500000000000e+00
4.367187500000000000e+00
5.316406250000000000e+00
7.320312500000000000e+00
6.484375000000000000e+00
4.253906250000000000e+00
1.521484375000000000e+00
-1.380859375000000000e+00
-5.199218750000000000e+00
-7.570312500000000000e+00
-9.195312500000000000e+00
-1.226562500000000000e+01
-1.110156250000000000e+01
-8.218750000000000000e+00
-7.296875000000000000e+00
-8.710937500000000000e+00
-9.953125000000000000e+00
-1.006250000000000000e+01
-1.368750000000000000e+01
-1.442968750000000000e+01
-1.243750000000000000e+01
-1.316406250000000000e+01
-1.521093750000000000e+01
-1.603125000000000000e+01
-1.782812500000000000e+01
-1.703125000000000000e+01
-1.473437500000000000e+01
-1.179687500000000000e+01
-1.017187500000000000e+01
-8.062500000000000000e+00
-7.109375000000000000e+00
-6.636718750000000000e+00
-4.949218750000000000e+00
-4.339843750000000000e+00
-4.929687500000000000e+00
-5.203125000000000000e+00
-4.683593750000000000e+00
-5.871093750000000000e+00
-8.031250000000000000e+00
-7.648437500000000000e+00
-4.125000000000000000e+00
5.639648437500000000e-01
3.128906250000000000e+00
4.199218750000000000e+00
4.164062500000000000e+00
3.015625000000000000e+00
2.974609375000000000e+00
2.187500000000000000e+00
1.302734375000000000e+00
-7.729492187500000000e-01
-3.652343750000000000e-01
1.125000000000000000e+00
2.228515625000000000e+00
2.435546875000000000e+00
1.924804687500000000e+00
1.382812500000000000e+00
-4.414062500000000000e-01
-8.559570312500000000e-01
-1.237304687500000000e+00
-4.022216796875000000e-02
6.293945312500000000e-01
1.268554687500000000e+00
-2.413330078125000000e-01
-2.767578125000000000e+00
-4.277343750000000000e+00
-3.636718750000000000e+00
-4.691406250000000000e+00
-8.507812500000000000e+00
-1.126562500000000000e+01
-9.632812500000000000e+00
-7.628906250000000000e+00
-3.533203125000000000e+00
6.166992187500000000e-01
3.724609375000000000e+00
3.017578125000000000e+00
1.578125000000000000e+00
9.331054687500000000e-01
2.947265625000000000e+00
3.978515625000000000e+00
4.042968750000000000e+00
4.750000000000000000e+00
4.203125000000000000e+00
3.138671875000000000e+00
2.320312500000000000e+00
6.562500000000000000e-01
2.671875000000000000e+00
2.250000000000000000e+00
3.763671875000000000e+00
3.753906250000000000e+00
4.046875000000000000e+00
2.449218750000000000e+00
-9.892578125000000000e-01
-3.324218750000000000e+00
-5.417968750000000000e+00
-6.968750000000000000e+00
-9.132812500000000000e+00
-1.026562500000000000e+01
-9.585937500000000000e+00
-1.193750000000000000e+01
-1.158593750000000000e+01
-9.914062500000000000e+00
-6.832031250000000000e+00
-5.507812500000000000e+00
-7.093750000000000000e+00
-9.984375000000000000e+00
-1.250781250000000000e+01
-1.550781250000000000e+01
-1.014843750000000000e+01
-2.154296875000000000e+00
4.228515625000000000e-01
1.184570312500000000e+00
2.149658203125000000e-01
-1.034179687500000000e+00
-9.726562500000000000e-01
9.082031250000000000e-01
4.394531250000000000e+00
7.851562500000000000e+00
9.414062500000000000e+00
1.012500000000000000e+01
1.161718750000000000e+01
9.585937500000000000e+00
6.613281250000000000e+00
4.046875000000000000e+00
1.127929687500000000e+00
5.795898437500000000e-01
-8.657226562500000000e-01
-2.478515625000000000e+00
-3.107421875000000000e+00
-2.537109375000000000e+00
-1.517578125000000000e+00
-1.570312500000000000e+00
-2.197265625000000000e+00
-2.875000000000000000e+00
-1.228515625000000000e+00
-2.667968750000000000e+00
-3.082031250000000000e+00
-5.574218750000000000e+00
-6.546875000000000000e+00
-7.093750000000000000e+00
-6.890625000000000000e+00
-5.941406250000000000e+00
-4.765625000000000000e+00
-4.449218750000000000e+00
-2.789062500000000000e+00
-2.150390625000000000e+00
-7.094726562500000000e-01
-6.533203125000000000e-01
-8.648681640625000000e-02
5.517578125000000000e-01
1.222656250000000000e+00
-9.360351562500000000e-01
-4.746093750000000000e+00
-1.036718750000000000e+01
-1.284375000000000000e+01
-1.657812500000000000e+01
-1.814062500000000000e+01
-1.542968750000000000e+01
-1.347656250000000000e+01
-1.112500000000000000e+01
-7.578125000000000000e+00
-6.058593750000000000e+00
-3.041015625000000000e+00
-2.013671875000000000e+00
-3.994140625000000000e-01
6.000976562500000000e-01
3.320312500000000000e+00
4.117187500000000000e+00
5.648437500000000000e+00
4.164062500000000000e+00
2.611328125000000000e+00
-1.944335937500000000e+00
-6.574218750000000000e+00
-8.554687500000000000e+00
-1.050000000000000000e+01
-1.186718750000000000e+01
-9.500000000000000000e+00
-7.394531250000000000e+00
-5.457031250000000000e+00
-3.300781250000000000e+00
5.546875000000000000e-01
2.376953125000000000e+00
2.466796875000000000e+00
1.143554687500000000e+00
-1.844726562500000000e+00
-5.812500000000000000e+00
-8.367187500000000000e+00
-9.875000000000000000e+00
-8.882812500000000000e+00
-4.234375000000000000e+00
-1.028320312500000000e+00
1.671142578125000000e-01
2.954101562500000000e-01
1.499023437500000000e+00
8.574218750000000000e-01
1.725585937500000000e+00
2.765625000000000000e+00
3.460937500000000000e+00
1.606445312500000000e+00
1.387939453125000000e-01
-2.328125000000000000e+00
-3.685546875000000000e+00
-2.224609375000000000e+00
-1.417968750000000000e+00
2.325439453125000000e-01
4.697265625000000000e-01
1.191406250000000000e+00
6.113281250000000000e-01
-6.713867187500000000e-01
-3.076171875000000000e+00
-5.628906250000000000e+00
-8.007812500000000000e+00
-8.382812500000000000e+00
-7.351562500000000000e+00
-5.562500000000000000e+00
-4.812500000000000000e+00
-4.648437500000000000e+00
-5.023437500000000000e+00
-5.511718750000000000e+00
-5.203125000000000000e+00
-4.640625000000000000e+00
-5.351562500000000000e+00
-4.187500000000000000e+00
7.407226562500000000e-01
4.320312500000000000e+00
4.488281250000000000e+00
3.541015625000000000e+00
2.316406250000000000e+00
1.695312500000000000e+00
9.702148437500000000e-01
3.683593750000000000e+00
6.632812500000000000e+00
6.308593750000000000e+00
3.626953125000000000e+00
2.808593750000000000e+00
3.757812500000000000e+00
4.359375000000000000e+00
3.736328125000000000e+00
1.425781250000000000e+00
1.454101562500000000e+00
-1.570312500000000000e+00
-2.302734375000000000e+00
4.308593750000000000e+00
6.726562500000000000e+00
5.925781250000000000e+00
2.675781250000000000e+00
1.194335937500000000e+00
2.400390625000000000e+00
4.078125000000000000e+00
2.656250000000000000e+00
1.927490234375000000e-01
4.441406250000000000e+00
6.683593750000000000e+00
5.753906250000000000e+00
5.800781250000000000e+00
6.828125000000000000e+00
6.535156250000000000e+00
5.800781250000000000e+00
3.595703125000000000e+00
3.769531250000000000e+00
2.328125000000000000e+00
-4.066406250000000000e+00
-4.996093750000000000e+00
2.302246093750000000e-01
3.632812500000000000e+00
2.761718750000000000e+00
1.178906250000000000e+01
1.228906250000000000e+01
1.146875000000000000e+01
9.023437500000000000e+00
7.058593750000000000e+00
4.136718750000000000e+00
7.164062500000000000e+00
1.557031250000000000e+01
1.223437500000000000e+01
4.757812500000000000e+00
2.386718750000000000e+00
8.257812500000000000e+00
1.387500000000000000e+01
1.284375000000000000e+01
8.273437500000000000e+00
7.671875000000000000e+00
6.226562500000000000e+00
4.539062500000000000e+00
3.371093750000000000e+00
1.375976562500000000e+00
1.700439453125000000e-01
-5.585937500000000000e-01
-1.679687500000000000e+00
-5.050781250000000000e+00
-7.964843750000000000e+00
-9.000000000000000000e+00
-8.414062500000000000e+00
-8.523437500000000000e+00
-8.507812500000000000e+00
-8.695312500000000000e+00
-9.406250000000000000e+00
-9.828125000000000000e+00
-9.359375000000000000e+00
-9.468750000000000000e+00
-9.671875000000000000e+00
-9.781250000000000000e+00
-9.695312500000000000e+00
-8.078125000000000000e+00
-8.898437500000000000e+00
-8.523437500000000000e+00
-7.988281250000000000e+00
-7.570312500000000000e+00
-7.175781250000000000e+00
-5.906250000000000000e+00
-4.234375000000000000e+00
-8.257812500000000000e+00
-1.209375000000000000e+01
-1.433593750000000000e+01
-1.455468750000000000e+01
-1.341406250000000000e+01
-1.225781250000000000e+01
-7.613281250000000000e+00
-5.148437500000000000e+00
-5.007812500000000000e+00
-5.476562500000000000e+00
-4.964843750000000000e+00
-5.882812500000000000e+00
-7.699218750000000000e+00
-9.273437500000000000e+00
-1.013281250000000000e+01
-9.476562500000000000e+00
-8.695312500000000000e+00
-8.531250000000000000e+00
-9.125000000000000000e+00
-1.013281250000000000e+01
-7.656250000000000000e+00
-4.425781250000000000e+00
-3.265625000000000000e+00
-3.750000000000000000e+00
-3.886718750000000000e+00
-3.800781250000000000e+00
-4.171875000000000000e+00
-5.449218750000000000e+00
-6.285156250000000000e+00
-5.941406250000000000e+00
-6.500000000000000000e+00
-7.835937500000000000e+00
-8.640625000000000000e+00
-7.613281250000000000e+00
-7.210937500000000000e+00
-6.132812500000000000e+00
-1.341796875000000000e+00
-1.706054687500000000e+00
-8.226562500000000000e+00
-1.195312500000000000e+01
-9.062500000000000000e+00
-5.085937500000000000e+00
1.016845703125000000e-01
-4.575195312500000000e-01
3.217773437500000000e-01
2.314453125000000000e+00
3.808593750000000000e+00
3.707031250000000000e+00
2.960937500000000000e+00
3.183593750000000000e+00
3.507812500000000000e+00
4.667968750000000000e+00
4.308593750000000000e+00
3.632812500000000000e+00
2.703125000000000000e+00
1.571289062500000000e+00
8.452148437500000000e-01
1.157226562500000000e+00
6.616210937500000000e-01
-5.776367187500000000e-01
-5.960083007812500000e-02
-1.231689453125000000e-01
7.133789062500000000e-01
5.405273437500000000e-01
-2.324218750000000000e-01
-6.655273437500000000e-01
-3.406250000000000000e+00
-4.742187500000000000e+00
-6.488281250000000000e+00
-5.578125000000000000e+00
-6.035156250000000000e+00
-6.812500000000000000e+00
-5.933593750000000000e+00
-3.214843750000000000e+00
1.103515625000000000e+00
5.164062500000000000e+00
6.003906250000000000e+00
3.775390625000000000e+00
-1.277343750000000000e+00
-7.187500000000000000e+00
-1.082812500000000000e+01
-1.230468750000000000e+01
-1.385156250000000000e+01
-1.192187500000000000e+01
-1.135937500000000000e+01
-1.216406250000000000e+01
-1.081250000000000000e+01
-7.937500000000000000e+00
-7.148437500000000000e+00
-8.843750000000000000e+00
-1.152343750000000000e+01
-1.397656250000000000e+01
-1.754687500000000000e+01
-1.709375000000000000e+01
-1.837500000000000000e+01
-1.490625000000000000e+01
-9.476562500000000000e+00
-8.015625000000000000e+00
-5.152343750000000000e+00
-4.046875000000000000e+00
-8.304687500000000000e+00
-1.329687500000000000e+01
-1.434375000000000000e+01
-1.129687500000000000e+01
-6.292968750000000000e+00
-2.160156250000000000e+00
7.607421875000000000e-01
-1.306152343750000000e-01
-2.062500000000000000e+00
-1.471679687500000000e+00
-1.433593750000000000e+00
2.675781250000000000e-01
1.306640625000000000e+00
2.460937500000000000e+00
1.287109375000000000e+00
1.560546875000000000e+00
1.187500000000000000e+00
2.335937500000000000e+00
1.578125000000000000e+00
1.996093750000000000e+00
-2.519531250000000000e-01
-6.694335937500000000e-01
-2.673828125000000000e+00
-2.416015625000000000e+00
-3.302734375000000000e+00
-3.429687500000000000e+00
-4.457031250000000000e+00
-4.039062500000000000e+00
-4.230468750000000000e+00
-4.871093750000000000e+00
-4.484375000000000000e+00
-3.921875000000000000e+00
-3.146484375000000000e+00
-3.500976562500000000e-01
2.207031250000000000e+00
4.003906250000000000e+00
5.003906250000000000e+00
4.613281250000000000e+00
4.105468750000000000e+00
2.212890625000000000e+00
6.870117187500000000e-01
2.603515625000000000e+00
1.786132812500000000e+00
3.423828125000000000e+00
7.703125000000000000e+00
1.239843750000000000e+01
1.400000000000000000e+01
1.272656250000000000e+01
7.378906250000000000e+00
-9.042968750000000000e-01
4.851074218750000000e-01
6.046875000000000000e+00
1.987304687500000000e+00
-1.846679687500000000e+00
1.118164062500000000e-01
5.654296875000000000e-01
-3.376953125000000000e+00
-3.162109375000000000e+00
-3.457031250000000000e-01
-4.449218750000000000e+00
-7.128906250000000000e+00
-6.308593750000000000e+00
-4.824218750000000000e+00
-3.392578125000000000e+00
-2.724609375000000000e+00
-5.703125000000000000e+00
-9.554687500000000000e+00
-7.027343750000000000e+00
-6.203125000000000000e+00
-6.144531250000000000e+00
-1.966796875000000000e+00
1.091796875000000000e+00
7.250000000000000000e+00
1.010156250000000000e+01
9.070312500000000000e+00
1.024218750000000000e+01
1.077343750000000000e+01
1.054687500000000000e+01
6.308593750000000000e+00
1.181640625000000000e+00
-6.234375000000000000e+00
-1.004687500000000000e+01
-3.544921875000000000e-01
6.347656250000000000e+00
1.035156250000000000e+01
8.914062500000000000e+00
6.257812500000000000e+00
1.988281250000000000e+00
-2.392578125000000000e-01
9.414062500000000000e-01
3.396484375000000000e+00
2.005859375000000000e+00
8.857421875000000000e-01
4.948730468750000000e-01
7.143554687500000000e-01
3.162109375000000000e+00
5.781250000000000000e+00
7.156250000000000000e+00
6.691406250000000000e+00
6.898437500000000000e+00
5.027343750000000000e+00
1.911132812500000000e+00
-2.050781250000000000e+00
-4.742187500000000000e+00
-2.492187500000000000e+00
1.273437500000000000e+00
3.478515625000000000e+00
3.935546875000000000e+00
4.273437500000000000e+00
2.751953125000000000e+00
-5.620117187500000000e-01
-2.617187500000000000e+00
-1.208007812500000000e+00
-2.142333984375000000e-01
-3.175781250000000000e+00
-5.578125000000000000e+00
-6.046875000000000000e+00
-4.007812500000000000e+00
4.515625000000000000e+00
1.011718750000000000e+01
8.367187500000000000e+00
5.148437500000000000e+00
1.769531250000000000e+00
-3.825683593750000000e-01
1.712890625000000000e+00
2.261718750000000000e+00
1.905273437500000000e+00
3.232421875000000000e+00
4.742187500000000000e+00
5.152343750000000000e+00
3.199218750000000000e+00
-5.478515625000000000e-01
-4.761718750000000000e+00
-5.609375000000000000e+00
-6.460937500000000000e+00
-6.390625000000000000e+00
-6.808593750000000000e+00
-5.148437500000000000e+00
-3.617187500000000000e+00
-1.262695312500000000e+00
-2.003906250000000000e+00
-2.392578125000000000e+00
-3.255859375000000000e+00
-2.281250000000000000e+00
-1.685546875000000000e+00
-3.659057617187500000e-02
6.640625000000000000e-01
4.113281250000000000e+00
5.562500000000000000e+00
6.988281250000000000e+00
5.355468750000000000e+00
3.699218750000000000e+00
2.031250000000000000e+00
7.196044921875000000e-02
-3.503906250000000000e+00
-6.351562500000000000e+00
-9.718750000000000000e+00
-1.221093750000000000e+01
-1.578125000000000000e+01
-1.793750000000000000e+01
-1.392187500000000000e+01
-9.359375000000000000e+00
-1.080468750000000000e+01
-9.976562500000000000e+00
-1.021093750000000000e+01
-9.742187500000000000e+00
-9.617187500000000000e+00
-7.531250000000000000e+00
-6.855468750000000000e+00
-4.582031250000000000e+00
-2.480468750000000000e+00
2.171630859375000000e-01
-2.041015625000000000e+00
-5.164062500000000000e+00
-4.527343750000000000e+00
-1.667968750000000000e+00
-1.046875000000000000e+00
-9.208984375000000000e-01
-9.238281250000000000e-01
4.650878906250000000e-01
2.248046875000000000e+00
1.737304687500000000e+00
8.085937500000000000e-01
-4.321289062500000000e-01
-1.633789062500000000e+00
-1.961914062500000000e+00
-2.523437500000000000e+00
-6.254882812500000000e-01
5.576171875000000000e-01
1.446289062500000000e+00
1.106445312500000000e+00
1.020507812500000000e+00
-1.395263671875000000e-01
-1.046875000000000000e+00
-3.699218750000000000e+00
-6.925781250000000000e+00
-9.726562500000000000e+00
-1.054687500000000000e+01
-1.126562500000000000e+01
-9.757812500000000000e+00
-3.869140625000000000e+00
-1.087890625000000000e+00
-1.430664062500000000e+00
-2.873046875000000000e+00
-9.382812500000000000e+00
-1.457812500000000000e+01
-1.825000000000000000e+01
-1.393750000000000000e+01
-1.501953125000000000e+00
-3.736328125000000000e+00
-5.441406250000000000e+00
-2.226562500000000000e+00
-1.534179687500000000e+00
-4.109375000000000000e+00
-4.917968750000000000e+00
-4.542968750000000000e+00
-1.671875000000000000e+00
7.480468750000000000e-01
-1.409179687500000000e+00
-4.796875000000000000e+00
-7.859375000000000000e+00
-9.742187500000000000e+00
-1.108593750000000000e+01
-1.211718750000000000e+01
-1.192968750000000000e+01
-1.300000000000000000e+01
-1.431250000000000000e+01
-1.485937500000000000e+01
-1.503125000000000000e+01
-1.502343750000000000e+01
-1.292187500000000000e+01
-1.246875000000000000e+01
-1.307031250000000000e+01
-1.240625000000000000e+01
-1.286718750000000000e+01
-1.046875000000000000e+01
-9.148437500000000000e+00
-7.007812500000000000e+00
-6.492187500000000000e+00
-7.136718750000000000e+00
-7.394531250000000000e+00
-7.246093750000000000e+00
-4.253906250000000000e+00
-5.371093750000000000e-01
1.676757812500000000e+00
3.339843750000000000e+00
4.644531250000000000e+00
6.347656250000000000e+00
8.304687500000000000e+00
9.601562500000000000e+00
9.164062500000000000e+00
9.265625000000000000e+00
7.796875000000000000e+00
5.929687500000000000e+00
2.910156250000000000e+00
4.379882812500000000e-01
2.792968750000000000e-01
-1.628112792968750000e-02
1.314453125000000000e+00
4.621093750000000000e+00
5.414062500000000000e+00
1.068359375000000000e+00
-6.066406250000000000e+00
3.835937500000000000e+00
9.515625000000000000e+00
4.062500000000000000e+00
-2.507812500000000000e+00
-1.847656250000000000e+00
-2.500000000000000000e+00
4.386718750000000000e+00
6.906250000000000000e+00
7.710937500000000000e+00
7.290039062500000000e-01
-6.906250000000000000e+00
-1.202343750000000000e+01
-1.341406250000000000e+01
-8.710937500000000000e+00
2.890625000000000000e+00
-4.992187500000000000e+00
-3.841796875000000000e+00
-2.683593750000000000e+00
-1.774414062500000000e+00
-2.460937500000000000e+00
-4.394531250000000000e+00
-5.671875000000000000e+00
-4.925781250000000000e+00
-3.470703125000000000e+00
-1.997070312500000000e+00
-1.411132812500000000e+00
7.338867187500000000e-01
-8.393554687500000000e-01
-1.831054687500000000e+00
-3.873046875000000000e+00
-5.308593750000000000e+00
-7.773437500000000000e+00
-3.832031250000000000e+00
-3.787109375000000000e+00
-1.971679687500000000e+00
-4.347656250000000000e+00
-1.621093750000000000e+00
-1.384765625000000000e+00
-2.517578125000000000e+00
-4.046875000000000000e+00
-5.460937500000000000e+00
-6.152343750000000000e+00
-7.156250000000000000e+00
-6.277343750000000000e+00
-6.238281250000000000e+00
-4.976562500000000000e+00
-5.285156250000000000e+00
-6.058593750000000000e+00
-6.109375000000000000e+00
-4.656250000000000000e+00
-3.960937500000000000e+00
-7.675781250000000000e-01
3.013671875000000000e+00
5.496093750000000000e+00
6.683593750000000000e+00
5.335937500000000000e+00
6.884765625000000000e-01
-2.039062500000000000e+00
-3.654296875000000000e+00
-2.136718750000000000e+00
1.110351562500000000e+00
2.791015625000000000e+00
3.119140625000000000e+00
3.082031250000000000e+00
4.414062500000000000e+00
4.488281250000000000e+00
3.980468750000000000e+00
3.822265625000000000e+00
4.527343750000000000e+00
4.046875000000000000e+00
1.878906250000000000e+00
-3.130859375000000000e+00
-6.570312500000000000e+00
-4.765625000000000000e+00
3.710937500000000000e+00
1.028906250000000000e+01
9.625000000000000000e+00
1.016406250000000000e+01
1.039843750000000000e+01
8.406250000000000000e+00
5.914062500000000000e+00
4.617187500000000000e+00
5.578125000000000000e+00
4.714843750000000000e+00
8.617187500000000000e+00
7.636718750000000000e+00
6.882812500000000000e+00
5.835937500000000000e+00
5.148437500000000000e+00
6.406250000000000000e+00
7.742187500000000000e+00
6.929687500000000000e+00
2.753906250000000000e+00
4.562988281250000000e-01
6.496093750000000000e+00
7.511718750000000000e+00
5.140625000000000000e+00
5.166015625000000000e-01
-3.763671875000000000e+00
-6.667968750000000000e+00
-5.398437500000000000e+00
6.398437500000000000e+00
1.129687500000000000e+01
1.145312500000000000e+01
1.150000000000000000e+01
8.640625000000000000e+00
6.988281250000000000e+00
5.289062500000000000e+00
4.210937500000000000e+00
2.505859375000000000e+00
1.437500000000000000e+00
-2.572265625000000000e+00
-4.835937500000000000e+00
-5.941406250000000000e+00
-6.105468750000000000e+00
-6.484375000000000000e+00
-7.328125000000000000e+00
-8.664062500000000000e+00
-8.992187500000000000e+00
-8.625000000000000000e+00
-7.929687500000000000e+00
-9.046875000000000000e+00
-7.523437500000000000e+00
-5.000000000000000000e+00
-1.876953125000000000e+00
8.945312500000000000e-01
2.921875000000000000e+00
2.693359375000000000e+00
8.251953125000000000e-01
-6.704101562500000000e-01
-1.820312500000000000e+00
-2.859375000000000000e+00
-2.318359375000000000e+00
-4.015625000000000000e+00
-4.921875000000000000e+00
-5.265625000000000000e+00
-3.998046875000000000e+00
-2.767578125000000000e+00
-2.132812500000000000e+00
-2.574218750000000000e+00
-2.771484375000000000e+00
-1.958007812500000000e+00
4.833984375000000000e-01
2.070312500000000000e+00
3.892578125000000000e+00
6.050781250000000000e+00
1.151562500000000000e+01
9.742187500000000000e+00
1.191406250000000000e+01
1.145312500000000000e+01
1.193750000000000000e+01
1.180468750000000000e+01
1.010156250000000000e+01
5.890625000000000000e+00
5.058593750000000000e+00
1.055468750000000000e+01
1.407812500000000000e+01
1.468750000000000000e+01
1.946875000000000000e+01
1.520312500000000000e+01
1.355468750000000000e+01
9.484375000000000000e+00
5.203125000000000000e+00
7.246093750000000000e-01
-4.800781250000000000e+00
-1.541406250000000000e+01
-1.557031250000000000e+01
-8.195312500000000000e+00
-2.632812500000000000e+00
4.156250000000000000e+00
8.710937500000000000e+00
7.187500000000000000e+00
2.576171875000000000e+00
-4.902343750000000000e+00
7.937500000000000000e+00
1.163281250000000000e+01
9.437500000000000000e+00
7.644531250000000000e+00
5.070312500000000000e+00
-1.832031250000000000e+00
-7.035156250000000000e+00
-7.386718750000000000e+00
-5.136718750000000000e+00
-4.917968750000000000e+00
-1.503906250000000000e+00
3.960937500000000000e+00
1.558593750000000000e+00
-6.132812500000000000e+00
-6.093750000000000000e+00
-3.587890625000000000e+00
4.832031250000000000e+00
1.606250000000000000e+01
1.196875000000000000e+01
1.262695312500000000e+00
-1.129687500000000000e+01
-3.468750000000000000e+00
4.093750000000000000e+00
1.152343750000000000e+01
1.437500000000000000e+01
1.522656250000000000e+01
9.375000000000000000e+00
3.755859375000000000e+00
-1.539062500000000000e+00
-1.937500000000000000e+00
-1.850585937500000000e+00
3.623046875000000000e-01
9.628906250000000000e-01
1.015472412109375000e-02
-3.136718750000000000e+00
-4.414062500000000000e+00
-2.226562500000000000e+00
5.761718750000000000e-01
3.160156250000000000e+00
4.058593750000000000e+00
1.310546875000000000e+00
-8.959960937500000000e-01
-2.642578125000000000e+00
-2.232421875000000000e+00
-3.191406250000000000e+00
-1.598632812500000000e+00
3.903808593750000000e-01
4.221191406250000000e-01
1.436523437500000000e+00
3.693359375000000000e+00
5.894531250000000000e+00
8.203125000000000000e+00
8.664062500000000000e+00
7.835937500000000000e+00
6.460937500000000000e+00
5.648437500000000000e+00
6.050781250000000000e+00
4.109375000000000000e+00
3.305664062500000000e-01
-4.058593750000000000e+00
-7.890625000000000000e+00
-8.984375000000000000e+00
-1.052343750000000000e+01
-1.260156250000000000e+01
-1.435937500000000000e+01
-1.403125000000000000e+01
-1.015625000000000000e+01
-7.546875000000000000e+00
-5.300781250000000000e+00
-3.095703125000000000e+00
-1.139648437500000000e+00
7.016601562500000000e-01
2.609375000000000000e+00
5.253906250000000000e+00
4.332031250000000000e+00
3.828125000000000000e+00
1.963867187500000000e+00
-2.531250000000000000e+00
-4.687500000000000000e+00
-4.777343750000000000e+00
-5.968750000000000000e+00
-4.742187500000000000e+00
-4.917968750000000000e+00
-5.917968750000000000e+00
-8.867187500000000000e+00
-9.937500000000000000e+00
-8.570312500000000000e+00
-8.296875000000000000e+00
-8.203125000000000000e+00
-4.578125000000000000e+00
1.315429687500000000e+00
4.527343750000000000e+00
7.164062500000000000e+00
4.886718750000000000e+00
-2.191406250000000000e+00
-1.066406250000000000e+01
-1.530273437500000000e+00
7.398437500000000000e+00
6.515625000000000000e+00
6.242187500000000000e+00
1.203125000000000000e+00
-3.904296875000000000e+00
-4.777343750000000000e+00
-3.996093750000000000e+00
-1.536132812500000000e+00
1.936523437500000000e+00
3.876953125000000000e+00
3.193359375000000000e+00
1.402343750000000000e+00
-6.625976562500000000e-01
-3.417968750000000000e-01
1.478515625000000000e+00
4.941406250000000000e+00
6.132812500000000000e+00
4.187500000000000000e+00
-2.678222656250000000e-01
-6.398437500000000000e+00
-1.202343750000000000e+01
-1.687500000000000000e+01
-1.524218750000000000e+01
-1.127343750000000000e+01
-5.949218750000000000e+00
-1.390625000000000000e+00
1.122070312500000000e+00
1.467773437500000000e+00
-2.174072265625000000e-01
-3.214843750000000000e+00
-8.093750000000000000e+00
-1.240625000000000000e+01
-1.695312500000000000e+01
-1.910937500000000000e+01
-1.828125000000000000e+01
-1.682812500000000000e+01
-1.168750000000000000e+01
-8.945312500000000000e+00
-8.507812500000000000e+00
-9.015625000000000000e+00
-5.816406250000000000e+00
-2.863281250000000000e+00
-1.509765625000000000e+00
-2.078125000000000000e+00
-1.578125000000000000e+00
-9.233398437500000000e-01
-8.847656250000000000e-01
-9.970703125000000000e-01
4.033203125000000000e-01
2.449218750000000000e+00
4.257812500000000000e+00
5.707031250000000000e+00
5.753906250000000000e+00
4.273437500000000000e+00
1.380859375000000000e+00
-1.892578125000000000e+00
-5.644531250000000000e+00
-7.066406250000000000e+00
-7.988281250000000000e+00
-8.570312500000000000e+00
-7.984375000000000000e+00
-7.429687500000000000e+00
-7.382812500000000000e+00
-9.414062500000000000e+00
-1.006250000000000000e+01
-8.078125000000000000e+00
-6.246093750000000000e+00
-6.433593750000000000e+00
-7.281250000000000000e+00
-8.734375000000000000e+00
-7.992187500000000000e+00
-7.398437500000000000e+00
-5.917968750000000000e+00
-3.441406250000000000e+00
-1.929687500000000000e+00
-1.700195312500000000e+00
-1.799804687500000000e+00
-2.671875000000000000e+00
-3.136718750000000000e+00
-5.371093750000000000e+00
-5.914062500000000000e+00
-4.628906250000000000e+00
-4.371093750000000000e+00
-5.140625000000000000e+00
-3.552734375000000000e+00
8.056640625000000000e-02
2.642578125000000000e+00
5.492187500000000000e+00
7.222656250000000000e+00
7.324218750000000000e+00
6.101562500000000000e+00
3.148437500000000000e+00
-2.650390625000000000e+00
-6.296875000000000000e+00
-7.066406250000000000e+00
-2.406250000000000000e+00
2.548828125000000000e+00
5.346679687500000000e-01
-3.400390625000000000e+00
-5.093750000000000000e+00
4.868164062500000000e-01
5.617187500000000000e+00
6.121093750000000000e+00
7.757812500000000000e+00
5.753906250000000000e+00
5.382812500000000000e+00
4.863281250000000000e+00
3.939453125000000000e+00
9.150390625000000000e-01
-2.543945312500000000e-01
-8.378906250000000000e-01
-1.917968750000000000e+00
-2.591796875000000000e+00
-2.501953125000000000e+00
-3.386718750000000000e+00
-4.433593750000000000e+00
-3.800781250000000000e+00
-3.380859375000000000e+00
-3.460937500000000000e+00
-5.152343750000000000e+00
-3.511718750000000000e+00
-2.171875000000000000e+00
-2.265625000000000000e+00
-5.140625000000000000e+00
-6.316406250000000000e+00
-6.773437500000000000e+00
-6.628906250000000000e+00
-6.406250000000000000e+00
-3.533203125000000000e+00
4.648437500000000000e-01
2.824218750000000000e+00
6.066406250000000000e+00
6.039062500000000000e+00
3.246093750000000000e+00
-4.157714843750000000e-01
-5.433593750000000000e+00
-1.000781250000000000e+01
-1.131250000000000000e+01
-9.445312500000000000e+00
-6.167968750000000000e+00
-3.701171875000000000e+00
-1.154296875000000000e+00
-1.893554687500000000e+00
-2.414062500000000000e+00
-7.895507812500000000e-01
1.927734375000000000e+00
3.539062500000000000e+00
5.117187500000000000e+00
5.863281250000000000e+00
4.742187500000000000e+00
2.412109375000000000e+00
1.597656250000000000e+00
8.666992187500000000e-01
1.460937500000000000e+00
1.012695312500000000e+00
1.273437500000000000e+00
1.073242187500000000e+00
1.940429687500000000e+00
7.426757812500000000e-01
6.323242187500000000e-02
-1.854492187500000000e+00
-1.516601562500000000e+00
-2.130859375000000000e+00
-4.019531250000000000e+00
-5.128906250000000000e+00
-2.947265625000000000e+00
-1.530273437500000000e+00
-7.441406250000000000e-01
-1.639404296875000000e-01
1.600585937500000000e+00
1.164062500000000000e+00
-1.894531250000000000e-01
-1.285156250000000000e+00
-2.595703125000000000e+00
-2.289062500000000000e+00
-1.881835937500000000e+00
-5.473632812500000000e-01
1.856445312500000000e+00
1.688476562500000000e+00
3.339843750000000000e+00
2.964843750000000000e+00
2.912109375000000000e+00
1.171875000000000000e+00
-2.158203125000000000e+00
-5.023437500000000000e+00
-5.773437500000000000e+00
-5.398437500000000000e+00
-5.261718750000000000e+00
-4.328125000000000000e+00
-3.734375000000000000e+00
-3.632812500000000000e+00
-3.873046875000000000e+00
-3.289062500000000000e+00
-3.541015625000000000e+00
-2.175781250000000000e+00
-1.662109375000000000e+00
-4.667968750000000000e-01
1.729736328125000000e-01
1.931640625000000000e+00
2.494140625000000000e+00
3.394531250000000000e+00
2.968750000000000000e+00
3.800781250000000000e+00
4.921875000000000000e+00
4.613281250000000000e+00
4.929687500000000000e+00
4.855468750000000000e+00
5.828125000000000000e+00
5.167968750000000000e+00
4.539062500000000000e+00
4.566406250000000000e+00
3.429687500000000000e+00
1.794921875000000000e+00
2.421875000000000000e+00
2.732421875000000000e+00
3.734375000000000000e+00
3.828125000000000000e+00
4.015625000000000000e+00
4.835937500000000000e+00
5.363281250000000000e+00
5.515625000000000000e+00
6.066406250000000000e+00
9.281250000000000000e+00
1.178906250000000000e+01
1.047656250000000000e+01
8.335937500000000000e+00
7.335937500000000000e+00
7.003906250000000000e+00
2.947265625000000000e+00
1.887695312500000000e+00
2.171875000000000000e+00
4.183593750000000000e+00
1.011718750000000000e+00
-3.025390625000000000e+00
-6.074218750000000000e+00
-6.148437500000000000e+00
-8.447265625000000000e-01
3.764648437500000000e-01
4.042968750000000000e+00
6.757812500000000000e+00
7.062500000000000000e+00
6.542968750000000000e+00
7.476562500000000000e+00
7.929687500000000000e+00
3.439453125000000000e+00
-3.974609375000000000e+00
-5.628906250000000000e+00
3.535156250000000000e+00
6.031250000000000000e+00
6.062500000000000000e+00
5.433593750000000000e+00
6.960937500000000000e+00
6.953125000000000000e+00
3.986328125000000000e+00
1.061523437500000000e+00
-6.265625000000000000e+00
-9.914062500000000000e+00
-4.484375000000000000e+00
-5.347656250000000000e+00
-6.757812500000000000e+00
-5.781250000000000000e+00
-3.820312500000000000e+00
-1.891601562500000000e+00
-2.724609375000000000e-01
7.553710937500000000e-01
-9.204101562500000000e-01
-3.718750000000000000e+00
-6.527343750000000000e+00
-6.070312500000000000e+00
-7.281250000000000000e+00
-8.203125000000000000e+00
-1.159375000000000000e+01
-9.507812500000000000e+00
-5.921875000000000000e+00
-3.855468750000000000e+00
-2.066406250000000000e+00
-1.574218750000000000e+00
-7.749023437500000000e-01
3.930664062500000000e-02
2.871093750000000000e-01
-1.362304687500000000e-01
-3.801269531250000000e-01
2.619628906250000000e-01
7.221679687500000000e-01
8.428955078125000000e-02
-1.336097717285156250e-03
-9.848632812500000000e-01
-1.230468750000000000e+00
-1.482421875000000000e+00
1.392822265625000000e-01
1.178710937500000000e+00
1.005859375000000000e+00
-2.047119140625000000e-01
-8.173828125000000000e-01
3.740234375000000000e-01
9.648437500000000000e-01
3.359375000000000000e+00
5.078125000000000000e+00
8.109375000000000000e+00
9.437500000000000000e+00
9.085937500000000000e+00
6.550781250000000000e+00
4.492187500000000000e+00
-1.037109375000000000e+00
-4.078125000000000000e+00
-7.351562500000000000e+00
-7.593750000000000000e+00
-9.937500000000000000e+00
-7.632812500000000000e+00
-8.054687500000000000e+00
-9.210937500000000000e+00
-1.114062500000000000e+01
-1.007812500000000000e+01
-8.984375000000000000e+00
-8.835937500000000000e+00
-9.515625000000000000e+00
-7.761718750000000000e+00
-5.792968750000000000e+00
-6.781250000000000000e+00
-8.046875000000000000e+00
-5.648437500000000000e+00
-1.716796875000000000e+00
-8.095703125000000000e-01
-2.480468750000000000e+00
