-5.240469932556152344e+00
-5.344605445861816406e+00
-5.163393974304199219e+00
-6.375798702239990234e+00
-5.607264041900634766e+00
-5.015570163726806641e+00
-5.421067714691162109e+00
-7.179376602172851562e+00
-8.441912651062011719e+00
-6.516230106353759766e+00
-3.609581232070922852e+00
4.553134739398956299e-02
-4.165913164615631104e-01
-3.934319496154785156e+00
-7.510514259338378906e+00
-1.195786857604980469e+01
-1.041912078857421875e+01
-8.145227432250976562e+00
-5.668422698974609375e+00
-8.193248510360717773e-01
1.800416350364685059e+00
-4.930181428790092468e-02
-5.323024749755859375e+00
-1.066515350341796875e+01
-1.027571487426757812e+01
-8.991975784301757812e+00
-1.045468425750732422e+01
-9.594409942626953125e+00
-9.379830360412597656e+00
-9.386466979980468750e+00
-1.005579757690429688e+01
-9.041609764099121094e+00
-7.071673870086669922e+00
-3.563794136047363281e+00
-8.161843419075012207e-01
2.011051416397094727e+00
3.051264762878417969e+00
3.576388120651245117e+00
4.332715034484863281e+00
5.519095897674560547e+00
6.934248924255371094e+00
5.400248050689697266e+00
4.886388301849365234e+00
4.396424770355224609e+00
3.533505439758300781e+00
5.167686343193054199e-01
-2.739931344985961914e+00
-5.157773971557617188e+00
-6.305168628692626953e+00
-5.626626491546630859e+00
-4.558125972747802734e+00
-4.367749691009521484e+00
-4.249752044677734375e+00
-3.176598310470581055e+00
-3.487002134323120117e+00
-4.407468318939208984e+00
-4.617608547210693359e+00
-4.253364086151123047e+00
-4.136429309844970703e+00
-4.540485382080078125e+00
-3.985087871551513672e+00
-1.539995074272155762e+00
-1.548425197601318359e+00
2.178886085748672485e-01
-4.747046828269958496e-01
-1.536972403526306152e+00
-2.368415355682373047e+00
-2.350067377090454102e+00
-1.769285082817077637e+00
-1.626492500305175781e+00
-1.328297138214111328e+00
-2.905700922012329102e+00
-4.875541687011718750e+00
-4.900218009948730469e+00
-2.393209457397460938e+00
-9.026581048965454102e-01
1.264122724533081055e+00
1.640668511390686035e+00
2.244332551956176758e+00
2.879165410995483398e+00
3.924904108047485352e+00
5.587601184844970703e+00
6.779932498931884766e+00
6.734782218933105469e+00
5.713298797607421875e+00
4.698586940765380859e+00
4.738354206085205078e+00
4.943581581115722656e+00
4.179863452911376953e+00
5.117991447448730469e+00
5.034047126770019531e+00
5.796158790588378906e+00
7.440128803253173828e+00
6.125876426696777344e+00
4.554352760314941406e+00
3.680619239807128906e+00
4.789855957031250000e+00
4.015392780303955078e+00
3.203360557556152344e+00
2.086852073669433594e+00
1.445429086685180664e+00
-1.082784175872802734e+00
-1.835663795471191406e+00
-3.434035778045654297e+00
-3.691663026809692383e+00
-4.749868869781494141e+00
-6.091652393341064453e+00
-8.518304824829101562e+00
-9.229978561401367188e+00
-1.064886093139648438e+01
-1.123904228210449219e+01
-1.325788211822509766e+01
-1.180355262756347656e+01
-1.144365596771240234e+01
-1.157646179199218750e+01
-1.162703990936279297e+01
-9.260368347167968750e+00
-6.781601905822753906e+00
-4.280166149139404297e+00
-3.668851375579833984e+00
-2.016569137573242188e+00
-9.644081592559814453e-01
-1.146045804023742676e+00
-3.286119461059570312e+00
-2.892665147781372070e+00
-4.340417981147766113e-01
6.947461962699890137e-01
5.941621214151382446e-02
3.599966764450073242e-01
-1.279959678649902344e+00
-1.697617530822753906e+00
-4.666512966156005859e+00
-3.825954675674438477e+00
-3.854432821273803711e+00
-3.999209165573120117e+00
-4.432546138763427734e+00
-4.241982936859130859e+00
-3.835967540740966797e+00
-2.946788311004638672e+00
-2.450166463851928711e+00
-2.288222789764404297e+00
-1.291742920875549316e+00
-1.255661010742187500e+00
-3.406384468078613281e+00
-1.912101864814758301e+00
9.218637943267822266e-01
1.517522096633911133e+00
7.670515179634094238e-01
-6.208979487419128418e-01
-3.162216663360595703e+00
-6.124617099761962891e+00
-1.013533306121826172e+01
-9.345732688903808594e+00
-3.143939733505249023e+00
2.155072212219238281e+00
5.894462585449218750e+00
8.342104911804199219e+00
6.475550651550292969e+00
4.725366592407226562e+00
3.815902471542358398e+00
4.034213066101074219e+00
2.855363368988037109e+00
3.386178493499755859e+00
4.451468944549560547e+00
4.360011577606201172e+00
2.933170795440673828e+00
3.551192283630371094e+00
4.217999458312988281e+00
7.035151958465576172e+00
5.480866432189941406e+00
6.634827136993408203e+00
5.151665210723876953e+00
2.316921234130859375e+00
-2.503415584564208984e+00
-6.028487205505371094e+00
-8.544897079467773438e+00
-9.925098419189453125e+00
-8.371710777282714844e+00
-8.238314628601074219e+00
-8.184052467346191406e+00
-7.829513072967529297e+00
-4.601763725280761719e+00
-5.670100212097167969e+00
-5.948954105377197266e+00
-5.145587921142578125e+00
-3.426362037658691406e+00
-3.118082761764526367e+00
-2.778893947601318359e+00
-2.411392211914062500e+00
-3.615390539169311523e+00
-3.053687810897827148e+00
-4.323733329772949219e+00
-3.528160810470581055e+00
-6.083884716033935547e+00
-8.230712890625000000e+00
-7.170001506805419922e+00
-9.207226037979125977e-01
7.173681259155273438e-01
-3.933315575122833252e-01
-4.328125953674316406e+00
-4.301584243774414062e+00
-4.705924034118652344e+00
-6.651584625244140625e+00
-9.520709991455078125e+00
-9.452489852905273438e+00
-8.750192642211914062e+00
-8.745375633239746094e+00
-9.763698577880859375e+00
-8.842852592468261719e+00
-6.873602390289306641e+00
-5.497696399688720703e+00
-5.792182922363281250e+00
-4.769515037536621094e+00
-4.314642429351806641e+00
-3.362250328063964844e+00
-4.756244659423828125e+00
-3.485703229904174805e+00
-3.344728469848632812e+00
-3.095909595489501953e+00
-4.589318752288818359e+00
-5.034533977508544922e+00
-4.905578613281250000e+00
-6.042135715484619141e+00
-9.308967590332031250e+00
-8.710355758666992188e+00
-1.050713157653808594e+01
-1.170716285705566406e+01
-1.264118194580078125e+01
-1.274373817443847656e+01
-1.042809677124023438e+01
-1.006831645965576172e+01
-1.172907447814941406e+01
-1.155176067352294922e+01
-9.273403167724609375e+00
-6.440571784973144531e+00
-6.046715259552001953e+00
-4.821938037872314453e+00
-3.243377923965454102e+00
-1.508990287780761719e+00
3.260871767997741699e-01
2.937681198120117188e+00
5.722010135650634766e+00
5.757809162139892578e+00
6.284398078918457031e+00
7.207696914672851562e+00
7.978641510009765625e+00
5.908442974090576172e+00
1.009045958518981934e+00
-3.890160322189331055e+00
-6.901136398315429688e+00
-3.395781517028808594e+00
1.618329882621765137e+00
4.516123771667480469e+00
6.939892768859863281e+00
6.979778289794921875e+00
3.220976829528808594e+00
-2.013570308685302734e+00
-4.870465278625488281e+00
-4.710788249969482422e+00
-2.999872207641601562e+00
6.738951206207275391e-01
4.632776737213134766e+00
6.005611896514892578e+00
4.815404415130615234e+00
8.675991296768188477e-01
-2.524951696395874023e+00
-3.682477235794067383e+00
-2.625664234161376953e+00
-2.586384117603302002e-01
4.160357952117919922e+00
4.329644680023193359e+00
4.848606586456298828e+00
7.655887603759765625e+00
7.717402935028076172e+00
1.681000709533691406e+00
-2.009768486022949219e+00
1.641164302825927734e+00
6.177189826965332031e+00
8.103840827941894531e+00
1.103058528900146484e+01
1.012535095214843750e+01
6.357553005218505859e+00
8.661552429199218750e+00
9.755770683288574219e+00
9.255937576293945312e+00
7.144649505615234375e+00
8.249894142150878906e+00
8.331952095031738281e+00
5.552793502807617188e+00
9.365985393524169922e-01
4.511825084686279297e+00
8.291950225830078125e+00
7.360313415527343750e+00
6.083420276641845703e+00
4.315028190612792969e+00
3.645977735519409180e+00
3.030649185180664062e+00
1.255078315734863281e+00
-2.571034133434295654e-01
-2.052603960037231445e+00
-4.410940170288085938e+00
-6.124428749084472656e+00
-4.967896461486816406e+00
-1.894297003746032715e+00
1.016814708709716797e+00
3.588973999023437500e+00
1.531832218170166016e+00
-4.048821926116943359e+00
-8.765411376953125000e-01
7.531348705291748047e+00
7.069509029388427734e+00
6.081081390380859375e+00
6.738610744476318359e+00
6.552202701568603516e+00
2.824429512023925781e+00
-2.375830173492431641e+00
-5.693901538848876953e+00
6.565859317779541016e-01
6.255043983459472656e+00
7.796957969665527344e+00
5.759910106658935547e+00
4.171669006347656250e+00
3.235522508621215820e+00
2.345186948776245117e+00
-2.378109395503997803e-01
-2.388108730316162109e+00
-4.178555488586425781e+00
-5.496420383453369141e+00
-2.027360916137695312e+00
1.850996375083923340e+00
5.230442047119140625e+00
8.544498443603515625e+00
8.557559013366699219e+00
5.618629932403564453e+00
3.224730491638183594e+00
9.710274338722229004e-01
1.495065689086914062e+00
3.692898035049438477e+00
4.439260482788085938e+00
6.172491550445556641e+00
7.921850681304931641e+00
8.260778427124023438e+00
9.005465507507324219e+00
8.956584930419921875e+00
9.093024253845214844e+00
8.089839935302734375e+00
6.741749763488769531e+00
6.333207130432128906e+00
6.844326972961425781e+00
6.912786006927490234e+00
6.940814971923828125e+00
7.671826362609863281e+00
6.841163158416748047e+00
2.455605030059814453e+00
-3.405415773391723633e+00
3.891125619411468506e-01
2.940608739852905273e+00
6.290915489196777344e+00
9.271356582641601562e+00
1.002249050140380859e+01
6.941027164459228516e+00
1.181497812271118164e+00
-5.730243206024169922e+00
-9.219184875488281250e+00
-6.888124465942382812e+00
2.897278070449829102e+00
6.052180290222167969e+00
5.024127960205078125e+00
5.130956649780273438e+00
4.946012973785400391e+00
1.973906636238098145e+00
-2.548918962478637695e+00
-7.662137985229492188e+00
-8.832509040832519531e+00
-7.657580852508544922e+00
-6.573942661285400391e+00
-9.332179069519042969e+00
-9.813923835754394531e+00
-5.835396289825439453e+00
-5.690572738647460938e+00
-1.047622108459472656e+01
-1.114087963104248047e+01
-6.605443000793457031e+00
-5.708520412445068359e+00
-9.838788986206054688e+00
-9.820653915405273438e+00
-1.014815521240234375e+01
-9.353926658630371094e+00
-8.094509124755859375e+00
-7.437686920166015625e+00
-6.518780708312988281e+00
-4.410113334655761719e+00
-2.625592708587646484e+00
-2.862629175186157227e+00
-4.618291854858398438e+00
-5.435898303985595703e+00
-6.892965316772460938e+00
-7.583362102508544922e+00
-7.853385925292968750e+00
-8.077789306640625000e+00
-8.390316009521484375e+00
-6.603742122650146484e+00
-4.856485366821289062e+00
-6.236194133758544922e+00
-7.850883960723876953e+00
-8.199516296386718750e+00
-7.110329627990722656e+00
-6.790881156921386719e+00
-4.401541233062744141e+00
-5.489311218261718750e+00
-5.265216350555419922e+00
-4.057038784027099609e+00
-3.073665618896484375e+00
-4.732560634613037109e+00
-7.003809928894042969e+00
-8.282755851745605469e+00
-8.524302482604980469e+00
-9.018917083740234375e+00
-6.553138732910156250e+00
-4.678012847900390625e+00
-3.032223463058471680e+00
-1.348321795463562012e+00
2.748215794563293457e-01
1.252102732658386230e+00
8.403016924858093262e-01
-1.362607955932617188e+00
-2.858165740966796875e+00
-4.050545215606689453e+00
-4.918023586273193359e+00
-4.272137165069580078e+00
-5.452096939086914062e+00
-7.099798679351806641e+00
-8.101545333862304688e+00
-8.995162010192871094e+00
-1.157648277282714844e+01
-1.139545917510986328e+01
-1.272050285339355469e+01
-4.151069641113281250e+00
-8.585710525512695312e-01
-9.993802309036254883e-01
-4.174258708953857422e+00
-9.908261299133300781e+00
-5.409332275390625000e+00
3.332174301147460938e+00
7.550829410552978516e+00
1.003816795349121094e+01
1.117628479003906250e+01
1.090356636047363281e+01
1.084604454040527344e+01
1.016107559204101562e+01
7.758914470672607422e+00
5.685268402099609375e+00
3.132660388946533203e+00
2.825668752193450928e-01
-4.682816267013549805e-01
7.174264639616012573e-02
5.851898342370986938e-02
-4.945166707038879395e-01
2.853531837463378906e-01
1.980140566825866699e+00
3.231531858444213867e+00
4.770586013793945312e+00
2.244993448257446289e+00
1.155876874923706055e+00
2.049777746200561523e+00
3.167680263519287109e+00
8.569728732109069824e-01
-1.527196645736694336e+00
-3.548657655715942383e+00
-3.613525152206420898e+00
2.189052820205688477e+00
3.932861566543579102e+00
-1.461550116539001465e+00
-5.282667636871337891e+00
-2.680259466171264648e+00
-3.154295980930328369e-01
-2.286380529403686523e+00
-9.113244414329528809e-01
2.351893186569213867e+00
3.834250926971435547e+00
3.677407741546630859e+00
4.449744701385498047e+00
3.742629766464233398e+00
3.594405889511108398e+00
3.328986167907714844e+00
5.029783248901367188e-01
-2.004384756088256836e+00
-1.688785791397094727e+00
8.584133386611938477e-01
1.764121174812316895e+00
-2.426045536994934082e-01
-2.298896074295043945e+00
-5.233479976654052734e+00
-6.847743034362792969e+00
-8.748493194580078125e+00
-9.143974304199218750e+00
-7.990134239196777344e+00
-7.223228931427001953e+00
-8.034929275512695312e+00
-7.269346237182617188e+00
-6.916389465332031250e+00
-7.356528759002685547e+00
-9.220696449279785156e+00
-1.134046363830566406e+01
-1.171696186065673828e+01
-9.274373054504394531e+00
-8.701713562011718750e+00
-9.861504554748535156e+00
-9.506284713745117188e+00
-8.391900062561035156e+00
-6.291687011718750000e+00
-4.976656913757324219e+00
-3.606606245040893555e+00
-1.375454187393188477e+00
4.618903100490570068e-01
6.936833858489990234e-01
4.235650002956390381e-01
6.269506216049194336e-01
-6.460229158401489258e-01
-2.767819643020629883e+00
-5.987482070922851562e-01
-2.949527025222778320e+00
-6.505154609680175781e+00
-9.805116653442382812e+00
-8.876809120178222656e+00
-6.345242500305175781e+00
-1.783217430114746094e+00
3.307496547698974609e+00
6.505116939544677734e+00
5.336184501647949219e+00
4.958245754241943359e+00
1.485218644142150879e+00
-2.318354129791259766e+00
-5.809730052947998047e+00
-8.274088859558105469e+00
-6.738058090209960938e+00
-3.179880857467651367e+00
-2.262294530868530273e+00
-1.426790475845336914e+00
-3.037678241729736328e+00
-3.092840433120727539e+00
-2.333301305770874023e+00
-2.245103597640991211e+00
-2.390387654304504395e-01
1.541915178298950195e+00
4.666425704956054688e+00
5.578887462615966797e+00
5.017681121826171875e+00
-6.569563150405883789e-01
-5.182520866394042969e+00
-1.655773758888244629e+00
4.298711776733398438e+00
3.300554275512695312e+00
3.901042938232421875e-01
-3.540617823600769043e-01
-3.200815320014953613e-01
-6.118066310882568359e-01
-7.615182399749755859e-01
8.617191910743713379e-01
2.476951837539672852e+00
4.867379188537597656e+00
7.797499656677246094e+00
1.121774959564208984e+01
7.709868907928466797e+00
4.015888214111328125e+00
3.523965120315551758e+00
1.134104967117309570e+00
3.458035707473754883e+00
4.046420574188232422e+00
6.814905166625976562e+00
1.195707607269287109e+01
3.918269157409667969e+00
-4.537593424320220947e-01
3.969251155853271484e+00
4.284944534301757812e+00
4.477539539337158203e+00
4.852950096130371094e+00
5.378075122833251953e+00
6.011185646057128906e+00
6.406363964080810547e+00
8.260189056396484375e+00
9.440220832824707031e+00
1.165283489227294922e+01
1.054503726959228516e+01
1.048279380798339844e+01
9.207221031188964844e+00
9.118694305419921875e+00
7.652084827423095703e+00
4.510527610778808594e+00
-1.819512248039245605e+00
2.456147968769073486e-02
8.288125038146972656e+00
1.005783748626708984e+01
1.013316726684570312e+01
1.032545566558837891e+01
9.092860221862792969e+00
4.038675785064697266e+00
2.016741991043090820e+00
4.912693500518798828e+00
4.167725086212158203e+00
2.808797121047973633e+00
2.389368534088134766e+00
2.552847146987915039e+00
3.960844516754150391e+00
3.791911125183105469e+00
6.788741111755371094e+00
6.824563026428222656e+00
3.256302356719970703e+00
4.008922576904296875e+00
9.040577888488769531e+00
1.142382717132568359e+01
8.223895072937011719e+00
9.636472702026367188e+00
1.107895088195800781e+01
9.065161705017089844e+00
7.571207523345947266e+00
4.375243186950683594e+00
2.958224534988403320e+00
6.797431468963623047e+00
1.401497364044189453e+01
1.257752609252929688e+01
6.766213417053222656e+00
5.964666366577148438e+00
7.855072498321533203e+00
7.806145191192626953e+00
7.998665332794189453e+00
7.048540592193603516e+00
5.242743968963623047e+00
2.487979173660278320e+00
6.503284573554992676e-01
-5.473294109106063843e-02
9.384878873825073242e-01
4.170237779617309570e-01
2.401327490806579590e-01
2.343132734298706055e+00
8.405579566955566406e+00
1.111786174774169922e+01
5.470712184906005859e+00
3.870238780975341797e+00
7.045660495758056641e+00
8.453846931457519531e+00
9.452190399169921875e+00
1.060820674896240234e+01
8.346805572509765625e+00
-4.706419944763183594e+00
-5.197964668273925781e+00
9.200822830200195312e+00
1.069701862335205078e+01
9.106130599975585938e+00
8.275796890258789062e+00
1.809767246246337891e+00
-2.755374908447265625e+00
-5.199947834014892578e+00
-3.145546436309814453e+00
2.842304706573486328e+00
3.814296722412109375e+00
-2.537065505981445312e+00
-1.589702367782592773e+00
-1.530407786369323730e+00
-3.366051912307739258e+00
-4.797758579254150391e+00
-6.806489467620849609e+00
-6.250079631805419922e+00
-7.056229591369628906e+00
-8.177012443542480469e+00
-1.008522510528564453e+01
-1.007421779632568359e+01
-1.145283985137939453e+01
-1.071294879913330078e+01
-1.133491420745849609e+01
-9.716022491455078125e+00
-9.473177909851074219e+00
-1.071302223205566406e+01
-1.134468841552734375e+01
-1.029321384429931641e+01
-8.740793228149414062e+00
-6.469616889953613281e+00
-5.846258163452148438e+00
-4.050285816192626953e+00
-3.684223890304565430e+00
-3.531348466873168945e+00
-5.060744762420654297e+00
-4.217377662658691406e+00
-5.645138740539550781e+00
-5.861349105834960938e+00
-8.537124633789062500e+00
-8.147804260253906250e+00
-8.321483612060546875e+00
-7.294587135314941406e+00
-7.899930000305175781e+00
-6.596067428588867188e+00
-5.944940090179443359e+00
-4.353794097900390625e+00
-3.400291681289672852e+00
-2.067646265029907227e+00
-1.971656322479248047e+00
-2.815495252609252930e+00
-4.352613449096679688e+00
-3.184839725494384766e+00
-3.259317874908447266e+00
-2.429315328598022461e+00
-2.099595546722412109e+00
-1.478528261184692383e+00
-1.544481992721557617e+00
-1.746285557746887207e+00
-1.972671151161193848e+00
-5.340228080749511719e-01
1.072873950004577637e+00
1.554973840713500977e+00
2.017356157302856445e+00
2.835150241851806641e+00
3.459948539733886719e+00
4.014564990997314453e+00
2.501179695129394531e+00
3.254341840744018555e+00
3.063047409057617188e+00
2.337110996246337891e+00
-1.460298538208007812e+00
-3.449007034301757812e+00
-7.607071399688720703e+00
-9.546568870544433594e+00
-8.982646942138671875e+00
-7.096186161041259766e+00
-6.577201366424560547e+00
-6.529996871948242188e+00
-6.176545143127441406e+00
-3.682949304580688477e+00
-1.944051384925842285e+00
-1.075865507125854492e+00
4.401182234287261963e-01
2.125767707824707031e+00
4.045241355895996094e+00
5.256370067596435547e+00
5.713911056518554688e+00
5.682812213897705078e+00
5.461856842041015625e+00
3.727068185806274414e+00
3.247471570968627930e+00
2.853734493255615234e+00
1.348966956138610840e+00
-4.319874644279479980e-01
-2.009461402893066406e+00
-3.714544534683227539e+00
-3.684531688690185547e+00
-6.011343479156494141e+00
-6.520033359527587891e+00
-7.545863628387451172e+00
-7.870058059692382812e+00
-7.801342487335205078e+00
-6.892045497894287109e+00
-7.446094036102294922e+00
-6.820211410522460938e+00
-4.735251426696777344e+00
-3.989787578582763672e+00
-1.853279590606689453e+00
-2.205834150314331055e+00
-1.609986543655395508e+00
-2.934698104858398438e+00
-4.767555236816406250e+00
-9.088199615478515625e+00
-1.296785831451416016e+01
-1.322621440887451172e+01
-8.070846557617187500e+00
-3.853417873382568359e+00
1.231040000915527344e+00
6.242907524108886719e+00
7.668686866760253906e+00
7.276484489440917969e+00
7.919703483581542969e+00
9.299057006835937500e+00
1.036576461791992188e+01
1.030694007873535156e+01
9.174162864685058594e+00
5.494113922119140625e+00
3.135494470596313477e+00
6.461723446846008301e-01
-1.678915381431579590e+00
-4.481498241424560547e+00
-3.899747848510742188e+00
-3.557087659835815430e+00
-1.647437930107116699e+00
9.753254055976867676e-01
3.759796142578125000e+00
4.053103446960449219e+00
4.451823234558105469e+00
4.518154144287109375e+00
4.814318656921386719e+00
4.847826480865478516e+00
5.879184722900390625e+00
4.673108577728271484e+00
4.766147613525390625e+00
3.796114921569824219e+00
3.142342329025268555e+00
2.263341188430786133e+00
2.711083173751831055e+00
2.789976358413696289e+00
3.731624603271484375e+00
2.969536781311035156e+00
2.050321578979492188e+00
1.370077848434448242e+00
-2.329428672790527344e+00
-4.554700374603271484e+00
-2.266450643539428711e+00
4.495483398437500000e+00
5.137757301330566406e+00
2.867690324783325195e+00
2.456218957901000977e+00
2.124090671539306641e+00
4.252357482910156250e+00
5.091687202453613281e+00
6.742764472961425781e+00
5.435646057128906250e+00
5.051519870758056641e+00
4.429294586181640625e+00
5.491539001464843750e+00
4.829738140106201172e+00
3.714765310287475586e+00
3.168907880783081055e+00
3.434728622436523438e+00
2.597453117370605469e+00
1.477591395378112793e+00
-4.570179879665374756e-01
-2.360763788223266602e+00
-3.901872634887695312e+00
-4.600512504577636719e+00
-6.377403259277343750e+00
-5.665329456329345703e+00
-5.439911842346191406e+00
-4.977908611297607422e+00
-4.668896675109863281e+00
-4.803472518920898438e+00
-4.384468555450439453e+00
-5.379507541656494141e+00
-5.946074008941650391e+00
-8.018754005432128906e+00
-1.110753631591796875e+01
-9.522104263305664062e+00
-6.286490917205810547e+00
-5.440643310546875000e+00
-3.161910533905029297e+00
-3.244841814041137695e+00
-5.391942262649536133e-01
4.844616413116455078e+00
6.514041423797607422e+00
7.646902203559875488e-01
-8.322687149047851562e+00
-7.249250411987304688e+00
-3.955641746520996094e+00
-2.242317438125610352e+00
1.012611389160156250e+00
2.626828670501708984e+00
4.135963916778564453e+00
4.296350479125976562e+00
2.925212860107421875e+00
2.152309417724609375e+00
5.442078709602355957e-01
-8.170001208782196045e-02
-1.147580504417419434e+00
1.525432825088500977e+00
1.843085885047912598e+00
1.522764682769775391e+00
-3.779837131500244141e+00
-7.342853069305419922e+00
-8.334445953369140625e+00
-6.553068637847900391e+00
-2.859299182891845703e+00
2.670998275279998779e-01
8.966441750526428223e-01
1.475902050733566284e-01
-1.502614617347717285e+00
-2.220403909683227539e+00
-2.178135156631469727e+00
-1.069914937019348145e+00
5.228373408317565918e-01
1.368661046028137207e+00
9.433996677398681641e-01
-2.410235643386840820e+00
-8.048435211181640625e+00
-1.121046924591064453e+01
-7.160933971405029297e+00
-1.725859522819519043e+00
2.478085756301879883e+00
5.746899604797363281e+00
6.571966171264648438e+00
6.852168083190917969e+00
6.063703060150146484e+00
6.113859176635742188e+00
4.859753131866455078e+00
3.128268241882324219e+00
-1.886007785797119141e+00
-5.273103713989257812e+00
-7.193001270294189453e+00
-6.338087081909179688e+00
-1.367779612541198730e+00
6.019141674041748047e+00
8.861989021301269531e+00
9.085539817810058594e+00
7.961499214172363281e+00
5.956968307495117188e+00
2.724661111831665039e+00
-9.076642990112304688e-01
-3.463766098022460938e+00
-1.555674791336059570e+00
2.325763851404190063e-01
2.569281578063964844e+00
3.396238803863525391e+00
3.121019124984741211e+00
3.873416185379028320e-01
-8.175997734069824219e+00
-1.507553005218505859e+01
-1.430671310424804688e+01
-1.407048130035400391e+01
-1.025436878204345703e+01
-3.285150289535522461e+00
3.362281322479248047e+00
5.609561443328857422e+00
4.142128467559814453e+00
4.831533908843994141e+00
7.023650169372558594e+00
6.707083702087402344e+00
4.120521068572998047e+00
-1.678324818611145020e+00
-4.846236705780029297e+00
-6.321889877319335938e+00
-5.575030803680419922e+00
-4.852590084075927734e+00
-3.493896961212158203e+00
-2.277431011199951172e+00
-1.831011891365051270e+00
-2.657920122146606445e+00
-2.594115734100341797e+00
-2.483650445938110352e+00
-3.911602020263671875e+00
-4.602519035339355469e+00
-3.957980155944824219e+00
-2.819816827774047852e+00
-4.642426013946533203e+00
-8.958819389343261719e+00
-4.495641708374023438e+00
4.715589046478271484e+00
9.608963966369628906e+00
7.533167362213134766e+00
3.189948081970214844e+00
-5.325953006744384766e+00
-1.162574005126953125e+01
-1.269745445251464844e+01
-1.070652675628662109e+01
-8.860775947570800781e+00
-7.791517734527587891e+00
-7.050233364105224609e+00
-4.736549854278564453e+00
6.666567176580429077e-02
1.348518490791320801e+00
-9.265552163124084473e-01
-4.093287467956542969e+00
-7.576347827911376953e+00
-4.013660907745361328e+00
1.286414027214050293e+00
9.984674453735351562e-01
-5.829032659530639648e-01
-1.691099882125854492e+00
-3.785362482070922852e+00
-4.167292594909667969e+00
-4.550189971923828125e+00
-3.795469045639038086e+00
-4.847300052642822266e+00
-5.749654769897460938e+00
-5.411693572998046875e+00
-8.004916191101074219e+00
-1.032277393341064453e+01
-9.677222251892089844e+00
-7.378346443176269531e+00
-6.089126110076904297e+00
-7.784742355346679688e+00
-8.660625457763671875e+00
-9.080172538757324219e+00
-9.922100067138671875e+00
-7.982766628265380859e+00
-4.604148387908935547e+00
-5.799149990081787109e+00
-5.894407749176025391e+00
-8.341671943664550781e+00
-8.176589965820312500e+00
-8.610657691955566406e+00
-7.315085887908935547e+00
-6.987371444702148438e+00
-6.247221469879150391e+00
-6.578287124633789062e+00
-7.403543472290039062e+00
-4.535998821258544922e+00
-1.963603377342224121e+00
3.503386080265045166e-01
9.143781661987304688e-01
2.957469940185546875e+00
4.365302562713623047e+00
4.711644649505615234e+00
3.393900632858276367e+00
2.310190677642822266e+00
2.584206581115722656e+00
3.413310050964355469e+00
4.007505416870117188e+00
3.096932172775268555e+00
2.762229681015014648e+00
2.074714422225952148e+00
2.692027091979980469e+00
7.977966666221618652e-01
-1.894911289215087891e+00
-1.757454872131347656e+00
3.390146970748901367e+00
5.964594841003417969e+00
-1.168691515922546387e+00
-5.565302371978759766e+00
-5.398233890533447266e+00
-1.770135521888732910e+00
8.346580862998962402e-01
5.982423782348632812e+00
1.068426609039306641e+01
7.599143981933593750e+00
6.218467235565185547e+00
8.846568107604980469e+00
8.111373901367187500e+00
7.013899803161621094e+00
6.354719638824462891e+00
5.849596500396728516e+00
1.765726804733276367e+00
-1.159529209136962891e+00
-8.868605494499206543e-01
3.423098623752593994e-01
2.575988054275512695e+00
2.832717657089233398e+00
4.740077018737792969e+00
6.732728958129882812e+00
5.428065776824951172e+00
3.506822347640991211e+00
2.005312919616699219e+00
2.770636081695556641e+00
1.442100167274475098e+00
-6.421030163764953613e-01
-6.228815913200378418e-01
2.512419939041137695e+00
4.441007137298583984e+00
6.490262031555175781e+00
7.231949806213378906e+00
5.603987693786621094e+00
2.863533973693847656e+00
2.622035264968872070e+00
7.470730781555175781e+00
1.215238475799560547e+01
1.304800796508789062e+01
1.355249786376953125e+01
1.232904243469238281e+01
1.670782279968261719e+01
1.137511157989501953e+01
9.051157951354980469e+00
9.226585388183593750e+00
7.137210845947265625e+00
2.742418766021728516e+00
1.157813072204589844e+00
-4.293898940086364746e-01
-3.781006038188934326e-01
1.025457739830017090e+00
5.464041233062744141e-01
-1.928182721138000488e+00
9.558441638946533203e-01
5.898594856262207031e+00
5.059335708618164062e+00
2.976738929748535156e+00
1.301904201507568359e+00
-3.346277177333831787e-01
-3.479114294052124023e+00
-7.006597042083740234e+00
-7.214373588562011719e+00
-6.368265628814697266e+00
-3.838210105895996094e+00
-2.272921085357666016e+00
-3.258538484573364258e+00
-1.728504300117492676e+00
-1.160521149635314941e+00
-7.056243419647216797e-01
-3.978541865944862366e-02
8.304784297943115234e-01
-7.039713859558105469e-01
-4.337878227233886719e+00
-9.494120597839355469e+00
-9.231277465820312500e+00
-9.465029716491699219e+00
-7.800279617309570312e+00
-5.396083831787109375e+00
-9.447379112243652344e-01
1.252976655960083008e+00
9.952794313430786133e-01
1.690659761428833008e+00
1.559012055397033691e+00
8.456385135650634766e-01
3.236073255538940430e-01
7.086072564125061035e-01
3.155306577682495117e+00
5.032416820526123047e+00
6.906644821166992188e+00
8.123512268066406250e+00
8.154706001281738281e+00
7.150363922119140625e+00
4.011684894561767578e+00
4.524211287498474121e-01
-1.773630380630493164e+00
-2.839321851730346680e+00
-3.456091642379760742e+00
-3.371884346008300781e+00
-4.862578392028808594e+00
-4.085234642028808594e+00
-1.909575104713439941e+00
-7.942941188812255859e-01
3.939169645309448242e-02
1.011501908302307129e+00
2.807096481323242188e+00
4.641678333282470703e+00
2.688602685928344727e+00
6.288435459136962891e+00
5.865653514862060547e+00
2.682935237884521484e+00
6.709258079528808594e+00
6.448749542236328125e+00
3.782701730728149414e+00
6.687934875488281250e+00
7.154661178588867188e+00
4.384417831897735596e-01
-6.901336312294006348e-01
-5.882400870323181152e-01
2.784923553466796875e+00
2.741190910339355469e+00
1.840536475181579590e+00
1.895520240068435669e-01
-2.978289127349853516e+00
-3.990849494934082031e+00
-3.722762346267700195e+00
-3.085330724716186523e+00
-2.482753038406372070e+00
-1.866833925247192383e+00
-7.226262092590332031e-01
-2.481065392494201660e-01
1.579343557357788086e+00
1.239611268043518066e+00
3.074711799621582031e+00
3.139792203903198242e+00
5.357058525085449219e+00
3.861808300018310547e+00
5.991987228393554688e+00
6.326831817626953125e+00
6.199528217315673828e+00
2.620169639587402344e+00
1.091953992843627930e+00
1.146856069564819336e+00
1.706456422805786133e+00
5.353422164916992188e+00
6.343173980712890625e+00
5.567954540252685547e+00
4.418055057525634766e+00
2.657291412353515625e+00
-1.204975694417953491e-01
1.074814982712268829e-02
1.291963100433349609e+00
-7.055772542953491211e-01
-2.847137689590454102e+00
-3.169088840484619141e+00
-2.037774562835693359e+00
-4.349898815155029297e+00
-6.090519428253173828e+00
-6.320472717285156250e+00
-1.362655520439147949e+00
5.597448348999023438e+00
7.690976142883300781e+00
3.897819995880126953e+00
-4.648816287517547607e-01
1.785090565681457520e+00
4.552063941955566406e+00
3.282845020294189453e+00
3.069824218750000000e+00
1.522079825401306152e+00
1.721498727798461914e+00
1.765170246362686157e-01
-1.038201332092285156e+00
5.326370596885681152e-01
3.794343948364257812e+00
6.475101470947265625e+00
8.440077781677246094e+00
4.577496528625488281e+00
-4.624905586242675781e+00
-5.513515949249267578e+00
1.713694334030151367e-01
4.009796142578125000e+00
7.984001159667968750e+00
1.040049839019775391e+01
1.094205665588378906e+01
9.482771873474121094e+00
6.254193782806396484e+00
3.271983146667480469e+00
5.076268672943115234e+00
8.195983886718750000e+00
6.845249176025390625e+00
6.761207580566406250e+00
8.655602455139160156e+00
6.609064579010009766e+00
7.296944856643676758e-01
-4.484402179718017578e+00
6.268599510192871094e+00
1.205535316467285156e+01
1.140592765808105469e+01
1.136287879943847656e+01
6.274173736572265625e+00
3.939686298370361328e+00
5.712571740150451660e-02
-4.135578632354736328e+00
-1.017963027954101562e+01
-1.261446595191955566e+00
5.738516330718994141e+00
9.814238548278808594e+00
1.173276329040527344e+01
1.021331119537353516e+01
7.290322303771972656e+00
3.483845710754394531e+00
-3.026390790939331055e+00
-4.326732635498046875e+00
6.260450839996337891e+00
6.787749290466308594e+00
3.204434812068939209e-01
-7.300491809844970703e+00
-1.170520210266113281e+01
-8.506377220153808594e+00
-8.670777320861816406e+00
-1.132626914978027344e+01
-1.224428272247314453e+01
-1.111450290679931641e+01
-1.144261455535888672e+01
-1.050441455841064453e+01
-8.376313209533691406e+00
-6.938351154327392578e+00
-2.053004503250122070e+00
1.717271447181701660e+00
5.103776931762695312e+00
1.861315727233886719e+00
-5.097242593765258789e-01
-2.910139083862304688e+00
-4.847275733947753906e+00
-6.327248096466064453e+00
-5.257778167724609375e+00
-3.136974573135375977e+00
-1.557209610939025879e+00
2.835822999477386475e-01
1.345944404602050781e+00
7.093863487243652344e-01
1.104729175567626953e+00
5.302994847297668457e-01
9.478154182434082031e-01
-9.330492615699768066e-01
-2.529886722564697266e+00
-6.399884700775146484e+00
-4.167622089385986328e+00
-5.829681396484375000e+00
-8.966117858886718750e+00
-1.021927928924560547e+01
-8.174510002136230469e+00
-4.702664375305175781e+00
-5.195367336273193359e+00
-6.989332675933837891e+00
-6.698173999786376953e+00
-8.209599494934082031e+00
-9.985597610473632812e+00
-1.174999713897705078e+01
-1.289264488220214844e+01
-1.188875293731689453e+01
-9.743059158325195312e+00
-6.743183135986328125e+00
-5.225097179412841797e+00
-4.373771667480468750e+00
-4.204673290252685547e+00
-4.822245121002197266e+00
-4.635223388671875000e+00
-3.187319278717041016e+00
-2.605285167694091797e+00
-3.361825466156005859e+00
-3.504759311676025391e+00
-2.115062713623046875e+00
-2.417696952819824219e+00
-2.560419082641601562e+00
-2.122878789901733398e+00
-1.317836284637451172e+00
-2.017797470092773438e+00
-3.859840869903564453e+00
-3.483365774154663086e+00
-2.954628467559814453e+00
-2.307042598724365234e+00
-2.525163650512695312e+00
-1.752826809883117676e+00
-1.012627720832824707e+00
-1.160662651062011719e+00
-2.006462574005126953e+00
-2.153459072113037109e+00
-2.341849565505981445e+00
-2.456589221954345703e+00
-4.467423915863037109e+00
-5.070426940917968750e+00
-5.200987815856933594e+00
-6.166415214538574219e+00
-7.065439701080322266e+00
-6.903923034667968750e+00
-4.831219673156738281e+00
-3.532859563827514648e+00
-2.950567245483398438e+00
-2.542661428451538086e+00
-9.577017426490783691e-01
-9.491537213325500488e-01
3.924183547496795654e-01
3.481980800628662109e+00
5.270987033843994141e+00
6.326501846313476562e+00
7.989715576171875000e+00
8.029670715332031250e+00
5.871390342712402344e+00
3.058726072311401367e+00
-2.065931856632232666e-01
-5.532170772552490234e+00
-4.495359897613525391e+00
-1.136458516120910645e+00
-2.974954806268215179e-02
-5.378955602645874023e-01
-8.566111326217651367e-01
-1.876869916915893555e+00
-9.644081592559814453e-01
-3.600466489791870117e+00
-6.852326393127441406e+00
-9.839709281921386719e+00
-1.100668048858642578e+01
-6.801673412322998047e+00
-3.094445466995239258e+00
-1.480842709541320801e+00
-1.363387346267700195e+00
-2.479069709777832031e+00
-4.247603416442871094e+00
-3.445206165313720703e+00
4.734372496604919434e-01
1.943397998809814453e+00
2.227684736251831055e+00
1.312554717063903809e+00
1.711226582527160645e+00
1.872614622116088867e-01
-1.662409067153930664e+00
-3.434036731719970703e+00
-3.799459695816040039e+00
-3.557276248931884766e+00
-3.527688503265380859e+00
-3.675817728042602539e+00
-4.253388881683349609e+00
-4.027545928955078125e+00
-3.332024812698364258e+00
-3.643491268157958984e+00
-4.135508537292480469e+00
-2.964616298675537109e+00
-3.099688291549682617e+00
-2.574139356613159180e+00
-3.747698307037353516e+00
-2.492316961288452148e+00
-1.866172790527343750e+00
-1.036855459213256836e+00
-1.887023687362670898e+00
-4.850004315376281738e-01
9.907925128936767578e-01
1.538940429687500000e+00
1.430316686630249023e+00
1.355602741241455078e+00
9.757741689682006836e-01
1.015539765357971191e+00
9.255239367485046387e-01
8.642223477363586426e-01
1.170210361480712891e+00
1.739964842796325684e+00
2.706029891967773438e+00
2.438532590866088867e+00
2.194742679595947266e+00
3.018464088439941406e+00
1.622391104698181152e+00
1.375627160072326660e+00
2.500069141387939453e+00
2.635683536529541016e+00
2.302611351013183594e+00
1.503637194633483887e+00
-2.161227226257324219e+00
-6.588771820068359375e+00
-1.201664447784423828e+01
-1.341257381439208984e+01
-1.311960029602050781e+01
-1.275627708435058594e+01
-1.367854213714599609e+01
-9.718288421630859375e+00
-6.855396270751953125e+00
-5.750576019287109375e+00
-6.305711746215820312e+00
-4.441071987152099609e+00
-4.365270614624023438e+00
-4.339720726013183594e+00
-5.127808570861816406e+00
-5.259006977081298828e+00
-4.729348659515380859e+00
-3.892521858215332031e+00
-3.365319967269897461e+00
-1.924475431442260742e+00
-3.591275960206985474e-02
1.398509025573730469e+00
2.436383247375488281e+00
3.089282035827636719e+00
3.330354928970336914e+00
3.832880973815917969e+00
2.405733108520507812e+00
-5.914870649576187134e-02
-1.211054801940917969e+00
-2.217476129531860352e+00
-3.946739435195922852e+00
-4.228570461273193359e+00
-2.212753057479858398e+00
-1.156577706336975098e+00
-2.334187924861907959e-01
1.345826148986816406e+00
3.259585142135620117e+00
5.459141254425048828e+00
6.253628253936767578e+00
5.822299003601074219e+00
4.300624370574951172e+00
5.645712852478027344e+00
6.753983974456787109e+00
8.700492858886718750e+00
8.276979446411132812e+00
9.101879119873046875e+00
9.434905052185058594e+00
7.950989723205566406e+00
3.967739820480346680e+00
2.337370157241821289e+00
6.445194482803344727e-01
-1.876822590827941895e+00
-2.437887191772460938e+00
1.528149247169494629e+00
7.445868015289306641e+00
4.908325672149658203e+00
1.193304657936096191e+00
-3.642357110977172852e+00
-4.265903949737548828e+00
-1.046419024467468262e+00
2.988545179367065430e+00
3.062409877777099609e+00
3.404503345489501953e+00
3.665152311325073242e+00
6.185785293579101562e+00
6.346736907958984375e+00
8.141458511352539062e+00
6.540915012359619141e+00
5.739248752593994141e+00
6.303950309753417969e+00
9.128091812133789062e+00
1.147492885589599609e+01
1.203518867492675781e+01
1.504288291931152344e+01
1.653196716308593750e+01
