-1.935546875000000000e+00
-5.522460937500000000e-01
9.492187500000000000e-01
1.473632812500000000e+00
2.048828125000000000e+00
1.440429687500000000e+00
7.534179687500000000e-01
-2.194824218750000000e-01
-5.517578125000000000e-01
-2.695312500000000000e+00
-2.869140625000000000e+00
-4.464843750000000000e+00
-5.187500000000000000e+00
-4.937500000000000000e+00
-5.167968750000000000e+00
-5.914062500000000000e+00
-5.371093750000000000e+00
-3.171875000000000000e+00
-3.212890625000000000e+00
-4.261718750000000000e+00
-3.275390625000000000e+00
8.068847656250000000e-02
-6.909179687500000000e-01
-1.466796875000000000e+00
-1.839843750000000000e+00
-9.985351562500000000e-01
-2.640625000000000000e+00
-3.591796875000000000e+00
-3.101562500000000000e+00
-2.007812500000000000e+00
-1.274414062500000000e+00
-1.125976562500000000e+00
-9.775390625000000000e-01
-6.479492187500000000e-01
-7.802734375000000000e-01
-1.971679687500000000e+00
-1.677734375000000000e+00
-6.140136718750000000e-02
-3.066406250000000000e-01
5.522460937500000000e-01
4.030761718750000000e-01
2.994140625000000000e+00
3.167968750000000000e+00
4.511718750000000000e+00
4.851562500000000000e+00
5.890625000000000000e+00
5.503906250000000000e+00
5.042968750000000000e+00
3.343750000000000000e+00
2.199218750000000000e+00
4.658203125000000000e-01
-2.820312500000000000e+00
-4.578125000000000000e+00
-4.066406250000000000e+00
-4.066406250000000000e+00
-3.648437500000000000e+00
-2.560546875000000000e+00
-6.704101562500000000e-01
-1.208984375000000000e+00
-2.097656250000000000e+00
-2.582031250000000000e+00
4.990234375000000000e-01
2.602539062500000000e-01
-1.248046875000000000e+00
-1.660156250000000000e+00
1.829833984375000000e-01
-7.041015625000000000e-01
-1.655273437500000000e+00
-1.771484375000000000e+00
-8.969726562500000000e-01
-2.089843750000000000e+00
-2.458984375000000000e+00
-2.388671875000000000e+00
-2.189453125000000000e+00
-5.328125000000000000e+00
-8.023437500000000000e+00
-8.296875000000000000e+00
-6.789062500000000000e+00
-6.199218750000000000e+00
-8.796875000000000000e+00
-8.445312500000000000e+00
-8.195312500000000000e+00
-7.335937500000000000e+00
-6.058593750000000000e+00
-4.539062500000000000e+00
-4.996093750000000000e+00
-6.824218750000000000e+00
-8.914062500000000000e+00
-1.013281250000000000e+01
-1.054687500000000000e+01
-9.906250000000000000e+00
-9.218750000000000000e+00
-8.953125000000000000e+00
-6.843750000000000000e+00
-6.011718750000000000e+00
-3.638671875000000000e+00
-2.136718750000000000e+00
-4.672851562500000000e-01
-3.527832031250000000e-01
-1.134765625000000000e+00
-1.190185546875000000e-01
1.199218750000000000e+00
1.762695312500000000e+00
2.916015625000000000e+00
3.429687500000000000e+00
3.251953125000000000e+00
-3.718261718750000000e-01
-3.951171875000000000e+00
-3.773437500000000000e+00
-1.972656250000000000e+00
-6.284179687500000000e-01
-2.144775390625000000e-01
6.289062500000000000e-01
2.029296875000000000e+00
1.802734375000000000e+00
1.794433593750000000e-01
5.166015625000000000e-01
1.195312500000000000e+00
2.296875000000000000e+00
2.427734375000000000e+00
2.298828125000000000e+00
2.410156250000000000e+00
2.824218750000000000e+00
2.218750000000000000e+00
3.382812500000000000e+00
2.984375000000000000e+00
4.074218750000000000e+00
4.140625000000000000e+00
4.144531250000000000e+00
4.597656250000000000e+00
4.304687500000000000e+00
4.632812500000000000e+00
4.746093750000000000e+00
4.781250000000000000e+00
4.972656250000000000e+00
4.632812500000000000e+00
4.917968750000000000e+00
4.218750000000000000e+00
2.824218750000000000e+00
2.226562500000000000e+00
1.928710937500000000e+00
2.886718750000000000e+00
3.060546875000000000e+00
2.949218750000000000e+00
2.041015625000000000e+00
1.780273437500000000e+00
1.342773437500000000e+00
1.727294921875000000e-01
-1.408203125000000000e+00
-3.789062500000000000e+00
-5.902343750000000000e+00
-7.937500000000000000e+00
-8.953125000000000000e+00
-9.257812500000000000e+00
-7.734375000000000000e+00
-7.394531250000000000e+00
-7.671875000000000000e+00
-7.640625000000000000e+00
-6.265625000000000000e+00
-7.929687500000000000e+00
-7.296875000000000000e+00
-5.941406250000000000e+00
-6.210937500000000000e+00
-6.511718750000000000e+00
-6.203125000000000000e+00
-3.962890625000000000e+00
-2.169921875000000000e+00
-1.269531250000000000e+00
1.234375000000000000e+00
2.664062500000000000e+00
5.613281250000000000e+00
6.437500000000000000e+00
8.031250000000000000e+00
6.640625000000000000e+00
6.332031250000000000e+00
6.320312500000000000e+00
5.687500000000000000e+00
4.515625000000000000e+00
2.380859375000000000e+00
-5.390625000000000000e-01
-2.765625000000000000e+00
-3.171875000000000000e+00
-3.505859375000000000e+00
-2.292968750000000000e+00
-1.027343750000000000e+00
7.333984375000000000e-01
2.464599609375000000e-01
1.819335937500000000e+00
5.179687500000000000e+00
7.101562500000000000e+00
7.894531250000000000e+00
8.578125000000000000e+00
8.421875000000000000e+00
7.492187500000000000e+00
4.085937500000000000e+00
1.887695312500000000e+00
2.980468750000000000e+00
4.296875000000000000e+00
4.464843750000000000e+00
4.503906250000000000e+00
5.152343750000000000e+00
6.750000000000000000e+00
7.453125000000000000e+00
8.242187500000000000e+00
7.164062500000000000e+00
5.828125000000000000e+00
4.753906250000000000e+00
3.050781250000000000e+00
1.749023437500000000e+00
3.283691406250000000e-01
-1.903320312500000000e+00
-5.675781250000000000e+00
-8.265625000000000000e+00
-9.773437500000000000e+00
-1.081250000000000000e+01
-1.074218750000000000e+01
-8.164062500000000000e+00
-4.292968750000000000e+00
-1.175781250000000000e+00
2.679687500000000000e+00
5.640625000000000000e+00
5.292968750000000000e+00
2.542968750000000000e+00
1.458007812500000000e+00
2.005859375000000000e+00
2.378906250000000000e+00
2.086181640625000000e-01
-1.050781250000000000e+00
-2.265625000000000000e+00
-1.221679687500000000e+00
-3.615722656250000000e-01
1.416992187500000000e+00
2.984375000000000000e+00
3.300781250000000000e+00
2.314453125000000000e+00
-1.349609375000000000e+00
-5.246093750000000000e+00
-7.800781250000000000e+00
-1.082812500000000000e+01
-1.244531250000000000e+01
-1.342187500000000000e+01
-1.036718750000000000e+01
-7.984375000000000000e+00
-6.421875000000000000e+00
-3.611328125000000000e+00
-5.078125000000000000e-01
4.975585937500000000e-01
3.913574218750000000e-01
2.707519531250000000e-01
-2.590332031250000000e-01
-2.357421875000000000e+00
-2.988281250000000000e+00
-2.494140625000000000e+00
-4.040527343750000000e-01
-2.853515625000000000e+00
-5.777343750000000000e+00
-9.343750000000000000e+00
-1.206250000000000000e+01
-1.284375000000000000e+01
-1.297656250000000000e+01
-1.271875000000000000e+01
-1.026562500000000000e+01
-7.429687500000000000e+00
-5.988281250000000000e+00
-5.207031250000000000e+00
-5.257812500000000000e+00
-6.015625000000000000e+00
-5.074218750000000000e+00
-3.638671875000000000e+00
-3.679687500000000000e+00
-5.058593750000000000e+00
-3.029296875000000000e+00
1.421093750000000000e+01
1.640625000000000000e+01
1.310156250000000000e+01
8.078125000000000000e+00
4.605468750000000000e+00
1.889648437500000000e+00
4.140625000000000000e+00
8.062500000000000000e+00
1.138281250000000000e+01
1.033593750000000000e+01
7.812500000000000000e+00
1.537109375000000000e+00
-2.951171875000000000e+00
-4.437500000000000000e+00
-4.472656250000000000e+00
-2.216796875000000000e+00
5.488281250000000000e-01
2.218017578125000000e-01
-1.615234375000000000e+00
6.752929687500000000e-01
5.601562500000000000e+00
9.937500000000000000e+00
1.135937500000000000e+01
1.087500000000000000e+01
1.086718750000000000e+01
1.096875000000000000e+01
1.085937500000000000e+01
1.008593750000000000e+01
8.867187500000000000e+00
4.808593750000000000e+00
2.638671875000000000e+00
3.638671875000000000e+00
5.347656250000000000e+00
6.011718750000000000e+00
7.476562500000000000e+00
6.574218750000000000e+00
3.513671875000000000e+00
1.210937500000000000e+00
-4.808593750000000000e+00
-1.134375000000000000e+01
-1.481250000000000000e+01
-1.120312500000000000e+01
-5.371093750000000000e+00
-1.414062500000000000e+00
1.655273437500000000e+00
4.167968750000000000e+00
7.507812500000000000e+00
1.057812500000000000e+01
1.258593750000000000e+01
1.264062500000000000e+01
1.004687500000000000e+01
9.281250000000000000e+00
6.308593750000000000e+00
2.757812500000000000e+00
2.121582031250000000e-01
5.322265625000000000e-01
1.824218750000000000e+00
3.636718750000000000e+00
3.906250000000000000e+00
3.351562500000000000e+00
2.501953125000000000e+00
3.125000000000000000e+00
2.861328125000000000e+00
9.990234375000000000e-01
-8.452148437500000000e-01
-6.303710937500000000e-01
-2.828125000000000000e+00
-3.500000000000000000e+00
-4.421875000000000000e+00
-5.777343750000000000e+00
-6.828125000000000000e+00
-5.929687500000000000e+00
-5.214843750000000000e+00
-4.457031250000000000e+00
-5.902343750000000000e+00
-7.394531250000000000e+00
-7.746093750000000000e+00
-5.605468750000000000e+00
-4.671875000000000000e+00
-2.960937500000000000e+00
-1.487304687500000000e+00
1.128906250000000000e+00
1.581054687500000000e+00
1.729492187500000000e+00
1.023437500000000000e+00
1.103515625000000000e+00
1.474609375000000000e+00
4.082031250000000000e+00
5.332031250000000000e+00
3.824218750000000000e+00
1.153320312500000000e+00
2.034912109375000000e-01
7.312011718750000000e-02
2.000000000000000000e+00
4.808593750000000000e+00
6.265625000000000000e+00
4.898437500000000000e+00
1.020312500000000000e+01
1.037500000000000000e+01
9.132812500000000000e+00
8.750000000000000000e+00
8.523437500000000000e+00
6.343750000000000000e+00
2.646484375000000000e+00
-1.884765625000000000e+00
-3.736328125000000000e+00
-4.332031250000000000e+00
-4.058593750000000000e+00
-3.726562500000000000e+00
-3.828125000000000000e+00
-4.558593750000000000e+00
-5.675781250000000000e+00
-9.523437500000000000e+00
-1.424218750000000000e+01
-1.108593750000000000e+01
-6.597656250000000000e+00
-4.128906250000000000e+00
-7.707031250000000000e+00
-8.515625000000000000e+00
-1.037500000000000000e+01
-5.488281250000000000e+00
-4.300781250000000000e+00
-3.142578125000000000e+00
-2.525390625000000000e+00
-4.527343750000000000e+00
-3.714843750000000000e+00
-1.666015625000000000e+00
3.019531250000000000e+00
5.527343750000000000e+00
5.742187500000000000e+00
4.175781250000000000e+00
4.790039062500000000e-01
1.606445312500000000e-01
2.056640625000000000e+00
3.263671875000000000e+00
7.465820312500000000e-01
-4.853515625000000000e-01
2.248046875000000000e+00
3.859375000000000000e+00
4.925781250000000000e+00
4.371093750000000000e+00
4.437500000000000000e+00
3.605468750000000000e+00
4.734375000000000000e+00
6.714843750000000000e+00
1.006250000000000000e+01
8.328125000000000000e+00
3.861328125000000000e+00
1.149414062500000000e+00
-9.541015625000000000e-01
-2.105468750000000000e+00
1.666015625000000000e+00
1.328125000000000000e+00
1.507812500000000000e+00
-2.595703125000000000e+00
-2.714843750000000000e+00
6.757812500000000000e-01
4.312500000000000000e+00
2.550781250000000000e+00
-2.197265625000000000e+00
-8.507812500000000000e+00
-8.523437500000000000e+00
-2.671875000000000000e+00
-2.463378906250000000e-01
-3.176269531250000000e-01
2.156250000000000000e+00
1.824218750000000000e+00
2.875000000000000000e+00
2.699218750000000000e+00
1.953125000000000000e+00
1.191406250000000000e+00
5.144531250000000000e+00
8.976562500000000000e+00
9.007812500000000000e+00
6.257812500000000000e+00
7.593750000000000000e+00
5.933593750000000000e+00
5.605468750000000000e+00
3.732421875000000000e+00
3.908203125000000000e+00
5.511718750000000000e+00
5.726562500000000000e+00
4.320312500000000000e+00
3.677734375000000000e+00
-4.638671875000000000e-01
-8.125000000000000000e-01
4.433593750000000000e-01
3.469238281250000000e-01
-1.440429687500000000e+00
-1.953125000000000000e+00
-3.250000000000000000e+00
-3.373046875000000000e+00
-3.837890625000000000e+00
-2.626953125000000000e+00
-3.591796875000000000e+00
-3.117187500000000000e+00
-2.783203125000000000e+00
-3.964233398437500000e-02
1.499023437500000000e+00
3.980468750000000000e+00
4.152343750000000000e+00
3.345703125000000000e+00
1.220703125000000000e+00
5.678710937500000000e-01
1.491210937500000000e+00
3.636718750000000000e+00
4.113281250000000000e+00
5.781250000000000000e+00
6.933593750000000000e+00
6.726562500000000000e+00
3.890625000000000000e+00
6.273437500000000000e+00
8.015625000000000000e+00
1.191406250000000000e+01
1.392968750000000000e+01
1.494531250000000000e+01
1.268750000000000000e+01
7.476562500000000000e+00
5.792968750000000000e+00
9.570312500000000000e+00
7.250000000000000000e+00
5.312500000000000000e+00
7.675781250000000000e+00
1.207812500000000000e+01
9.351562500000000000e+00
1.124023437500000000e+00
8.414062500000000000e+00
1.684375000000000000e+01
1.732812500000000000e+01
1.271875000000000000e+01
4.527343750000000000e+00
2.316406250000000000e+00
6.791992187500000000e-01
1.398437500000000000e+00
2.167968750000000000e+00
4.527343750000000000e+00
3.960937500000000000e+00
1.460937500000000000e+00
-3.010253906250000000e-01
1.496093750000000000e+00
2.074218750000000000e+00
7.105468750000000000e+00
1.072656250000000000e+01
4.335937500000000000e+00
9.187500000000000000e+00
1.627929687500000000e+00
-4.781250000000000000e+00
-1.162109375000000000e-01
6.023437500000000000e+00
1.171875000000000000e+01
1.228906250000000000e+01
2.785156250000000000e+00
-9.265625000000000000e+00
-6.960937500000000000e+00
-6.245117187500000000e-01
4.039062500000000000e+00
4.324218750000000000e+00
-9.326171875000000000e-01
-9.359375000000000000e+00
-6.082031250000000000e+00
-1.014648437500000000e+00
1.425781250000000000e-01
2.817382812500000000e-01
1.050781250000000000e+00
6.437500000000000000e+00
7.472656250000000000e+00
6.449218750000000000e+00
7.097656250000000000e+00
-7.202148437500000000e-01
-8.523437500000000000e+00
-6.824218750000000000e+00
-5.175781250000000000e+00
-3.285156250000000000e+00
-1.535644531250000000e-01
3.306640625000000000e+00
7.039062500000000000e+00
9.515625000000000000e+00
1.089843750000000000e+01
1.084375000000000000e+01
9.203125000000000000e+00
9.843750000000000000e+00
7.867187500000000000e+00
7.144531250000000000e+00
6.050781250000000000e+00
1.626953125000000000e+00
-2.466796875000000000e+00
-3.531250000000000000e+00
9.604492187500000000e-01
-3.636718750000000000e+00
-1.319335937500000000e+00
-1.391601562500000000e-01
-5.395507812500000000e-01
1.537109375000000000e+00
2.275390625000000000e+00
-9.257812500000000000e-01
-3.498046875000000000e+00
5.468750000000000000e-02
1.098437500000000000e+01
4.800781250000000000e+00
-4.214843750000000000e+00
-1.531982421875000000e-01
8.015625000000000000e+00
1.078906250000000000e+01
1.094531250000000000e+01
1.159375000000000000e+01
8.953125000000000000e+00
2.175781250000000000e+00
-5.167968750000000000e+00
-4.703125000000000000e+00
-1.760742187500000000e+00
2.001953125000000000e+00
1.421875000000000000e+00
-5.610351562500000000e-01
-1.734375000000000000e+00
5.734375000000000000e+00
1.096875000000000000e+01
8.398437500000000000e+00
1.427734375000000000e+00
-1.134765625000000000e+00
4.816406250000000000e+00
5.203125000000000000e+00
2.054687500000000000e+00
2.486328125000000000e+00
5.302734375000000000e-01
-1.607421875000000000e+00
-4.203125000000000000e+00
1.571289062500000000e+00
5.117187500000000000e+00
-3.966796875000000000e+00
-5.527343750000000000e+00
4.042968750000000000e+00
-2.546875000000000000e+00
-1.075781250000000000e+01
-6.382812500000000000e+00
2.162109375000000000e+00
-7.250000000000000000e+00
-3.367187500000000000e+00
-4.382812500000000000e+00
4.457031250000000000e+00
5.441406250000000000e+00
6.449218750000000000e+00
5.062500000000000000e+00
5.328125000000000000e+00
5.597656250000000000e+00
5.597656250000000000e+00
5.066406250000000000e+00
3.630859375000000000e+00
-1.356201171875000000e-01
-5.144531250000000000e+00
-8.164062500000000000e+00
-8.687500000000000000e+00
-8.328125000000000000e+00
-6.324218750000000000e+00
-3.810546875000000000e+00
-5.332031250000000000e+00
-2.447265625000000000e+00
8.686523437500000000e-01
2.515625000000000000e+00
2.058593750000000000e+00
-2.597656250000000000e-01
-5.673828125000000000e-01
-2.048828125000000000e+00
-1.757812500000000000e+00
-3.433593750000000000e+00
-4.988281250000000000e+00
-6.179687500000000000e+00
-6.347656250000000000e+00
-4.742187500000000000e+00
-2.205078125000000000e+00
1.365234375000000000e+00
1.497070312500000000e+00
-1.450195312500000000e+00
-6.921875000000000000e+00
-1.007812500000000000e+01
-9.789062500000000000e+00
3.109375000000000000e+00
3.660156250000000000e+00
-3.923828125000000000e+00
-3.945312500000000000e+00
8.781250000000000000e+00
6.308593750000000000e+00
-1.154296875000000000e+00
-2.724609375000000000e+00
5.046875000000000000e+00
6.355468750000000000e+00
7.007812500000000000e+00
1.159375000000000000e+01
7.960937500000000000e+00
1.126953125000000000e+00
-2.902832031250000000e-01
-3.406250000000000000e+00
-1.502929687500000000e+00
1.073242187500000000e+00
1.257812500000000000e+00
-1.371093750000000000e+00
-3.177734375000000000e+00
1.377929687500000000e+00
-2.949218750000000000e+00
-8.179687500000000000e+00
5.777343750000000000e+00
1.108398437500000000e+00
-7.320312500000000000e+00
-8.265625000000000000e+00
-5.322265625000000000e-01
8.406250000000000000e+00
1.103125000000000000e+01
1.052343750000000000e+01
7.320312500000000000e+00
5.800781250000000000e+00
3.246093750000000000e+00
2.568359375000000000e+00
1.902343750000000000e+00
2.121093750000000000e+00
3.117187500000000000e+00
4.062500000000000000e+00
3.822265625000000000e+00
4.398437500000000000e+00
6.082031250000000000e+00
6.187500000000000000e+00
4.621093750000000000e+00
3.179687500000000000e+00
-1.268310546875000000e-01
-1.678710937500000000e+00
-2.230468750000000000e+00
-1.990234375000000000e+00
-1.140625000000000000e+00
-1.279296875000000000e+00
-1.115234375000000000e+00
-3.078125000000000000e+00
-4.609375000000000000e+00
-6.570312500000000000e+00
-7.542968750000000000e+00
-7.867187500000000000e+00
-7.773437500000000000e+00
-8.148437500000000000e+00
-1.003125000000000000e+01
-1.078125000000000000e+01
-1.114843750000000000e+01
-1.189843750000000000e+01
-1.032812500000000000e+01
-5.679687500000000000e+00
-8.101562500000000000e+00
-1.076562500000000000e+01
-7.136718750000000000e+00
-2.894531250000000000e+00
9.921875000000000000e-01
1.947265625000000000e+00
-3.344726562500000000e-01
-4.800781250000000000e+00
-9.218750000000000000e+00
-1.000000000000000000e+01
-9.796875000000000000e+00
-9.265625000000000000e+00
-9.968750000000000000e+00
-1.014062500000000000e+01
-8.898437500000000000e+00
-7.472656250000000000e+00
-5.199218750000000000e+00
-1.703125000000000000e+00
3.279296875000000000e+00
2.822265625000000000e+00
-6.420898437500000000e-01
-2.895507812500000000e-01
1.767578125000000000e+00
2.339843750000000000e+00
3.199218750000000000e+00
2.287109375000000000e+00
9.370117187500000000e-01
-2.730468750000000000e+00
-5.015625000000000000e+00
-2.082031250000000000e+00
6.396484375000000000e-01
-1.233398437500000000e+00
-2.755859375000000000e+00
2.564453125000000000e+00
4.824218750000000000e+00
6.782226562500000000e-01
-4.558593750000000000e+00
-5.820312500000000000e+00
-4.500000000000000000e+00
7.480468750000000000e-01
4.792968750000000000e+00
6.085937500000000000e+00
8.554687500000000000e-01
-6.593750000000000000e+00
-9.726562500000000000e+00
-5.546875000000000000e+00
-7.179687500000000000e+00
-4.382812500000000000e+00
8.051757812500000000e-01
3.498046875000000000e+00
5.664062500000000000e+00
3.802734375000000000e+00
3.061523437500000000e-01
8.392333984375000000e-02
5.838012695312500000e-02
-9.433593750000000000e-01
-2.851562500000000000e+00
-4.824218750000000000e+00
-7.640625000000000000e+00
-8.625000000000000000e+00
-5.667968750000000000e+00
-5.828125000000000000e+00
-6.656250000000000000e+00
-7.914062500000000000e+00
-1.089843750000000000e+01
-9.523437500000000000e+00
-7.222656250000000000e+00
-3.138671875000000000e+00
-9.560546875000000000e-01
1.809570312500000000e+00
5.363281250000000000e+00
4.113281250000000000e+00
3.482421875000000000e+00
1.398437500000000000e+01
1.444531250000000000e+01
1.562500000000000000e+01
1.362500000000000000e+01
1.230468750000000000e+01
8.726562500000000000e+00
4.289062500000000000e+00
2.894531250000000000e+00
1.741210937500000000e+00
-1.819335937500000000e+00
-4.355468750000000000e+00
5.175781250000000000e-01
7.800781250000000000e+00
1.246875000000000000e+01
1.026562500000000000e+01
5.605468750000000000e+00
-1.956054687500000000e+00
-5.820312500000000000e+00
-7.492187500000000000e+00
-1.732421875000000000e+00
1.178710937500000000e+00
-1.184570312500000000e+00
-5.464843750000000000e+00
-4.023437500000000000e+00
7.066406250000000000e+00
6.164062500000000000e+00
4.597656250000000000e+00
3.992187500000000000e+00
2.335937500000000000e+00
-2.042236328125000000e-01
-2.412109375000000000e+00
-2.773437500000000000e+00
-2.185546875000000000e+00
-5.307617187500000000e-01
2.753906250000000000e-01
3.654296875000000000e+00
3.693359375000000000e+00
2.769531250000000000e+00
-1.924804687500000000e+00
-5.824218750000000000e+00
-8.882812500000000000e+00
-9.062500000000000000e+00
-7.800781250000000000e+00
-4.644531250000000000e+00
-2.373046875000000000e+00
7.832031250000000000e-01
1.312500000000000000e+00
1.250000000000000000e-01
-1.636718750000000000e+00
-2.457031250000000000e+00
-1.421875000000000000e+00
2.443359375000000000e+00
3.281250000000000000e+00
4.640625000000000000e+00
3.658203125000000000e+00
4.867187500000000000e+00
4.933593750000000000e+00
5.699218750000000000e+00
9.117187500000000000e+00
8.093750000000000000e+00
4.960937500000000000e+00
1.646484375000000000e+00
1.808593750000000000e+00
-1.586914062500000000e+00
-1.948242187500000000e+00
8.769531250000000000e-01
9.031250000000000000e+00
1.525781250000000000e+01
1.066406250000000000e+01
1.255468750000000000e+01
1.224218750000000000e+01
1.009375000000000000e+01
8.757812500000000000e+00
7.605468750000000000e+00
1.051562500000000000e+01
1.536718750000000000e+01
1.528125000000000000e+01
1.564843750000000000e+01
1.508593750000000000e+01
1.502343750000000000e+01
1.347656250000000000e+01
9.484375000000000000e+00
4.925781250000000000e+00
1.600585937500000000e+00
-3.218750000000000000e+00
-1.572265625000000000e+00
6.753906250000000000e+00
7.367187500000000000e+00
4.894531250000000000e+00
1.049218750000000000e+01
1.540625000000000000e+01
1.553125000000000000e+01
1.554687500000000000e+01
1.328906250000000000e+01
1.083593750000000000e+01
1.023437500000000000e+01
1.163281250000000000e+01
1.211718750000000000e+01
9.203125000000000000e+00
4.347656250000000000e+00
5.335937500000000000e+00
1.310156250000000000e+01
1.026562500000000000e+01
6.929687500000000000e+00
-1.745605468750000000e-01
7.097656250000000000e+00
1.014062500000000000e+01
4.175781250000000000e+00
-1.101562500000000000e+01
-7.296875000000000000e+00
1.857421875000000000e+00
9.492187500000000000e+00
9.578125000000000000e+00
3.054687500000000000e+00
-7.207031250000000000e+00
-1.770312500000000000e+01
-1.776562500000000000e+01
-3.939453125000000000e+00
3.214843750000000000e+00
6.863281250000000000e+00
4.238281250000000000e+00
8.935546875000000000e-01
-7.875976562500000000e-01
-8.784179687500000000e-01
3.208007812500000000e-01
1.685546875000000000e+00
6.821289062500000000e-01
-2.279296875000000000e+00
-7.871093750000000000e+00
-9.289062500000000000e+00
-8.062500000000000000e+00
-2.470703125000000000e+00
-6.625976562500000000e-01
2.363281250000000000e-01
-2.730468750000000000e+00
-3.201171875000000000e+00
-1.083007812500000000e+00
5.766601562500000000e-01
-1.616210937500000000e+00
-5.367187500000000000e+00
-5.996093750000000000e+00
-4.511718750000000000e-01
2.384948730468750000e-02
-2.054687500000000000e+00
-5.386718750000000000e+00
-9.875000000000000000e+00
-1.113281250000000000e+01
-5.851562500000000000e+00
-3.085937500000000000e+00
-5.582031250000000000e+00
-1.074218750000000000e+01
-5.347656250000000000e+00
-9.013671875000000000e-01
-5.043945312500000000e-01
-1.413085937500000000e+00
3.173828125000000000e-02
1.195312500000000000e+00
3.035156250000000000e+00
2.115234375000000000e+00
-2.298828125000000000e+00
-5.464843750000000000e+00
-4.546875000000000000e+00
-3.660156250000000000e+00
-3.394531250000000000e+00
-2.771484375000000000e+00
-1.599609375000000000e+00
6.440429687500000000e-01
3.033203125000000000e+00
3.367187500000000000e+00
3.457031250000000000e+00
3.656250000000000000e+00
5.449218750000000000e+00
4.699218750000000000e+00
2.308593750000000000e+00
-4.386718750000000000e+00
-5.976562500000000000e+00
-5.781250000000000000e+00
-3.291015625000000000e+00
-8.901367187500000000e-01
-5.727539062500000000e-01
-4.082031250000000000e+00
-8.031250000000000000e+00
-1.269531250000000000e+01
-1.682812500000000000e+01
-1.509375000000000000e+01
-9.906250000000000000e+00
-5.425781250000000000e+00
-8.129882812500000000e-01
1.892578125000000000e+00
2.931640625000000000e+00
4.441406250000000000e+00
4.273437500000000000e+00
3.550781250000000000e+00
5.046875000000000000e+00
6.976562500000000000e+00
6.156250000000000000e+00
3.150390625000000000e+00
2.427734375000000000e+00
6.401367187500000000e-01
3.281250000000000000e-01
-1.198242187500000000e+00
-2.894531250000000000e+00
-5.406250000000000000e+00
-6.785156250000000000e+00
-7.859375000000000000e+00
-2.173828125000000000e+00
7.871093750000000000e-01
2.607421875000000000e+00
-2.789062500000000000e+00
-6.156250000000000000e+00
-7.734375000000000000e+00
-9.531250000000000000e+00
-1.396875000000000000e+01
-1.478906250000000000e+01
-1.351562500000000000e+01
-1.189843750000000000e+01
-1.089843750000000000e+01
-1.051562500000000000e+01
-6.941406250000000000e+00
-7.253906250000000000e+00
-6.152343750000000000e+00
-5.500000000000000000e+00
-5.316406250000000000e+00
-5.781250000000000000e+00
-4.347656250000000000e+00
-3.464843750000000000e+00
1.734619140625000000e-01
2.457031250000000000e+00
2.144531250000000000e+00
1.056640625000000000e+00
1.748046875000000000e+00
2.310791015625000000e-01
3.896484375000000000e-01
5.234375000000000000e+00
7.066406250000000000e+00
4.812500000000000000e+00
-3.341796875000000000e+00
-7.960937500000000000e+00
1.787109375000000000e+00
1.029687500000000000e+01
1.057031250000000000e+01
7.796875000000000000e+00
5.949218750000000000e+00
6.816406250000000000e+00
9.375000000000000000e+00
1.004687500000000000e+01
1.142187500000000000e+01
9.843750000000000000e+00
9.140625000000000000e+00
5.812500000000000000e+00
1.506347656250000000e-01
-1.562500000000000000e+00
-2.199218750000000000e+00
-4.011718750000000000e+00
-8.703125000000000000e+00
-9.976562500000000000e+00
-7.156250000000000000e+00
1.154296875000000000e+00
6.078125000000000000e+00
2.556640625000000000e+00
-6.558593750000000000e+00
-8.414062500000000000e+00
-9.132812500000000000e+00
-9.492187500000000000e+00
-8.570312500000000000e+00
-7.679687500000000000e+00
-5.667968750000000000e+00
-5.718750000000000000e+00
-4.970703125000000000e-01
3.752441406250000000e-01
-1.857421875000000000e+00
1.219726562500000000e+00
5.652343750000000000e+00
5.984375000000000000e+00
4.832031250000000000e+00
2.488281250000000000e+00
-3.291015625000000000e+00
-5.503906250000000000e+00
-6.628906250000000000e+00
-8.171875000000000000e+00
-7.761718750000000000e+00
2.020263671875000000e-01
-4.985351562500000000e-01
-3.968750000000000000e+00
-6.648437500000000000e+00
-6.277343750000000000e+00
-1.012500000000000000e+01
-1.516406250000000000e+01
-1.561718750000000000e+01
-8.687500000000000000e+00
-9.828125000000000000e+00
-1.052343750000000000e+01
-9.140625000000000000e+00
-5.496093750000000000e+00
-7.457031250000000000e+00
-4.062500000000000000e+00
-1.659375000000000000e+01
-1.856250000000000000e+01
-8.000000000000000000e+00
-3.328125000000000000e+00
1.019531250000000000e+00
4.843750000000000000e+00
1.634765625000000000e+00
1.743164062500000000e-01
3.160156250000000000e+00
-3.984375000000000000e+00
9.304687500000000000e+00
8.781250000000000000e+00
4.515625000000000000e+00
5.000000000000000000e+00
9.902343750000000000e-01
-6.429687500000000000e+00
-1.025781250000000000e+01
-4.792968750000000000e+00
1.880859375000000000e+00
4.222656250000000000e+00
7.500000000000000000e-01
-3.197265625000000000e+00
-1.037500000000000000e+01
-1.440625000000000000e+01
-7.687500000000000000e+00
-4.230468750000000000e+00
-2.568359375000000000e+00
3.275390625000000000e+00
-2.699218750000000000e+00
-7.097656250000000000e+00
-7.296875000000000000e+00
-2.855468750000000000e+00
-2.757812500000000000e+00
-1.927734375000000000e+00
7.915039062500000000e-01
1.721679687500000000e+00
1.097412109375000000e-01
-3.714843750000000000e+00
-6.968750000000000000e+00
-8.507812500000000000e+00
-1.163281250000000000e+01
-1.308593750000000000e+01
-1.446875000000000000e+01
-1.503125000000000000e+01
-1.395312500000000000e+01
-1.217187500000000000e+01
-5.785156250000000000e+00
2.160156250000000000e+00
-3.852539062500000000e-01
-7.238281250000000000e+00
-9.898437500000000000e+00
-1.228125000000000000e+01
-1.258593750000000000e+01
-1.229687500000000000e+01
-1.045312500000000000e+01
-9.445312500000000000e+00
-7.824218750000000000e+00
-6.324218750000000000e+00
-4.023437500000000000e+00
-9.394531250000000000e-01
-4.214477539062500000e-02
1.702148437500000000e+00
-1.156616210937500000e-01
-1.395507812500000000e+00
-4.417968750000000000e+00
-2.179687500000000000e+00
2.818359375000000000e+00
5.906250000000000000e+00
6.628906250000000000e+00
4.406250000000000000e+00
1.024414062500000000e+00
-3.189453125000000000e+00
-8.937500000000000000e+00
-1.421093750000000000e+01
-1.304687500000000000e+01
-6.250000000000000000e+00
2.857421875000000000e+00
7.214843750000000000e+00
8.382812500000000000e+00
6.527343750000000000e+00
4.414062500000000000e+00
3.620605468750000000e-01
-6.914062500000000000e+00
-1.078906250000000000e+01
-8.515625000000000000e+00
-7.691406250000000000e+00
-8.953125000000000000e+00
-1.092187500000000000e+01
-1.171875000000000000e+01
-1.374218750000000000e+01
-1.287500000000000000e+01
-1.146875000000000000e+01
-1.191406250000000000e+01
-1.178125000000000000e+01
-1.064843750000000000e+01
-8.351562500000000000e+00
-6.957031250000000000e+00
-5.671875000000000000e+00
-4.488281250000000000e+00
-2.832031250000000000e+00
-3.208984375000000000e+00
-2.970703125000000000e+00
-3.642578125000000000e+00
-2.072265625000000000e+00
-2.445312500000000000e+00
-2.332031250000000000e+00
-1.604492187500000000e+00
3.383789062500000000e-01
4.550781250000000000e-01
1.328125000000000000e+00
2.660156250000000000e+00
4.640625000000000000e+00
6.027343750000000000e+00
8.242187500000000000e+00
8.812500000000000000e+00
9.796875000000000000e+00
8.773437500000000000e+00
7.972656250000000000e+00
4.644531250000000000e+00
4.851562500000000000e+00
4.492187500000000000e+00
6.246093750000000000e+00
7.472656250000000000e+00
6.296875000000000000e+00
5.906250000000000000e+00
7.015625000000000000e+00
9.867187500000000000e+00
7.167968750000000000e+00
2.824218750000000000e+00
5.843750000000000000e+00
6.992187500000000000e+00
3.324218750000000000e+00
-8.393554687500000000e-01
2.111328125000000000e+00
8.710937500000000000e+00
8.445312500000000000e+00
4.007812500000000000e+00
1.071093750000000000e+01
1.031250000000000000e+01
4.644531250000000000e+00
5.488281250000000000e+00
7.332031250000000000e+00
3.708984375000000000e+00
5.250000000000000000e+00
9.031250000000000000e+00
1.050000000000000000e+01
9.453125000000000000e+00
8.773437500000000000e+00
9.695312500000000000e+00
9.406250000000000000e+00
9.414062500000000000e+00
7.617187500000000000e+00
9.265625000000000000e+00
1.092968750000000000e+01
9.523437500000000000e+00
7.812500000000000000e+00
7.007812500000000000e+00
6.683593750000000000e+00
4.222656250000000000e+00
2.617187500000000000e+00
2.248046875000000000e+00
1.439453125000000000e+00
8.823242187500000000e-01
7.050781250000000000e-01
2.338409423828125000e-03
-4.331054687500000000e-01
-1.641601562500000000e+00
-9.448242187500000000e-01
-1.537109375000000000e+00
-1.428710937500000000e+00
-1.775390625000000000e+00
-3.148437500000000000e+00
-4.062500000000000000e+00
-7.808593750000000000e+00
-7.191406250000000000e+00
-1.150390625000000000e+00
2.281250000000000000e+00
-1.669921875000000000e+00
-6.640625000000000000e+00
-5.511718750000000000e+00
-7.820312500000000000e+00
-9.484375000000000000e+00
-9.304687500000000000e+00
-1.038281250000000000e+01
-1.179687500000000000e+01
-1.236718750000000000e+01
-9.351562500000000000e+00
-9.210937500000000000e+00
-1.052343750000000000e+01
-1.135156250000000000e+01
-1.013281250000000000e+01
-1.122656250000000000e+01
-1.115625000000000000e+01
-1.192968750000000000e+01
-1.176562500000000000e+01
-1.320312500000000000e+01
-1.258593750000000000e+01
-1.407812500000000000e+01
-1.146875000000000000e+01
-7.953125000000000000e+00
-7.277343750000000000e+00
-7.113281250000000000e+00
-7.429687500000000000e+00
-1.038281250000000000e+01
-1.350000000000000000e+01
-1.223437500000000000e+01
-9.445312500000000000e+00
-5.824218750000000000e+00
-3.869140625000000000e+00
-1.320312500000000000e+00
-7.539062500000000000e-01
-5.703125000000000000e-01
-3.432617187500000000e-01
-2.119140625000000000e+00
-6.441406250000000000e+00
-1.020312500000000000e+01
-7.167968750000000000e+00
-3.781250000000000000e+00
-4.238281250000000000e+00
-5.738281250000000000e+00
-8.281250000000000000e+00
-1.057031250000000000e+01
-1.118750000000000000e+01
-1.028906250000000000e+01
-1.169531250000000000e+01
-1.221093750000000000e+01
-7.085937500000000000e+00
-6.871093750000000000e+00
-6.808593750000000000e+00
-9.929687500000000000e+00
-9.601562500000000000e+00
-8.687500000000000000e+00
-8.187500000000000000e+00
-7.277343750000000000e+00
-6.937500000000000000e+00
-7.574218750000000000e+00
-7.636718750000000000e+00
-7.667968750000000000e+00
-5.558593750000000000e+00
-4.671875000000000000e+00
-5.742187500000000000e+00
-8.007812500000000000e+00
-5.781250000000000000e+00
-3.382812500000000000e+00
-2.152343750000000000e+00
-2.154296875000000000e+00
1.324462890625000000e-01
2.958984375000000000e+00
4.113281250000000000e+00
6.144531250000000000e+00
5.542968750000000000e+00
4.773437500000000000e+00
3.781250000000000000e+00
3.076171875000000000e+00
2.203125000000000000e+00
3.031250000000000000e+00
1.394531250000000000e+00
-8.989257812500000000e-01
-1.139648437500000000e+00
8.178710937500000000e-01
1.033203125000000000e+00
1.462890625000000000e+00
1.094726562500000000e+00
1.130859375000000000e+00
-4.528808593750000000e-01
-2.976562500000000000e+00
-3.109375000000000000e+00
-1.301757812500000000e+00
-2.492187500000000000e+00
-4.863281250000000000e+00
-5.968750000000000000e+00
-4.652343750000000000e+00
-5.492187500000000000e+00
-9.062500000000000000e+00
-1.004687500000000000e+01
-9.617187500000000000e+00
-9.875000000000000000e+00
-1.256250000000000000e+01
-6.878906250000000000e+00
-3.732421875000000000e+00
-7.705078125000000000e-01
1.132812500000000000e+00
-3.427124023437500000e-02
-1.375000000000000000e+00
-3.369140625000000000e+00
-6.808593750000000000e+00
-7.140625000000000000e+00
-8.445312500000000000e+00
-1.010156250000000000e+01
-1.320312500000000000e+01
-1.053125000000000000e+01
-1.070312500000000000e+01
-1.021875000000000000e+01
-1.185937500000000000e+01
-8.531250000000000000e+00
-6.972656250000000000e+00
-6.171875000000000000e+00
-7.144531250000000000e+00
-5.671875000000000000e+00
-5.500000000000000000e+00
-5.984375000000000000e+00
-7.781250000000000000e+00
-5.859375000000000000e+00
-5.300781250000000000e+00
-5.765625000000000000e+00
-7.402343750000000000e+00
-6.609375000000000000e+00
-7.078125000000000000e+00
-7.628906250000000000e+00
-8.804687500000000000e+00
-6.222656250000000000e+00
-4.703125000000000000e+00
-4.121093750000000000e+00
-3.906250000000000000e+00
-2.949218750000000000e+00
-1.341796875000000000e+00
-1.148437500000000000e+00
-7.631835937500000000e-01
-1.350097656250000000e-01
-2.265625000000000000e+00
-3.207031250000000000e+00
-5.597656250000000000e+00
-7.218750000000000000e+00
-8.890625000000000000e+00
-7.824218750000000000e+00
-5.707031250000000000e+00
-1.600341796875000000e-01
4.984375000000000000e+00
5.414062500000000000e+00
4.863281250000000000e+00
8.095703125000000000e-01
-3.533203125000000000e+00
-5.320312500000000000e+00
-7.414062500000000000e+00
-6.011718750000000000e+00
-3.210937500000000000e+00
-2.763671875000000000e+00
-3.808593750000000000e+00
-2.798828125000000000e+00
2.785644531250000000e-01
3.660156250000000000e+00
7.046875000000000000e+00
8.429687500000000000e+00
7.347656250000000000e+00
7.632812500000000000e+00
1.178125000000000000e+01
9.789062500000000000e+00
6.976562500000000000e+00
7.417968750000000000e+00
8.882812500000000000e+00
6.691406250000000000e+00
5.351562500000000000e+00
5.062500000000000000e+00
4.671875000000000000e+00
5.003906250000000000e+00
4.496093750000000000e+00
4.378906250000000000e+00
1.562500000000000000e+00
-2.119140625000000000e+00
-4.273437500000000000e+00
-4.953125000000000000e+00
-4.605468750000000000e+00
-2.435546875000000000e+00
5.667114257812500000e-02
3.359375000000000000e+00
6.121093750000000000e+00
8.562500000000000000e+00
9.132812500000000000e+00
9.929687500000000000e+00
1.013281250000000000e+01
8.437500000000000000e+00
5.843750000000000000e+00
1.458007812500000000e+00
-2.726562500000000000e+00
-4.683593750000000000e+00
-6.679687500000000000e+00
-9.929687500000000000e+00
-1.657812500000000000e+01
