-5.859375000000000000e+00
-4.628906250000000000e+00
-4.441406250000000000e+00
-5.011718750000000000e+00
-3.691406250000000000e+00
-1.428710937500000000e+00
-1.011352539062500000e-01
6.333007812500000000e-01
6.196289062500000000e-01
1.169921875000000000e+00
1.467773437500000000e+00
1.083984375000000000e+00
3.757324218750000000e-01
1.989746093750000000e-01
-1.900634765625000000e-01
-2.695312500000000000e+00
-2.595703125000000000e+00
-2.324218750000000000e+00
-1.696289062500000000e+00
-2.691406250000000000e+00
-2.000000000000000000e+00
-1.563476562500000000e+00
-1.592773437500000000e+00
-2.236328125000000000e+00
-2.496093750000000000e+00
-2.451171875000000000e+00
-1.989257812500000000e+00
-2.828125000000000000e+00
-1.683593750000000000e+00
-1.907226562500000000e+00
-1.150390625000000000e+00
-1.970703125000000000e+00
-1.311523437500000000e+00
-1.984375000000000000e+00
-2.281250000000000000e+00
-3.738281250000000000e+00
-4.613281250000000000e+00
-4.828125000000000000e+00
-4.613281250000000000e+00
-6.812500000000000000e+00
-6.417968750000000000e+00
-6.296875000000000000e+00
-5.871093750000000000e+00
-8.125000000000000000e+00
-6.292968750000000000e+00
-5.488281250000000000e+00
-3.789062500000000000e+00
3.710937500000000000e-01
3.351562500000000000e+00
8.520507812500000000e-01
-1.539062500000000000e+00
-3.375000000000000000e+00
-3.416015625000000000e+00
-4.174804687500000000e-01
-2.396484375000000000e+00
-7.601562500000000000e+00
-2.529296875000000000e+00
-2.128906250000000000e+00
-5.078125000000000000e+00
-3.998046875000000000e+00
-2.625000000000000000e+00
-4.261718750000000000e+00
-6.628906250000000000e+00
-1.207031250000000000e+01
-1.191406250000000000e+01
-1.092968750000000000e+01
-9.351562500000000000e+00
-1.078906250000000000e+01
-7.148437500000000000e+00
-4.710937500000000000e+00
-3.732421875000000000e+00
-4.785156250000000000e+00
-2.617187500000000000e+00
-3.306640625000000000e+00
-2.962890625000000000e+00
-4.515625000000000000e+00
-6.351562500000000000e+00
-7.773437500000000000e+00
-8.414062500000000000e+00
-1.106250000000000000e+01
-7.878906250000000000e+00
-6.351562500000000000e+00
-5.390625000000000000e+00
-7.179687500000000000e+00
-5.535156250000000000e+00
-5.386718750000000000e+00
-4.734375000000000000e+00
-5.558593750000000000e+00
-4.121093750000000000e+00
-3.406250000000000000e+00
-2.130859375000000000e+00
-2.552734375000000000e+00
-1.404296875000000000e+00
-1.340820312500000000e+00
-1.073242187500000000e+00
-1.086914062500000000e+00
-2.819824218750000000e-02
1.690429687500000000e+00
2.496093750000000000e+00
2.460937500000000000e+00
1.845703125000000000e+00
2.039062500000000000e+00
2.681640625000000000e+00
2.541015625000000000e+00
3.105468750000000000e+00
2.068359375000000000e+00
2.085937500000000000e+00
7.885742187500000000e-01
-1.202148437500000000e+00
-3.673828125000000000e+00
-4.832031250000000000e+00
-5.457031250000000000e+00
-4.234375000000000000e+00
-2.558593750000000000e+00
-1.363281250000000000e+00
-8.481445312500000000e-01
-5.083007812500000000e-01
-3.253906250000000000e+00
-3.867187500000000000e+00
-5.867187500000000000e+00
-4.500000000000000000e+00
-2.929687500000000000e+00
-2.234375000000000000e+00
-5.796875000000000000e+00
-7.722656250000000000e+00
-9.312500000000000000e+00
-9.664062500000000000e+00
-1.250781250000000000e+01
-1.065625000000000000e+01
-1.084375000000000000e+01
-1.089843750000000000e+01
-1.328125000000000000e+01
-9.851562500000000000e+00
-7.710937500000000000e+00
-7.484375000000000000e+00
-7.300781250000000000e+00
-5.238281250000000000e+00
-3.554687500000000000e+00
-3.392578125000000000e+00
-3.564453125000000000e+00
-2.464843750000000000e+00
-2.923828125000000000e+00
-4.136718750000000000e+00
-6.718750000000000000e+00
-7.156250000000000000e+00
-7.007812500000000000e+00
-6.773437500000000000e+00
-7.621093750000000000e+00
-5.851562500000000000e+00
-4.621093750000000000e+00
-3.623046875000000000e+00
-3.361328125000000000e+00
-1.778320312500000000e+00
-7.089843750000000000e-01
1.015014648437500000e-01
1.172851562500000000e+00
1.039062500000000000e+00
5.126953125000000000e-01
4.023437500000000000e-01
-6.625976562500000000e-01
-4.195312500000000000e+00
-9.335937500000000000e+00
-1.361718750000000000e+01
-1.488281250000000000e+01
-1.235937500000000000e+01
-8.796875000000000000e+00
-7.871093750000000000e+00
-5.414062500000000000e+00
-6.320312500000000000e+00
-7.113281250000000000e+00
-7.710937500000000000e+00
-9.804687500000000000e+00
-8.070312500000000000e+00
-6.906250000000000000e+00
-5.855468750000000000e+00
-6.093750000000000000e+00
-4.535156250000000000e+00
-5.785156250000000000e+00
-8.648437500000000000e+00
-1.231250000000000000e+01
-1.407812500000000000e+01
-1.550000000000000000e+01
-1.492968750000000000e+01
-1.376562500000000000e+01
-1.356250000000000000e+01
-1.225781250000000000e+01
-1.078906250000000000e+01
-1.119531250000000000e+01
-1.005468750000000000e+01
-9.242187500000000000e+00
-9.304687500000000000e+00
-1.157031250000000000e+01
-1.046875000000000000e+01
-8.726562500000000000e+00
-7.531250000000000000e+00
-7.718750000000000000e+00
-6.859375000000000000e+00
-3.158203125000000000e+00
-2.417968750000000000e+00
-1.399414062500000000e+00
3.815917968750000000e-01
1.640625000000000000e+00
2.431640625000000000e+00
7.666015625000000000e-01
-2.134765625000000000e+00
-6.644531250000000000e+00
-9.687500000000000000e+00
-1.558593750000000000e+01
-1.381250000000000000e+01
-1.127343750000000000e+01
-9.015625000000000000e+00
-7.628906250000000000e+00
-6.015625000000000000e+00
-3.837890625000000000e+00
-3.501953125000000000e+00
-3.482421875000000000e+00
-2.300781250000000000e+00
1.301757812500000000e+00
3.244140625000000000e+00
4.937500000000000000e+00
4.628906250000000000e+00
4.156250000000000000e+00
1.954101562500000000e+00
-3.860473632812500000e-02
-3.939453125000000000e+00
-4.691406250000000000e+00
-6.781250000000000000e+00
-7.667968750000000000e+00
-8.000000000000000000e+00
-8.414062500000000000e+00
-9.304687500000000000e+00
-1.065625000000000000e+01
-1.082812500000000000e+01
-9.640625000000000000e+00
-8.414062500000000000e+00
-9.804687500000000000e+00
-1.206250000000000000e+01
-1.442968750000000000e+01
-1.768750000000000000e+01
-1.843750000000000000e+01
-1.617187500000000000e+01
-1.338281250000000000e+01
-1.214843750000000000e+01
-2.757812500000000000e+00
-8.969726562500000000e-01
-7.941406250000000000e+00
-6.699218750000000000e+00
-5.789062500000000000e+00
-6.109375000000000000e+00
-7.871093750000000000e+00
-8.398437500000000000e+00
-6.792968750000000000e+00
-2.417968750000000000e+00
1.788330078125000000e-01
6.157226562500000000e-01
1.696289062500000000e+00
1.708007812500000000e+00
-1.356445312500000000e+00
-5.074218750000000000e+00
-7.175781250000000000e+00
-9.914062500000000000e+00
-1.099218750000000000e+01
-1.071875000000000000e+01
-1.018750000000000000e+01
-8.812500000000000000e+00
-7.792968750000000000e+00
-6.902343750000000000e+00
-7.187500000000000000e+00
-6.699218750000000000e+00
-5.984375000000000000e+00
-5.562500000000000000e+00
-5.617187500000000000e+00
-4.613281250000000000e+00
-4.546875000000000000e+00
-5.898437500000000000e+00
-6.300781250000000000e+00
-6.292968750000000000e+00
-9.140625000000000000e+00
-1.400781250000000000e+01
-1.634375000000000000e+01
-1.784375000000000000e+01
-1.665625000000000000e+01
-1.540625000000000000e+01
-1.224218750000000000e+01
-8.757812500000000000e+00
-3.882812500000000000e+00
-7.133789062500000000e-01
8.437500000000000000e-01
1.520507812500000000e+00
1.149291992187500000e-01
-2.573242187500000000e-01
2.619628906250000000e-01
4.528808593750000000e-01
1.010742187500000000e+00
1.760742187500000000e+00
3.078125000000000000e+00
3.656250000000000000e+00
3.867187500000000000e+00
2.230468750000000000e+00
-3.222656250000000000e-01
-4.632812500000000000e+00
-9.304687500000000000e+00
-1.395312500000000000e+01
-1.634375000000000000e+01
-1.403125000000000000e+01
-1.161718750000000000e+01
-1.005468750000000000e+01
-9.101562500000000000e+00
-9.656250000000000000e+00
-1.128125000000000000e+01
-1.355468750000000000e+01
-1.378906250000000000e+01
-1.257031250000000000e+01
-1.177343750000000000e+01
-1.157031250000000000e+01
-9.484375000000000000e+00
-7.937500000000000000e+00
-6.371093750000000000e+00
-5.718750000000000000e+00
-5.777343750000000000e+00
-6.398437500000000000e+00
-6.906250000000000000e+00
-7.664062500000000000e+00
-8.335937500000000000e+00
-9.867187500000000000e+00
-9.531250000000000000e+00
-8.757812500000000000e+00
-8.664062500000000000e+00
-8.078125000000000000e+00
-7.308593750000000000e+00
-5.671875000000000000e+00
-5.308593750000000000e+00
-4.359375000000000000e+00
-4.113281250000000000e+00
-4.648437500000000000e+00
-4.312500000000000000e+00
-3.720703125000000000e+00
-5.541992187500000000e-01
2.046875000000000000e+00
5.007812500000000000e+00
5.761718750000000000e+00
4.687500000000000000e+00
2.970703125000000000e+00
1.441406250000000000e+00
2.560546875000000000e+00
2.333984375000000000e+00
1.702148437500000000e+00
1.950195312500000000e+00
2.306640625000000000e+00
2.914062500000000000e+00
3.072265625000000000e+00
3.824218750000000000e+00
3.914062500000000000e+00
4.316406250000000000e+00
4.972656250000000000e+00
5.070312500000000000e+00
1.812500000000000000e+00
-1.810546875000000000e+00
-3.726562500000000000e+00
-5.359375000000000000e+00
-7.113281250000000000e+00
-5.546875000000000000e+00
-5.800781250000000000e+00
-1.836914062500000000e+00
2.177734375000000000e+00
1.333984375000000000e+00
-3.839843750000000000e+00
-5.527343750000000000e+00
-2.593750000000000000e+00
1.714843750000000000e+00
4.953125000000000000e+00
4.632812500000000000e+00
3.607421875000000000e+00
2.433593750000000000e+00
3.458984375000000000e+00
3.730468750000000000e+00
4.796875000000000000e+00
4.218750000000000000e+00
-2.337890625000000000e+00
-1.035937500000000000e+01
-6.136718750000000000e+00
2.417968750000000000e+00
5.507812500000000000e+00
9.843750000000000000e+00
1.149218750000000000e+01
8.593750000000000000e+00
6.148437500000000000e+00
5.109375000000000000e+00
3.503906250000000000e+00
3.703125000000000000e+00
4.277343750000000000e+00
5.468750000000000000e+00
3.820312500000000000e+00
4.222656250000000000e+00
6.824218750000000000e+00
4.984375000000000000e+00
2.351562500000000000e+00
-1.271484375000000000e+00
-3.052734375000000000e+00
-2.917968750000000000e+00
-1.644531250000000000e+00
-4.020996093750000000e-01
9.096679687500000000e-01
1.712890625000000000e+00
2.099609375000000000e+00
2.199218750000000000e+00
1.737304687500000000e+00
7.358398437500000000e-01
-1.440429687500000000e+00
-1.545898437500000000e+00
-2.888671875000000000e+00
-4.203125000000000000e+00
-4.550781250000000000e+00
-3.388671875000000000e+00
-2.724609375000000000e+00
-2.945312500000000000e+00
-9.804687500000000000e-01
2.017578125000000000e+00
5.136718750000000000e+00
7.332031250000000000e+00
5.828125000000000000e+00
1.274414062500000000e+00
1.936523437500000000e+00
2.076171875000000000e+00
2.607421875000000000e+00
3.232421875000000000e+00
1.332031250000000000e+00
1.723632812500000000e+00
1.126953125000000000e+00
3.962890625000000000e+00
7.593750000000000000e+00
7.800781250000000000e+00
6.605468750000000000e+00
4.605468750000000000e+00
2.443359375000000000e+00
1.207031250000000000e+00
1.085937500000000000e+00
2.906250000000000000e+00
7.593750000000000000e+00
8.257812500000000000e+00
5.484375000000000000e+00
2.292968750000000000e+00
-1.623046875000000000e+00
-3.306640625000000000e+00
-5.511718750000000000e+00
-6.421875000000000000e+00
-4.082031250000000000e+00
7.989501953125000000e-02
2.330322265625000000e-01
-2.011718750000000000e+00
2.056640625000000000e+00
4.660644531250000000e-01
-3.220703125000000000e+00
-4.367187500000000000e+00
-5.667968750000000000e+00
-7.000000000000000000e+00
-8.421875000000000000e+00
-8.984375000000000000e+00
-7.347656250000000000e+00
-4.843750000000000000e+00
-5.328125000000000000e+00
-5.320312500000000000e+00
-4.921875000000000000e+00
-4.523437500000000000e+00
-4.078125000000000000e+00
-3.986328125000000000e+00
-2.074218750000000000e+00
-1.729492187500000000e+00
-2.324218750000000000e+00
-3.273437500000000000e+00
-3.359375000000000000e+00
-4.363281250000000000e+00
-5.968750000000000000e+00
-5.390625000000000000e+00
-5.824218750000000000e+00
-5.632812500000000000e+00
-5.449218750000000000e+00
-4.781250000000000000e+00
-3.773437500000000000e+00
-2.103515625000000000e+00
-3.824218750000000000e+00
-6.757812500000000000e+00
-4.835937500000000000e+00
-1.063476562500000000e+00
2.537109375000000000e+00
2.267578125000000000e+00
2.060546875000000000e+00
3.958984375000000000e+00
5.238281250000000000e+00
4.312500000000000000e+00
1.893554687500000000e+00
-2.318359375000000000e+00
-3.072265625000000000e+00
9.393310546875000000e-02
5.359375000000000000e+00
5.601562500000000000e+00
6.082031250000000000e+00
8.132812500000000000e+00
9.781250000000000000e+00
1.085937500000000000e+01
6.765625000000000000e+00
4.331054687500000000e-01
-4.011718750000000000e+00
-7.156250000000000000e+00
-3.482421875000000000e+00
2.443359375000000000e+00
5.761718750000000000e+00
8.695312500000000000e+00
5.761718750000000000e+00
8.554687500000000000e+00
8.757812500000000000e+00
7.843750000000000000e+00
8.507812500000000000e+00
8.039062500000000000e+00
8.281250000000000000e+00
5.492187500000000000e+00
-2.717285156250000000e-01
-5.066406250000000000e+00
-6.050781250000000000e+00
-3.734375000000000000e+00
-7.602539062500000000e-01
-5.444335937500000000e-01
-1.501953125000000000e+00
-1.362304687500000000e+00
1.706054687500000000e+00
2.855468750000000000e+00
2.414062500000000000e+00
1.660156250000000000e+00
4.457031250000000000e+00
8.335937500000000000e+00
8.218750000000000000e+00
9.906250000000000000e+00
1.000781250000000000e+01
9.078125000000000000e+00
8.507812500000000000e+00
6.992187500000000000e+00
3.945312500000000000e+00
-9.482421875000000000e-01
-3.513671875000000000e+00
-4.949218750000000000e+00
-4.347656250000000000e+00
-3.904296875000000000e+00
-3.916015625000000000e+00
-4.437500000000000000e+00
-4.394531250000000000e+00
-3.416015625000000000e+00
-2.863281250000000000e+00
-1.972656250000000000e+00
-2.126953125000000000e+00
-1.386718750000000000e+00
-1.569335937500000000e+00
-1.967773437500000000e+00
-2.232421875000000000e+00
-2.986328125000000000e+00
-4.433593750000000000e+00
-5.296875000000000000e+00
-7.562500000000000000e+00
-8.257812500000000000e+00
-9.414062500000000000e+00
-1.022656250000000000e+01
-1.025781250000000000e+01
-9.429687500000000000e+00
-7.703125000000000000e+00
-6.363281250000000000e+00
-4.878906250000000000e+00
-4.585937500000000000e+00
-3.542968750000000000e+00
-3.869140625000000000e+00
-2.789062500000000000e+00
-1.693359375000000000e+00
-1.275634765625000000e-01
2.183837890625000000e-01
6.411132812500000000e-01
2.827148437500000000e-01
3.149414062500000000e-01
6.030273437500000000e-02
-3.725585937500000000e-01
2.149658203125000000e-01
5.463867187500000000e-01
8.574218750000000000e-01
1.511718750000000000e+00
2.126953125000000000e+00
2.964843750000000000e+00
4.355468750000000000e+00
4.964843750000000000e+00
6.222656250000000000e+00
7.027343750000000000e+00
5.402343750000000000e+00
3.390625000000000000e+00
2.253906250000000000e+00
2.837890625000000000e+00
3.183593750000000000e+00
3.466796875000000000e+00
3.662109375000000000e+00
3.855468750000000000e+00
5.128906250000000000e+00
4.843750000000000000e+00
4.644531250000000000e+00
2.144531250000000000e+00
5.654296875000000000e-01
7.490234375000000000e-01
2.763671875000000000e+00
2.640625000000000000e+00
3.177734375000000000e+00
3.628906250000000000e+00
2.316406250000000000e+00
6.289062500000000000e-01
6.542968750000000000e+00
6.882812500000000000e+00
7.335937500000000000e+00
1.082812500000000000e+01
8.007812500000000000e+00
1.003125000000000000e+01
1.178125000000000000e+01
1.235937500000000000e+01
9.835937500000000000e+00
5.585937500000000000e+00
5.714843750000000000e+00
9.945312500000000000e+00
1.192968750000000000e+01
1.257031250000000000e+01
9.921875000000000000e+00
1.043750000000000000e+01
1.134375000000000000e+01
7.632812500000000000e+00
4.617187500000000000e+00
8.312500000000000000e+00
1.082812500000000000e+01
9.976562500000000000e+00
1.061718750000000000e+01
8.531250000000000000e+00
6.792968750000000000e+00
3.906250000000000000e-01
-1.680664062500000000e+00
-9.117126464843750000e-03
8.320312500000000000e-01
-5.937500000000000000e-01
-1.760742187500000000e+00
-7.617187500000000000e-01
-5.864257812500000000e-01
2.124786376953125000e-03
-2.780761718750000000e-01
-9.716796875000000000e-01
4.924316406250000000e-01
2.849609375000000000e+00
3.494140625000000000e+00
8.789062500000000000e+00
1.182812500000000000e+01
1.292968750000000000e+01
1.801562500000000000e+01
2.153125000000000000e+01
1.274218750000000000e+01
8.953125000000000000e+00
3.568359375000000000e+00
2.898437500000000000e+00
3.578125000000000000e+00
4.085937500000000000e+00
2.853515625000000000e+00
4.109375000000000000e+00
3.761718750000000000e+00
3.029296875000000000e+00
-1.542968750000000000e+00
-2.734375000000000000e+00
-1.259765625000000000e+00
-9.184570312500000000e-01
-8.554687500000000000e-01
-3.738281250000000000e+00
-5.105468750000000000e+00
-6.425781250000000000e+00
-3.255859375000000000e+00
-1.344726562500000000e+00
-7.065429687500000000e-01
-2.019531250000000000e+00
-3.193359375000000000e+00
-6.621093750000000000e+00
-8.109375000000000000e+00
-9.617187500000000000e+00
-5.367187500000000000e+00
-2.404296875000000000e+00
3.524780273437500000e-02
-7.153320312500000000e-01
-1.973632812500000000e+00
-1.934570312500000000e+00
-3.275390625000000000e+00
-4.496093750000000000e+00
-4.812500000000000000e+00
-3.099609375000000000e+00
-6.196289062500000000e-01
-1.999023437500000000e+00
-2.529296875000000000e+00
-3.054687500000000000e+00
-2.167968750000000000e+00
-1.230468750000000000e+00
-1.334228515625000000e-01
-3.178710937500000000e-01
5.000000000000000000e-01
1.110351562500000000e+00
1.900390625000000000e+00
3.044433593750000000e-01
-3.445312500000000000e+00
-5.191406250000000000e+00
-4.191406250000000000e+00
-2.164062500000000000e+00
-5.273437500000000000e-01
-7.456054687500000000e-01
-2.210937500000000000e+00
-1.910156250000000000e+00
-1.160156250000000000e+00
-3.579101562500000000e-01
-3.969726562500000000e-01
-2.587890625000000000e-01
-2.570312500000000000e+00
-3.488281250000000000e+00
-1.625976562500000000e+00
7.084960937500000000e-01
2.566406250000000000e+00
3.078125000000000000e+00
4.414062500000000000e+00
4.445312500000000000e+00
4.425781250000000000e+00
2.906250000000000000e+00
4.316406250000000000e+00
4.824218750000000000e+00
3.761718750000000000e+00
2.861328125000000000e+00
1.302734375000000000e+00
1.125335693359375000e-02
-4.577636718750000000e-01
1.154296875000000000e+00
3.964843750000000000e+00
3.468750000000000000e+00
2.779296875000000000e+00
3.250000000000000000e+00
4.484375000000000000e+00
4.949218750000000000e+00
4.332031250000000000e+00
2.500000000000000000e+00
1.466796875000000000e+00
4.418945312500000000e-01
2.808593750000000000e+00
1.090625000000000000e+01
1.479687500000000000e+01
1.503125000000000000e+01
1.512500000000000000e+01
1.147656250000000000e+01
5.851562500000000000e+00
2.412109375000000000e+00
3.832031250000000000e+00
1.006250000000000000e+01
8.500000000000000000e+00
7.574218750000000000e+00
7.820312500000000000e+00
5.460937500000000000e+00
-9.863281250000000000e-01
-8.054687500000000000e+00
-1.239843750000000000e+01
-1.335937500000000000e+01
-1.200000000000000000e+01
-8.523437500000000000e+00
-3.265625000000000000e+00
2.302551269531250000e-02
1.017578125000000000e+00
-2.651367187500000000e-01
-2.458984375000000000e+00
-4.378906250000000000e+00
-2.531250000000000000e+00
-2.515625000000000000e+00
-1.683593750000000000e+00
-1.973632812500000000e+00
2.607421875000000000e-01
-4.602050781250000000e-01
4.097656250000000000e+00
4.949218750000000000e+00
6.199218750000000000e+00
8.195312500000000000e+00
7.636718750000000000e+00
5.441406250000000000e+00
2.833984375000000000e+00
-1.833984375000000000e+00
-4.824218750000000000e+00
-5.714843750000000000e+00
-7.023437500000000000e+00
-8.015625000000000000e+00
-1.990234375000000000e+00
7.226562500000000000e+00
9.546875000000000000e+00
1.055468750000000000e+01
1.049218750000000000e+01
7.476562500000000000e+00
3.005859375000000000e+00
-1.483398437500000000e+00
-4.597656250000000000e+00
-5.503906250000000000e+00
-4.835937500000000000e+00
-3.552734375000000000e+00
-2.683593750000000000e+00
-2.210937500000000000e+00
-1.221679687500000000e+00
1.006835937500000000e+00
2.623046875000000000e+00
3.748046875000000000e+00
4.414062500000000000e+00
5.722656250000000000e+00
5.390625000000000000e+00
4.449218750000000000e+00
3.029296875000000000e+00
2.730468750000000000e+00
1.568359375000000000e+00
9.682617187500000000e-01
-1.092773437500000000e+00
-5.785156250000000000e+00
-8.367187500000000000e+00
-6.203125000000000000e+00
-3.619140625000000000e+00
-1.757812500000000000e+00
-9.526367187500000000e-01
-9.594726562500000000e-01
-3.193359375000000000e+00
-6.636718750000000000e+00
-7.664062500000000000e+00
-8.796875000000000000e+00
-8.007812500000000000e+00
-4.093750000000000000e+00
-2.394531250000000000e+00
6.533203125000000000e-01
7.046875000000000000e+00
1.130468750000000000e+01
9.601562500000000000e+00
-1.473632812500000000e+00
-1.134033203125000000e-01
1.011718750000000000e+01
1.279687500000000000e+01
1.428125000000000000e+01
1.518750000000000000e+01
1.281250000000000000e+01
9.921875000000000000e+00
8.375000000000000000e+00
6.785156250000000000e+00
5.238281250000000000e+00
4.656250000000000000e+00
7.820312500000000000e+00
8.492187500000000000e+00
7.343750000000000000e+00
5.343750000000000000e+00
5.488281250000000000e+00
7.214843750000000000e+00
8.554687500000000000e+00
8.453125000000000000e+00
1.029687500000000000e+01
1.021875000000000000e+01
1.759375000000000000e+01
1.710937500000000000e+01
1.798437500000000000e+01
1.685937500000000000e+01
1.354687500000000000e+01
5.777343750000000000e+00
2.316894531250000000e-01
-3.291015625000000000e+00
4.423828125000000000e-01
9.937500000000000000e+00
6.277343750000000000e+00
1.592773437500000000e+00
1.766601562500000000e+00
2.400390625000000000e+00
2.798828125000000000e+00
5.113281250000000000e+00
5.085937500000000000e+00
7.007812500000000000e+00
8.625000000000000000e+00
1.018750000000000000e+01
7.500000000000000000e+00
2.857421875000000000e+00
-1.902343750000000000e+00
-2.507812500000000000e+00
-3.105468750000000000e+00
-2.162109375000000000e+00
-5.576171875000000000e-01
5.855468750000000000e+00
8.101562500000000000e+00
3.701171875000000000e+00
5.843750000000000000e+00
1.087500000000000000e+01
1.095312500000000000e+01
1.114843750000000000e+01
1.446875000000000000e+01
1.623437500000000000e+01
2.042187500000000000e+01
1.510156250000000000e+01
1.764062500000000000e+01
1.472656250000000000e+01
6.765625000000000000e+00
1.022656250000000000e+01
9.304687500000000000e+00
3.755859375000000000e+00
7.617187500000000000e+00
9.125000000000000000e+00
5.957031250000000000e+00
4.144531250000000000e+00
2.148437500000000000e+00
2.126953125000000000e+00
4.777343750000000000e+00
6.882812500000000000e+00
9.093750000000000000e+00
1.924804687500000000e+00
-1.041406250000000000e+01
-9.093750000000000000e+00
-4.953125000000000000e+00
4.509277343750000000e-01
2.308593750000000000e+00
-1.465820312500000000e+00
-7.097656250000000000e+00
-7.855468750000000000e+00
-6.789062500000000000e+00
-9.289062500000000000e+00
-7.488281250000000000e+00
-4.097656250000000000e+00
-3.966796875000000000e+00
-7.867431640625000000e-02
5.984375000000000000e+00
5.933593750000000000e+00
6.035156250000000000e+00
8.453125000000000000e+00
1.202343750000000000e+01
1.161718750000000000e+01
8.414062500000000000e+00
3.429687500000000000e+00
1.749267578125000000e-01
-2.603515625000000000e+00
-7.367187500000000000e+00
-1.103125000000000000e+01
-1.053125000000000000e+01
-7.757812500000000000e+00
-9.445312500000000000e+00
-9.132812500000000000e+00
-5.851562500000000000e+00
-4.468750000000000000e+00
-4.691406250000000000e+00
-4.800781250000000000e+00
-4.003906250000000000e+00
-3.556640625000000000e+00
-2.492187500000000000e+00
-1.887695312500000000e+00
6.308593750000000000e-01
2.099609375000000000e+00
5.464843750000000000e+00
5.605468750000000000e+00
3.066406250000000000e+00
1.325195312500000000e+00
3.582031250000000000e+00
5.468750000000000000e+00
2.730468750000000000e+00
-6.708984375000000000e-01
-3.414062500000000000e+00
-6.808593750000000000e+00
-7.832031250000000000e+00
-6.292968750000000000e+00
-1.695312500000000000e+00
1.372070312500000000e+00
2.746093750000000000e+00
2.265625000000000000e+00
-1.772460937500000000e-01
-4.472656250000000000e+00
-6.960937500000000000e+00
-5.984375000000000000e+00
-7.929687500000000000e+00
-1.066406250000000000e+01
-1.102343750000000000e+01
-9.742187500000000000e+00
-8.796875000000000000e+00
-9.601562500000000000e+00
-1.167187500000000000e+01
-1.187500000000000000e+01
-1.216406250000000000e+01
-1.109375000000000000e+01
-1.367187500000000000e+01
-1.335156250000000000e+01
-1.637500000000000000e+01
-1.703125000000000000e+01
-1.418750000000000000e+01
-9.085937500000000000e+00
-5.300781250000000000e+00
-2.819824218750000000e-01
3.787109375000000000e+00
4.675781250000000000e+00
5.218750000000000000e+00
3.880859375000000000e+00
4.484375000000000000e+00
7.007812500000000000e+00
8.257812500000000000e+00
5.488281250000000000e+00
4.113281250000000000e+00
3.449218750000000000e+00
4.816406250000000000e+00
6.515625000000000000e+00
6.535156250000000000e+00
6.222656250000000000e+00
5.542968750000000000e+00
5.011718750000000000e+00
3.154296875000000000e+00
-3.515625000000000000e+00
-5.558593750000000000e+00
-6.656250000000000000e+00
-7.187500000000000000e+00
-2.285156250000000000e+00
1.454101562500000000e+00
1.521484375000000000e+00
-1.914062500000000000e+00
-2.595703125000000000e+00
5.800781250000000000e+00
1.218750000000000000e+01
1.180468750000000000e+01
9.054687500000000000e+00
-4.023437500000000000e+00
-5.929687500000000000e+00
6.363281250000000000e+00
8.054687500000000000e+00
9.671875000000000000e+00
6.597656250000000000e+00
4.995727539062500000e-02
5.820312500000000000e+00
7.679687500000000000e+00
5.781250000000000000e+00
3.199218750000000000e+00
2.451171875000000000e+00
5.132812500000000000e+00
5.671875000000000000e+00
6.703125000000000000e+00
6.359375000000000000e+00
4.511718750000000000e+00
6.765625000000000000e+00
7.855468750000000000e+00
5.972656250000000000e+00
6.968750000000000000e+00
8.164062500000000000e+00
3.130859375000000000e+00
3.689453125000000000e+00
3.132812500000000000e+00
2.578125000000000000e+00
8.101562500000000000e+00
1.128906250000000000e+01
1.001562500000000000e+01
5.328125000000000000e+00
5.691406250000000000e+00
5.308593750000000000e+00
2.970703125000000000e+00
1.514648437500000000e+00
2.271484375000000000e+00
4.960937500000000000e+00
8.335937500000000000e+00
1.132812500000000000e+01
1.439843750000000000e+01
1.918750000000000000e+01
1.612500000000000000e+01
1.166406250000000000e+01
8.750000000000000000e+00
5.011718750000000000e+00
-2.529296875000000000e+00
-6.097656250000000000e+00
-4.506835937500000000e-01
-6.420898437500000000e-01
-4.109375000000000000e+00
-5.417968750000000000e+00
-1.735351562500000000e+00
2.359375000000000000e+00
7.300781250000000000e+00
1.106250000000000000e+01
1.185937500000000000e+01
4.691406250000000000e+00
-8.828125000000000000e-01
1.996093750000000000e+00
-3.889160156250000000e-01
-5.851562500000000000e+00
-4.656250000000000000e+00
-2.318359375000000000e+00
-2.962890625000000000e+00
-4.015625000000000000e+00
-3.189453125000000000e+00
-1.764648437500000000e+00
5.535156250000000000e+00
1.056250000000000000e+01
1.176562500000000000e+01
7.855468750000000000e+00
5.152343750000000000e+00
4.953125000000000000e+00
4.281250000000000000e+00
4.234375000000000000e+00
3.894531250000000000e+00
8.315429687500000000e-01
2.515625000000000000e+00
4.707031250000000000e+00
5.679687500000000000e+00
2.849609375000000000e+00
-2.001953125000000000e+00
-5.855468750000000000e+00
-6.855468750000000000e+00
1.187500000000000000e+00
2.076171875000000000e+00
1.971679687500000000e+00
5.238281250000000000e+00
5.714843750000000000e+00
5.070312500000000000e+00
4.632812500000000000e+00
4.773437500000000000e+00
3.464843750000000000e+00
-1.451416015625000000e-01
-4.109375000000000000e+00
-7.933593750000000000e+00
-8.781250000000000000e+00
-6.003906250000000000e+00
-3.769531250000000000e+00
-7.761718750000000000e+00
-1.054687500000000000e+01
-2.429687500000000000e+00
1.406250000000000000e+01
1.651562500000000000e+01
1.552343750000000000e+01
8.265625000000000000e+00
4.566406250000000000e+00
6.101562500000000000e+00
4.996093750000000000e+00
-8.459472656250000000e-02
-3.431640625000000000e+00
-6.433593750000000000e+00
2.673828125000000000e+00
4.824218750000000000e+00
6.789062500000000000e+00
5.664062500000000000e+00
3.414062500000000000e+00
2.925109863281250000e-02
-9.614257812500000000e-01
-8.032226562500000000e-01
-1.823242187500000000e+00
-5.558593750000000000e+00
-8.523437500000000000e+00
-7.046875000000000000e+00
-1.130859375000000000e+00
-2.726562500000000000e+00
2.902832031250000000e-01
5.886718750000000000e+00
6.886718750000000000e+00
6.894531250000000000e+00
6.871093750000000000e+00
5.441406250000000000e+00
7.451171875000000000e-01
-4.566406250000000000e+00
-8.234375000000000000e+00
-1.038281250000000000e+01
-1.157812500000000000e+01
-9.593750000000000000e+00
-5.468750000000000000e+00
-4.136718750000000000e+00
-8.061523437500000000e-01
-1.844726562500000000e+00
-1.721679687500000000e+00
-2.599609375000000000e+00
-6.593750000000000000e+00
-1.171875000000000000e+01
-7.835937500000000000e+00
-2.042968750000000000e+00
-7.105468750000000000e+00
-1.075781250000000000e+01
-1.551562500000000000e+01
-1.740625000000000000e+01
-1.140625000000000000e+01
-5.683593750000000000e+00
-8.429687500000000000e+00
-8.187500000000000000e+00
-9.718750000000000000e+00
-6.207031250000000000e+00
-6.062500000000000000e+00
-5.867187500000000000e+00
-5.835937500000000000e+00
-4.312500000000000000e+00
-4.914062500000000000e+00
-4.753906250000000000e+00
-5.355468750000000000e+00
-6.457031250000000000e+00
-6.636718750000000000e+00
-6.886718750000000000e+00
-8.867187500000000000e+00
-9.945312500000000000e+00
-7.035156250000000000e+00
-3.635253906250000000e-01
2.949218750000000000e+00
2.763671875000000000e+00
6.523437500000000000e-01
9.042968750000000000e-01
1.527099609375000000e-01
-6.044921875000000000e-01
-4.313964843750000000e-01
1.193359375000000000e+00
5.027343750000000000e+00
6.320312500000000000e+00
4.101562500000000000e+00
2.392578125000000000e+00
1.927734375000000000e+00
7.397460937500000000e-01
-1.661132812500000000e+00
-4.535156250000000000e+00
-4.511718750000000000e+00
-3.371582031250000000e-01
-4.290771484375000000e-02
-6.039062500000000000e+00
-9.625000000000000000e+00
-5.683593750000000000e+00
-5.871093750000000000e+00
-3.806640625000000000e+00
-1.901367187500000000e+00
5.968750000000000000e+00
1.278125000000000000e+01
8.164062500000000000e+00
5.742187500000000000e+00
1.708984375000000000e+00
6.640625000000000000e+00
7.996093750000000000e+00
7.191406250000000000e+00
5.890625000000000000e+00
7.023437500000000000e+00
1.173437500000000000e+01
1.287500000000000000e+01
1.362500000000000000e+01
1.301562500000000000e+01
8.867187500000000000e+00
4.449218750000000000e+00
-2.738281250000000000e+00
-7.214843750000000000e+00
-3.685546875000000000e+00
1.534179687500000000e+00
5.144531250000000000e+00
6.093750000000000000e+00
5.636718750000000000e+00
7.074218750000000000e+00
9.898437500000000000e+00
8.398437500000000000e+00
5.414062500000000000e+00
8.648437500000000000e+00
1.007031250000000000e+01
8.945312500000000000e+00
5.746093750000000000e+00
2.169921875000000000e+00
-1.244140625000000000e+00
1.633789062500000000e+00
2.648437500000000000e+00
2.939453125000000000e+00
4.242187500000000000e+00
5.144531250000000000e+00
4.617187500000000000e+00
3.292968750000000000e+00
3.220703125000000000e+00
2.699218750000000000e+00
1.180664062500000000e+00
-1.022460937500000000e+00
-4.078125000000000000e+00
-6.261718750000000000e+00
-7.191406250000000000e+00
-9.546875000000000000e+00
-7.605468750000000000e+00
-5.988281250000000000e+00
-4.347656250000000000e+00
-3.121093750000000000e+00
-7.709960937500000000e-01
1.300781250000000000e+00
2.300781250000000000e+00
1.823242187500000000e+00
7.978515625000000000e-01
-1.165771484375000000e-01
-4.016113281250000000e-02
8.510742187500000000e-01
2.003906250000000000e+00
1.729492187500000000e+00
3.316406250000000000e+00
3.962890625000000000e+00
4.914062500000000000e+00
5.039062500000000000e+00
4.886718750000000000e+00
5.109375000000000000e+00
5.460937500000000000e+00
7.289062500000000000e+00
8.507812500000000000e+00
6.332031250000000000e+00
7.636718750000000000e+00
1.107812500000000000e+01
1.141406250000000000e+01
8.093750000000000000e+00
7.390625000000000000e+00
9.000000000000000000e+00
1.132812500000000000e+01
1.235937500000000000e+01
9.148437500000000000e+00
7.179687500000000000e+00
8.046875000000000000e+00
1.071875000000000000e+01
8.296875000000000000e+00
8.507812500000000000e+00
1.031250000000000000e+01
1.168750000000000000e+01
9.601562500000000000e+00
7.777343750000000000e+00
7.015625000000000000e+00
6.164062500000000000e+00
4.234375000000000000e+00
3.013671875000000000e+00
2.318359375000000000e+00
1.773437500000000000e+00
-5.194091796875000000e-02
-2.078125000000000000e+00
-3.326171875000000000e+00
-5.703125000000000000e+00
-6.609375000000000000e+00
-6.878906250000000000e+00
-7.300781250000000000e+00
-9.492187500000000000e+00
-7.925781250000000000e+00
-5.414062500000000000e+00
-4.332031250000000000e+00
-2.888671875000000000e+00
-2.146484375000000000e+00
-3.830566406250000000e-01
1.067382812500000000e+00
3.484375000000000000e+00
2.796875000000000000e+00
1.296875000000000000e+00
1.410156250000000000e+00
1.993164062500000000e+00
2.359375000000000000e+00
4.001464843750000000e-01
-1.772460937500000000e-01
-1.710937500000000000e+00
-2.914062500000000000e+00
-4.382812500000000000e+00
-4.746093750000000000e+00
-6.085937500000000000e+00
-4.957031250000000000e+00
-1.026367187500000000e+00
3.677734375000000000e+00
7.605468750000000000e+00
9.335937500000000000e+00
4.167968750000000000e+00
-3.935546875000000000e-01
-1.836914062500000000e+00
9.023437500000000000e-01
7.358398437500000000e-01
2.150390625000000000e+00
2.964843750000000000e+00
5.183593750000000000e+00
5.757812500000000000e+00
3.845703125000000000e+00
7.875976562500000000e-01
-2.183593750000000000e+00
-4.179687500000000000e+00
-6.746093750000000000e+00
-2.060546875000000000e+00
5.101562500000000000e+00
3.255859375000000000e+00
3.382812500000000000e+00
4.261718750000000000e+00
6.023437500000000000e+00
4.281250000000000000e+00
3.064453125000000000e+00
1.827148437500000000e+00
1.845703125000000000e+00
6.324218750000000000e+00
9.835937500000000000e+00
1.022656250000000000e+01
6.789062500000000000e+00
1.117187500000000000e+00
-3.431640625000000000e+00
-9.101562500000000000e+00
-1.253125000000000000e+01
-1.191406250000000000e+01
-1.091406250000000000e+01
-1.162500000000000000e+01
-9.242187500000000000e+00
-7.597656250000000000e+00
-7.746093750000000000e+00
-1.032812500000000000e+01
-8.945312500000000000e+00
-9.859375000000000000e+00
-1.062500000000000000e+01
-1.100000000000000000e+01
-9.867187500000000000e+00
-9.343750000000000000e+00
-8.500000000000000000e+00
-9.367187500000000000e+00
-6.082031250000000000e+00
-4.816406250000000000e+00
-3.619140625000000000e+00
-4.183593750000000000e+00
-1.441406250000000000e+00
-1.566406250000000000e+00
-4.880371093750000000e-01
-9.375000000000000000e-01
-1.238281250000000000e+00
-3.250000000000000000e+00
-3.394531250000000000e+00
-1.945312500000000000e+00
-1.153320312500000000e+00
-1.670898437500000000e+00
-9.750976562500000000e-01
-5.092773437500000000e-01
7.944335937500000000e-01
-3.874511718750000000e-01
-1.198120117187500000e-01
-1.009765625000000000e+00
-9.008789062500000000e-01
-1.842773437500000000e+00
-1.324218750000000000e+00
-1.801757812500000000e+00
-1.375000000000000000e+00
-1.435546875000000000e+00
-7.055664062500000000e-01
-1.797851562500000000e+00
-4.985351562500000000e-01
-1.086914062500000000e+00
6.435546875000000000e-01
-1.126953125000000000e+00
-2.268066406250000000e-01
-2.362060546875000000e-01
5.400390625000000000e-01
-6.044921875000000000e-01
-4.023437500000000000e-01
1.309570312500000000e+00
1.700195312500000000e+00
1.066406250000000000e+00
1.365234375000000000e+00
1.127929687500000000e+00
4.641113281250000000e-01
-1.398437500000000000e+00
-3.548828125000000000e+00
-5.109375000000000000e+00
-6.152343750000000000e+00
-8.343750000000000000e+00
-8.281250000000000000e+00
-7.347656250000000000e+00
-6.773437500000000000e+00
-8.085937500000000000e+00
-6.402343750000000000e+00
-3.818359375000000000e+00
-1.579101562500000000e+00
-3.615722656250000000e-01
5.498046875000000000e-01
1.646484375000000000e+00
2.324218750000000000e+00
3.015625000000000000e+00
3.191406250000000000e+00
2.869140625000000000e+00
3.910156250000000000e+00
4.496093750000000000e+00
5.835937500000000000e+00
4.234375000000000000e+00
2.457031250000000000e+00
-1.730468750000000000e+00
-4.558593750000000000e+00
-6.562500000000000000e+00
-6.859375000000000000e+00
-6.925781250000000000e+00
-2.322265625000000000e+00
1.045898437500000000e+00
3.628906250000000000e+00
4.187500000000000000e+00
