1.207031250000000000e+01
9.500000000000000000e+00
8.398437500000000000e+00
6.984375000000000000e+00
5.085937500000000000e+00
4.074218750000000000e+00
4.207031250000000000e+00
4.957031250000000000e+00
4.781250000000000000e+00
5.433593750000000000e+00
4.792968750000000000e+00
4.414062500000000000e+00
2.623046875000000000e+00
1.170898437500000000e+00
-1.348632812500000000e+00
-3.208984375000000000e+00
-1.478515625000000000e+00
7.797851562500000000e-01
2.484375000000000000e+00
3.210937500000000000e+00
2.138671875000000000e+00
9.995117187500000000e-01
-1.517333984375000000e-01
-1.411132812500000000e+00
-1.291015625000000000e+00
3.774414062500000000e-01
2.369384765625000000e-01
-2.371093750000000000e+00
-4.847656250000000000e+00
-5.503906250000000000e+00
-6.949218750000000000e+00
-8.578125000000000000e+00
-7.761718750000000000e+00
-7.402343750000000000e+00
-7.175781250000000000e+00
-8.718750000000000000e+00
-6.925781250000000000e+00
-4.429687500000000000e+00
-3.822265625000000000e+00
-3.322265625000000000e+00
2.314453125000000000e-01
1.780273437500000000e+00
2.828125000000000000e+00
2.923828125000000000e+00
3.707031250000000000e+00
3.074218750000000000e+00
2.082031250000000000e+00
2.205078125000000000e+00
1.751953125000000000e+00
7.001953125000000000e-01
6.567382812500000000e-01
-8.364257812500000000e-01
-4.885253906250000000e-01
-1.282226562500000000e+00
-1.405273437500000000e+00
-2.181640625000000000e+00
-1.643554687500000000e+00
-8.489990234375000000e-02
1.113281250000000000e+00
1.323242187500000000e+00
2.718750000000000000e+00
4.304687500000000000e+00
4.390625000000000000e+00
4.371093750000000000e+00
3.976562500000000000e+00
5.191406250000000000e+00
4.269531250000000000e+00
2.400390625000000000e+00
1.588867187500000000e+00
1.340820312500000000e+00
-2.340087890625000000e-01
-1.175781250000000000e+00
-1.950195312500000000e+00
-7.866210937500000000e-01
-1.473632812500000000e+00
-1.041992187500000000e+00
-1.185546875000000000e+00
-5.122070312500000000e-01
-2.152099609375000000e-01
-1.228515625000000000e+00
-1.416992187500000000e+00
-2.148437500000000000e+00
-2.601562500000000000e+00
-3.789062500000000000e+00
-4.117187500000000000e+00
-4.210937500000000000e+00
-3.175781250000000000e+00
-4.246093750000000000e+00
-3.425781250000000000e+00
-8.540039062500000000e-01
6.719970703125000000e-02
1.354492187500000000e+00
1.931640625000000000e+00
4.281250000000000000e+00
4.386718750000000000e+00
3.343750000000000000e+00
1.816406250000000000e+00
-3.107910156250000000e-01
-1.938476562500000000e+00
-4.742187500000000000e+00
-5.859375000000000000e+00
-4.679687500000000000e+00
-5.058593750000000000e+00
-5.261718750000000000e+00
-3.822265625000000000e+00
-3.396484375000000000e+00
-3.626953125000000000e+00
-4.984375000000000000e+00
-3.654296875000000000e+00
-2.097656250000000000e+00
-2.398437500000000000e+00
-2.658203125000000000e+00
-1.144531250000000000e+00
-1.216796875000000000e+00
-1.323242187500000000e+00
-3.945312500000000000e+00
-5.042968750000000000e+00
-6.953125000000000000e+00
-8.648437500000000000e+00
-1.064062500000000000e+01
-7.218750000000000000e+00
-5.359375000000000000e+00
-3.583984375000000000e+00
-2.841796875000000000e+00
-1.816406250000000000e+00
-2.226562500000000000e+00
-1.066406250000000000e+00
-2.630859375000000000e+00
-2.462890625000000000e+00
-2.146484375000000000e+00
-1.320312500000000000e+00
-1.077148437500000000e+00
-1.280517578125000000e-01
-7.202148437500000000e-01
-3.322265625000000000e+00
-8.562500000000000000e+00
-1.007812500000000000e+01
-1.157812500000000000e+01
-1.092968750000000000e+01
-4.859375000000000000e+00
3.595703125000000000e+00
5.738281250000000000e+00
6.960937500000000000e+00
8.007812500000000000e+00
8.523437500000000000e+00
7.425781250000000000e+00
7.496093750000000000e+00
4.644531250000000000e+00
1.666992187500000000e+00
-2.996093750000000000e+00
-3.917968750000000000e+00
-5.371093750000000000e+00
-4.363281250000000000e+00
-2.708984375000000000e+00
-1.401367187500000000e+00
-1.625000000000000000e+00
5.756835937500000000e-01
1.802734375000000000e+00
1.443359375000000000e+00
4.301757812500000000e-01
-1.732421875000000000e+00
-2.085937500000000000e+00
-4.281250000000000000e+00
-5.816406250000000000e+00
-6.226562500000000000e+00
-4.824218750000000000e+00
-3.052734375000000000e+00
-1.889648437500000000e+00
-6.523437500000000000e-01
6.157226562500000000e-01
1.333007812500000000e+00
1.169921875000000000e+00
1.413085937500000000e+00
1.886718750000000000e+00
2.339843750000000000e+00
1.696289062500000000e+00
3.255859375000000000e+00
3.630859375000000000e+00
2.953125000000000000e+00
1.488281250000000000e+00
1.592773437500000000e+00
1.516601562500000000e+00
5.185546875000000000e-01
-7.998046875000000000e-01
-1.581054687500000000e+00
-1.308593750000000000e+00
-8.471679687500000000e-01
1.064453125000000000e+00
7.377929687500000000e-01
1.430664062500000000e+00
1.713867187500000000e+00
1.401367187500000000e+00
1.677734375000000000e+00
2.343750000000000000e+00
3.931640625000000000e+00
3.091796875000000000e+00
2.970703125000000000e+00
-1.708984375000000000e+00
-7.390625000000000000e+00
-1.385156250000000000e+01
-1.253125000000000000e+01
-5.050781250000000000e+00
5.302734375000000000e-01
-2.251953125000000000e+00
-7.144531250000000000e+00
-4.753906250000000000e+00
2.548828125000000000e+00
-1.185607910156250000e-02
-7.183593750000000000e+00
-6.960937500000000000e+00
1.872070312500000000e+00
-2.166015625000000000e+00
-6.066406250000000000e+00
-7.738281250000000000e+00
-8.421875000000000000e+00
-1.168750000000000000e+01
-9.812500000000000000e+00
-4.558593750000000000e+00
-1.087036132812500000e-01
-3.210937500000000000e+00
-1.761718750000000000e+00
6.449218750000000000e+00
5.242187500000000000e+00
1.757812500000000000e+00
1.306640625000000000e+00
5.625000000000000000e-01
-8.876953125000000000e-01
-2.744140625000000000e+00
-1.937500000000000000e+00
-2.585937500000000000e+00
-2.466796875000000000e+00
-2.654296875000000000e+00
-1.286132812500000000e+00
-7.363281250000000000e-01
4.655761718750000000e-01
1.045898437500000000e+00
4.156250000000000000e+00
3.673828125000000000e+00
1.756835937500000000e+00
2.717285156250000000e-01
8.198242187500000000e-01
1.744140625000000000e+00
-2.692871093750000000e-01
-3.318359375000000000e+00
-6.628906250000000000e+00
-1.050781250000000000e+01
-1.341406250000000000e+01
-1.464843750000000000e+01
-1.286718750000000000e+01
-1.124218750000000000e+01
-8.093750000000000000e+00
-5.414062500000000000e+00
-2.863281250000000000e+00
8.457031250000000000e-01
2.095703125000000000e+00
3.560546875000000000e+00
2.677734375000000000e+00
2.492187500000000000e+00
1.151367187500000000e+00
1.979492187500000000e+00
3.779296875000000000e+00
5.148437500000000000e+00
4.277343750000000000e+00
2.753906250000000000e+00
3.271484375000000000e-01
-3.132812500000000000e+00
-4.937500000000000000e+00
-4.203125000000000000e+00
-1.607421875000000000e+00
1.662109375000000000e+00
2.578125000000000000e+00
2.574218750000000000e+00
1.729492187500000000e+00
-4.907226562500000000e-01
-3.087890625000000000e+00
-5.472656250000000000e+00
-7.570312500000000000e+00
-6.546875000000000000e+00
-5.785156250000000000e+00
-4.523437500000000000e+00
-4.050781250000000000e+00
-3.826171875000000000e+00
-4.785156250000000000e+00
-4.867187500000000000e+00
-5.167968750000000000e+00
-5.781250000000000000e+00
-4.929687500000000000e+00
-4.734375000000000000e+00
-3.638671875000000000e+00
-2.468750000000000000e+00
-1.984375000000000000e+00
-2.007812500000000000e+00
-3.160156250000000000e+00
-4.847656250000000000e+00
-6.781250000000000000e+00
-7.656250000000000000e+00
-6.902343750000000000e+00
-6.371093750000000000e+00
-6.210937500000000000e+00
-3.464843750000000000e+00
5.157470703125000000e-02
2.414062500000000000e+00
4.726562500000000000e+00
7.285156250000000000e+00
8.117187500000000000e+00
7.867187500000000000e+00
7.390625000000000000e+00
2.361328125000000000e+00
2.896484375000000000e+00
4.105468750000000000e+00
4.039062500000000000e+00
5.914062500000000000e+00
7.347656250000000000e+00
7.488281250000000000e+00
7.175781250000000000e+00
7.328125000000000000e+00
6.390625000000000000e+00
6.234375000000000000e+00
1.219531250000000000e+01
1.123437500000000000e+01
4.363281250000000000e+00
2.019531250000000000e+00
1.926757812500000000e+00
4.023437500000000000e+00
3.785156250000000000e+00
-6.635742187500000000e-01
-2.470703125000000000e+00
-6.689453125000000000e-01
2.074218750000000000e+00
2.931640625000000000e+00
3.203125000000000000e+00
3.019531250000000000e+00
2.978515625000000000e+00
3.724609375000000000e+00
4.402343750000000000e+00
6.179687500000000000e+00
7.187500000000000000e+00
6.003906250000000000e+00
5.644531250000000000e+00
5.289062500000000000e+00
4.121093750000000000e+00
4.214843750000000000e+00
3.341796875000000000e+00
3.392578125000000000e+00
3.214843750000000000e+00
3.289062500000000000e+00
3.650390625000000000e+00
4.167968750000000000e+00
2.337890625000000000e+00
-9.882812500000000000e-01
-4.542968750000000000e+00
-6.921875000000000000e+00
-8.484375000000000000e+00
-6.652343750000000000e+00
-2.220703125000000000e+00
1.988281250000000000e+00
2.707031250000000000e+00
6.679687500000000000e-01
-4.755859375000000000e-01
-1.139648437500000000e+00
-3.123046875000000000e+00
-2.425781250000000000e+00
-2.130859375000000000e+00
-3.679687500000000000e+00
-4.007812500000000000e+00
-6.332031250000000000e+00
-7.742187500000000000e+00
-8.843750000000000000e+00
-8.687500000000000000e+00
-8.695312500000000000e+00
-8.835937500000000000e+00
-8.882812500000000000e+00
-8.851562500000000000e+00
-8.351562500000000000e+00
-8.132812500000000000e+00
-7.761718750000000000e+00
-8.148437500000000000e+00
-8.656250000000000000e+00
-1.016406250000000000e+01
-1.078125000000000000e+01
-1.100781250000000000e+01
-1.070312500000000000e+01
-9.382812500000000000e+00
-9.156250000000000000e+00
-9.382812500000000000e+00
-9.375000000000000000e+00
-8.554687500000000000e+00
-7.273437500000000000e+00
-5.722656250000000000e+00
-4.121093750000000000e+00
-1.226562500000000000e+00
-3.015136718750000000e-02
-2.130126953125000000e-01
-5.332031250000000000e-01
-6.787109375000000000e-01
-2.080078125000000000e-01
9.423828125000000000e-01
-2.451171875000000000e+00
-5.117187500000000000e+00
-9.992187500000000000e+00
-1.486718750000000000e+01
-1.045312500000000000e+01
-4.800781250000000000e+00
-9.384765625000000000e-01
3.349609375000000000e+00
3.037109375000000000e+00
2.746093750000000000e+00
2.531250000000000000e+00
2.164062500000000000e+00
-4.164062500000000000e+00
-1.319531250000000000e+01
-2.003125000000000000e+01
-1.442187500000000000e+01
-1.102343750000000000e+01
-1.413281250000000000e+01
-1.825000000000000000e+01
-2.012500000000000000e+01
-1.773437500000000000e+01
-1.445312500000000000e+01
-1.212500000000000000e+01
-1.185156250000000000e+01
-1.150781250000000000e+01
-1.067187500000000000e+01
-1.040625000000000000e+01
-1.008593750000000000e+01
-1.147656250000000000e+01
-1.041406250000000000e+01
-1.048437500000000000e+01
-9.195312500000000000e+00
-7.687500000000000000e+00
-7.097656250000000000e+00
-6.335937500000000000e+00
-5.128906250000000000e+00
-4.425781250000000000e+00
-3.908203125000000000e+00
-3.337890625000000000e+00
-7.543945312500000000e-01
5.766601562500000000e-01
1.894531250000000000e+00
2.681640625000000000e+00
2.505859375000000000e+00
1.410156250000000000e+00
-1.590820312500000000e+00
-5.007812500000000000e+00
-7.164062500000000000e+00
-9.273437500000000000e+00
-1.242968750000000000e+01
-1.392187500000000000e+01
-1.369531250000000000e+01
-1.255468750000000000e+01
-1.109375000000000000e+01
-1.019531250000000000e+01
-8.023437500000000000e+00
-4.996093750000000000e+00
-3.884277343750000000e-01
2.113281250000000000e+00
3.224609375000000000e+00
3.310546875000000000e+00
3.228515625000000000e+00
5.170898437500000000e-01
-1.616210937500000000e+00
-3.066406250000000000e+00
-1.828125000000000000e+00
1.348632812500000000e+00
3.742187500000000000e+00
4.882812500000000000e+00
5.777343750000000000e+00
5.820312500000000000e+00
5.175781250000000000e+00
3.837890625000000000e+00
2.531250000000000000e+00
1.900390625000000000e+00
2.951660156250000000e-01
2.386718750000000000e+00
4.042968750000000000e+00
2.212890625000000000e+00
-2.093750000000000000e+00
-2.464843750000000000e+00
2.519531250000000000e+00
7.156250000000000000e+00
8.406250000000000000e+00
7.222656250000000000e+00
5.683593750000000000e+00
2.679687500000000000e+00
6.171875000000000000e-01
3.271484375000000000e+00
7.242187500000000000e+00
9.523437500000000000e+00
9.726562500000000000e+00
8.031250000000000000e+00
6.371093750000000000e+00
3.750000000000000000e+00
-1.875000000000000000e+00
-5.890625000000000000e+00
-8.226562500000000000e+00
-8.781250000000000000e+00
-9.625000000000000000e+00
-9.789062500000000000e+00
-6.996093750000000000e+00
-6.324218750000000000e+00
-5.257812500000000000e+00
-4.789062500000000000e+00
-2.982421875000000000e+00
8.135986328125000000e-02
1.771484375000000000e+00
3.017578125000000000e+00
3.298828125000000000e+00
4.539062500000000000e+00
4.949218750000000000e+00
4.757812500000000000e+00
3.609375000000000000e+00
1.905273437500000000e+00
-9.658203125000000000e-01
-2.546875000000000000e+00
-1.808593750000000000e+00
7.436523437500000000e-01
4.199218750000000000e-01
-1.814453125000000000e+00
-3.806640625000000000e+00
-5.261718750000000000e+00
-5.734375000000000000e+00
-5.871093750000000000e+00
-6.277343750000000000e+00
-7.039062500000000000e+00
-8.070312500000000000e+00
-7.312500000000000000e+00
-7.152343750000000000e+00
-7.289062500000000000e+00
-7.386718750000000000e+00
-6.882812500000000000e+00
-5.753906250000000000e+00
-5.464843750000000000e+00
-4.718750000000000000e+00
-2.146484375000000000e+00
-3.388671875000000000e-01
1.563720703125000000e-01
6.100463867187500000e-02
-8.300781250000000000e-01
-1.892578125000000000e+00
-2.322265625000000000e+00
-3.451171875000000000e+00
-4.207031250000000000e+00
-5.253906250000000000e+00
-4.246093750000000000e+00
-4.460937500000000000e+00
-4.386718750000000000e+00
-4.140625000000000000e+00
-5.167968750000000000e+00
-6.605468750000000000e+00
-8.851562500000000000e+00
-1.040625000000000000e+01
-1.011718750000000000e+01
-7.863281250000000000e+00
-6.761718750000000000e+00
-6.894531250000000000e+00
-6.726562500000000000e+00
-6.261718750000000000e+00
-6.386718750000000000e+00
-5.632812500000000000e+00
-3.447265625000000000e+00
-7.773437500000000000e-01
1.829101562500000000e+00
4.937500000000000000e+00
7.273437500000000000e+00
6.097656250000000000e+00
5.113281250000000000e+00
4.449218750000000000e+00
3.736328125000000000e+00
2.398437500000000000e+00
2.382812500000000000e+00
3.953125000000000000e+00
5.273437500000000000e+00
4.230468750000000000e+00
2.605468750000000000e+00
6.792968750000000000e+00
1.094531250000000000e+01
1.267187500000000000e+01
1.196875000000000000e+01
6.917968750000000000e+00
1.001562500000000000e+01
1.135156250000000000e+01
5.210937500000000000e+00
1.342773437500000000e+00
1.764648437500000000e+00
-2.142578125000000000e+00
-6.890625000000000000e+00
-2.552734375000000000e+00
6.722656250000000000e+00
5.699218750000000000e+00
2.078125000000000000e+00
1.193750000000000000e+01
1.288281250000000000e+01
9.296875000000000000e+00
2.542968750000000000e+00
-6.787109375000000000e-01
-3.371093750000000000e+00
-2.390625000000000000e+00
7.553710937500000000e-01
3.376953125000000000e+00
5.390625000000000000e-01
-1.631835937500000000e+00
4.042968750000000000e-01
3.046875000000000000e+00
2.015625000000000000e+00
2.751464843750000000e-01
4.761718750000000000e+00
6.917968750000000000e+00
9.023437500000000000e+00
8.921875000000000000e+00
4.500000000000000000e+00
-1.249023437500000000e+00
-3.742187500000000000e+00
-4.328125000000000000e+00
-3.451171875000000000e+00
-2.363281250000000000e+00
2.861328125000000000e-01
3.082031250000000000e+00
3.308593750000000000e+00
3.089843750000000000e+00
3.275390625000000000e+00
2.958984375000000000e+00
3.957031250000000000e+00
4.937500000000000000e+00
7.761718750000000000e+00
8.476562500000000000e+00
8.203125000000000000e+00
7.906250000000000000e+00
1.043750000000000000e+01
8.742187500000000000e+00
5.859375000000000000e+00
1.633789062500000000e+00
-4.320312500000000000e+00
-4.234375000000000000e+00
3.081054687500000000e-01
3.535156250000000000e+00
4.921875000000000000e+00
2.144531250000000000e+00
-3.035156250000000000e+00
-6.390625000000000000e+00
-3.957031250000000000e+00
-2.732421875000000000e+00
1.057617187500000000e+00
5.359375000000000000e+00
6.886718750000000000e+00
6.070312500000000000e+00
9.585937500000000000e+00
1.148437500000000000e+01
1.221093750000000000e+01
8.664062500000000000e+00
3.650390625000000000e+00
1.756835937500000000e+00
-2.843856811523437500e-03
6.562500000000000000e-01
2.529296875000000000e+00
3.156250000000000000e+00
3.718750000000000000e+00
1.748046875000000000e+00
3.974609375000000000e+00
5.777343750000000000e+00
6.097656250000000000e+00
7.503906250000000000e+00
8.070312500000000000e+00
6.402343750000000000e+00
4.964843750000000000e+00
2.814453125000000000e+00
1.739501953125000000e-01
-2.730468750000000000e+00
-4.156250000000000000e+00
-2.136718750000000000e+00
-3.027343750000000000e-01
1.842773437500000000e+00
-4.221191406250000000e-01
-3.371093750000000000e+00
-6.390625000000000000e+00
-1.688476562500000000e+00
3.447265625000000000e+00
1.894531250000000000e+00
1.135742187500000000e+00
-1.741210937500000000e+00
-1.907226562500000000e+00
4.136718750000000000e+00
3.494140625000000000e+00
3.787109375000000000e+00
3.554687500000000000e+00
2.734375000000000000e+00
-5.126953125000000000e-01
-9.946289062500000000e-01
-1.566406250000000000e+00
-3.811035156250000000e-01
-3.190917968750000000e-01
9.555664062500000000e-01
1.917968750000000000e+00
1.862304687500000000e+00
-1.241210937500000000e+00
-2.083740234375000000e-01
2.050781250000000000e+00
4.402343750000000000e+00
5.105468750000000000e+00
7.164062500000000000e+00
6.929687500000000000e+00
7.964843750000000000e+00
8.851562500000000000e+00
7.324218750000000000e+00
5.882812500000000000e+00
6.296875000000000000e+00
7.937500000000000000e+00
1.028906250000000000e+01
1.017187500000000000e+01
1.244531250000000000e+01
1.118750000000000000e+01
1.035156250000000000e+01
4.902343750000000000e+00
-2.883300781250000000e-01
-2.123046875000000000e+00
-1.916992187500000000e+00
-2.398437500000000000e+00
-4.143066406250000000e-01
1.702148437500000000e+00
4.328125000000000000e+00
3.683593750000000000e+00
2.345703125000000000e+00
1.855468750000000000e+00
2.207031250000000000e+00
2.250000000000000000e+00
3.237304687500000000e-01
-1.230468750000000000e+00
-3.125000000000000000e+00
-5.933593750000000000e+00
-8.914062500000000000e+00
-6.867187500000000000e+00
-4.433593750000000000e+00
-3.304687500000000000e+00
-2.953125000000000000e+00
-1.105468750000000000e+00
7.963867187500000000e-01
1.831054687500000000e+00
2.988281250000000000e-01
-3.050781250000000000e+00
-5.078125000000000000e+00
-7.289062500000000000e+00
-4.472656250000000000e+00
-7.049560546875000000e-02
2.880859375000000000e-01
-5.082031250000000000e+00
-1.268750000000000000e+01
-1.549218750000000000e+01
-1.560156250000000000e+01
-1.156250000000000000e+01
-1.000000000000000000e+01
-1.080468750000000000e+01
-1.059375000000000000e+01
-8.710937500000000000e+00
-5.789062500000000000e+00
-2.970703125000000000e+00
4.934082031250000000e-01
2.679687500000000000e+00
3.519531250000000000e+00
1.967773437500000000e+00
1.197265625000000000e+00
3.742675781250000000e-01
1.012695312500000000e+00
2.199218750000000000e+00
5.292968750000000000e+00
6.734375000000000000e+00
5.792968750000000000e+00
1.516601562500000000e+00
2.496093750000000000e+00
1.222656250000000000e+00
9.394531250000000000e-01
-2.766113281250000000e-01
1.507568359375000000e-01
2.019042968750000000e-01
-9.521484375000000000e-01
-4.343750000000000000e+00
-5.675781250000000000e+00
-3.851562500000000000e+00
-2.158203125000000000e+00
-1.823242187500000000e+00
-2.707031250000000000e+00
-3.457031250000000000e+00
-5.085937500000000000e+00
-3.513671875000000000e+00
1.073242187500000000e+00
3.556640625000000000e+00
4.546875000000000000e+00
3.238281250000000000e+00
2.042968750000000000e+00
-4.418945312500000000e-01
-1.583251953125000000e-01
2.085937500000000000e+00
9.437500000000000000e+00
9.117187500000000000e+00
9.273437500000000000e+00
1.061718750000000000e+01
1.195312500000000000e+01
1.316406250000000000e+01
1.104687500000000000e+01
1.033593750000000000e+01
1.114843750000000000e+01
1.087500000000000000e+01
5.933593750000000000e+00
3.138671875000000000e+00
5.302734375000000000e-01
-9.741210937500000000e-01
-1.128906250000000000e+00
-4.972656250000000000e+00
-3.021484375000000000e+00
1.105957031250000000e-01
1.013793945312500000e-01
5.969238281250000000e-02
4.167480468750000000e-01
6.694335937500000000e-01
2.095703125000000000e+00
4.597656250000000000e+00
5.691406250000000000e+00
5.000000000000000000e+00
7.609375000000000000e+00
9.570312500000000000e+00
8.078125000000000000e+00
5.394531250000000000e+00
4.644531250000000000e+00
6.453125000000000000e+00
3.800781250000000000e+00
5.371093750000000000e-01
-1.106445312500000000e+00
-7.929687500000000000e-01
6.269531250000000000e-01
2.591796875000000000e+00
3.728515625000000000e+00
4.058593750000000000e+00
2.431640625000000000e+00
3.679687500000000000e+00
3.640625000000000000e+00
2.904296875000000000e+00
8.540039062500000000e-01
-1.347656250000000000e+00
-3.449218750000000000e+00
-4.074218750000000000e+00
-3.603515625000000000e+00
-3.416015625000000000e+00
-3.310546875000000000e+00
-2.404296875000000000e+00
-1.277343750000000000e+00
-5.009765625000000000e-01
-1.848632812500000000e+00
-3.464843750000000000e+00
-5.179687500000000000e+00
-1.392578125000000000e+00
3.810546875000000000e+00
1.581054687500000000e+00
-1.143554687500000000e+00
4.074218750000000000e+00
6.671875000000000000e+00
8.859375000000000000e+00
1.061718750000000000e+01
1.069531250000000000e+01
6.871093750000000000e+00
3.539062500000000000e+00
4.421875000000000000e+00
4.148437500000000000e+00
1.782226562500000000e+00
2.462890625000000000e+00
2.750000000000000000e+00
1.904296875000000000e+00
5.361328125000000000e-01
1.433593750000000000e+00
2.564453125000000000e+00
3.292968750000000000e+00
1.289062500000000000e+00
-2.328125000000000000e+00
-7.308593750000000000e+00
-1.060156250000000000e+01
-1.116406250000000000e+01
-1.227343750000000000e+01
-1.363281250000000000e+01
-1.444531250000000000e+01
-1.374218750000000000e+01
-1.420312500000000000e+01
-1.426562500000000000e+01
-1.204687500000000000e+01
-1.024218750000000000e+01
-9.375000000000000000e+00
-8.921875000000000000e+00
-1.021093750000000000e+01
-1.284375000000000000e+01
-1.334375000000000000e+01
-1.301562500000000000e+01
-1.452343750000000000e+01
-9.968750000000000000e+00
-1.617187500000000000e+00
2.591796875000000000e+00
6.335937500000000000e+00
-2.082031250000000000e+00
7.060546875000000000e-01
9.707031250000000000e-01
-8.867187500000000000e-01
1.484375000000000000e+00
4.335937500000000000e+00
3.033203125000000000e+00
2.906250000000000000e+00
7.246093750000000000e-01
-2.708984375000000000e+00
-4.546875000000000000e+00
-5.812500000000000000e+00
-6.093750000000000000e+00
-7.609375000000000000e+00
-9.875000000000000000e+00
-8.789062500000000000e+00
-3.371093750000000000e+00
-2.712890625000000000e+00
-1.632812500000000000e+00
-1.034179687500000000e+00
-3.042968750000000000e+00
-7.078125000000000000e+00
-8.171875000000000000e+00
-5.914062500000000000e+00
-1.199218750000000000e+01
-8.117187500000000000e+00
5.632812500000000000e+00
5.683593750000000000e+00
3.425781250000000000e+00
1.919921875000000000e+00
5.380859375000000000e-01
-2.037109375000000000e+00
-2.386718750000000000e+00
-3.574218750000000000e-01
2.265625000000000000e+00
1.767578125000000000e-01
4.242187500000000000e+00
3.998046875000000000e+00
4.968750000000000000e+00
6.527343750000000000e+00
7.652343750000000000e+00
6.070312500000000000e+00
3.335937500000000000e+00
2.690429687500000000e-01
4.516601562500000000e-01
2.210937500000000000e+00
6.199218750000000000e+00
7.332031250000000000e+00
6.191406250000000000e+00
7.414062500000000000e+00
4.539062500000000000e+00
3.029296875000000000e+00
3.935546875000000000e+00
3.302734375000000000e+00
2.095703125000000000e+00
1.543945312500000000e+00
-7.275390625000000000e-01
-2.095703125000000000e+00
-1.691406250000000000e+00
2.767578125000000000e+00
6.300781250000000000e+00
6.058593750000000000e+00
8.210937500000000000e+00
8.601562500000000000e+00
5.687500000000000000e+00
4.003906250000000000e+00
5.199218750000000000e+00
7.632812500000000000e+00
1.055468750000000000e+01
9.078125000000000000e+00
7.171875000000000000e+00
6.218750000000000000e+00
8.765625000000000000e+00
1.237500000000000000e+01
1.213281250000000000e+01
1.190625000000000000e+01
1.294531250000000000e+01
1.435156250000000000e+01
1.278906250000000000e+01
1.165625000000000000e+01
9.335937500000000000e+00
6.332031250000000000e+00
1.169921875000000000e+00
-2.537109375000000000e+00
-3.300781250000000000e-01
1.365234375000000000e+00
-2.404296875000000000e+00
-5.742187500000000000e+00
-5.488281250000000000e+00
-1.899414062500000000e+00
3.891601562500000000e-01
7.768554687500000000e-01
-9.589843750000000000e-01
-1.416992187500000000e+00
-1.075195312500000000e+00
-6.069335937500000000e-01
2.068359375000000000e+00
2.421875000000000000e+00
3.050781250000000000e+00
3.068359375000000000e+00
4.410156250000000000e+00
3.623046875000000000e+00
2.373046875000000000e+00
1.729492187500000000e+00
1.500976562500000000e+00
-1.089477539062500000e-01
1.269531250000000000e+00
3.751953125000000000e+00
4.722656250000000000e+00
4.648437500000000000e+00
6.046875000000000000e+00
7.734375000000000000e+00
8.242187500000000000e+00
6.250000000000000000e+00
4.207031250000000000e+00
1.466796875000000000e+00
3.082031250000000000e+00
4.421875000000000000e+00
6.464843750000000000e+00
8.984375000000000000e+00
7.457031250000000000e+00
3.605468750000000000e+00
3.833984375000000000e+00
1.819335937500000000e+00
-2.775878906250000000e-01
-2.723693847656250000e-02
2.386718750000000000e+00
4.597656250000000000e+00
7.144531250000000000e+00
3.279296875000000000e+00
7.275390625000000000e-01
-1.519531250000000000e+00
-2.498046875000000000e+00
-3.654296875000000000e+00
-4.800781250000000000e+00
-5.871093750000000000e+00
-7.734375000000000000e+00
-8.859375000000000000e+00
-9.851562500000000000e+00
-1.019531250000000000e+01
-1.016406250000000000e+01
-9.523437500000000000e+00
-8.820312500000000000e+00
-8.164062500000000000e+00
-7.757812500000000000e+00
-6.968750000000000000e+00
-5.843750000000000000e+00
-6.085937500000000000e+00
-5.277343750000000000e+00
-5.308593750000000000e+00
-5.406250000000000000e+00
-6.285156250000000000e+00
-5.906250000000000000e+00
-6.222656250000000000e+00
-7.394531250000000000e+00
-8.000000000000000000e+00
-7.820312500000000000e+00
-7.824218750000000000e+00
-6.062500000000000000e+00
-5.921875000000000000e+00
-6.511718750000000000e+00
-2.500000000000000000e+00
4.040527343750000000e-01
-4.699218750000000000e+00
-8.171875000000000000e+00
-5.718750000000000000e+00
4.468750000000000000e+00
7.714843750000000000e+00
-5.972656250000000000e+00
-8.546875000000000000e+00
-6.828125000000000000e+00
-3.232421875000000000e+00
-2.136718750000000000e+00
-1.169531250000000000e+01
-4.445312500000000000e+00
3.064453125000000000e+00
2.773437500000000000e+00
5.454101562500000000e-01
2.488281250000000000e+00
1.911132812500000000e+00
2.992187500000000000e+00
2.060546875000000000e+00
2.191406250000000000e+00
-1.570312500000000000e+00
-1.357421875000000000e+00
-2.341796875000000000e+00
2.851562500000000000e+00
5.402343750000000000e+00
4.363281250000000000e+00
2.395019531250000000e-01
-3.011718750000000000e+00
-7.644531250000000000e+00
-7.144531250000000000e+00
-7.363281250000000000e+00
-7.226562500000000000e+00
-5.773437500000000000e+00
-2.949218750000000000e+00
9.589843750000000000e-01
2.414062500000000000e+00
3.695312500000000000e+00
3.638671875000000000e+00
2.121093750000000000e+00
5.986328125000000000e-01
-3.619140625000000000e+00
-6.656250000000000000e+00
-7.136718750000000000e+00
-6.234375000000000000e+00
-2.494140625000000000e+00
2.285156250000000000e+00
4.250000000000000000e+00
5.515625000000000000e+00
7.707031250000000000e+00
7.402343750000000000e+00
5.636718750000000000e+00
4.929687500000000000e+00
2.746093750000000000e+00
3.013671875000000000e+00
3.884277343750000000e-01
4.257812500000000000e-01
-1.828125000000000000e+00
-3.150390625000000000e+00
-2.832031250000000000e+00
-1.571289062500000000e+00
6.411132812500000000e-01
3.539062500000000000e+00
3.677734375000000000e+00
4.246093750000000000e+00
4.398437500000000000e+00
3.710937500000000000e+00
1.886718750000000000e+00
5.585937500000000000e-01
-9.272460937500000000e-01
-1.296875000000000000e+00
-2.093750000000000000e+00
-3.451171875000000000e+00
-6.191406250000000000e+00
-8.015625000000000000e+00
-1.001562500000000000e+01
-1.107812500000000000e+01
-1.149218750000000000e+01
-7.925781250000000000e+00
-3.460937500000000000e+00
5.166015625000000000e-01
1.760742187500000000e+00
3.404296875000000000e+00
3.376953125000000000e+00
3.826171875000000000e+00
3.742187500000000000e+00
4.335937500000000000e+00
4.281250000000000000e+00
3.802734375000000000e+00
2.904296875000000000e+00
1.770507812500000000e+00
1.616210937500000000e+00
8.491210937500000000e-01
3.891601562500000000e-01
2.265625000000000000e+00
1.936523437500000000e+00
-9.628906250000000000e-01
-3.412109375000000000e+00
-5.140625000000000000e+00
-8.242187500000000000e+00
-9.914062500000000000e+00
-1.086718750000000000e+01
-9.703125000000000000e+00
-9.375000000000000000e+00
-7.199218750000000000e+00
-5.367187500000000000e+00
-4.542968750000000000e+00
-5.453125000000000000e+00
-7.324218750000000000e+00
-6.812500000000000000e+00
5.300781250000000000e+00
1.131250000000000000e+01
8.296875000000000000e+00
7.121093750000000000e+00
4.523437500000000000e+00
4.363281250000000000e+00
3.958984375000000000e+00
1.494140625000000000e+00
-2.080078125000000000e-01
-2.535156250000000000e+00
-3.761718750000000000e+00
-2.130859375000000000e+00
-6.938476562500000000e-01
-1.462890625000000000e+00
1.999023437500000000e+00
4.222656250000000000e+00
5.527343750000000000e+00
4.785156250000000000e+00
3.880859375000000000e+00
3.500000000000000000e+00
4.144531250000000000e+00
2.712890625000000000e+00
1.110351562500000000e+00
-8.984375000000000000e-01
-1.335937500000000000e+00
-8.134765625000000000e-01
-5.288085937500000000e-01
7.939453125000000000e-01
-9.140625000000000000e-01
-1.041015625000000000e+00
-1.698242187500000000e+00
-5.898437500000000000e-01
-3.105468750000000000e-01
-1.533203125000000000e+00
-3.677734375000000000e+00
-8.226562500000000000e+00
-9.398437500000000000e+00
-6.167968750000000000e+00
-2.941406250000000000e+00
-2.236328125000000000e+00
-9.638671875000000000e-01
-2.912109375000000000e+00
-5.578125000000000000e+00
-1.107812500000000000e+01
-7.023437500000000000e+00
3.255859375000000000e+00
6.738281250000000000e+00
9.976562500000000000e+00
7.664062500000000000e+00
2.414062500000000000e+00
3.183593750000000000e-01
-1.922607421875000000e-02
2.136718750000000000e+00
5.414062500000000000e+00
9.445312500000000000e+00
1.491406250000000000e+01
1.135937500000000000e+01
5.003906250000000000e+00
-1.134765625000000000e+00
-2.062500000000000000e+00
-3.244140625000000000e+00
-4.652343750000000000e+00
-5.335937500000000000e+00
-6.632812500000000000e+00
-4.773437500000000000e+00
-2.607421875000000000e+00
7.509765625000000000e-01
4.277343750000000000e+00
4.996093750000000000e+00
3.183593750000000000e+00
-3.728027343750000000e-01
6.752929687500000000e-01
3.164062500000000000e+00
6.296875000000000000e+00
6.238281250000000000e+00
2.103515625000000000e+00
-5.414062500000000000e+00
-1.000781250000000000e+01
-1.232812500000000000e+01
-1.299218750000000000e+01
-1.250781250000000000e+01
-1.106250000000000000e+01
-9.914062500000000000e+00
-1.078125000000000000e+01
-8.320312500000000000e+00
-5.281250000000000000e+00
-2.359375000000000000e+00
-9.826660156250000000e-02
2.144531250000000000e+00
2.416015625000000000e+00
1.708984375000000000e+00
-2.218750000000000000e+00
-4.234375000000000000e+00
-5.183593750000000000e+00
-6.921875000000000000e+00
-8.625000000000000000e+00
-1.098437500000000000e+01
-1.268750000000000000e+01
-8.351562500000000000e+00
-1.857421875000000000e+00
-2.683593750000000000e+00
-6.648437500000000000e+00
-9.195312500000000000e+00
1.433105468750000000e-01
1.336914062500000000e+00
-1.460937500000000000e+00
-7.436523437500000000e-01
3.666992187500000000e-01
2.595703125000000000e+00
2.113281250000000000e+00
5.850219726562500000e-02
-5.773437500000000000e+00
-1.121093750000000000e+01
-1.345312500000000000e+01
-9.828125000000000000e+00
-6.984375000000000000e+00
-5.691406250000000000e+00
-7.000000000000000000e+00
-8.492187500000000000e+00
-1.042968750000000000e+01
-9.500000000000000000e+00
-8.492187500000000000e+00
-7.628906250000000000e+00
-7.929687500000000000e+00
-5.613281250000000000e+00
-2.187500000000000000e+00
-1.867675781250000000e-01
1.975585937500000000e+00
1.823242187500000000e+00
-7.141113281250000000e-02
-1.644531250000000000e+00
-5.972656250000000000e+00
-8.625000000000000000e+00
-7.253906250000000000e+00
-6.867187500000000000e+00
-7.593750000000000000e+00
-6.617187500000000000e+00
-5.429687500000000000e+00
-6.691406250000000000e+00
-8.656250000000000000e+00
-8.820312500000000000e+00
-5.824218750000000000e+00
-5.613281250000000000e+00
-6.488281250000000000e+00
-4.105468750000000000e+00
-3.271484375000000000e+00
-3.484375000000000000e+00
-3.119140625000000000e+00
-7.998046875000000000e-01
-1.627929687500000000e+00
2.135009765625000000e-01
1.988525390625000000e-01
5.449218750000000000e-01
-1.270507812500000000e+00
-2.052001953125000000e-01
2.173828125000000000e+00
6.909179687500000000e-01
-1.660156250000000000e+00
-1.674804687500000000e+00
-1.515625000000000000e+00
-1.377929687500000000e+00
-2.603515625000000000e+00
-3.007812500000000000e+00
-4.273437500000000000e+00
-3.328125000000000000e+00
-2.029296875000000000e+00
-1.299804687500000000e+00
6.625976562500000000e-01
3.972167968750000000e-01
-5.874023437500000000e-01
-1.422851562500000000e+00
-2.779296875000000000e+00
-2.822265625000000000e+00
-2.841796875000000000e+00
-1.285156250000000000e+00
-1.759033203125000000e-01
1.110351562500000000e+00
2.480468750000000000e+00
2.011718750000000000e+00
8.261718750000000000e-01
-1.597900390625000000e-01
5.551757812500000000e-01
2.319335937500000000e-01
-1.072265625000000000e+00
-1.818359375000000000e+00
-1.305664062500000000e+00
-2.121093750000000000e+00
-3.734375000000000000e+00
-4.324218750000000000e+00
-4.050781250000000000e+00
-5.722656250000000000e+00
-8.304687500000000000e+00
-8.406250000000000000e+00
-6.878906250000000000e+00
-5.914062500000000000e+00
-7.453125000000000000e+00
-6.976562500000000000e+00
-6.460937500000000000e+00
-6.820312500000000000e+00
-8.492187500000000000e+00
-5.914062500000000000e+00
-4.101562500000000000e+00
-3.783203125000000000e+00
-4.019531250000000000e+00
-1.769531250000000000e+00
-1.458984375000000000e+00
-9.545898437500000000e-01
-7.890625000000000000e-01
9.722900390625000000e-02
-3.593750000000000000e+00
-6.316406250000000000e+00
-1.232812500000000000e+01
-4.933593750000000000e+00
-6.742187500000000000e+00
-9.226562500000000000e+00
-1.133593750000000000e+01
-1.039843750000000000e+01
-8.695312500000000000e+00
-3.855468750000000000e+00
-3.572265625000000000e+00
-5.464843750000000000e+00
-3.283203125000000000e+00
-1.856445312500000000e+00
-5.507812500000000000e+00
-9.648437500000000000e+00
-1.132812500000000000e+01
-1.138281250000000000e+01
-1.164062500000000000e+01
-8.687500000000000000e+00
-5.207031250000000000e+00
-3.792968750000000000e+00
-4.027343750000000000e+00
-2.300781250000000000e+00
-7.348632812500000000e-01
-4.030761718750000000e-01
-5.766601562500000000e-01
5.356445312500000000e-01
4.726562500000000000e-01
7.216796875000000000e-01
-8.251953125000000000e-02
-1.590820312500000000e+00
-2.410156250000000000e+00
-3.074218750000000000e+00
-3.113281250000000000e+00
-1.841796875000000000e+00
1.001953125000000000e+00
9.863281250000000000e-01
1.164062500000000000e+00
1.572265625000000000e+00
3.542968750000000000e+00
4.503906250000000000e+00
4.347656250000000000e+00
5.285156250000000000e+00
6.003906250000000000e+00
6.636718750000000000e+00
8.351562500000000000e+00
7.816406250000000000e+00
7.601562500000000000e+00
8.562500000000000000e+00
9.992187500000000000e+00
5.906250000000000000e+00
3.007812500000000000e+00
7.242187500000000000e+00
1.035937500000000000e+01
6.699218750000000000e+00
-2.947265625000000000e+00
2.421875000000000000e-01
4.511718750000000000e+00
8.585937500000000000e+00
9.742187500000000000e+00
1.042187500000000000e+01
1.113281250000000000e+01
8.781250000000000000e+00
4.878906250000000000e+00
3.125000000000000000e+00
1.355468750000000000e+00
5.209960937500000000e-01
-1.250976562500000000e+00
-1.632812500000000000e+00
-2.234375000000000000e+00
-2.148437500000000000e+00
-2.292968750000000000e+00
-1.984375000000000000e+00
-2.406250000000000000e+00
-1.431640625000000000e+00
-1.040039062500000000e+00
-7.135009765625000000e-02
-2.631835937500000000e-01
2.708984375000000000e+00
5.503906250000000000e+00
6.511718750000000000e+00
6.289062500000000000e+00
4.402343750000000000e+00
7.183837890625000000e-02
-4.128906250000000000e+00
-8.906250000000000000e+00
