-6.030273437500000000e-01
2.271484375000000000e+00
1.577148437500000000e+00
1.160156250000000000e+00
-2.429199218750000000e-01
-3.903808593750000000e-01
-2.654296875000000000e+00
-4.488281250000000000e+00
-4.574218750000000000e+00
-3.787109375000000000e+00
-3.861328125000000000e+00
-4.898437500000000000e+00
-5.210937500000000000e+00
-3.791015625000000000e+00
-4.546875000000000000e+00
-5.277343750000000000e+00
-4.164062500000000000e+00
-1.130859375000000000e+00
-1.390625000000000000e+00
-2.099609375000000000e+00
-6.376953125000000000e-01
1.860351562500000000e+00
2.072265625000000000e+00
7.407226562500000000e-01
-3.622436523437500000e-02
8.579101562500000000e-01
6.171875000000000000e-01
-4.875488281250000000e-01
1.469726562500000000e-01
1.654296875000000000e+00
2.695312500000000000e-01
1.625976562500000000e-01
3.193359375000000000e-01
2.142578125000000000e+00
2.314453125000000000e+00
2.888671875000000000e+00
1.422851562500000000e+00
4.938964843750000000e-01
-7.949218750000000000e-01
-1.226562500000000000e+00
-7.158203125000000000e-01
2.154541015625000000e-01
2.146484375000000000e+00
1.987304687500000000e+00
1.448242187500000000e+00
-1.287109375000000000e+00
-3.291015625000000000e+00
-5.234375000000000000e+00
-2.447265625000000000e+00
1.320312500000000000e+00
2.030029296875000000e-01
-1.358398437500000000e+00
-4.506835937500000000e-01
1.876953125000000000e+00
3.070312500000000000e+00
4.113281250000000000e+00
5.316406250000000000e+00
4.628906250000000000e+00
2.593750000000000000e+00
-1.416015625000000000e+00
-4.207031250000000000e+00
-2.113281250000000000e+00
1.740234375000000000e+00
2.835937500000000000e+00
4.658203125000000000e-01
-8.261718750000000000e-01
-5.105468750000000000e+00
-4.515625000000000000e+00
2.728515625000000000e+00
4.312500000000000000e+00
4.429687500000000000e+00
5.390625000000000000e+00
4.890625000000000000e+00
3.466796875000000000e+00
4.207031250000000000e+00
6.199218750000000000e+00
7.210937500000000000e+00
8.968750000000000000e+00
1.077343750000000000e+01
1.254687500000000000e+01
9.984375000000000000e+00
7.234375000000000000e+00
5.402343750000000000e+00
3.660156250000000000e+00
1.223632812500000000e+00
9.702148437500000000e-01
9.023437500000000000e-01
-3.073730468750000000e-01
-1.838867187500000000e+00
-3.628906250000000000e+00
-3.535156250000000000e+00
-1.849609375000000000e+00
-1.716796875000000000e+00
-4.514160156250000000e-01
-3.796386718750000000e-01
1.270507812500000000e+00
8.603515625000000000e-01
2.328125000000000000e+00
2.443359375000000000e+00
1.483398437500000000e+00
1.315429687500000000e+00
4.473876953125000000e-02
3.204345703125000000e-02
-1.600585937500000000e+00
-3.720703125000000000e-01
-1.258789062500000000e+00
-4.628906250000000000e-01
-1.535156250000000000e+00
-4.670410156250000000e-01
-1.118164062500000000e+00
-8.256835937500000000e-01
-2.708984375000000000e+00
-4.578125000000000000e+00
-7.183593750000000000e+00
-8.507812500000000000e+00
-1.027343750000000000e+01
-9.976562500000000000e+00
-9.070312500000000000e+00
-9.265625000000000000e+00
-9.968750000000000000e+00
-9.289062500000000000e+00
-6.164062500000000000e+00
-6.636718750000000000e+00
-7.164062500000000000e+00
-7.347656250000000000e+00
-5.648437500000000000e+00
-4.902343750000000000e+00
-4.097656250000000000e+00
-2.701171875000000000e+00
6.420898437500000000e-01
8.598632812500000000e-01
-1.151275634765625000e-02
2.119140625000000000e-01
1.166015625000000000e+00
1.384765625000000000e+00
1.500000000000000000e+00
2.648437500000000000e+00
2.564453125000000000e+00
2.226562500000000000e+00
1.269531250000000000e+00
1.515625000000000000e+00
2.712890625000000000e+00
3.396484375000000000e+00
2.568359375000000000e+00
1.482421875000000000e+00
-8.247070312500000000e-01
-3.558593750000000000e+00
-7.535156250000000000e+00
-1.023437500000000000e+01
-1.268750000000000000e+01
-1.439843750000000000e+01
-1.531250000000000000e+01
-1.503125000000000000e+01
-1.386718750000000000e+01
-1.142187500000000000e+01
-8.382812500000000000e+00
-7.531250000000000000e+00
-6.406250000000000000e+00
-6.726562500000000000e+00
-5.046875000000000000e+00
-4.964843750000000000e+00
-6.406250000000000000e+00
-6.656250000000000000e+00
-7.710937500000000000e+00
-5.242187500000000000e+00
-4.523437500000000000e+00
-6.972656250000000000e+00
-9.671875000000000000e+00
-8.851562500000000000e+00
-1.021875000000000000e+01
-1.015625000000000000e+01
-1.079687500000000000e+01
-1.072656250000000000e+01
-1.098437500000000000e+01
-1.013281250000000000e+01
-1.020312500000000000e+01
-6.414062500000000000e+00
-4.308593750000000000e+00
-4.003906250000000000e+00
-5.675781250000000000e+00
-4.675781250000000000e+00
-4.425781250000000000e+00
-3.564453125000000000e+00
-4.226562500000000000e+00
-3.605468750000000000e+00
-3.628906250000000000e+00
-2.927734375000000000e+00
-3.601562500000000000e+00
-4.238281250000000000e+00
-4.277343750000000000e+00
-5.777343750000000000e+00
-7.820312500000000000e+00
-5.558593750000000000e+00
-2.642578125000000000e+00
-1.248046875000000000e+00
-1.089843750000000000e+00
-7.485351562500000000e-01
1.524414062500000000e+00
1.208984375000000000e+00
1.498046875000000000e+00
9.223632812500000000e-01
2.773437500000000000e-01
8.632812500000000000e-01
6.401367187500000000e-01
-1.313476562500000000e-01
-1.104492187500000000e+00
-2.156250000000000000e+00
-3.650390625000000000e+00
-4.878906250000000000e+00
-4.734375000000000000e+00
-4.578125000000000000e+00
-4.308593750000000000e+00
-3.457031250000000000e+00
-2.482421875000000000e+00
-1.066406250000000000e+00
-1.710937500000000000e+00
-2.302734375000000000e+00
-3.662109375000000000e+00
-4.265625000000000000e+00
-5.324218750000000000e+00
-3.332031250000000000e+00
-8.579101562500000000e-01
1.562500000000000000e+00
9.301757812500000000e-01
1.821289062500000000e-01
6.567382812500000000e-01
1.054687500000000000e+00
3.234863281250000000e-01
-2.007812500000000000e+00
-2.845703125000000000e+00
-2.601562500000000000e+00
-3.220703125000000000e+00
-3.654296875000000000e+00
-3.146484375000000000e+00
-2.550781250000000000e+00
-1.315429687500000000e+00
-7.875976562500000000e-01
-7.485351562500000000e-01
-1.594726562500000000e+00
-2.183593750000000000e+00
-1.761718750000000000e+00
-1.300781250000000000e+00
-5.053710937500000000e-01
-1.158203125000000000e+00
-1.999023437500000000e+00
-2.152343750000000000e+00
-4.593750000000000000e+00
-7.386718750000000000e+00
-8.929687500000000000e+00
-8.765625000000000000e+00
-7.726562500000000000e+00
-6.644531250000000000e+00
-5.191406250000000000e+00
-3.386718750000000000e+00
-1.871093750000000000e+00
1.204101562500000000e+00
4.683593750000000000e+00
6.078125000000000000e+00
5.937500000000000000e+00
5.191406250000000000e+00
4.093750000000000000e+00
2.109375000000000000e+00
1.273437500000000000e+00
5.458984375000000000e-01
-2.289062500000000000e+00
-5.816406250000000000e+00
-7.523437500000000000e+00
-7.371093750000000000e+00
-5.996093750000000000e+00
-1.903320312500000000e+00
8.374023437500000000e-01
3.173828125000000000e+00
3.378906250000000000e+00
2.289062500000000000e+00
4.279785156250000000e-01
-1.956787109375000000e-01
-8.441162109375000000e-02
1.102539062500000000e+00
2.533203125000000000e+00
4.906250000000000000e+00
5.273437500000000000e+00
4.703125000000000000e+00
2.583984375000000000e+00
-3.745117187500000000e-01
-3.140625000000000000e+00
-5.453125000000000000e+00
-6.511718750000000000e+00
-7.957031250000000000e+00
-6.609375000000000000e+00
-5.234375000000000000e+00
-4.890625000000000000e+00
-3.982421875000000000e+00
-4.527343750000000000e+00
-3.751953125000000000e+00
-4.031250000000000000e+00
-3.816406250000000000e+00
-2.833984375000000000e+00
-1.195312500000000000e+00
-3.001403808593750000e-02
1.331054687500000000e+00
2.076171875000000000e+00
3.910156250000000000e+00
5.441406250000000000e+00
7.171875000000000000e+00
6.871093750000000000e+00
2.578125000000000000e+00
-1.986083984375000000e-01
-1.640625000000000000e-01
1.253906250000000000e+00
8.051757812500000000e-01
-1.774414062500000000e+00
-2.101562500000000000e+00
-3.677734375000000000e+00
-1.494140625000000000e+00
1.546875000000000000e+00
3.673828125000000000e+00
-3.847656250000000000e-01
-1.247070312500000000e+00
-2.000427246093750000e-02
-1.059570312500000000e+00
2.709960937500000000e-01
2.111328125000000000e+00
-3.406250000000000000e+00
-1.996093750000000000e+00
3.095703125000000000e+00
4.683593750000000000e+00
7.807617187500000000e-01
-5.722656250000000000e+00
-6.101562500000000000e+00
-3.513671875000000000e+00
-3.357421875000000000e+00
-3.042968750000000000e+00
-2.498046875000000000e+00
-3.695312500000000000e+00
-6.281250000000000000e+00
-8.210937500000000000e+00
-1.989257812500000000e+00
4.773437500000000000e+00
1.520507812500000000e+00
2.353515625000000000e+00
5.101562500000000000e+00
6.121093750000000000e+00
3.306640625000000000e+00
8.789062500000000000e-01
2.195312500000000000e+00
2.785156250000000000e+00
-4.609375000000000000e+00
-7.144531250000000000e+00
-3.996582031250000000e-01
1.866210937500000000e+00
2.322265625000000000e+00
1.858398437500000000e+00
5.297851562500000000e-01
-9.047851562500000000e-01
-8.046875000000000000e+00
-1.476562500000000000e+01
-1.700000000000000000e+01
-1.323437500000000000e+01
-4.375000000000000000e+00
-6.121093750000000000e+00
-4.851562500000000000e+00
6.191406250000000000e-01
-2.447265625000000000e+00
-7.250000000000000000e+00
-5.675781250000000000e+00
1.383789062500000000e+00
-9.238281250000000000e-01
-4.101562500000000000e+00
-3.250000000000000000e+00
-1.386718750000000000e+00
-1.322265625000000000e+00
7.617187500000000000e-01
5.628906250000000000e+00
6.937500000000000000e+00
5.500000000000000000e+00
4.457031250000000000e+00
3.376953125000000000e+00
3.976562500000000000e+00
5.812500000000000000e+00
6.507812500000000000e+00
2.939453125000000000e+00
-1.905273437500000000e+00
-2.822265625000000000e+00
1.003906250000000000e+00
3.914062500000000000e+00
5.476562500000000000e+00
9.301757812500000000e-01
-2.361328125000000000e+00
-2.142578125000000000e+00
-2.103515625000000000e+00
-2.589843750000000000e+00
-1.668945312500000000e+00
-1.601562500000000000e+00
-9.018554687500000000e-01
-2.182617187500000000e-01
1.433593750000000000e+00
1.612304687500000000e+00
2.025390625000000000e+00
3.017578125000000000e+00
4.414062500000000000e+00
3.751953125000000000e+00
2.300781250000000000e+00
2.828125000000000000e+00
3.177734375000000000e+00
2.994140625000000000e+00
3.050781250000000000e+00
1.876220703125000000e-01
-3.025390625000000000e+00
-6.312500000000000000e+00
-8.898437500000000000e+00
-9.085937500000000000e+00
-1.107812500000000000e+01
-1.272656250000000000e+01
-1.250781250000000000e+01
-1.160156250000000000e+01
-1.068750000000000000e+01
-9.429687500000000000e+00
-8.203125000000000000e+00
-7.570312500000000000e+00
-6.453125000000000000e+00
-5.222656250000000000e+00
-4.859375000000000000e+00
-4.742187500000000000e+00
-4.632812500000000000e+00
-5.421875000000000000e+00
-6.726562500000000000e+00
-7.437500000000000000e+00
-4.613281250000000000e+00
-6.152343750000000000e+00
-7.777343750000000000e+00
-3.658203125000000000e+00
3.371093750000000000e+00
5.078125000000000000e+00
1.847656250000000000e+00
3.916015625000000000e-01
9.853515625000000000e-01
-1.639648437500000000e+00
-7.314453125000000000e-01
-1.889648437500000000e+00
6.591796875000000000e-02
6.621093750000000000e-01
2.166015625000000000e+00
1.674804687500000000e+00
2.308593750000000000e+00
2.744140625000000000e+00
3.945312500000000000e+00
2.646484375000000000e+00
-6.977539062500000000e-01
-2.583984375000000000e+00
-2.945312500000000000e+00
-2.148437500000000000e+00
-2.078125000000000000e+00
-2.628906250000000000e+00
-1.864257812500000000e+00
-1.153320312500000000e+00
-3.728027343750000000e-01
2.592773437500000000e-01
-3.114318847656250000e-02
2.036132812500000000e-01
1.751953125000000000e+00
1.025390625000000000e+00
8.613281250000000000e-01
-1.079101562500000000e+00
-3.873046875000000000e+00
-6.140625000000000000e+00
-5.003906250000000000e+00
-3.142578125000000000e+00
1.216796875000000000e+00
9.550781250000000000e-01
-7.709960937500000000e-01
-8.968750000000000000e+00
-8.453125000000000000e+00
-3.146972656250000000e-01
3.125000000000000000e+00
8.750000000000000000e-01
2.335937500000000000e+00
1.506835937500000000e+00
-3.070312500000000000e+00
-4.183593750000000000e+00
-2.271484375000000000e+00
-8.022460937500000000e-01
-8.496093750000000000e-01
-8.710937500000000000e-01
8.715820312500000000e-01
3.308593750000000000e+00
5.714843750000000000e+00
7.109375000000000000e+00
6.539062500000000000e+00
5.000000000000000000e+00
5.253906250000000000e+00
7.218750000000000000e+00
5.062500000000000000e+00
1.919921875000000000e+00
-5.346679687500000000e-01
-2.607421875000000000e+00
-3.160156250000000000e+00
-5.414062500000000000e+00
-8.382812500000000000e+00
-1.165625000000000000e+01
-1.587500000000000000e+01
-1.706250000000000000e+01
-1.566406250000000000e+01
-1.316406250000000000e+01
-8.757812500000000000e+00
-3.945312500000000000e+00
1.214843750000000000e+00
3.921875000000000000e+00
4.300781250000000000e+00
3.654296875000000000e+00
3.250000000000000000e+00
3.273437500000000000e+00
4.824218750000000000e+00
5.679687500000000000e+00
7.000000000000000000e+00
7.484375000000000000e+00
5.812500000000000000e+00
1.784179687500000000e+00
-7.353515625000000000e-01
-3.039550781250000000e-01
1.016601562500000000e+00
1.320312500000000000e+00
1.845703125000000000e+00
2.603515625000000000e+00
4.039062500000000000e+00
5.027343750000000000e+00
6.097656250000000000e+00
6.464843750000000000e+00
6.652343750000000000e+00
4.027343750000000000e+00
-2.093750000000000000e+00
-7.937500000000000000e+00
-4.433593750000000000e+00
2.585937500000000000e+00
4.546875000000000000e+00
5.058593750000000000e+00
8.117187500000000000e+00
8.109375000000000000e+00
8.132812500000000000e+00
5.949218750000000000e+00
3.425781250000000000e+00
1.616210937500000000e+00
-6.640625000000000000e-01
1.210937500000000000e+00
6.777343750000000000e+00
6.515625000000000000e+00
4.015625000000000000e+00
3.273437500000000000e+00
4.207031250000000000e+00
5.281250000000000000e+00
4.785156250000000000e+00
2.447265625000000000e+00
2.500000000000000000e-01
-2.561035156250000000e-01
-2.007812500000000000e+00
-3.736328125000000000e+00
-4.585937500000000000e+00
-2.224609375000000000e+00
-4.489746093750000000e-01
-1.768493652343750000e-02
2.459716796875000000e-01
3.888671875000000000e+00
4.332031250000000000e+00
2.500000000000000000e+00
2.720703125000000000e+00
8.144531250000000000e-01
1.828125000000000000e+00
2.677734375000000000e+00
4.238281250000000000e+00
8.328125000000000000e+00
1.410156250000000000e+01
1.138281250000000000e+01
8.828125000000000000e+00
4.867187500000000000e+00
4.941406250000000000e+00
6.796875000000000000e+00
5.117187500000000000e+00
5.105468750000000000e+00
4.363281250000000000e+00
3.640625000000000000e+00
4.488281250000000000e+00
7.027343750000000000e+00
8.703125000000000000e+00
9.531250000000000000e+00
9.765625000000000000e+00
8.085937500000000000e+00
5.109375000000000000e+00
4.031250000000000000e+00
3.904296875000000000e+00
2.492187500000000000e+00
1.875000000000000000e+00
-1.606445312500000000e+00
-3.910156250000000000e+00
-2.623046875000000000e+00
-1.507568359375000000e-01
2.279296875000000000e+00
4.851562500000000000e+00
4.996093750000000000e+00
4.929687500000000000e+00
4.964843750000000000e+00
4.644531250000000000e+00
4.687500000000000000e+00
5.417968750000000000e+00
7.468750000000000000e+00
8.125000000000000000e+00
9.843750000000000000e+00
1.207812500000000000e+01
1.136718750000000000e+01
9.578125000000000000e+00
7.570312500000000000e+00
7.617187500000000000e+00
7.835937500000000000e+00
5.285156250000000000e+00
-9.384765625000000000e-01
9.252929687500000000e-01
1.999023437500000000e+00
2.785644531250000000e-01
-2.925781250000000000e+00
-4.835937500000000000e+00
-4.558593750000000000e+00
-2.056640625000000000e+00
1.023437500000000000e+00
3.658203125000000000e+00
4.542968750000000000e+00
4.531250000000000000e+00
3.396484375000000000e+00
5.808593750000000000e+00
9.453125000000000000e+00
1.062500000000000000e+01
8.945312500000000000e+00
8.281250000000000000e+00
8.054687500000000000e+00
1.442968750000000000e+01
8.500000000000000000e+00
3.988281250000000000e+00
8.992187500000000000e+00
1.368750000000000000e+01
1.112500000000000000e+01
8.937500000000000000e+00
7.347656250000000000e+00
7.402343750000000000e+00
4.324218750000000000e+00
-1.784667968750000000e-01
4.894531250000000000e+00
6.363281250000000000e+00
1.534179687500000000e+00
-1.678710937500000000e+00
-3.037109375000000000e+00
-4.968750000000000000e+00
-3.673828125000000000e+00
-1.158203125000000000e+00
1.005859375000000000e+00
2.441406250000000000e+00
1.818359375000000000e+00
-2.814941406250000000e-01
-2.378906250000000000e+00
-1.945312500000000000e+00
-1.961669921875000000e-01
2.565917968750000000e-01
-3.332519531250000000e-01
-3.167968750000000000e+00
-4.796875000000000000e+00
-6.714843750000000000e+00
-5.285156250000000000e+00
-4.089843750000000000e+00
-2.273437500000000000e+00
-2.236328125000000000e+00
-1.617431640625000000e-01
3.942871093750000000e-01
-1.906738281250000000e-01
-1.097656250000000000e+00
-1.561523437500000000e+00
-2.660156250000000000e+00
-2.599609375000000000e+00
-2.683593750000000000e+00
-3.814453125000000000e+00
-3.412109375000000000e+00
-3.132812500000000000e+00
-1.849609375000000000e+00
-4.523437500000000000e+00
-6.023437500000000000e+00
-7.527343750000000000e+00
-5.203125000000000000e+00
-2.750000000000000000e+00
-2.283203125000000000e+00
-6.703125000000000000e+00
-7.238281250000000000e+00
-3.089843750000000000e+00
3.449218750000000000e+00
4.445312500000000000e+00
4.003906250000000000e+00
5.136718750000000000e+00
7.753906250000000000e+00
2.587890625000000000e+00
-1.623046875000000000e+00
4.750000000000000000e+00
6.855468750000000000e+00
2.878906250000000000e+00
1.801757812500000000e+00
2.763671875000000000e+00
5.703125000000000000e+00
7.507812500000000000e+00
9.195312500000000000e+00
1.178125000000000000e+01
1.178125000000000000e+01
8.445312500000000000e+00
3.193359375000000000e+00
-2.083984375000000000e+00
-3.425781250000000000e+00
1.442871093750000000e-01
2.027343750000000000e+00
1.003906250000000000e+00
-3.151855468750000000e-01
-3.218750000000000000e+00
-4.816406250000000000e+00
-3.382812500000000000e+00
-8.852539062500000000e-01
7.695312500000000000e-01
2.484375000000000000e+00
4.703125000000000000e+00
9.414062500000000000e+00
8.500000000000000000e+00
4.640625000000000000e+00
-5.034179687500000000e-01
-8.351562500000000000e+00
-6.062500000000000000e+00
-3.347167968750000000e-01
4.234375000000000000e+00
7.964843750000000000e+00
3.966796875000000000e+00
1.121093750000000000e+00
5.683593750000000000e+00
1.077343750000000000e+01
1.009375000000000000e+01
8.554687500000000000e+00
7.542968750000000000e+00
4.203125000000000000e+00
-2.949218750000000000e-01
-7.292968750000000000e+00
-1.085156250000000000e+01
-1.452343750000000000e+01
-1.280468750000000000e+01
-8.304687500000000000e+00
-4.828125000000000000e+00
-1.974609375000000000e+00
-8.857421875000000000e-01
-3.164672851562500000e-02
-5.424804687500000000e-01
-7.851562500000000000e-01
-6.840820312500000000e-01
4.155273437500000000e-01
3.613281250000000000e+00
5.117187500000000000e+00
3.707031250000000000e+00
-1.502929687500000000e+00
-1.024218750000000000e+01
-1.235156250000000000e+01
-1.017187500000000000e+01
-1.050000000000000000e+01
-6.734375000000000000e+00
4.796875000000000000e+00
3.003906250000000000e+00
-4.597656250000000000e+00
-1.788085937500000000e+00
9.226562500000000000e+00
9.953125000000000000e+00
5.738281250000000000e+00
1.811523437500000000e+00
-4.445312500000000000e+00
-6.324218750000000000e+00
-3.285156250000000000e+00
-6.923828125000000000e-01
9.912109375000000000e-01
4.542968750000000000e+00
1.758789062500000000e+00
3.248046875000000000e+00
7.656250000000000000e+00
1.425781250000000000e+00
-3.449218750000000000e+00
5.042968750000000000e+00
8.578125000000000000e+00
7.570312500000000000e+00
9.125000000000000000e+00
1.138281250000000000e+01
1.135937500000000000e+01
7.449218750000000000e+00
1.474609375000000000e+00
-3.869140625000000000e+00
-4.796875000000000000e+00
-4.855468750000000000e+00
-6.761718750000000000e+00
-6.386718750000000000e+00
-3.431640625000000000e+00
-6.933593750000000000e-01
5.691528320312500000e-02
1.246093750000000000e+00
3.500000000000000000e+00
2.773437500000000000e+00
-1.376953125000000000e+00
-5.031250000000000000e+00
-7.558593750000000000e+00
-9.492187500000000000e+00
-1.112500000000000000e+01
-1.173437500000000000e+01
-1.194531250000000000e+01
-1.254687500000000000e+01
-1.225781250000000000e+01
-1.147656250000000000e+01
-1.042968750000000000e+01
-1.005468750000000000e+01
-9.453125000000000000e+00
-9.328125000000000000e+00
-8.554687500000000000e+00
-9.367187500000000000e+00
-7.828125000000000000e+00
-6.921875000000000000e+00
-6.609375000000000000e+00
-6.953125000000000000e+00
-5.312500000000000000e+00
-5.796875000000000000e+00
-5.414062500000000000e+00
-5.175781250000000000e+00
-3.093750000000000000e+00
-9.497070312500000000e-01
1.689453125000000000e+00
4.164062500000000000e+00
7.414062500000000000e+00
8.460937500000000000e+00
9.078125000000000000e+00
5.679687500000000000e+00
1.810546875000000000e+00
-1.207031250000000000e+00
-9.423828125000000000e-01
1.324218750000000000e+00
3.380859375000000000e+00
6.921875000000000000e+00
3.718750000000000000e+00
5.101562500000000000e+00
9.664062500000000000e+00
1.414062500000000000e+01
1.632812500000000000e+01
1.567187500000000000e+01
1.164062500000000000e+01
9.757812500000000000e+00
6.539062500000000000e+00
8.872070312500000000e-01
9.370117187500000000e-01
2.451171875000000000e+00
5.015625000000000000e+00
2.576171875000000000e+00
-1.743164062500000000e+00
-5.074218750000000000e+00
-8.835937500000000000e+00
-1.041406250000000000e+01
-8.757812500000000000e+00
-7.808593750000000000e+00
2.851562500000000000e+00
7.207031250000000000e+00
6.894531250000000000e+00
9.015625000000000000e+00
9.171875000000000000e+00
7.765625000000000000e+00
2.820312500000000000e+00
-5.250000000000000000e+00
-1.085156250000000000e+01
-1.374218750000000000e+01
-1.388281250000000000e+01
-1.328906250000000000e+01
-1.222656250000000000e+01
-1.192187500000000000e+01
-1.094531250000000000e+01
-9.117187500000000000e+00
-7.316406250000000000e+00
-4.988281250000000000e+00
-2.798828125000000000e+00
-2.951171875000000000e+00
-2.613281250000000000e+00
-3.806640625000000000e+00
-5.015625000000000000e+00
-1.041259765625000000e-01
1.018750000000000000e+01
7.949218750000000000e+00
4.683593750000000000e+00
-2.003906250000000000e+00
-6.476562500000000000e+00
-9.742187500000000000e+00
-6.601562500000000000e+00
-3.638671875000000000e+00
3.921875000000000000e+00
1.135937500000000000e+01
1.476562500000000000e+01
9.968750000000000000e+00
3.476562500000000000e+00
3.681640625000000000e-01
5.000000000000000000e+00
1.093750000000000000e+01
1.248437500000000000e+01
1.414062500000000000e+01
1.211718750000000000e+01
1.015625000000000000e+01
1.232812500000000000e+01
5.796875000000000000e+00
-2.242187500000000000e+00
-5.261718750000000000e+00
-2.308593750000000000e+00
3.414062500000000000e+00
5.394531250000000000e+00
4.753906250000000000e+00
5.753906250000000000e+00
5.164062500000000000e+00
2.607421875000000000e+00
8.447265625000000000e-01
1.196289062500000000e+00
1.721679687500000000e+00
2.080078125000000000e+00
-7.978515625000000000e-01
3.102111816406250000e-02
9.824218750000000000e-01
2.199218750000000000e+00
3.093750000000000000e+00
3.621093750000000000e+00
8.715820312500000000e-01
1.543945312500000000e+00
1.491210937500000000e+00
3.072265625000000000e+00
7.626953125000000000e-01
3.017578125000000000e+00
2.238281250000000000e+00
3.505859375000000000e+00
3.980468750000000000e+00
3.845703125000000000e+00
3.657226562500000000e-01
-2.556640625000000000e+00
-1.842773437500000000e+00
-4.448242187500000000e-01
2.572265625000000000e+00
3.281250000000000000e+00
5.683593750000000000e+00
5.531250000000000000e+00
5.882812500000000000e+00
4.917968750000000000e+00
4.894531250000000000e+00
4.972656250000000000e+00
3.873046875000000000e+00
-1.098632812500000000e+00
-7.074218750000000000e+00
-1.364843750000000000e+01
-7.343750000000000000e+00
-7.875976562500000000e-01
2.054687500000000000e+00
-6.787109375000000000e-01
-3.189453125000000000e+00
-3.658203125000000000e+00
2.915039062500000000e-01
-2.839843750000000000e+00
-5.636718750000000000e+00
-5.621093750000000000e+00
-1.493164062500000000e+00
8.945312500000000000e-01
2.539062500000000000e+00
4.101562500000000000e+00
4.558593750000000000e+00
5.343750000000000000e+00
5.832031250000000000e+00
6.453125000000000000e+00
5.402343750000000000e+00
2.240234375000000000e+00
8.392333984375000000e-03
-8.383789062500000000e-01
-5.419921875000000000e-01
-2.125000000000000000e+00
-3.470703125000000000e+00
-4.261718750000000000e+00
-1.346679687500000000e+00
-2.418518066406250000e-02
8.154296875000000000e-01
3.476562500000000000e-01
5.500000000000000000e+00
8.445312500000000000e+00
6.847656250000000000e+00
5.367187500000000000e+00
5.367187500000000000e+00
5.164062500000000000e+00
5.941406250000000000e+00
5.957031250000000000e+00
1.885742187500000000e+00
-6.500000000000000000e+00
-1.137500000000000000e+01
-9.632812500000000000e+00
-7.203125000000000000e+00
-5.355468750000000000e+00
-3.361328125000000000e+00
-2.656250000000000000e+00
-1.417968750000000000e+00
-6.044921875000000000e-01
-1.191406250000000000e+00
-1.444335937500000000e+00
-1.856445312500000000e+00
-4.677734375000000000e-01
-6.606445312500000000e-01
-3.371582031250000000e-01
2.516174316406250000e-02
2.191406250000000000e+00
3.345703125000000000e+00
3.296875000000000000e+00
3.228515625000000000e+00
3.968750000000000000e+00
3.826171875000000000e+00
3.298828125000000000e+00
2.164062500000000000e+00
-2.357177734375000000e-01
-1.262695312500000000e+00
-4.285156250000000000e+00
-5.964843750000000000e+00
-6.320312500000000000e+00
-5.894531250000000000e+00
-4.308593750000000000e+00
-3.818359375000000000e+00
-1.747070312500000000e+00
7.236328125000000000e-01
2.021484375000000000e+00
2.398437500000000000e+00
2.148437500000000000e+00
1.563476562500000000e+00
1.019531250000000000e+00
-2.003906250000000000e+00
-4.226562500000000000e+00
-3.582031250000000000e+00
1.401367187500000000e+00
5.234375000000000000e+00
4.984375000000000000e+00
4.781250000000000000e+00
3.496093750000000000e+00
-2.408203125000000000e+00
-5.753906250000000000e+00
-3.806640625000000000e+00
-5.058593750000000000e-01
4.082031250000000000e+00
5.664062500000000000e+00
6.582031250000000000e+00
7.148437500000000000e+00
6.007812500000000000e+00
2.093750000000000000e+00
-1.818359375000000000e+00
-6.671875000000000000e+00
-1.132812500000000000e+01
-1.229687500000000000e+01
-6.988281250000000000e+00
-2.592773437500000000e-01
-4.746093750000000000e+00
-4.929687500000000000e+00
-1.155395507812500000e-01
3.960937500000000000e+00
-1.146484375000000000e+00
-1.017187500000000000e+01
-1.435937500000000000e+01
-2.316406250000000000e+00
-1.965820312500000000e+00
-1.975585937500000000e+00
-1.723632812500000000e+00
-2.552734375000000000e+00
-3.582031250000000000e+00
-2.632812500000000000e+00
-3.091796875000000000e+00
-4.085937500000000000e+00
-4.291992187500000000e-01
3.017578125000000000e+00
1.825195312500000000e+00
6.870117187500000000e-01
1.135742187500000000e+00
2.039062500000000000e+00
2.208984375000000000e+00
3.853515625000000000e+00
3.519531250000000000e+00
3.843750000000000000e+00
3.757812500000000000e+00
1.690429687500000000e+00
-6.621093750000000000e-01
-4.699218750000000000e+00
-7.214843750000000000e+00
-9.882812500000000000e+00
-1.013281250000000000e+01
-1.074218750000000000e+01
-1.092968750000000000e+01
-1.258593750000000000e+01
-1.434375000000000000e+01
-1.601562500000000000e+01
-1.513281250000000000e+01
-5.562500000000000000e+00
-3.101562500000000000e+00
-1.378906250000000000e+00
-4.121093750000000000e+00
-6.285156250000000000e+00
-4.675781250000000000e+00
3.941406250000000000e+00
1.100781250000000000e+01
1.462500000000000000e+01
1.360156250000000000e+01
8.523437500000000000e+00
6.394531250000000000e+00
5.906250000000000000e+00
1.438476562500000000e+00
3.003906250000000000e+00
4.066406250000000000e+00
9.296875000000000000e+00
1.456250000000000000e+01
1.278125000000000000e+01
1.085937500000000000e+01
1.165625000000000000e+01
1.278906250000000000e+01
1.163281250000000000e+01
7.000000000000000000e+00
6.324218750000000000e+00
9.585937500000000000e+00
1.042187500000000000e+01
1.049218750000000000e+01
1.242968750000000000e+01
9.351562500000000000e+00
7.183593750000000000e+00
4.203125000000000000e+00
1.121093750000000000e+00
2.910156250000000000e-01
1.034179687500000000e+00
1.447265625000000000e+00
1.075195312500000000e+00
3.840332031250000000e-01
1.436523437500000000e+00
2.345703125000000000e+00
4.363281250000000000e+00
6.414062500000000000e+00
6.941406250000000000e+00
5.011718750000000000e+00
1.744140625000000000e+00
1.179687500000000000e+00
1.670898437500000000e+00
1.330566406250000000e-01
-9.199218750000000000e-01
-1.104492187500000000e+00
7.680664062500000000e-01
2.093750000000000000e+00
2.382812500000000000e+00
3.072265625000000000e+00
2.720703125000000000e+00
2.351562500000000000e+00
3.654296875000000000e+00
3.564453125000000000e+00
5.050781250000000000e+00
6.003906250000000000e+00
7.199218750000000000e+00
7.105468750000000000e+00
2.613281250000000000e+00
8.476562500000000000e-01
6.679687500000000000e+00
8.039062500000000000e+00
8.023437500000000000e+00
8.671875000000000000e+00
9.882812500000000000e+00
7.152343750000000000e+00
4.593750000000000000e+00
7.113281250000000000e+00
1.054687500000000000e+01
1.255468750000000000e+01
1.324218750000000000e+01
1.264062500000000000e+01
1.285156250000000000e+01
1.155468750000000000e+01
1.122656250000000000e+01
1.250781250000000000e+01
1.277343750000000000e+01
1.298437500000000000e+01
1.128906250000000000e+01
9.976562500000000000e+00
7.527343750000000000e+00
6.031250000000000000e+00
7.765625000000000000e+00
9.875000000000000000e+00
1.121875000000000000e+01
9.132812500000000000e+00
1.070312500000000000e+01
1.175781250000000000e+01
1.102343750000000000e+01
9.492187500000000000e+00
6.710937500000000000e+00
5.003906250000000000e+00
2.085937500000000000e+00
1.292968750000000000e+00
2.560546875000000000e+00
3.949218750000000000e+00
6.558593750000000000e+00
4.851562500000000000e+00
1.590820312500000000e+00
5.355468750000000000e+00
4.652343750000000000e+00
4.516601562500000000e-02
-7.988281250000000000e-01
1.816406250000000000e+00
1.605468750000000000e+00
-1.628906250000000000e+00
-3.876953125000000000e+00
-4.496093750000000000e+00
-5.832031250000000000e+00
-1.000000000000000000e+01
-9.804687500000000000e+00
-7.363281250000000000e+00
-4.687500000000000000e+00
-2.699218750000000000e+00
-4.398437500000000000e+00
-7.867187500000000000e+00
-5.210937500000000000e+00
-3.588867187500000000e-01
1.374023437500000000e+00
4.281250000000000000e+00
6.601562500000000000e+00
8.984375000000000000e+00
5.691406250000000000e+00
4.277343750000000000e-01
4.445312500000000000e+00
6.167968750000000000e+00
7.960937500000000000e+00
6.585937500000000000e+00
7.937500000000000000e+00
8.250000000000000000e+00
7.535156250000000000e+00
7.539062500000000000e+00
7.968750000000000000e+00
6.562500000000000000e+00
4.738281250000000000e+00
5.640625000000000000e+00
4.789062500000000000e+00
4.553222656250000000e-01
-6.734375000000000000e+00
-9.359375000000000000e+00
-8.531250000000000000e+00
-8.750000000000000000e+00
-9.773437500000000000e+00
-8.312500000000000000e+00
-5.109375000000000000e+00
-2.427734375000000000e+00
-8.588867187500000000e-01
-3.891601562500000000e-01
2.943359375000000000e+00
5.441406250000000000e+00
5.800781250000000000e+00
7.457031250000000000e+00
7.898437500000000000e+00
5.203125000000000000e+00
4.489746093750000000e-01
-3.189453125000000000e+00
-5.640625000000000000e+00
-5.863281250000000000e+00
-4.492187500000000000e+00
-3.480468750000000000e+00
-3.871093750000000000e+00
-1.734375000000000000e+00
1.067382812500000000e+00
5.625000000000000000e-01
-3.521484375000000000e+00
-3.486328125000000000e+00
-4.398437500000000000e+00
-2.644531250000000000e+00
-1.495361328125000000e-01
2.142578125000000000e+00
1.921875000000000000e+00
1.248046875000000000e+00
1.335937500000000000e+00
-7.973632812500000000e-01
-1.801757812500000000e+00
-2.970703125000000000e+00
-4.484375000000000000e+00
-2.367187500000000000e+00
-7.324218750000000000e-01
-6.503906250000000000e-01
-9.736328125000000000e-01
-2.220703125000000000e+00
-2.208984375000000000e+00
-2.636718750000000000e+00
-2.656250000000000000e+00
-2.769531250000000000e+00
-2.501953125000000000e+00
-4.488281250000000000e+00
-5.511718750000000000e+00
-8.632812500000000000e-01
2.021484375000000000e+00
1.902343750000000000e+00
1.318359375000000000e+00
8.330078125000000000e-01
2.039062500000000000e+00
2.087890625000000000e+00
3.191406250000000000e+00
3.425781250000000000e+00
4.820312500000000000e+00
5.285156250000000000e+00
7.917968750000000000e+00
5.648437500000000000e+00
3.820312500000000000e+00
3.228515625000000000e+00
2.833984375000000000e+00
3.288574218750000000e-01
-3.544921875000000000e-01
3.474609375000000000e+00
5.363281250000000000e+00
4.203125000000000000e+00
4.820312500000000000e+00
5.210937500000000000e+00
5.859375000000000000e+00
6.449218750000000000e+00
6.652343750000000000e+00
5.164062500000000000e+00
4.339843750000000000e+00
5.988281250000000000e+00
5.203125000000000000e+00
2.779296875000000000e+00
6.000976562500000000e-01
-2.646484375000000000e+00
-2.769531250000000000e+00
-1.497070312500000000e+00
1.382812500000000000e+00
1.247070312500000000e+00
1.396484375000000000e+00
1.260742187500000000e+00
3.064453125000000000e+00
3.123046875000000000e+00
4.800781250000000000e+00
6.261718750000000000e+00
7.949218750000000000e+00
6.664062500000000000e+00
5.355468750000000000e+00
4.746093750000000000e+00
7.000000000000000000e+00
5.851562500000000000e+00
6.535156250000000000e+00
7.949218750000000000e+00
8.406250000000000000e+00
6.656250000000000000e+00
5.582031250000000000e+00
5.656250000000000000e+00
6.414062500000000000e+00
6.753906250000000000e+00
8.734375000000000000e+00
7.003906250000000000e+00
3.227539062500000000e-01
-7.964843750000000000e+00
-8.773437500000000000e+00
-6.320312500000000000e+00
-5.828125000000000000e+00
-5.281250000000000000e+00
-3.337890625000000000e+00
-4.445312500000000000e+00
-6.707031250000000000e+00
-5.808593750000000000e+00
-4.648437500000000000e+00
-6.378906250000000000e+00
-8.460937500000000000e+00
-8.851562500000000000e+00
-8.875000000000000000e+00
-9.367187500000000000e+00
-1.018750000000000000e+01
-8.625000000000000000e+00
-4.062500000000000000e+00
-3.335937500000000000e+00
-6.347656250000000000e+00
-7.246093750000000000e+00
-6.468750000000000000e+00
-6.148437500000000000e+00
-4.320312500000000000e+00
-3.406250000000000000e+00
-1.904296875000000000e+00
-2.806640625000000000e+00
-1.950195312500000000e+00
-1.112304687500000000e+00
5.937500000000000000e-01
1.253906250000000000e+00
1.489257812500000000e+00
-5.991210937500000000e-01
-3.875000000000000000e+00
-6.992187500000000000e+00
-1.139843750000000000e+01
-1.371093750000000000e+01
-5.988281250000000000e+00
-6.718750000000000000e+00
-6.976562500000000000e+00
-6.937500000000000000e+00
-6.246093750000000000e+00
-4.960937500000000000e+00
-3.042968750000000000e+00
-8.232421875000000000e-01
1.331054687500000000e+00
1.869140625000000000e+00
2.164062500000000000e+00
1.248046875000000000e+00
7.294921875000000000e-01
9.838867187500000000e-01
1.511718750000000000e+00
-8.081054687500000000e-01
-3.476562500000000000e+00
-4.210937500000000000e+00
-3.982421875000000000e+00
-1.168212890625000000e-01
3.285156250000000000e+00
3.068359375000000000e+00
3.113281250000000000e+00
2.462890625000000000e+00
3.818359375000000000e+00
3.066406250000000000e+00
2.478515625000000000e+00
1.151367187500000000e+00
-9.501953125000000000e-01
-1.435546875000000000e+00
-2.088623046875000000e-01
2.501953125000000000e+00
5.082031250000000000e+00
5.921875000000000000e+00
6.835937500000000000e+00
5.835937500000000000e+00
5.156250000000000000e+00
4.308593750000000000e+00
4.199218750000000000e+00
1.485351562500000000e+00
-1.306152343750000000e-01
-1.018554687500000000e+00
-1.981445312500000000e+00
-2.353515625000000000e+00
-1.106445312500000000e+00
-5.053710937500000000e-02
1.200195312500000000e+00
2.693359375000000000e+00
6.127929687500000000e-01
-2.154296875000000000e+00
-3.003906250000000000e+00
-1.702148437500000000e+00
-4.960937500000000000e-01
1.073242187500000000e+00
3.855468750000000000e+00
4.726562500000000000e+00
5.800781250000000000e+00
4.488281250000000000e+00
3.816406250000000000e+00
2.224609375000000000e+00
1.243164062500000000e+00
-6.596679687500000000e-01
-2.796875000000000000e+00
-2.185546875000000000e+00
3.459472656250000000e-01
2.019531250000000000e+00
2.888671875000000000e+00
4.640625000000000000e+00
4.500000000000000000e+00
5.097656250000000000e+00
5.203125000000000000e+00
4.960937500000000000e+00
4.367187500000000000e+00
4.093750000000000000e+00
4.132812500000000000e+00
2.867187500000000000e+00
2.511718750000000000e+00
2.005859375000000000e+00
5.014648437500000000e-01
-9.199218750000000000e-01
-2.660156250000000000e+00
-3.851562500000000000e+00
-5.167968750000000000e+00
