-5.708007812500000000e-01
-2.000000000000000000e+00
-3.273437500000000000e+00
-5.199218750000000000e+00
-3.917968750000000000e+00
-2.074218750000000000e+00
-7.490234375000000000e-01
-1.052734375000000000e+00
-7.592773437500000000e-01
1.379394531250000000e-01
5.947265625000000000e-01
-4.797363281250000000e-01
3.945312500000000000e-01
1.734619140625000000e-01
9.165039062500000000e-01
-1.500000000000000000e+00
-1.036132812500000000e+00
-1.047851562500000000e+00
-8.066406250000000000e-01
-1.223632812500000000e+00
-3.585937500000000000e+00
-6.898437500000000000e+00
-9.093750000000000000e+00
-1.302343750000000000e+01
-1.165625000000000000e+01
-1.091406250000000000e+01
-7.066406250000000000e+00
-4.386718750000000000e+00
-2.685546875000000000e+00
-5.355468750000000000e+00
-6.210937500000000000e+00
-7.773437500000000000e+00
-6.332031250000000000e+00
-5.425781250000000000e+00
-4.644531250000000000e+00
-5.406250000000000000e+00
-3.341796875000000000e+00
-3.335937500000000000e+00
-2.718750000000000000e+00
-4.867187500000000000e+00
-5.601562500000000000e+00
-5.101562500000000000e+00
-4.453125000000000000e+00
-6.246093750000000000e+00
-5.726562500000000000e+00
-6.617187500000000000e+00
-7.500000000000000000e+00
-9.265625000000000000e+00
-8.015625000000000000e+00
-8.625000000000000000e+00
-1.016406250000000000e+01
-1.350781250000000000e+01
-1.218750000000000000e+01
-1.228906250000000000e+01
-1.255468750000000000e+01
-1.284375000000000000e+01
-1.055468750000000000e+01
-7.914062500000000000e+00
-5.957031250000000000e+00
-4.941406250000000000e+00
-3.400390625000000000e+00
-3.046875000000000000e+00
-4.500000000000000000e+00
-6.699218750000000000e+00
-6.402343750000000000e+00
-4.359375000000000000e+00
-3.871093750000000000e+00
-5.156250000000000000e+00
-3.957031250000000000e+00
-2.343750000000000000e+00
-2.435546875000000000e+00
-3.250000000000000000e+00
-2.730468750000000000e+00
-1.235351562500000000e+00
-3.618164062500000000e-01
9.857177734375000000e-02
4.624023437500000000e-01
3.034667968750000000e-01
1.194335937500000000e+00
1.335937500000000000e+00
1.764648437500000000e+00
1.862304687500000000e+00
2.130859375000000000e+00
2.193359375000000000e+00
2.939453125000000000e+00
2.476562500000000000e+00
3.253906250000000000e+00
3.558593750000000000e+00
3.199218750000000000e+00
2.761718750000000000e+00
2.076171875000000000e+00
8.002929687500000000e-01
5.871582031250000000e-02
-2.271484375000000000e+00
-3.144531250000000000e+00
-4.796875000000000000e+00
-4.101562500000000000e+00
-4.109375000000000000e+00
-3.349609375000000000e+00
-2.755859375000000000e+00
-2.742187500000000000e+00
-2.585937500000000000e+00
-2.414062500000000000e+00
-2.646484375000000000e+00
-8.701171875000000000e-01
-1.691406250000000000e+00
3.117675781250000000e-01
6.791992187500000000e-01
2.054687500000000000e+00
5.878906250000000000e-01
5.102539062500000000e-01
-6.645507812500000000e-01
-1.437500000000000000e+00
-3.664062500000000000e+00
-4.902343750000000000e+00
-8.867187500000000000e+00
-1.055468750000000000e+01
-1.183593750000000000e+01
-1.386718750000000000e+01
-1.612500000000000000e+01
-1.429687500000000000e+01
-1.350781250000000000e+01
-1.173437500000000000e+01
-1.103125000000000000e+01
-9.468750000000000000e+00
-8.562500000000000000e+00
-8.265625000000000000e+00
-9.882812500000000000e+00
-7.714843750000000000e+00
-6.453125000000000000e+00
-5.609375000000000000e+00
-6.726562500000000000e+00
-6.648437500000000000e+00
-6.699218750000000000e+00
-7.164062500000000000e+00
-7.179687500000000000e+00
-5.363281250000000000e+00
-3.613281250000000000e+00
-2.939453125000000000e+00
-1.690429687500000000e+00
-9.384765625000000000e-01
-1.734619140625000000e-01
-2.998046875000000000e-01
-9.423828125000000000e-01
-8.159179687500000000e-01
-1.833007812500000000e+00
-1.219726562500000000e+00
-1.536132812500000000e+00
2.335205078125000000e-01
-5.053710937500000000e-01
-4.238281250000000000e-01
-2.708984375000000000e+00
-4.261718750000000000e+00
-7.351562500000000000e+00
-1.066406250000000000e+01
-1.425781250000000000e+01
-1.696875000000000000e+01
-1.778125000000000000e+01
-1.776562500000000000e+01
-1.428125000000000000e+01
-9.421875000000000000e+00
-8.796875000000000000e+00
-9.234375000000000000e+00
-1.000000000000000000e+01
-8.718750000000000000e+00
-6.539062500000000000e+00
-4.253906250000000000e+00
-1.680664062500000000e+00
2.996093750000000000e+00
5.714843750000000000e+00
4.777343750000000000e+00
2.982421875000000000e+00
1.569335937500000000e+00
-6.069335937500000000e-01
-2.453125000000000000e+00
-4.863281250000000000e+00
-6.562500000000000000e+00
-6.777343750000000000e+00
-6.972656250000000000e+00
-9.000000000000000000e+00
-7.382812500000000000e+00
-5.199218750000000000e+00
-4.714843750000000000e+00
-7.917968750000000000e+00
-6.777343750000000000e+00
-6.949218750000000000e+00
-7.566406250000000000e+00
-8.554687500000000000e+00
-6.972656250000000000e+00
-4.261718750000000000e+00
-3.785156250000000000e+00
-3.523437500000000000e+00
-1.918945312500000000e+00
6.699218750000000000e-01
4.702148437500000000e-01
6.767578125000000000e-01
1.024414062500000000e+00
1.609375000000000000e+00
-1.088256835937500000e-01
-9.101562500000000000e-01
-2.246093750000000000e+00
-3.666015625000000000e+00
-4.617187500000000000e+00
-5.425781250000000000e+00
-6.617187500000000000e+00
-7.210937500000000000e+00
-8.929687500000000000e+00
-9.406250000000000000e+00
-5.324218750000000000e+00
-6.390625000000000000e+00
-9.656250000000000000e+00
-8.375000000000000000e+00
-7.609375000000000000e+00
-7.363281250000000000e+00
-9.507812500000000000e+00
-1.135937500000000000e+01
-1.107812500000000000e+01
-9.234375000000000000e+00
-7.496093750000000000e+00
-5.257812500000000000e+00
-3.142578125000000000e+00
-2.658203125000000000e+00
-5.460937500000000000e+00
-7.671875000000000000e+00
-6.914062500000000000e+00
-6.437500000000000000e+00
-3.806640625000000000e+00
-2.492187500000000000e+00
-2.962890625000000000e+00
-4.890625000000000000e+00
-4.750000000000000000e+00
-6.835937500000000000e+00
-6.632812500000000000e+00
-7.308593750000000000e+00
-7.968750000000000000e+00
-7.613281250000000000e+00
-4.496093750000000000e+00
-1.569335937500000000e+00
-1.964843750000000000e+00
-2.724609375000000000e+00
-2.605468750000000000e+00
-1.175781250000000000e+00
-1.142578125000000000e+00
-3.041992187500000000e-01
2.536621093750000000e-01
-6.147460937500000000e-01
-2.671875000000000000e+00
-4.644531250000000000e+00
-3.212890625000000000e+00
-4.128417968750000000e-01
1.491210937500000000e+00
4.457031250000000000e+00
5.792968750000000000e+00
7.050781250000000000e+00
6.003906250000000000e+00
3.683593750000000000e+00
1.378906250000000000e+00
4.396972656250000000e-01
1.151367187500000000e+00
1.277343750000000000e+00
-1.240234375000000000e+00
-3.906250000000000000e+00
-5.535156250000000000e+00
-6.000000000000000000e+00
-5.140625000000000000e+00
-3.234375000000000000e+00
-1.649169921875000000e-01
1.359375000000000000e+00
2.189453125000000000e+00
1.527343750000000000e+00
8.476562500000000000e-01
2.697265625000000000e+00
4.492187500000000000e+00
5.597656250000000000e+00
5.703125000000000000e+00
6.914062500000000000e+00
4.101562500000000000e+00
-2.310546875000000000e+00
-6.074218750000000000e+00
-5.031250000000000000e+00
-3.447265625000000000e+00
-3.878906250000000000e+00
-2.742187500000000000e+00
-2.349609375000000000e+00
-1.914062500000000000e+00
-2.162109375000000000e+00
-3.011718750000000000e+00
-2.640625000000000000e+00
-1.791015625000000000e+00
-1.613281250000000000e+00
-3.673828125000000000e+00
-5.199218750000000000e+00
1.103515625000000000e+00
7.257812500000000000e+00
7.394531250000000000e+00
5.285156250000000000e+00
1.444335937500000000e+00
5.625000000000000000e-01
1.353515625000000000e+00
1.002197265625000000e-01
-1.223632812500000000e+00
2.697753906250000000e-01
-2.814941406250000000e-01
2.670898437500000000e-01
-3.662109375000000000e-02
-5.629882812500000000e-01
-2.935546875000000000e+00
-4.984375000000000000e+00
-2.185546875000000000e+00
-3.920898437500000000e-01
-1.777343750000000000e+00
-3.224609375000000000e+00
-3.091796875000000000e+00
-2.148437500000000000e+00
-1.103515625000000000e+00
4.741210937500000000e-01
1.744140625000000000e+00
2.728515625000000000e+00
8.686523437500000000e-01
7.397460937500000000e-01
2.446289062500000000e-01
5.351562500000000000e-01
1.261718750000000000e+00
-6.870117187500000000e-01
-1.841796875000000000e+00
-3.945312500000000000e+00
-6.035156250000000000e+00
-7.324218750000000000e+00
-5.605468750000000000e+00
-2.031250000000000000e+00
-1.565429687500000000e+00
-3.623046875000000000e+00
-3.320312500000000000e+00
-2.251953125000000000e+00
-4.223632812500000000e-01
1.154296875000000000e+00
2.128906250000000000e+00
1.689453125000000000e+00
1.070312500000000000e+00
-1.839843750000000000e+00
-3.052734375000000000e+00
-1.044921875000000000e+00
8.945312500000000000e-01
1.134643554687500000e-01
-3.232421875000000000e-01
7.978515625000000000e-01
1.414062500000000000e+00
3.246093750000000000e+00
3.453125000000000000e+00
2.763671875000000000e+00
9.820556640625000000e-02
-2.839843750000000000e+00
-3.628906250000000000e+00
1.462402343750000000e-01
3.876953125000000000e+00
5.800781250000000000e+00
5.281250000000000000e+00
1.642578125000000000e+00
-2.769531250000000000e+00
-7.972656250000000000e+00
-1.172656250000000000e+01
-1.252343750000000000e+01
-1.129687500000000000e+01
-7.777343750000000000e+00
-3.070312500000000000e+00
-7.464843750000000000e+00
-1.356250000000000000e+01
-1.639062500000000000e+01
-8.367187500000000000e+00
-5.250000000000000000e+00
-6.199218750000000000e+00
-6.808593750000000000e+00
-5.847656250000000000e+00
-4.027343750000000000e+00
-5.578125000000000000e+00
-6.507812500000000000e+00
-9.507812500000000000e+00
-1.195312500000000000e+01
-1.215625000000000000e+01
-1.127343750000000000e+01
-9.976562500000000000e+00
-8.867187500000000000e+00
-6.734375000000000000e+00
-2.322265625000000000e+00
3.752441406250000000e-01
5.375976562500000000e-01
1.437988281250000000e-01
2.132812500000000000e+00
1.189453125000000000e+00
6.572265625000000000e-01
-7.861328125000000000e-01
-6.552734375000000000e-01
-1.608398437500000000e+00
-2.939453125000000000e+00
-5.007812500000000000e+00
-4.765625000000000000e+00
-5.285156250000000000e+00
-4.937500000000000000e+00
-5.503906250000000000e+00
-6.085937500000000000e+00
-8.437500000000000000e+00
-8.273437500000000000e+00
-8.750000000000000000e+00
-9.773437500000000000e+00
-1.201562500000000000e+01
-1.117187500000000000e+01
-1.240625000000000000e+01
-1.238281250000000000e+01
-1.159375000000000000e+01
-1.048437500000000000e+01
-1.052343750000000000e+01
-9.906250000000000000e+00
-8.437500000000000000e+00
-5.328125000000000000e+00
-1.607421875000000000e+00
-7.734375000000000000e-01
-1.615234375000000000e+00
-3.210937500000000000e+00
-4.187500000000000000e+00
-5.222656250000000000e+00
-7.046875000000000000e+00
-7.972656250000000000e+00
-9.140625000000000000e+00
-9.078125000000000000e+00
-9.234375000000000000e+00
-9.000000000000000000e+00
-8.843750000000000000e+00
-7.355468750000000000e+00
-7.039062500000000000e+00
-5.632812500000000000e+00
-5.937500000000000000e+00
-5.953125000000000000e+00
-7.968750000000000000e+00
-7.488281250000000000e+00
-7.968750000000000000e+00
-7.722656250000000000e+00
-8.242187500000000000e+00
-7.542968750000000000e+00
-8.132812500000000000e+00
-7.226562500000000000e+00
-6.710937500000000000e+00
-5.476562500000000000e+00
-4.136718750000000000e+00
-2.867187500000000000e+00
-2.761718750000000000e+00
-2.501953125000000000e+00
-2.404296875000000000e+00
-9.907226562500000000e-01
-4.440917968750000000e-01
-4.989624023437500000e-02
7.397460937500000000e-01
2.425781250000000000e+00
2.394531250000000000e+00
4.113281250000000000e+00
4.109375000000000000e+00
4.656250000000000000e+00
3.638671875000000000e+00
3.128906250000000000e+00
2.935546875000000000e+00
4.031250000000000000e+00
2.816406250000000000e+00
2.478515625000000000e+00
1.536132812500000000e+00
-1.146484375000000000e+00
-1.265625000000000000e+00
9.936523437500000000e-01
2.595703125000000000e+00
4.644531250000000000e+00
3.250000000000000000e+00
2.172851562500000000e-02
3.263671875000000000e+00
1.102343750000000000e+01
2.550781250000000000e+00
3.105468750000000000e+00
4.886718750000000000e+00
9.484375000000000000e+00
1.088281250000000000e+01
8.960937500000000000e+00
4.710937500000000000e+00
1.223632812500000000e+00
-1.434570312500000000e+00
-2.369140625000000000e+00
-1.817626953125000000e-01
5.074218750000000000e+00
6.851562500000000000e+00
3.369140625000000000e+00
-2.876953125000000000e+00
-1.769531250000000000e+00
-1.756591796875000000e-01
1.494140625000000000e+00
6.469726562500000000e-01
-6.214843750000000000e+00
-9.858398437500000000e-01
5.398437500000000000e+00
2.187500000000000000e+00
-9.819335937500000000e-01
-5.605468750000000000e+00
-6.312500000000000000e+00
-6.948242187500000000e-01
9.226562500000000000e+00
1.392187500000000000e+01
1.178906250000000000e+01
7.101562500000000000e+00
3.755859375000000000e+00
-8.374023437500000000e-01
-3.576171875000000000e+00
-3.923828125000000000e+00
-3.771484375000000000e+00
-5.078125000000000000e+00
-8.429687500000000000e+00
-7.957031250000000000e+00
-7.465820312500000000e-01
4.030761718750000000e-01
-1.139648437500000000e+00
-2.039062500000000000e+00
-1.359375000000000000e+00
-8.769531250000000000e-01
9.248046875000000000e-01
1.453125000000000000e+00
2.060546875000000000e+00
2.468261718750000000e-01
-2.697265625000000000e+00
-4.902343750000000000e+00
-5.957031250000000000e+00
-7.484375000000000000e+00
-8.421875000000000000e+00
-8.414062500000000000e+00
-6.773437500000000000e+00
-4.187500000000000000e+00
-1.507812500000000000e+00
1.773681640625000000e-01
-3.906250000000000000e-01
-8.300781250000000000e-01
-2.375000000000000000e+00
-6.296875000000000000e+00
-1.134375000000000000e+01
-1.635937500000000000e+01
-8.898437500000000000e+00
-7.080078125000000000e-01
-2.174072265625000000e-01
3.886718750000000000e-01
6.704101562500000000e-01
-9.877929687500000000e-01
-1.777343750000000000e+00
-2.408203125000000000e+00
4.128417968750000000e-01
5.265625000000000000e+00
7.167968750000000000e+00
6.683593750000000000e+00
4.792968750000000000e+00
4.160156250000000000e+00
3.093750000000000000e+00
2.882812500000000000e+00
4.246093750000000000e+00
2.875000000000000000e+00
-3.073120117187500000e-02
-2.773437500000000000e+00
-5.830078125000000000e-01
2.742187500000000000e+00
3.951171875000000000e+00
3.781250000000000000e+00
3.779296875000000000e+00
5.109375000000000000e+00
1.018554687500000000e+00
-4.132812500000000000e+00
-6.042968750000000000e+00
-1.591796875000000000e+00
3.962890625000000000e+00
5.507812500000000000e+00
4.953125000000000000e+00
3.421875000000000000e+00
2.605468750000000000e+00
1.304687500000000000e+00
3.483886718750000000e-01
1.082031250000000000e+00
3.103515625000000000e+00
3.257812500000000000e+00
1.689453125000000000e-01
-6.894531250000000000e+00
-1.202343750000000000e+01
-4.148437500000000000e+00
1.435546875000000000e+00
5.523437500000000000e+00
9.367187500000000000e+00
1.189843750000000000e+01
1.147656250000000000e+01
1.100781250000000000e+01
8.085937500000000000e+00
5.808593750000000000e+00
3.117187500000000000e+00
2.572265625000000000e+00
1.207031250000000000e+00
1.705078125000000000e+00
4.019531250000000000e+00
7.136718750000000000e+00
8.601562500000000000e+00
7.937500000000000000e+00
7.128906250000000000e+00
3.447265625000000000e+00
1.555664062500000000e+00
2.251953125000000000e+00
3.046875000000000000e+00
-1.825195312500000000e+00
-4.742187500000000000e+00
-2.744140625000000000e+00
9.418945312500000000e-01
3.691406250000000000e+00
4.046875000000000000e+00
6.542968750000000000e-01
-6.285156250000000000e+00
-6.289062500000000000e+00
-2.144531250000000000e+00
2.414062500000000000e+00
5.027343750000000000e+00
6.000000000000000000e+00
6.457031250000000000e+00
7.218750000000000000e+00
7.453125000000000000e+00
8.492187500000000000e+00
8.773437500000000000e+00
6.351562500000000000e+00
4.382812500000000000e+00
2.111328125000000000e+00
4.562500000000000000e+00
6.371093750000000000e+00
6.167968750000000000e+00
3.783203125000000000e+00
-1.814453125000000000e+00
-8.375000000000000000e+00
-3.587890625000000000e+00
5.933593750000000000e+00
7.429687500000000000e+00
6.378906250000000000e+00
1.616210937500000000e+00
-4.257812500000000000e+00
-3.550781250000000000e+00
1.762695312500000000e+00
5.093750000000000000e+00
1.239257812500000000e+00
1.752929687500000000e+00
-1.177734375000000000e+00
-8.742187500000000000e+00
-4.496093750000000000e+00
-4.750976562500000000e-01
4.144531250000000000e+00
5.242187500000000000e+00
1.748046875000000000e+00
1.416992187500000000e+00
3.566894531250000000e-01
1.858398437500000000e+00
5.296875000000000000e+00
1.035156250000000000e+01
1.273437500000000000e+01
1.668750000000000000e+01
8.937500000000000000e+00
2.195312500000000000e+00
-6.535156250000000000e+00
-1.371875000000000000e+01
-1.471875000000000000e+01
-1.153125000000000000e+01
-8.375000000000000000e+00
-9.184570312500000000e-01
5.960937500000000000e+00
7.394531250000000000e+00
4.765625000000000000e+00
-2.541503906250000000e-01
-6.722656250000000000e+00
-9.578125000000000000e+00
-1.147656250000000000e+01
-1.021875000000000000e+01
-9.398437500000000000e+00
-7.964843750000000000e+00
-6.082031250000000000e+00
-4.664062500000000000e+00
-3.685546875000000000e+00
-3.507812500000000000e+00
-3.916015625000000000e+00
-2.685546875000000000e+00
-2.140625000000000000e+00
1.726074218750000000e-01
-2.580566406250000000e-01
1.558593750000000000e+00
8.208007812500000000e-01
1.556640625000000000e+00
-2.927246093750000000e-01
-1.003906250000000000e+00
-2.775390625000000000e+00
-2.814453125000000000e+00
-5.058593750000000000e+00
-4.871093750000000000e+00
-3.701171875000000000e+00
-3.500000000000000000e+00
-2.394531250000000000e+00
-2.677734375000000000e+00
-3.042968750000000000e+00
-2.166015625000000000e+00
-1.947265625000000000e+00
-1.640625000000000000e-01
9.780273437500000000e-01
1.732421875000000000e+00
-2.599609375000000000e+00
-8.085937500000000000e+00
-1.241210937500000000e+00
3.601562500000000000e+00
-5.488281250000000000e-01
-3.255859375000000000e+00
-7.172851562500000000e-01
1.029296875000000000e+00
2.695312500000000000e+00
2.986328125000000000e+00
3.068359375000000000e+00
1.142578125000000000e+00
-3.298828125000000000e+00
-4.859375000000000000e+00
-3.130859375000000000e+00
-9.492187500000000000e-01
5.361328125000000000e-01
2.451171875000000000e+00
3.484375000000000000e+00
3.833984375000000000e+00
3.355468750000000000e+00
2.904296875000000000e+00
-6.645507812500000000e-01
-1.950195312500000000e+00
-4.152343750000000000e+00
-3.976562500000000000e+00
-3.392578125000000000e+00
-2.224609375000000000e+00
-3.070312500000000000e+00
-4.843750000000000000e+00
-7.753906250000000000e+00
-1.019531250000000000e+01
-1.377343750000000000e+01
-1.556250000000000000e+01
-1.540625000000000000e+01
-1.349218750000000000e+01
-9.968750000000000000e+00
-4.222656250000000000e+00
2.357421875000000000e+00
8.125000000000000000e+00
8.500000000000000000e+00
5.722656250000000000e+00
4.089843750000000000e+00
-4.489746093750000000e-01
-5.117187500000000000e+00
-5.726562500000000000e+00
-2.267578125000000000e+00
-4.488281250000000000e+00
-8.296875000000000000e+00
-1.107812500000000000e+01
-1.361718750000000000e+01
-1.525781250000000000e+01
-1.561718750000000000e+01
-1.083593750000000000e+01
-7.406250000000000000e+00
-3.250000000000000000e+00
-1.832031250000000000e+00
-1.953125000000000000e-01
1.261718750000000000e+00
2.251953125000000000e+00
4.062500000000000000e+00
4.417968750000000000e+00
6.300781250000000000e+00
5.796875000000000000e+00
5.222656250000000000e+00
4.238281250000000000e+00
3.148437500000000000e+00
2.191406250000000000e+00
1.485351562500000000e+00
-8.020019531250000000e-02
5.400390625000000000e-01
1.169921875000000000e+00
1.935546875000000000e+00
4.312500000000000000e+00
5.605468750000000000e+00
3.714843750000000000e+00
1.042968750000000000e+00
1.750976562500000000e+00
6.539062500000000000e+00
8.179687500000000000e+00
6.472656250000000000e+00
6.164062500000000000e+00
4.253906250000000000e+00
-1.500701904296875000e-02
-1.176757812500000000e+00
1.144531250000000000e+00
8.198242187500000000e-01
-1.855468750000000000e+00
-6.574218750000000000e+00
-9.578125000000000000e+00
-7.402343750000000000e+00
-5.726562500000000000e+00
-4.148437500000000000e+00
-2.525390625000000000e+00
1.197509765625000000e-01
2.269531250000000000e+00
3.212890625000000000e+00
4.523437500000000000e+00
4.921875000000000000e+00
4.089843750000000000e+00
1.276855468750000000e-01
-7.101562500000000000e+00
-1.228906250000000000e+01
-1.074218750000000000e+01
-7.062500000000000000e+00
-2.773437500000000000e+00
5.834960937500000000e-01
4.132812500000000000e+00
5.074218750000000000e+00
4.718750000000000000e+00
3.857421875000000000e+00
2.755859375000000000e+00
-2.029296875000000000e+00
-7.964843750000000000e+00
-1.266406250000000000e+01
-1.227343750000000000e+01
3.921875000000000000e+00
2.322265625000000000e+00
8.212890625000000000e-01
5.859375000000000000e+00
7.785156250000000000e+00
7.792968750000000000e+00
6.113281250000000000e+00
-3.541015625000000000e+00
-9.375000000000000000e+00
-1.440429687500000000e+00
5.433593750000000000e+00
3.953125000000000000e+00
-8.085937500000000000e-01
5.203125000000000000e+00
1.062500000000000000e+01
9.945312500000000000e+00
4.253906250000000000e+00
1.500000000000000000e+00
1.956054687500000000e+00
-2.205078125000000000e+00
-6.050781250000000000e+00
-1.044531250000000000e+01
-9.070312500000000000e+00
-6.214843750000000000e+00
-3.724609375000000000e+00
-4.613281250000000000e+00
-5.414062500000000000e+00
-6.058593750000000000e+00
-5.144531250000000000e+00
-4.964843750000000000e+00
-3.136718750000000000e+00
-1.916015625000000000e+00
-3.486328125000000000e+00
-6.164062500000000000e+00
-7.464843750000000000e+00
-3.296875000000000000e+00
-8.382812500000000000e+00
-4.616699218750000000e-01
7.464843750000000000e+00
8.773437500000000000e+00
6.515625000000000000e+00
2.523437500000000000e+00
2.107421875000000000e+00
1.990234375000000000e+00
4.476562500000000000e+00
6.617187500000000000e+00
7.484375000000000000e+00
7.042968750000000000e+00
4.894531250000000000e+00
7.796875000000000000e+00
9.304687500000000000e+00
9.078125000000000000e+00
7.933593750000000000e+00
5.367187500000000000e+00
-3.789062500000000000e-01
-5.328125000000000000e+00
-8.968750000000000000e+00
-1.000000000000000000e+01
-8.992187500000000000e+00
-1.047656250000000000e+01
-1.367187500000000000e+01
-1.236718750000000000e+01
-1.007812500000000000e+01
-8.835937500000000000e+00
-9.726562500000000000e+00
-7.292968750000000000e+00
-4.449218750000000000e+00
-2.853515625000000000e+00
3.930664062500000000e-01
1.859375000000000000e+00
-3.291015625000000000e+00
-6.437500000000000000e+00
-4.316406250000000000e+00
-3.466796875000000000e+00
-2.501953125000000000e+00
-7.015625000000000000e+00
-9.125000000000000000e+00
-2.644531250000000000e+00
-4.082031250000000000e+00
-3.837890625000000000e+00
5.380859375000000000e-01
-1.954345703125000000e-01
6.220703125000000000e-01
7.574218750000000000e+00
5.882812500000000000e+00
-4.606933593750000000e-01
-3.304687500000000000e+00
-1.207031250000000000e+00
4.443359375000000000e-01
2.228515625000000000e+00
-1.523437500000000000e+00
-4.574218750000000000e+00
-7.062500000000000000e+00
-5.800781250000000000e+00
-4.871093750000000000e+00
-3.916015625000000000e+00
-4.367187500000000000e+00
-3.542968750000000000e+00
-2.492187500000000000e+00
3.862304687500000000e-01
1.445312500000000000e+00
2.726562500000000000e+00
2.244140625000000000e+00
2.023437500000000000e+00
3.304687500000000000e+00
3.248046875000000000e+00
1.088867187500000000e+00
-2.171875000000000000e+00
1.803710937500000000e+00
1.177343750000000000e+01
1.172656250000000000e+01
8.000000000000000000e+00
-4.312500000000000000e+00
-4.808593750000000000e+00
7.253906250000000000e+00
1.092968750000000000e+01
1.612500000000000000e+01
1.224218750000000000e+01
1.090625000000000000e+01
1.051562500000000000e+01
7.707031250000000000e+00
5.406250000000000000e+00
5.882812500000000000e+00
4.785156250000000000e+00
2.727050781250000000e-01
-7.015625000000000000e+00
-8.765625000000000000e+00
-5.855468750000000000e+00
-6.437500000000000000e+00
-6.207031250000000000e+00
-2.988281250000000000e+00
3.593750000000000000e+00
6.613281250000000000e+00
7.808593750000000000e+00
6.933593750000000000e+00
4.914062500000000000e+00
3.707031250000000000e+00
2.314453125000000000e+00
2.738281250000000000e+00
2.423828125000000000e+00
2.968750000000000000e+00
2.353515625000000000e+00
3.103515625000000000e+00
8.911132812500000000e-01
-6.597656250000000000e+00
-1.180468750000000000e+01
-1.264843750000000000e+01
-9.578125000000000000e+00
-1.160156250000000000e+01
-1.374218750000000000e+01
-1.440625000000000000e+01
-1.547656250000000000e+01
-1.557812500000000000e+01
-1.574218750000000000e+01
-1.568750000000000000e+01
-1.449218750000000000e+01
-1.335937500000000000e+01
-1.114062500000000000e+01
-9.210937500000000000e+00
-8.578125000000000000e+00
-8.718750000000000000e+00
-7.578125000000000000e+00
-6.617187500000000000e+00
-4.636718750000000000e+00
-3.773437500000000000e+00
-2.511718750000000000e+00
-1.534179687500000000e+00
6.982421875000000000e-01
-4.985351562500000000e-01
-1.528320312500000000e+00
-3.964843750000000000e+00
-4.785156250000000000e+00
-4.183593750000000000e+00
-4.789062500000000000e+00
-6.632812500000000000e+00
-7.078125000000000000e+00
-4.988281250000000000e+00
2.894531250000000000e+00
5.171875000000000000e+00
2.316406250000000000e+00
3.454589843750000000e-01
3.433593750000000000e+00
6.621093750000000000e+00
8.812500000000000000e+00
8.382812500000000000e+00
7.906250000000000000e+00
8.898437500000000000e+00
1.052343750000000000e+01
8.304687500000000000e+00
6.300781250000000000e+00
4.000000000000000000e+00
-3.823242187500000000e-01
-4.296875000000000000e+00
-5.421875000000000000e+00
-6.324218750000000000e+00
-2.482421875000000000e+00
9.272460937500000000e-01
1.931640625000000000e+00
7.664062500000000000e+00
1.082812500000000000e+01
8.890625000000000000e+00
7.812500000000000000e+00
6.898437500000000000e+00
7.515625000000000000e+00
6.574218750000000000e+00
5.335937500000000000e+00
4.656250000000000000e+00
4.296875000000000000e+00
5.027343750000000000e+00
4.222656250000000000e+00
4.429687500000000000e+00
5.687500000000000000e+00
5.593750000000000000e+00
5.593750000000000000e+00
6.507812500000000000e+00
8.171875000000000000e+00
6.277343750000000000e+00
9.301757812500000000e-01
-2.570312500000000000e+00
-4.605468750000000000e+00
-6.066406250000000000e+00
-4.363281250000000000e+00
-3.494140625000000000e+00
-4.164062500000000000e+00
-8.085937500000000000e+00
-1.108593750000000000e+01
-1.231250000000000000e+01
-9.937500000000000000e+00
-3.814453125000000000e+00
-9.804687500000000000e+00
-1.021093750000000000e+01
-9.617187500000000000e+00
-7.316406250000000000e+00
-4.746093750000000000e+00
-4.765625000000000000e+00
-3.568359375000000000e+00
-6.703125000000000000e+00
-5.472656250000000000e+00
-5.546875000000000000e+00
-5.914062500000000000e+00
-2.664062500000000000e+00
-2.039062500000000000e+00
-3.869140625000000000e+00
-8.687500000000000000e+00
-6.656250000000000000e+00
-5.914062500000000000e+00
-4.683593750000000000e+00
-6.183593750000000000e+00
-8.546875000000000000e+00
-1.420312500000000000e+01
-1.278125000000000000e+01
-9.171875000000000000e+00
-4.101562500000000000e+00
-5.991210937500000000e-01
-1.751953125000000000e+00
-5.816406250000000000e+00
-8.570312500000000000e+00
-8.906250000000000000e+00
5.405273437500000000e-01
7.617187500000000000e+00
9.226562500000000000e+00
1.131250000000000000e+01
1.283593750000000000e+01
1.314062500000000000e+01
6.285156250000000000e+00
-4.152343750000000000e+00
-1.494531250000000000e+01
-1.481250000000000000e+01
-1.052343750000000000e+01
-4.226562500000000000e+00
5.307617187500000000e-01
6.433593750000000000e+00
9.234375000000000000e+00
4.265625000000000000e+00
-5.140625000000000000e+00
-2.373046875000000000e+00
2.650390625000000000e+00
4.128906250000000000e+00
5.796875000000000000e+00
4.164062500000000000e+00
-2.984375000000000000e+00
-4.187500000000000000e+00
-4.440307617187500000e-02
6.113281250000000000e-01
6.879882812500000000e-01
4.574218750000000000e+00
6.968750000000000000e+00
5.722656250000000000e+00
4.871093750000000000e+00
3.406250000000000000e+00
3.335937500000000000e+00
2.859375000000000000e+00
2.146484375000000000e+00
4.482421875000000000e-01
-5.483398437500000000e-01
-1.775390625000000000e+00
-2.896484375000000000e+00
-5.242187500000000000e+00
-8.375000000000000000e+00
-1.080468750000000000e+01
-1.205468750000000000e+01
-1.004687500000000000e+01
-9.062500000000000000e+00
-6.765625000000000000e+00
-3.611328125000000000e+00
8.987426757812500000e-03
1.957031250000000000e+00
2.060546875000000000e+00
1.958007812500000000e+00
-4.392089843750000000e-01
-3.039062500000000000e+00
-4.066406250000000000e+00
-3.474609375000000000e+00
-3.628906250000000000e+00
-4.722656250000000000e+00
-4.640625000000000000e+00
-3.921875000000000000e+00
-2.873046875000000000e+00
-2.130859375000000000e+00
-1.743164062500000000e+00
-6.512451171875000000e-02
-3.110351562500000000e-01
-1.197265625000000000e+00
-7.707031250000000000e+00
-1.246875000000000000e+01
-1.102343750000000000e+01
-5.746093750000000000e+00
-4.441406250000000000e+00
-4.035156250000000000e+00
-7.078125000000000000e+00
-9.242187500000000000e+00
-1.218750000000000000e+01
-1.137500000000000000e+01
-9.531250000000000000e+00
-9.382812500000000000e+00
-1.050781250000000000e+01
-9.734375000000000000e+00
-1.021875000000000000e+01
-9.773437500000000000e+00
-7.636718750000000000e+00
-3.853515625000000000e+00
3.239746093750000000e-01
2.685546875000000000e+00
1.019531250000000000e+00
3.229980468750000000e-01
8.312988281250000000e-02
3.413085937500000000e-01
-6.235351562500000000e-01
-1.234375000000000000e+00
-2.462890625000000000e+00
-2.896484375000000000e+00
-4.085937500000000000e+00
-3.011718750000000000e+00
-2.207031250000000000e+00
-2.261718750000000000e+00
-2.998046875000000000e+00
-1.176757812500000000e+00
1.203125000000000000e+00
1.801757812500000000e+00
1.378906250000000000e+00
-1.705932617187500000e-02
-3.015136718750000000e-01
-9.433593750000000000e-01
-8.051757812500000000e-01
-1.132812500000000000e+00
-8.825683593750000000e-02
-3.520507812500000000e-01
7.553710937500000000e-01
2.199218750000000000e+00
9.628906250000000000e-01
2.470703125000000000e+00
8.687500000000000000e+00
1.135937500000000000e+01
1.161718750000000000e+01
5.175781250000000000e+00
1.506835937500000000e+00
5.152343750000000000e+00
6.460937500000000000e+00
7.953125000000000000e+00
1.157812500000000000e+01
1.328125000000000000e+01
9.000000000000000000e+00
5.593750000000000000e+00
3.550781250000000000e+00
4.148437500000000000e+00
3.412109375000000000e+00
3.001953125000000000e+00
3.371093750000000000e+00
2.875000000000000000e+00
3.585937500000000000e+00
3.589843750000000000e+00
4.574218750000000000e+00
3.910156250000000000e+00
3.166015625000000000e+00
2.398437500000000000e+00
3.535156250000000000e+00
-1.511718750000000000e+00
-5.035156250000000000e+00
-7.636718750000000000e+00
-1.133593750000000000e+01
-9.796875000000000000e+00
-3.802734375000000000e+00
-1.623046875000000000e+00
-1.225585937500000000e+00
-1.498046875000000000e+00
-2.203125000000000000e+00
-1.194335937500000000e+00
5.957031250000000000e-01
2.300781250000000000e+00
2.302734375000000000e+00
3.023437500000000000e+00
1.867187500000000000e+00
-2.121582031250000000e-01
-9.716796875000000000e-01
9.785156250000000000e-01
2.466796875000000000e+00
3.068359375000000000e+00
3.675781250000000000e+00
4.140625000000000000e+00
4.847656250000000000e+00
2.208984375000000000e+00
-1.945312500000000000e+00
-5.843750000000000000e+00
-1.335156250000000000e+01
-1.507031250000000000e+01
-1.454687500000000000e+01
-1.140625000000000000e+01
-3.736328125000000000e+00
5.062500000000000000e+00
2.599609375000000000e+00
-2.982421875000000000e+00
-1.964843750000000000e+00
1.505859375000000000e+00
9.150390625000000000e-01
-2.994140625000000000e+00
3.684082031250000000e-01
3.621093750000000000e+00
3.087890625000000000e+00
3.429687500000000000e+00
3.310546875000000000e+00
1.471679687500000000e+00
-1.573242187500000000e+00
-8.408203125000000000e-01
4.929687500000000000e+00
8.492187500000000000e+00
6.425781250000000000e+00
5.343750000000000000e+00
4.753906250000000000e+00
3.146484375000000000e+00
9.072265625000000000e-01
-5.468750000000000000e-01
-1.793945312500000000e+00
-2.505859375000000000e+00
-3.279296875000000000e+00
-3.279296875000000000e+00
-3.574218750000000000e+00
-3.087890625000000000e+00
-1.073242187500000000e+00
2.629394531250000000e-01
1.237304687500000000e+00
1.086914062500000000e+00
2.230224609375000000e-01
-5.073242187500000000e-01
5.727539062500000000e-01
-9.233398437500000000e-01
-2.882812500000000000e+00
-5.234375000000000000e+00
-6.761718750000000000e+00
-7.343750000000000000e+00
-7.046875000000000000e+00
-7.183593750000000000e+00
-5.003906250000000000e+00
-1.578125000000000000e+00
1.553955078125000000e-01
-3.699218750000000000e+00
-8.265625000000000000e+00
-1.037500000000000000e+01
-6.679687500000000000e+00
-5.039062500000000000e+00
-5.726562500000000000e+00
-4.941406250000000000e+00
-5.523437500000000000e+00
-5.632812500000000000e+00
-3.468750000000000000e+00
-3.640136718750000000e-01
1.838867187500000000e+00
1.929687500000000000e+00
1.723632812500000000e+00
2.171875000000000000e+00
2.748046875000000000e+00
1.596679687500000000e+00
-1.375976562500000000e+00
-8.820312500000000000e+00
-1.295312500000000000e+01
-9.210937500000000000e+00
-6.167968750000000000e+00
-8.328125000000000000e+00
-7.675781250000000000e+00
-8.070312500000000000e+00
-1.061718750000000000e+01
-9.140625000000000000e+00
-8.554687500000000000e+00
-8.960937500000000000e+00
-9.835937500000000000e+00
-8.726562500000000000e+00
-7.414062500000000000e+00
-6.964843750000000000e+00
-7.613281250000000000e+00
-7.609375000000000000e+00
-8.164062500000000000e+00
-1.031250000000000000e+01
-1.548437500000000000e+01
-1.460156250000000000e+01
-1.392187500000000000e+01
-1.561718750000000000e+01
-1.928125000000000000e+01
-1.175781250000000000e+01
-5.871093750000000000e+00
-3.095703125000000000e+00
-5.835937500000000000e+00
-6.378906250000000000e+00
-7.691406250000000000e+00
-1.117187500000000000e+01
-1.262500000000000000e+01
-9.062500000000000000e+00
-8.593750000000000000e+00
-7.332031250000000000e+00
-7.082031250000000000e+00
-4.082031250000000000e+00
-1.989257812500000000e+00
-3.200683593750000000e-01
2.132568359375000000e-01
-6.870117187500000000e-01
-3.085937500000000000e+00
-7.359375000000000000e+00
-1.247656250000000000e+01
-1.283593750000000000e+01
-1.316406250000000000e+01
-1.143750000000000000e+01
-9.773437500000000000e+00
-6.601562500000000000e+00
-2.261718750000000000e+00
3.193359375000000000e+00
5.996093750000000000e+00
4.718750000000000000e+00
1.556640625000000000e+00
-5.996093750000000000e-01
-3.636718750000000000e+00
-6.640625000000000000e+00
-7.117187500000000000e+00
-7.566406250000000000e+00
-9.093750000000000000e+00
-7.582031250000000000e+00
-6.667968750000000000e+00
-6.261718750000000000e+00
-7.355468750000000000e+00
-6.398437500000000000e+00
-5.320312500000000000e+00
-4.988281250000000000e+00
-5.238281250000000000e+00
-4.273437500000000000e+00
-3.564453125000000000e+00
-2.958984375000000000e+00
-2.500000000000000000e+00
-7.358398437500000000e-01
6.596679687500000000e-01
9.409179687500000000e-01
1.494140625000000000e+00
1.153320312500000000e+00
1.698242187500000000e+00
1.162109375000000000e+00
1.597656250000000000e+00
3.645019531250000000e-01
2.687988281250000000e-01
5.185546875000000000e-01
2.758789062500000000e-01
7.890625000000000000e-01
1.524414062500000000e+00
2.468750000000000000e+00
2.966796875000000000e+00
3.369140625000000000e+00
3.775390625000000000e+00
4.449218750000000000e+00
5.058593750000000000e+00
5.238281250000000000e+00
5.007812500000000000e+00
4.675781250000000000e+00
4.617187500000000000e+00
2.861328125000000000e+00
1.042968750000000000e+00
2.617187500000000000e-01
-5.502929687500000000e-01
-7.333984375000000000e-01
-9.384765625000000000e-01
4.693603515625000000e-02
-1.784667968750000000e-01
1.342773437500000000e+00
1.605468750000000000e+00
3.273437500000000000e+00
4.378906250000000000e+00
5.523437500000000000e+00
5.941406250000000000e+00
7.687500000000000000e+00
9.085937500000000000e+00
5.726562500000000000e+00
2.808593750000000000e+00
-6.635742187500000000e-01
-5.406250000000000000e+00
-9.359375000000000000e+00
-8.687500000000000000e+00
-8.375000000000000000e+00
-8.468750000000000000e+00
-6.953125000000000000e+00
-3.861328125000000000e+00
-3.683593750000000000e+00
-5.472656250000000000e+00
-4.765625000000000000e+00
-2.003906250000000000e+00
-1.251220703125000000e-01
1.165390014648437500e-03
-7.319335937500000000e-01
-1.401367187500000000e+00
-3.218750000000000000e+00
-5.648437500000000000e+00
-6.113281250000000000e+00
-6.023437500000000000e+00
-6.332031250000000000e+00
-6.472656250000000000e+00
-3.949218750000000000e+00
-8.222656250000000000e-01
2.548828125000000000e-01
1.174804687500000000e+00
1.775390625000000000e+00
5.537109375000000000e-01
-5.786132812500000000e-01
-2.626953125000000000e+00
-3.148437500000000000e+00
-4.820312500000000000e+00
-4.898437500000000000e+00
-5.785156250000000000e+00
-3.367187500000000000e+00
-2.781250000000000000e+00
-2.015625000000000000e+00
-1.575195312500000000e+00
