1.032812500000000000e+01
7.316406250000000000e+00
4.203125000000000000e+00
4.558593750000000000e+00
5.187500000000000000e+00
7.425781250000000000e+00
7.394531250000000000e+00
6.667968750000000000e+00
2.832031250000000000e+00
-9.746093750000000000e-01
-4.503906250000000000e+00
-7.246093750000000000e+00
-6.988281250000000000e+00
-5.679687500000000000e+00
-5.312500000000000000e+00
-5.605468750000000000e+00
-2.144531250000000000e+00
-8.427734375000000000e-01
-2.031250000000000000e-01
-2.197265625000000000e+00
-4.742187500000000000e+00
-6.847656250000000000e+00
-7.261718750000000000e+00
-6.429687500000000000e+00
-5.871093750000000000e+00
-5.328125000000000000e+00
-5.421875000000000000e+00
-6.167968750000000000e+00
-2.572265625000000000e+00
-3.027343750000000000e-01
-6.323242187500000000e-01
-9.311523437500000000e-01
4.556274414062500000e-02
1.010742187500000000e+00
2.242187500000000000e+00
2.646484375000000000e+00
3.416015625000000000e+00
4.699218750000000000e+00
5.347656250000000000e+00
4.992187500000000000e+00
8.344726562500000000e-01
-3.138671875000000000e+00
-5.515625000000000000e+00
-8.671875000000000000e+00
-6.664062500000000000e+00
-4.414062500000000000e+00
-6.871093750000000000e+00
-8.304687500000000000e+00
-8.898437500000000000e+00
-6.671875000000000000e+00
-6.617187500000000000e+00
-6.359375000000000000e+00
-7.449218750000000000e+00
-1.021875000000000000e+01
-1.051562500000000000e+01
-8.085937500000000000e+00
-7.070312500000000000e+00
-6.285156250000000000e+00
-5.824218750000000000e+00
-4.679687500000000000e+00
-3.074218750000000000e+00
-1.048828125000000000e+00
2.058593750000000000e+00
5.546875000000000000e+00
7.332031250000000000e+00
7.281250000000000000e+00
8.351562500000000000e+00
9.625000000000000000e+00
8.734375000000000000e+00
6.027343750000000000e+00
5.843750000000000000e+00
4.789062500000000000e+00
3.298828125000000000e+00
-4.833984375000000000e-01
-1.685791015625000000e-01
-1.676757812500000000e+00
3.117675781250000000e-01
1.490234375000000000e+00
3.070312500000000000e+00
3.896484375000000000e+00
5.058593750000000000e+00
5.359375000000000000e+00
6.003906250000000000e+00
5.867187500000000000e+00
4.578125000000000000e+00
1.196289062500000000e+00
1.375732421875000000e-01
-1.750976562500000000e+00
-2.828125000000000000e+00
-1.212890625000000000e+00
-3.432617187500000000e-01
-1.764648437500000000e+00
-2.181640625000000000e+00
-6.988525390625000000e-02
-1.553710937500000000e+00
-2.845703125000000000e+00
-2.718750000000000000e+00
-1.046875000000000000e+00
-2.505859375000000000e+00
-3.207031250000000000e+00
-2.535156250000000000e+00
-1.680908203125000000e-01
-3.894042968750000000e-02
1.513671875000000000e-01
-1.738281250000000000e-01
2.191406250000000000e+00
2.515625000000000000e+00
5.132812500000000000e+00
4.539062500000000000e+00
3.144531250000000000e+00
1.247070312500000000e+00
8.027343750000000000e-01
1.268554687500000000e+00
-3.811035156250000000e-01
1.036132812500000000e+00
1.402343750000000000e+00
1.592773437500000000e+00
2.308593750000000000e+00
2.107421875000000000e+00
3.923828125000000000e+00
4.042968750000000000e+00
4.277343750000000000e+00
2.521484375000000000e+00
7.192382812500000000e-01
7.915039062500000000e-01
3.214843750000000000e+00
3.994140625000000000e+00
4.761718750000000000e+00
1.688476562500000000e+00
-1.312500000000000000e+00
-3.236328125000000000e+00
-6.855468750000000000e+00
-6.187500000000000000e+00
-6.882812500000000000e+00
-6.246093750000000000e+00
-4.941406250000000000e+00
3.254394531250000000e-01
3.964843750000000000e+00
4.234375000000000000e+00
3.363281250000000000e+00
4.851562500000000000e+00
1.305664062500000000e+00
-1.780273437500000000e+00
-2.496093750000000000e+00
-4.948730468750000000e-01
1.350585937500000000e+00
6.459960937500000000e-01
-8.935546875000000000e-01
-3.017578125000000000e+00
-1.083007812500000000e+00
1.046875000000000000e+00
1.583007812500000000e+00
2.302734375000000000e+00
2.945312500000000000e+00
3.234375000000000000e+00
2.792968750000000000e+00
1.082031250000000000e+00
-1.014648437500000000e+00
-1.905273437500000000e+00
-4.023437500000000000e+00
-3.333984375000000000e+00
-2.935546875000000000e+00
-3.318359375000000000e+00
-4.273437500000000000e+00
-3.443359375000000000e+00
-2.261718750000000000e+00
-1.206054687500000000e+00
-8.945312500000000000e-01
4.477539062500000000e-01
1.854492187500000000e+00
6.977539062500000000e-01
-1.337890625000000000e+00
-4.011718750000000000e+00
-3.548828125000000000e+00
-4.312500000000000000e+00
-4.273437500000000000e+00
-4.777343750000000000e+00
-2.748046875000000000e+00
-3.716796875000000000e+00
-5.078125000000000000e+00
-6.632812500000000000e+00
-6.238281250000000000e+00
-4.832031250000000000e+00
-3.433593750000000000e+00
-8.476562500000000000e-01
9.833984375000000000e-01
1.779296875000000000e+00
1.357421875000000000e-01
-9.213867187500000000e-01
-1.991210937500000000e+00
-5.574218750000000000e+00
-7.500000000000000000e+00
-5.460937500000000000e+00
-2.558593750000000000e+00
-5.952148437500000000e-01
4.531250000000000000e-01
2.287109375000000000e+00
1.952148437500000000e+00
2.398437500000000000e+00
2.646484375000000000e+00
2.386718750000000000e+00
1.205078125000000000e+00
-7.866210937500000000e-01
-1.630859375000000000e+00
-2.914062500000000000e+00
-5.830078125000000000e-01
2.361328125000000000e+00
-1.148437500000000000e+00
-2.005859375000000000e+00
4.632812500000000000e+00
5.109375000000000000e+00
2.552734375000000000e+00
2.265625000000000000e+00
2.044921875000000000e+00
4.914062500000000000e+00
6.832031250000000000e+00
8.593750000000000000e+00
8.445312500000000000e+00
9.562500000000000000e+00
9.914062500000000000e+00
7.300781250000000000e+00
5.238281250000000000e+00
7.640625000000000000e+00
9.359375000000000000e+00
6.933593750000000000e+00
3.904296875000000000e+00
4.941406250000000000e+00
5.328125000000000000e+00
1.907226562500000000e+00
-7.507812500000000000e+00
3.273437500000000000e+00
3.750000000000000000e+00
1.982421875000000000e-01
-5.367187500000000000e+00
-9.523437500000000000e+00
-1.051562500000000000e+01
-5.675781250000000000e+00
-3.019531250000000000e+00
-6.390625000000000000e+00
-7.750000000000000000e+00
-3.535156250000000000e+00
9.960937500000000000e-01
-2.093750000000000000e+00
-6.003906250000000000e+00
-1.004687500000000000e+01
-9.781250000000000000e+00
-2.433593750000000000e+00
8.734375000000000000e+00
-1.791015625000000000e+00
-3.244140625000000000e+00
-1.998046875000000000e+00
-5.128906250000000000e+00
-7.164062500000000000e+00
-1.138281250000000000e+01
-1.299218750000000000e+01
-1.261718750000000000e+01
-1.232812500000000000e+01
-1.137500000000000000e+01
-7.578125000000000000e+00
-7.484375000000000000e+00
-5.601562500000000000e+00
-5.015625000000000000e+00
-1.384765625000000000e+00
2.390625000000000000e+00
5.511718750000000000e+00
7.382812500000000000e+00
8.148437500000000000e+00
8.242187500000000000e+00
7.359375000000000000e+00
4.488281250000000000e+00
2.767578125000000000e+00
6.279296875000000000e-01
-8.964843750000000000e-01
-2.875976562500000000e-01
-1.073242187500000000e+00
-5.969238281250000000e-02
2.055664062500000000e-01
1.246093750000000000e+00
5.922851562500000000e-01
-1.591796875000000000e+00
-3.183593750000000000e+00
-2.109375000000000000e+00
-2.613281250000000000e+00
-1.956054687500000000e+00
6.562500000000000000e-01
3.091796875000000000e+00
3.750000000000000000e+00
4.039062500000000000e+00
3.998046875000000000e+00
3.542968750000000000e+00
4.226562500000000000e+00
5.781250000000000000e+00
4.257812500000000000e+00
2.630859375000000000e+00
4.140625000000000000e+00
4.640625000000000000e+00
5.101562500000000000e+00
4.781250000000000000e+00
3.054687500000000000e+00
2.619140625000000000e+00
7.960937500000000000e+00
8.773437500000000000e+00
6.726562500000000000e+00
5.472656250000000000e+00
1.335937500000000000e+00
1.389648437500000000e+00
3.453125000000000000e+00
2.810546875000000000e+00
2.568359375000000000e+00
5.605468750000000000e-01
1.383789062500000000e+00
7.148437500000000000e-01
-5.180664062500000000e-01
-1.118164062500000000e+00
-1.183593750000000000e+00
-1.274414062500000000e+00
-9.047851562500000000e-01
-2.271484375000000000e+00
-3.265625000000000000e+00
-3.226562500000000000e+00
-4.289062500000000000e+00
-6.261718750000000000e+00
-8.750000000000000000e+00
-8.828125000000000000e+00
-7.285156250000000000e+00
-1.422851562500000000e+00
5.281250000000000000e+00
5.281250000000000000e+00
3.908203125000000000e+00
2.396484375000000000e+00
-8.007812500000000000e-01
1.641845703125000000e-01
3.595703125000000000e+00
7.898437500000000000e+00
9.492187500000000000e+00
9.101562500000000000e+00
8.343750000000000000e+00
6.550781250000000000e+00
5.714843750000000000e+00
5.628906250000000000e+00
7.667968750000000000e+00
9.500000000000000000e+00
9.984375000000000000e+00
1.105468750000000000e+01
1.440625000000000000e+01
1.500000000000000000e+01
1.216406250000000000e+01
9.031250000000000000e+00
4.878906250000000000e+00
-5.742187500000000000e+00
-7.894531250000000000e+00
-9.892578125000000000e-01
4.441406250000000000e+00
5.925781250000000000e+00
5.566406250000000000e+00
4.777343750000000000e+00
7.511718750000000000e+00
7.468750000000000000e+00
7.785156250000000000e+00
8.210937500000000000e+00
6.816406250000000000e+00
5.453125000000000000e+00
4.167968750000000000e+00
3.224609375000000000e+00
3.048828125000000000e+00
2.982421875000000000e+00
2.974609375000000000e+00
2.033203125000000000e+00
9.233398437500000000e-01
-5.844726562500000000e-01
-3.246093750000000000e+00
-6.425781250000000000e+00
-8.539062500000000000e+00
-9.171875000000000000e+00
-1.053125000000000000e+01
-1.010156250000000000e+01
-5.070312500000000000e+00
-4.355468750000000000e+00
-8.414062500000000000e+00
-1.094531250000000000e+01
-1.078906250000000000e+01
-6.750000000000000000e+00
-6.679687500000000000e-01
-4.375000000000000000e-01
-3.585937500000000000e+00
-6.273437500000000000e+00
-7.714843750000000000e+00
-8.195312500000000000e+00
-6.976562500000000000e+00
-5.171875000000000000e+00
-3.087890625000000000e+00
-1.181640625000000000e+00
4.418945312500000000e-01
-1.552734375000000000e+00
-3.322265625000000000e+00
-2.220703125000000000e+00
-1.083007812500000000e+00
9.165039062500000000e-01
3.025390625000000000e+00
4.312500000000000000e+00
2.960937500000000000e+00
8.793945312500000000e-01
-1.581054687500000000e+00
-2.085937500000000000e+00
-3.269531250000000000e+00
-3.113281250000000000e+00
-4.679687500000000000e+00
-6.347656250000000000e+00
-6.953125000000000000e+00
-4.726562500000000000e+00
-2.748046875000000000e+00
1.923828125000000000e-01
7.280273437500000000e-01
6.328125000000000000e-01
-1.003906250000000000e+00
-2.298828125000000000e+00
-2.761718750000000000e+00
-1.827148437500000000e+00
-1.695312500000000000e+00
-1.168945312500000000e+00
-1.880859375000000000e+00
-3.451171875000000000e+00
-4.476562500000000000e+00
-6.503906250000000000e+00
-7.265625000000000000e+00
-7.851562500000000000e+00
-7.648437500000000000e+00
-7.957031250000000000e+00
-9.195312500000000000e+00
-7.472656250000000000e+00
-8.203125000000000000e+00
-9.359375000000000000e+00
-1.100781250000000000e+01
-9.812500000000000000e+00
3.310546875000000000e+00
4.933593750000000000e+00
6.171875000000000000e+00
6.566406250000000000e+00
6.421875000000000000e+00
3.941406250000000000e+00
1.461914062500000000e+00
5.464843750000000000e+00
8.570312500000000000e+00
9.531250000000000000e+00
9.500000000000000000e+00
1.093750000000000000e+01
1.141406250000000000e+01
9.914062500000000000e+00
6.488281250000000000e+00
3.650390625000000000e+00
3.587890625000000000e+00
3.617187500000000000e+00
2.267578125000000000e+00
6.889648437500000000e-01
3.974609375000000000e+00
1.489257812500000000e+00
3.011718750000000000e+00
3.291015625000000000e+00
4.566406250000000000e+00
8.546875000000000000e+00
6.679687500000000000e+00
-1.331054687500000000e+00
-2.988281250000000000e+00
-3.935546875000000000e+00
-3.583984375000000000e+00
2.150390625000000000e+00
4.464843750000000000e+00
4.957031250000000000e+00
4.718750000000000000e+00
5.117187500000000000e+00
5.933593750000000000e+00
1.500976562500000000e+00
-2.929687500000000000e+00
-1.712890625000000000e+00
-8.837890625000000000e-01
-1.058593750000000000e+00
5.449218750000000000e-01
-5.993652343750000000e-02
-3.894531250000000000e+00
-5.800781250000000000e+00
-5.792968750000000000e+00
-6.605468750000000000e+00
-6.960937500000000000e+00
-6.289062500000000000e+00
-6.027343750000000000e+00
-6.601562500000000000e+00
-7.183593750000000000e+00
-6.808593750000000000e+00
-6.621093750000000000e+00
-5.105468750000000000e+00
-2.369140625000000000e+00
7.270507812500000000e-01
2.265625000000000000e+00
3.966796875000000000e+00
4.425781250000000000e+00
3.453125000000000000e+00
-9.301757812500000000e-01
-5.609375000000000000e+00
-9.062500000000000000e+00
-9.593750000000000000e+00
-9.117187500000000000e+00
-8.882812500000000000e+00
-9.015625000000000000e+00
-8.687500000000000000e+00
-8.773437500000000000e+00
-7.355468750000000000e+00
-7.121093750000000000e+00
-8.070312500000000000e+00
-8.328125000000000000e+00
-7.484375000000000000e+00
-7.218750000000000000e+00
-6.156250000000000000e+00
-5.816406250000000000e+00
-4.363281250000000000e+00
-2.757812500000000000e+00
-1.390625000000000000e+00
-3.576171875000000000e+00
-4.476562500000000000e+00
2.224609375000000000e+00
9.406250000000000000e+00
1.042968750000000000e+01
5.042968750000000000e+00
4.357910156250000000e-01
8.679687500000000000e+00
7.812500000000000000e+00
5.984375000000000000e+00
2.966796875000000000e+00
1.386718750000000000e+00
6.355468750000000000e+00
7.593750000000000000e+00
7.250000000000000000e+00
4.250000000000000000e+00
6.391601562500000000e-01
-2.041015625000000000e+00
-1.618164062500000000e+00
-5.859375000000000000e-01
-6.215820312500000000e-01
-2.078125000000000000e+00
-1.876953125000000000e+00
-4.039062500000000000e+00
-7.808593750000000000e+00
-1.342968750000000000e+01
-1.217187500000000000e+01
-2.826171875000000000e+00
-8.001708984375000000e-02
-4.440917968750000000e-01
2.413330078125000000e-01
3.068359375000000000e+00
3.019531250000000000e+00
3.574218750000000000e-01
2.683593750000000000e+00
2.035156250000000000e+00
-2.165222167968750000e-02
-5.261718750000000000e+00
-6.757812500000000000e+00
-7.667968750000000000e+00
-5.683593750000000000e+00
-3.859375000000000000e+00
-1.994140625000000000e+00
-1.848632812500000000e+00
-2.029296875000000000e+00
-3.734375000000000000e+00
-4.058593750000000000e+00
-4.921875000000000000e+00
-4.746093750000000000e+00
-3.839843750000000000e+00
-2.677734375000000000e+00
-2.642578125000000000e+00
-3.265625000000000000e+00
-4.148437500000000000e+00
-4.785156250000000000e+00
-4.277343750000000000e+00
-3.751953125000000000e+00
-1.176757812500000000e+00
1.815429687500000000e+00
3.210937500000000000e+00
2.804687500000000000e+00
3.728515625000000000e+00
4.546875000000000000e+00
4.574218750000000000e+00
2.980468750000000000e+00
-1.924804687500000000e+00
-4.449218750000000000e+00
-5.843750000000000000e+00
-8.769531250000000000e-01
6.320312500000000000e+00
8.007812500000000000e+00
2.015625000000000000e+00
9.951171875000000000e-01
6.503906250000000000e+00
4.921875000000000000e+00
3.226562500000000000e+00
6.968750000000000000e+00
1.114843750000000000e+01
1.239843750000000000e+01
1.282812500000000000e+01
1.042968750000000000e+01
1.073437500000000000e+01
1.067187500000000000e+01
1.164062500000000000e+01
1.000781250000000000e+01
8.531250000000000000e+00
6.566406250000000000e+00
3.978515625000000000e+00
2.791015625000000000e+00
4.164062500000000000e+00
5.402343750000000000e+00
5.691406250000000000e+00
8.914062500000000000e+00
9.257812500000000000e+00
6.570312500000000000e+00
4.851562500000000000e+00
5.199218750000000000e+00
3.628906250000000000e+00
5.659179687500000000e-01
2.568359375000000000e+00
5.472656250000000000e+00
5.515625000000000000e+00
7.007812500000000000e+00
1.038281250000000000e+01
8.343750000000000000e+00
5.941406250000000000e+00
4.835937500000000000e+00
3.734375000000000000e+00
1.499023437500000000e+00
-2.650390625000000000e+00
-5.777343750000000000e+00
-5.988281250000000000e+00
-4.546875000000000000e+00
-2.654296875000000000e+00
-4.372558593750000000e-01
2.548828125000000000e+00
2.888671875000000000e+00
3.109375000000000000e+00
2.167968750000000000e+00
2.025390625000000000e+00
1.171875000000000000e+00
-2.076171875000000000e+00
-6.289062500000000000e+00
-7.851562500000000000e+00
-5.710937500000000000e+00
-2.072265625000000000e+00
-3.742187500000000000e+00
-5.511718750000000000e+00
-7.265625000000000000e+00
-8.437500000000000000e+00
-8.726562500000000000e+00
-9.453125000000000000e+00
-9.828125000000000000e+00
-9.132812500000000000e+00
-8.093750000000000000e+00
-8.789062500000000000e+00
-7.921875000000000000e+00
-7.289062500000000000e+00
-7.031250000000000000e+00
-5.390625000000000000e+00
-2.554687500000000000e+00
-2.398681640625000000e-01
6.464843750000000000e-01
-1.224609375000000000e+00
-2.109375000000000000e+00
-5.113281250000000000e+00
-4.917968750000000000e+00
-5.574218750000000000e+00
-5.671875000000000000e+00
-4.851562500000000000e+00
-5.398437500000000000e+00
-4.796875000000000000e+00
-4.664062500000000000e+00
-2.599609375000000000e+00
-6.337890625000000000e-01
4.714355468750000000e-01
8.793945312500000000e-01
9.731445312500000000e-01
3.750000000000000000e+00
5.941406250000000000e+00
6.886718750000000000e+00
6.449218750000000000e+00
4.312500000000000000e+00
1.382812500000000000e+00
4.077148437500000000e-01
4.593750000000000000e+00
8.242187500000000000e+00
7.367187500000000000e+00
5.925781250000000000e+00
2.074218750000000000e+00
3.025390625000000000e+00
8.273437500000000000e+00
5.765625000000000000e+00
3.287109375000000000e+00
2.214843750000000000e+00
3.474609375000000000e+00
6.128906250000000000e+00
6.824218750000000000e+00
8.437500000000000000e+00
6.203125000000000000e+00
4.242187500000000000e+00
4.347656250000000000e+00
5.718750000000000000e+00
3.583984375000000000e+00
4.222656250000000000e+00
2.666015625000000000e+00
2.613281250000000000e+00
7.832031250000000000e-01
-5.595703125000000000e-01
4.638671875000000000e-01
2.257812500000000000e+00
2.908203125000000000e+00
2.566406250000000000e+00
-2.473144531250000000e-01
-2.345703125000000000e+00
-1.064453125000000000e+00
9.448242187500000000e-01
1.142578125000000000e+00
9.614257812500000000e-01
3.918457031250000000e-02
4.233398437500000000e-01
1.741210937500000000e+00
3.083984375000000000e+00
4.171875000000000000e+00
5.003906250000000000e+00
4.550781250000000000e+00
4.585937500000000000e+00
9.281250000000000000e+00
8.132812500000000000e+00
9.226562500000000000e+00
1.221875000000000000e+01
1.205468750000000000e+01
9.554687500000000000e+00
5.382812500000000000e+00
1.453125000000000000e+00
-5.488281250000000000e-01
2.117187500000000000e+00
4.328125000000000000e+00
3.822265625000000000e+00
8.960937500000000000e+00
9.289062500000000000e+00
8.335937500000000000e+00
4.171875000000000000e+00
2.078125000000000000e+00
2.296875000000000000e+00
2.306640625000000000e+00
1.376953125000000000e+00
1.276855468750000000e-01
5.066406250000000000e+00
6.371093750000000000e+00
-2.998046875000000000e+00
-5.992187500000000000e+00
-1.903320312500000000e+00
-3.373046875000000000e+00
-2.748046875000000000e+00
-3.330078125000000000e-01
-1.902343750000000000e+00
-4.433593750000000000e+00
-5.062500000000000000e+00
-6.742187500000000000e+00
-7.039062500000000000e+00
-8.257812500000000000e+00
-3.738281250000000000e+00
-4.148437500000000000e+00
-5.035156250000000000e+00
-2.851562500000000000e+00
-4.203125000000000000e+00
-5.457031250000000000e+00
-4.500000000000000000e+00
-3.935546875000000000e+00
-2.748046875000000000e+00
-3.869140625000000000e+00
-7.066406250000000000e+00
-9.703125000000000000e+00
-9.812500000000000000e+00
-9.203125000000000000e+00
-9.203125000000000000e+00
-7.937500000000000000e+00
-4.566406250000000000e+00
-1.577148437500000000e+00
-1.256835937500000000e+00
-2.628906250000000000e+00
-4.113281250000000000e+00
-6.320312500000000000e+00
-7.433593750000000000e+00
-9.703125000000000000e+00
-1.228125000000000000e+01
-1.083593750000000000e+01
-8.968750000000000000e+00
-7.308593750000000000e+00
-8.007812500000000000e+00
-6.531250000000000000e+00
-6.042968750000000000e+00
-7.246093750000000000e+00
-6.671875000000000000e+00
-4.867187500000000000e+00
-2.558593750000000000e+00
-4.870605468750000000e-01
1.041992187500000000e+00
5.268554687500000000e-01
5.361328125000000000e-01
1.800537109375000000e-01
-4.592285156250000000e-01
-3.501953125000000000e+00
-5.460937500000000000e+00
-6.355468750000000000e+00
-4.035156250000000000e+00
-1.814453125000000000e+00
-5.953125000000000000e+00
-8.015625000000000000e+00
-3.531250000000000000e+00
-1.668945312500000000e+00
-2.658203125000000000e+00
-3.970703125000000000e+00
-4.760742187500000000e-02
2.732421875000000000e+00
-2.336425781250000000e-01
-2.939453125000000000e+00
-4.359375000000000000e+00
-5.781250000000000000e+00
-4.726562500000000000e+00
-3.025390625000000000e+00
-3.320312500000000000e+00
-1.893554687500000000e+00
-1.168945312500000000e+00
-2.379150390625000000e-01
5.068359375000000000e-01
-1.867187500000000000e+00
-4.062500000000000000e+00
-7.101562500000000000e+00
-8.382812500000000000e+00
-9.601562500000000000e+00
-9.484375000000000000e+00
-7.664062500000000000e+00
-3.761718750000000000e+00
-1.630859375000000000e+00
-1.097656250000000000e+00
2.751159667968750000e-02
8.051757812500000000e-01
1.800781250000000000e+00
9.429687500000000000e+00
1.354687500000000000e+01
1.079687500000000000e+01
7.734375000000000000e+00
4.164062500000000000e+00
9.863281250000000000e-01
-6.220703125000000000e-01
-2.439453125000000000e+00
-3.658203125000000000e+00
-3.601562500000000000e+00
-3.548828125000000000e+00
-3.923828125000000000e+00
-4.957031250000000000e+00
-7.753906250000000000e+00
-9.421875000000000000e+00
-7.835937500000000000e+00
-7.007812500000000000e+00
-8.664062500000000000e+00
-5.324218750000000000e+00
-3.931640625000000000e+00
-2.138671875000000000e+00
-8.471679687500000000e-01
2.163085937500000000e-01
5.898437500000000000e-01
2.770996093750000000e-01
-8.383789062500000000e-01
-8.159179687500000000e-01
-3.712890625000000000e+00
-3.992187500000000000e+00
-4.235839843750000000e-01
3.136718750000000000e+00
5.714843750000000000e+00
5.789062500000000000e+00
5.437500000000000000e+00
4.566406250000000000e+00
3.566406250000000000e+00
7.114257812500000000e-01
-4.136718750000000000e+00
-3.201171875000000000e+00
-2.609375000000000000e+00
-1.743164062500000000e+00
1.895507812500000000e+00
5.023437500000000000e+00
7.753906250000000000e+00
8.468750000000000000e+00
7.707031250000000000e+00
8.226562500000000000e+00
8.179687500000000000e+00
7.527343750000000000e+00
7.488281250000000000e+00
7.824218750000000000e+00
8.984375000000000000e+00
8.929687500000000000e+00
8.656250000000000000e+00
7.953125000000000000e+00
5.078125000000000000e+00
4.613281250000000000e+00
6.328125000000000000e+00
5.152343750000000000e+00
1.434570312500000000e+00
-4.175781250000000000e+00
1.403320312500000000e+00
3.140625000000000000e+00
1.873046875000000000e+00
9.458007812500000000e-01
1.172851562500000000e+00
4.328125000000000000e+00
6.328125000000000000e+00
6.972656250000000000e+00
4.621093750000000000e+00
4.638671875000000000e-01
-3.648437500000000000e+00
-6.027343750000000000e+00
-7.960937500000000000e+00
-1.021875000000000000e+01
-1.238281250000000000e+01
-1.130468750000000000e+01
-7.792968750000000000e+00
-6.773437500000000000e+00
-8.460937500000000000e+00
-8.265625000000000000e+00
-7.500000000000000000e+00
-4.929687500000000000e+00
-3.433593750000000000e+00
-2.398437500000000000e+00
-3.398437500000000000e+00
-3.603515625000000000e+00
-4.792968750000000000e+00
-4.683593750000000000e+00
-5.312500000000000000e+00
-3.880859375000000000e+00
-3.857421875000000000e+00
-2.533203125000000000e+00
-1.811523437500000000e+00
1.616210937500000000e+00
2.517578125000000000e+00
3.935546875000000000e+00
3.828125000000000000e+00
5.023437500000000000e+00
3.818359375000000000e+00
3.933593750000000000e+00
3.273437500000000000e+00
1.840820312500000000e+00
1.174804687500000000e+00
8.881835937500000000e-01
4.746093750000000000e+00
7.312500000000000000e+00
6.335937500000000000e+00
5.816406250000000000e+00
4.113281250000000000e+00
2.671875000000000000e+00
6.101562500000000000e+00
1.082812500000000000e+01
1.221093750000000000e+01
1.093750000000000000e+01
5.593750000000000000e+00
3.820312500000000000e+00
3.109375000000000000e+00
2.927734375000000000e+00
3.421875000000000000e+00
6.035156250000000000e+00
9.406250000000000000e+00
2.964843750000000000e+00
5.847656250000000000e+00
7.863281250000000000e+00
5.777343750000000000e+00
4.972656250000000000e+00
6.042968750000000000e+00
4.476562500000000000e+00
1.373046875000000000e+00
-3.591796875000000000e+00
-7.632812500000000000e+00
-7.312500000000000000e+00
-6.390625000000000000e+00
-5.328125000000000000e+00
-4.667968750000000000e+00
-2.310546875000000000e+00
-4.500000000000000000e+00
-8.625000000000000000e+00
-1.318750000000000000e+01
-7.335937500000000000e+00
-2.550781250000000000e+00
3.195312500000000000e+00
3.736328125000000000e+00
-2.660156250000000000e+00
-8.093750000000000000e+00
-1.140625000000000000e+01
-1.228906250000000000e+01
-1.387500000000000000e+01
-1.064843750000000000e+01
6.884765625000000000e-01
4.152343750000000000e+00
3.623046875000000000e+00
2.533203125000000000e+00
3.411865234375000000e-02
-7.632812500000000000e+00
-1.625000000000000000e+01
-1.776367187500000000e+00
2.677734375000000000e+00
4.402343750000000000e+00
-5.773437500000000000e+00
-6.984375000000000000e+00
7.348632812500000000e-01
8.242187500000000000e+00
-4.470825195312500000e-02
-9.507812500000000000e+00
-1.058593750000000000e+01
-9.328125000000000000e+00
-1.035156250000000000e+01
-8.695312500000000000e+00
-6.078125000000000000e+00
-2.914062500000000000e+00
-3.267578125000000000e+00
-1.675781250000000000e+00
3.826171875000000000e+00
7.441406250000000000e+00
4.500000000000000000e+00
-4.609375000000000000e+00
-9.132812500000000000e+00
-7.550781250000000000e+00
-3.406250000000000000e+00
-1.059570312500000000e+00
9.389648437500000000e-01
8.671875000000000000e-01
-1.604492187500000000e+00
-5.203125000000000000e+00
-8.304687500000000000e+00
-8.062500000000000000e+00
-7.671875000000000000e+00
-7.742187500000000000e+00
-7.039062500000000000e+00
-8.554687500000000000e+00
-1.006250000000000000e+01
-7.136718750000000000e+00
-4.156250000000000000e+00
-1.500000000000000000e+00
-1.559570312500000000e+00
-2.447265625000000000e+00
-1.612304687500000000e+00
1.165390014648437500e-03
8.720703125000000000e-01
2.197265625000000000e+00
2.726562500000000000e+00
4.609375000000000000e+00
6.937500000000000000e+00
7.312500000000000000e+00
7.437500000000000000e+00
7.773437500000000000e+00
6.437500000000000000e+00
4.371093750000000000e+00
8.168945312500000000e-01
-2.591796875000000000e+00
-4.136718750000000000e+00
-5.500000000000000000e+00
-6.316406250000000000e+00
-7.289062500000000000e+00
-8.054687500000000000e+00
-8.367187500000000000e+00
-7.664062500000000000e+00
-8.343750000000000000e+00
-1.177343750000000000e+01
-1.116406250000000000e+01
-4.121093750000000000e+00
1.631835937500000000e+00
-1.695312500000000000e+00
-1.414062500000000000e+00
7.529296875000000000e-01
-5.316406250000000000e+00
-6.914062500000000000e+00
-2.445312500000000000e+00
7.988281250000000000e-01
2.826171875000000000e+00
2.951171875000000000e+00
1.472656250000000000e+00
3.549194335937500000e-02
-1.978515625000000000e+00
-2.074218750000000000e+00
7.622070312500000000e-01
3.992187500000000000e+00
8.500000000000000000e+00
8.453125000000000000e+00
6.601562500000000000e+00
5.105468750000000000e+00
2.968750000000000000e+00
9.601562500000000000e+00
1.085937500000000000e+01
1.142187500000000000e+01
1.031250000000000000e+01
9.000000000000000000e+00
7.542968750000000000e+00
7.929687500000000000e+00
7.390625000000000000e+00
1.502929687500000000e+00
1.046875000000000000e+00
4.820312500000000000e+00
7.796875000000000000e+00
1.780273437500000000e+00
-5.855468750000000000e+00
-9.218750000000000000e+00
-6.285156250000000000e+00
-4.621093750000000000e+00
-4.316406250000000000e+00
-1.854248046875000000e-01
7.421875000000000000e-01
-7.609375000000000000e+00
-5.062500000000000000e+00
3.740234375000000000e-01
3.359375000000000000e+00
6.039062500000000000e+00
5.246093750000000000e+00
3.140625000000000000e+00
1.805419921875000000e-01
-5.613281250000000000e+00
-1.127343750000000000e+01
-6.078125000000000000e+00
1.425781250000000000e+00
3.664062500000000000e+00
-2.541503906250000000e-01
1.892578125000000000e+00
1.875976562500000000e+00
3.388671875000000000e+00
3.666015625000000000e+00
1.703125000000000000e+00
-2.628906250000000000e+00
-8.679687500000000000e+00
-1.217187500000000000e+01
-1.156250000000000000e+01
-9.500000000000000000e+00
-1.106250000000000000e+01
-1.131250000000000000e+01
-9.007812500000000000e+00
-7.683593750000000000e+00
-5.144531250000000000e+00
-8.335937500000000000e+00
-8.507812500000000000e+00
-9.648437500000000000e+00
-8.687500000000000000e+00
-9.164062500000000000e+00
-6.667968750000000000e+00
-4.871093750000000000e+00
-2.828125000000000000e+00
-3.283203125000000000e+00
-4.105468750000000000e+00
-6.167968750000000000e+00
-5.863281250000000000e+00
-6.300781250000000000e+00
-4.917968750000000000e+00
-4.136718750000000000e+00
-2.095703125000000000e+00
-8.247070312500000000e-01
1.169921875000000000e+00
3.177734375000000000e+00
2.853515625000000000e+00
8.959960937500000000e-01
-1.460937500000000000e+00
-3.476562500000000000e+00
-2.339843750000000000e+00
-1.803710937500000000e+00
-1.443359375000000000e+00
1.126953125000000000e+00
3.210937500000000000e+00
2.638671875000000000e+00
2.205078125000000000e+00
2.228515625000000000e+00
-3.598632812500000000e-01
-3.898437500000000000e+00
-4.101562500000000000e+00
-2.511718750000000000e+00
-6.118164062500000000e-01
3.703613281250000000e-01
1.136474609375000000e-01
-8.215332031250000000e-02
-9.394531250000000000e-01
-1.944335937500000000e+00
-3.515625000000000000e+00
2.814941406250000000e-01
4.972656250000000000e+00
-4.582519531250000000e-01
6.070312500000000000e+00
1.665625000000000000e+01
1.115625000000000000e+01
-2.222900390625000000e-01
-4.753906250000000000e+00
5.550781250000000000e+00
1.128125000000000000e+01
6.871093750000000000e+00
1.052734375000000000e+00
8.636474609375000000e-02
-6.286621093750000000e-03
-1.516601562500000000e+00
-3.417968750000000000e+00
-5.035156250000000000e+00
6.147460937500000000e-01
6.515625000000000000e+00
7.636718750000000000e+00
7.640625000000000000e+00
6.324218750000000000e+00
7.386718750000000000e+00
6.000000000000000000e+00
9.929687500000000000e+00
1.142968750000000000e+01
8.539062500000000000e+00
1.069531250000000000e+01
9.132812500000000000e+00
2.486328125000000000e+00
1.625000000000000000e+00
1.039843750000000000e+01
8.601562500000000000e+00
9.382812500000000000e+00
9.898437500000000000e+00
4.222656250000000000e+00
2.144531250000000000e+00
5.148437500000000000e+00
6.796875000000000000e+00
9.085937500000000000e+00
1.032812500000000000e+01
9.070312500000000000e+00
2.449218750000000000e+00
-5.437500000000000000e+00
-9.945312500000000000e+00
-4.714843750000000000e+00
4.411621093750000000e-01
1.981445312500000000e+00
5.191406250000000000e+00
5.597656250000000000e+00
4.296875000000000000e+00
2.933593750000000000e+00
1.710937500000000000e+00
9.423828125000000000e-01
-7.832031250000000000e-01
3.542480468750000000e-01
-4.733886718750000000e-01
6.669921875000000000e-01
1.983398437500000000e+00
3.537109375000000000e+00
5.210937500000000000e+00
5.332031250000000000e+00
3.916015625000000000e+00
1.854492187500000000e+00
-7.353515625000000000e-01
-2.800781250000000000e+00
-5.917968750000000000e+00
-7.046875000000000000e+00
-8.578125000000000000e+00
-8.679687500000000000e+00
-8.953125000000000000e+00
-9.562500000000000000e+00
-1.000000000000000000e+01
-1.314843750000000000e+01
-1.209375000000000000e+01
-1.455468750000000000e+01
-1.554687500000000000e+01
-1.456250000000000000e+01
-1.297656250000000000e+01
-1.102343750000000000e+01
-1.011718750000000000e+01
-9.156250000000000000e+00
-9.906250000000000000e+00
-1.059375000000000000e+01
-1.092968750000000000e+01
-7.250000000000000000e+00
-3.736328125000000000e+00
-7.680664062500000000e-01
6.445312500000000000e-01
1.455078125000000000e+00
6.927490234375000000e-02
-9.453125000000000000e-01
-2.962890625000000000e+00
-4.613281250000000000e+00
-5.281250000000000000e+00
-6.023437500000000000e+00
-3.505859375000000000e+00
-1.244506835937500000e-01
2.238281250000000000e+00
2.767578125000000000e+00
3.761718750000000000e+00
3.316406250000000000e+00
1.009765625000000000e+00
-2.205078125000000000e+00
-6.648437500000000000e+00
-8.523437500000000000e+00
-8.765625000000000000e+00
-8.562500000000000000e+00
-1.103125000000000000e+01
-9.132812500000000000e+00
-8.742187500000000000e+00
-8.429687500000000000e+00
-9.046875000000000000e+00
-6.785156250000000000e+00
-3.601562500000000000e+00
-2.589843750000000000e+00
-2.501953125000000000e+00
-1.729492187500000000e+00
4.948730468750000000e-01
5.572509765625000000e-02
-2.892578125000000000e+00
-4.277343750000000000e+00
-5.937500000000000000e+00
-6.027343750000000000e+00
-8.703125000000000000e+00
-5.472656250000000000e+00
-2.638671875000000000e+00
-8.691406250000000000e-01
-1.352539062500000000e-01
2.462890625000000000e+00
5.707031250000000000e+00
7.398437500000000000e+00
8.773437500000000000e+00
7.191406250000000000e+00
6.074218750000000000e+00
4.265625000000000000e+00
3.060546875000000000e+00
2.670898437500000000e-01
-9.633789062500000000e-01
-3.382812500000000000e+00
-5.355468750000000000e+00
-7.222656250000000000e+00
-7.199218750000000000e+00
-8.140625000000000000e+00
-1.082812500000000000e+01
-9.335937500000000000e+00
-8.585937500000000000e+00
-8.125000000000000000e+00
-9.789062500000000000e+00
-7.386718750000000000e+00
-7.183593750000000000e+00
-7.515625000000000000e+00
-8.312500000000000000e+00
-8.375000000000000000e+00
-7.085937500000000000e+00
-5.679687500000000000e+00
-4.683593750000000000e+00
-2.787109375000000000e+00
-1.407226562500000000e+00
-1.624755859375000000e-01
9.047851562500000000e-01
1.900390625000000000e+00
2.656250000000000000e+00
2.541015625000000000e+00
2.113281250000000000e+00
2.011718750000000000e+00
2.787109375000000000e+00
3.021484375000000000e+00
4.156250000000000000e+00
3.769531250000000000e+00
3.072265625000000000e+00
2.886718750000000000e+00
2.324218750000000000e+00
2.505859375000000000e+00
1.836914062500000000e+00
1.929687500000000000e+00
9.521484375000000000e-01
5.024414062500000000e-01
1.273437500000000000e+00
1.984375000000000000e+00
4.121093750000000000e+00
5.929687500000000000e+00
7.734375000000000000e+00
7.359375000000000000e+00
4.863281250000000000e+00
2.160644531250000000e-01
-2.693359375000000000e+00
-3.529296875000000000e+00
-3.283203125000000000e+00
-1.125000000000000000e+00
1.613769531250000000e-01
9.672851562500000000e-01
-1.247070312500000000e+00
-1.189453125000000000e+00
-2.810058593750000000e-01
9.197998046875000000e-02
7.534179687500000000e-01
3.882812500000000000e+00
4.355468750000000000e+00
5.257812500000000000e+00
5.652343750000000000e+00
6.152343750000000000e+00
4.773437500000000000e+00
4.476562500000000000e+00
4.097656250000000000e+00
2.701171875000000000e+00
8.715820312500000000e-01
1.587890625000000000e+00
1.789062500000000000e+00
1.764648437500000000e+00
1.169921875000000000e+00
1.258789062500000000e+00
9.858398437500000000e-01
4.978027343750000000e-01
9.848632812500000000e-01
2.484375000000000000e+00
2.109375000000000000e+00
2.787109375000000000e+00
-4.138183593750000000e-01
-8.999023437500000000e-01
-2.710937500000000000e+00
-4.148437500000000000e+00
-6.257812500000000000e+00
-8.007812500000000000e+00
-1.160156250000000000e+01
-1.092187500000000000e+01
-1.004687500000000000e+01
-7.074218750000000000e+00
-5.824218750000000000e+00
-4.765625000000000000e+00
-4.367187500000000000e+00
-3.894531250000000000e+00
-2.824218750000000000e+00
-3.414062500000000000e+00
-3.906250000000000000e+00
-5.152343750000000000e+00
-4.718750000000000000e+00
-4.601562500000000000e+00
-3.302734375000000000e+00
-1.175781250000000000e+00
9.881591796875000000e-02
1.803710937500000000e+00
2.855468750000000000e+00
3.835937500000000000e+00
6.687500000000000000e+00
6.542968750000000000e+00
3.470703125000000000e+00
1.450195312500000000e+00
-3.083984375000000000e+00
-4.324218750000000000e+00
-5.359375000000000000e+00
-4.675781250000000000e+00
-3.146484375000000000e+00
-3.507812500000000000e+00
-5.617187500000000000e+00
-7.113281250000000000e+00
-7.121093750000000000e+00
-8.773437500000000000e+00
-8.171875000000000000e+00
-9.000000000000000000e+00
-1.092968750000000000e+01
-9.156250000000000000e+00
-6.324218750000000000e+00
-5.718750000000000000e+00
-6.328125000000000000e+00
-5.289062500000000000e+00
-2.716796875000000000e+00
-1.735351562500000000e+00
-3.121093750000000000e+00
-3.113281250000000000e+00
-2.324218750000000000e+00
-1.561523437500000000e+00
-2.404296875000000000e+00
-1.293945312500000000e+00
7.490234375000000000e-01
1.499023437500000000e+00
2.011718750000000000e+00
2.771484375000000000e+00
2.693359375000000000e+00
2.140625000000000000e+00
2.167968750000000000e-01
-2.849609375000000000e+00
-7.511718750000000000e+00
-7.015625000000000000e+00
-3.380859375000000000e+00
-2.523437500000000000e+00
-3.892578125000000000e+00
-3.480468750000000000e+00
-6.734375000000000000e+00
