-5.858513355255126953e+00
-6.455731391906738281e+00
-6.958397388458251953e+00
-7.312936782836914062e+00
-6.140841484069824219e+00
-2.733768463134765625e+00
1.920729041099548340e+00
2.122626304626464844e+00
5.160017311573028564e-02
-2.993849292397499084e-02
4.642044603824615479e-01
-1.321378350257873535e+00
-2.113527774810791016e+00
-2.755823850631713867e+00
-3.486529111862182617e+00
-4.627195835113525391e+00
-1.504338264465332031e+00
1.334963560104370117e+00
2.113888978958129883e+00
-1.311238259077072144e-01
-4.249978363513946533e-01
1.030369162559509277e+00
1.488241314888000488e+00
1.803131937980651855e+00
3.319068431854248047e+00
3.524224281311035156e+00
2.395956516265869141e+00
-8.873696625232696533e-02
-1.718185067176818848e+00
-1.118842601776123047e+00
-2.067669630050659180e+00
-3.545588016510009766e+00
-4.312210559844970703e+00
-4.245973587036132812e+00
-6.155247688293457031e+00
-8.729718208312988281e+00
-8.959460258483886719e+00
-7.666340827941894531e+00
-7.568744182586669922e+00
-7.137438297271728516e+00
-3.897575855255126953e+00
1.305883228778839111e-01
1.336073517799377441e+00
2.380702257156372070e+00
2.257886409759521484e+00
3.592160940170288086e+00
2.376121044158935547e+00
7.228229045867919922e-01
1.111907601356506348e+00
8.636087179183959961e-01
1.746836781501770020e+00
3.857592344284057617e-01
-9.823546409606933594e-01
-4.827463626861572266e+00
-7.593398094177246094e+00
-7.271092891693115234e+00
-2.958193778991699219e+00
-2.344470739364624023e+00
-3.647173881530761719e+00
-7.663838386535644531e+00
-1.203144931793212891e+01
-1.424770164489746094e+01
-1.046254825592041016e+01
-5.065136909484863281e+00
-2.164367914199829102e+00
-8.501411080360412598e-01
5.068509578704833984e-01
-8.308205753564834595e-03
-1.788554191589355469e+00
-5.928929805755615234e+00
-6.845053195953369141e+00
-7.574082374572753906e+00
-2.876112461090087891e+00
3.478673934936523438e+00
6.731431007385253906e+00
6.577469825744628906e+00
5.496333122253417969e+00
3.880557060241699219e+00
3.508828878402709961e+00
2.797297000885009766e+00
2.070511341094970703e+00
6.921012401580810547e-01
-1.904356598854064941e+00
-6.367698669433593750e+00
-1.069299316406250000e+01
-1.563890838623046875e+01
-1.872296905517578125e+01
-1.917706108093261719e+01
-1.631006240844726562e+01
-1.277720069885253906e+01
-1.237654304504394531e+01
-1.349069023132324219e+01
-1.300872993469238281e+01
-1.183361244201660156e+01
-9.950197219848632812e+00
-9.622037887573242188e+00
-7.515898227691650391e+00
-5.727671146392822266e+00
-2.684698343276977539e+00
-2.183991193771362305e+00
1.342720985412597656e-01
3.358361482620239258e+00
4.756464481353759766e+00
4.455978870391845703e+00
3.384124517440795898e+00
2.689924716949462891e+00
1.593393564224243164e+00
5.808568596839904785e-01
-2.176694869995117188e+00
-1.760264873504638672e+00
-1.803572297096252441e+00
-7.564176321029663086e-01
1.281998395919799805e+00
3.859281063079833984e+00
5.627342224121093750e+00
6.457297325134277344e+00
6.596500873565673828e+00
6.117849826812744141e+00
5.178492546081542969e+00
4.967904567718505859e+00
3.768085241317749023e+00
2.204165458679199219e+00
-1.682682484388351440e-01
-4.047286510467529297e+00
-5.807272911071777344e+00
-6.690191745758056641e+00
-6.772911548614501953e+00
-4.637466907501220703e+00
-4.650467336177825928e-01
3.779160261154174805e+00
5.565191268920898438e+00
7.001950263977050781e+00
5.443508625030517578e+00
1.073015928268432617e+00
-1.717948913574218750e+00
-3.362485408782958984e+00
-3.069391250610351562e+00
-1.020018815994262695e+00
8.521794080734252930e-01
4.892716407775878906e+00
5.961974620819091797e+00
5.864426612854003906e+00
4.013786792755126953e+00
3.209216117858886719e+00
4.719957351684570312e+00
3.289149761199951172e+00
3.842420816421508789e+00
3.001816511154174805e+00
3.966582298278808594e+00
2.651316165924072266e+00
-6.466134190559387207e-01
-4.093593120574951172e+00
-5.998782157897949219e+00
-5.066246509552001953e+00
-3.575363874435424805e+00
-2.164982318878173828e+00
-5.262066125869750977e-01
-5.159237235784530640e-02
1.739668250083923340e-01
8.596414327621459961e-01
2.516481399536132812e+00
5.402963638305664062e+00
6.981453418731689453e+00
5.766334533691406250e+00
7.292778015136718750e+00
7.519469261169433594e+00
6.954085350036621094e+00
5.718680858612060547e+00
5.194029808044433594e+00
3.969794034957885742e+00
2.836897373199462891e+00
4.938634335994720459e-01
-1.122951626777648926e+00
-1.646021485328674316e+00
-2.188477516174316406e+00
-2.890517234802246094e+00
-2.805837154388427734e+00
-1.568071961402893066e+00
-9.531207680702209473e-01
-7.126139998435974121e-01
5.935845375061035156e-01
2.038726568222045898e+00
2.457092523574829102e+00
2.147161245346069336e+00
1.970293998718261719e+00
2.979808092117309570e+00
2.247378349304199219e+00
4.986806213855743408e-01
-1.757077097892761230e+00
-9.689892530441284180e-01
-9.261775016784667969e-01
3.907890617847442627e-01
1.382593154907226562e+00
3.727090358734130859e+00
3.415176630020141602e+00
6.702823042869567871e-01
-1.180309534072875977e+00
-1.515814542770385742e+00
-3.262930393218994141e+00
-6.068321704864501953e+00
-6.080059051513671875e+00
-5.377029895782470703e+00
-2.163187503814697266e+00
-1.440486550331115723e+00
-3.347929716110229492e-01
-3.505669236183166504e-01
-1.165810585021972656e+00
-3.088778495788574219e+00
-3.716056346893310547e+00
-3.945865869522094727e+00
-3.113596439361572266e+00
-1.487903237342834473e+00
-4.013839662075042725e-01
2.756964445114135742e+00
6.222293376922607422e+00
8.513447761535644531e+00
7.343358993530273438e+00
4.443747997283935547e+00
3.366555929183959961e+00
-2.349453687667846680e+00
-6.153451919555664062e+00
-5.903451442718505859e+00
-3.762197494506835938e+00
-3.197897911071777344e+00
-4.459442615509033203e+00
-5.592811584472656250e+00
-6.081239700317382812e+00
-3.982090234756469727e+00
3.306446075439453125e-01
4.826928615570068359e+00
4.427052021026611328e+00
4.488188743591308594e+00
3.505050420761108398e+00
8.696535229682922363e-01
-5.370038986206054688e+00
-9.020004272460937500e+00
-1.012533664703369141e+00
7.041244029998779297e+00
6.912949085235595703e+00
2.638754367828369141e+00
-2.710437536239624023e+00
-5.843945026397705078e+00
-7.754042148590087891e+00
-9.804903030395507812e+00
-1.074317550659179688e+01
-1.044212341308593750e+01
-1.044372940063476562e+01
-9.592047691345214844e+00
-9.042649269104003906e+00
-7.444749355316162109e+00
-7.809819698333740234e+00
-8.204736709594726562e+00
-6.352398395538330078e+00
-4.128353118896484375e+00
-4.615861415863037109e+00
-5.770457267761230469e+00
-7.771161079406738281e+00
-8.225988388061523438e+00
-7.973463058471679688e+00
-7.263772487640380859e+00
-7.122538566589355469e+00
-6.090826511383056641e+00
-6.457619190216064453e+00
-6.846989154815673828e+00
-6.635977268218994141e+00
-7.794659137725830078e+00
-8.572071075439453125e+00
-8.231820106506347656e+00
-7.530515670776367188e+00
-5.000339984893798828e+00
-3.793839454650878906e+00
-2.892995834350585938e+00
-2.058365821838378906e+00
-5.056860446929931641e-01
1.430198550224304199e+00
3.460844993591308594e+00
3.965873956680297852e+00
3.512111902236938477e+00
1.764711499214172363e+00
2.407503366470336914e+00
2.421483039855957031e+00
2.545479297637939453e+00
1.094480633735656738e+00
4.403307735919952393e-01
-2.068637847900390625e+00
-4.931813716888427734e+00
-3.122498989105224609e+00
1.605058670043945312e+00
3.404266595840454102e+00
5.038862705230712891e+00
6.145265102386474609e+00
6.179268836975097656e+00
4.317413806915283203e+00
3.331087350845336914e+00
6.597030758857727051e-01
-2.803854227066040039e+00
-4.811594963073730469e+00
-5.884159564971923828e+00
-6.700181007385253906e+00
-7.325193405151367188e+00
-8.344506263732910156e+00
-8.792956352233886719e+00
-9.814398765563964844e+00
-7.929470539093017578e+00
-5.622400283813476562e+00
-1.564931273460388184e+00
1.481983423233032227e+00
4.451257705688476562e+00
3.745085000991821289e+00
7.265775203704833984e-01
-6.078641891479492188e+00
-6.188564300537109375e+00
-5.934148788452148438e+00
-2.970874547958374023e+00
-7.437369227409362793e-01
-9.338993430137634277e-01
-4.199501514434814453e+00
-8.242092132568359375e+00
-1.057594203948974609e+01
-9.928780555725097656e+00
-8.063053131103515625e+00
-4.271145820617675781e+00
-2.328791379928588867e+00
1.163727790117263794e-01
-6.715497374534606934e-01
-2.267253637313842773e+00
-2.904401779174804688e+00
2.727070331573486328e+00
9.938163757324218750e+00
8.781394004821777344e+00
7.103631973266601562e+00
5.675490856170654297e+00
4.273562431335449219e+00
4.542099475860595703e+00
2.301123380661010742e+00
-5.922306180000305176e-01
-4.289989948272705078e+00
-7.267456054687500000e+00
-9.321576118469238281e+00
-9.725632667541503906e+00
-1.007393646240234375e+01
-1.014515399932861328e+01
-1.056172370910644531e+01
-1.023453426361083984e+01
-9.588105201721191406e+00
-8.433483123779296875e+00
-7.318792343139648438e+00
-5.963762283325195312e+00
-5.383215427398681641e+00
-5.044097423553466797e+00
-6.111607551574707031e+00
-9.804451942443847656e+00
-1.110710906982421875e+01
-1.309872245788574219e+01
-1.501597881317138672e+01
-9.436079025268554688e+00
-5.030802249908447266e+00
-3.755987167358398438e+00
-3.477414608001708984e+00
-3.987661600112915039e+00
-2.365203619003295898e+00
1.423715949058532715e-01
2.363308072090148926e-01
-4.278891086578369141e+00
-5.814662933349609375e+00
-6.302218437194824219e+00
-5.964468955993652344e+00
-9.273073196411132812e+00
-6.204362869262695312e+00
-6.067283153533935547e+00
-6.606126785278320312e+00
-8.188819885253906250e+00
-8.974169731140136719e+00
-1.034067726135253906e+01
-1.066860198974609375e+01
-9.666291236877441406e+00
-8.574316024780273438e+00
-8.019721984863281250e+00
-4.159972190856933594e+00
-5.526621818542480469e+00
-4.900950431823730469e+00
-7.180532932281494141e+00
-6.035806655883789062e+00
-4.418496131896972656e+00
-3.003508806228637695e+00
-3.579816520214080811e-01
3.043069601058959961e+00
3.520754098892211914e+00
3.639933109283447266e+00
2.388211488723754883e+00
5.183272957801818848e-01
-3.582637548446655273e+00
-6.395209789276123047e+00
-8.094885826110839844e+00
-9.005363464355468750e+00
-1.157303428649902344e+01
-1.359314918518066406e+01
-1.197283935546875000e+01
-2.711051464080810547e+00
-1.528259038925170898e+00
-7.318510532379150391e+00
-1.087220096588134766e+01
-1.060330963134765625e+01
-9.977166175842285156e+00
-1.125594711303710938e+01
-1.139697360992431641e+01
-1.082747459411621094e+01
-1.003844261169433594e+01
-1.065226173400878906e+01
-1.086282634735107422e+01
-9.178286552429199219e+00
-6.473961353302001953e+00
-4.534487724304199219e+00
-1.747583866119384766e+00
-1.077234983444213867e+00
-3.032860994338989258e+00
-5.521592140197753906e+00
-5.723442554473876953e+00
-5.892304420471191406e+00
-4.375377655029296875e+00
-4.226704597473144531e+00
-4.445439815521240234e+00
-4.848928451538085938e+00
-5.709651947021484375e+00
-6.718742370605468750e+00
-4.936536788940429688e+00
-2.990922927856445312e+00
1.990211755037307739e-01
1.815151333808898926e+00
2.827805995941162109e+00
1.246317863464355469e+00
-2.030042707920074463e-01
-2.327940940856933594e+00
-1.728339076042175293e+00
-3.193730413913726807e-01
1.397682070732116699e+00
1.663597583770751953e+00
1.285422205924987793e+00
8.042668104171752930e-01
-4.232739508152008057e-01
-9.606063961982727051e-01
-1.001363873481750488e+00
-5.787472724914550781e-01
1.097007513046264648e+00
4.558449685573577881e-01
6.130422353744506836e-01
-1.373947318643331528e-02
9.239890575408935547e-01
-5.114241838455200195e-01
-2.361779928207397461e+00
-4.182949066162109375e+00
-6.313128948211669922e+00
-9.233049392700195312e+00
-1.103749847412109375e+01
-1.263282108306884766e+01
-1.367820739746093750e+01
-1.617850685119628906e+01
-1.569112014770507812e+01
-1.537507343292236328e+01
-1.464826393127441406e+01
-1.386527633666992188e+01
-1.260691928863525391e+01
-1.080254268646240234e+01
-1.016867446899414062e+01
-1.042136764526367188e+01
-9.723955154418945312e+00
-1.007143402099609375e+01
-1.121948909759521484e+01
-1.210285663604736328e+01
-1.452634620666503906e+01
-1.380347824096679688e+01
-1.396896457672119141e+01
-1.492716979980468750e+01
-1.534822463989257812e+01
-1.415289306640625000e+01
-1.405943012237548828e+01
-1.675690841674804688e+01
-2.172704887390136719e+01
-1.459463596343994141e+01
-5.060177803039550781e+00
-2.850538253784179688e+00
3.538888692855834961e+00
1.928993463516235352e+00
-7.004421234130859375e+00
-4.066650390625000000e+00
2.582033634185791016e+00
-6.784210205078125000e-01
-3.046911239624023438e+00
-2.228266954421997070e+00
-1.362419366836547852e+00
1.791914701461791992e+00
2.774580240249633789e+00
2.288041114807128906e+00
2.559812784194946289e+00
4.717382907867431641e+00
5.821283340454101562e+00
5.853397846221923828e+00
4.277339935302734375e+00
-7.581889629364013672e-01
-6.794542312622070312e+00
-7.693519592285156250e+00
-6.927299022674560547e+00
-5.717020988464355469e+00
-2.478739261627197266e+00
8.541394472122192383e-01
2.344974279403686523e+00
2.990339756011962891e+00
4.265321731567382812e+00
5.728551387786865234e+00
4.375267505645751953e+00
5.199506759643554688e+00
4.188127040863037109e+00
5.818827822804450989e-02
-3.418238639831542969e+00
-7.376601696014404297e+00
-1.140521335601806641e+01
-1.486655044555664062e+01
-1.335323047637939453e+01
-1.006057071685791016e+01
-6.885763645172119141e+00
-4.681200027465820312e+00
-2.607929944992065430e+00
6.524881720542907715e-02
2.636415481567382812e+00
3.148056507110595703e+00
3.108149290084838867e+00
1.634410977363586426e+00
7.871232032775878906e-01
-3.828942775726318359e-01
-1.804280996322631836e+00
-9.489648342132568359e-01
8.308086991310119629e-01
-9.711991995573043823e-02
1.312494724988937378e-01
1.712006092071533203e+00
6.211901187896728516e+00
8.388127326965332031e+00
6.117968082427978516e+00
6.204568147659301758e-01
-1.346550822257995605e+00
-1.796842932701110840e+00
-8.298801779747009277e-01
1.656088352203369141e+00
2.070251226425170898e+00
4.027128696441650391e+00
3.282750368118286133e+00
2.997943639755249023e+00
5.250253677368164062e+00
6.470473766326904297e+00
6.218421459197998047e+00
3.815075635910034180e+00
-2.239732295274734497e-01
-3.326570272445678711e+00
-7.185517787933349609e+00
-7.125702381134033203e+00
-5.842740058898925781e+00
-2.479707241058349609e+00
-1.379114151000976562e+00
3.386259675025939941e-01
1.056179165840148926e+00
1.418510079383850098e+00
1.343866229057312012e+00
-1.171194553375244141e+00
-5.016351699829101562e+00
-5.225285530090332031e+00
-4.360429763793945312e+00
-4.137846946716308594e+00
-1.451395988464355469e+00
4.642281234264373779e-01
2.118494510650634766e+00
1.973717808723449707e+00
4.443214237689971924e-01
6.572945713996887207e-01
1.903207063674926758e+00
3.068430900573730469e+00
3.756372213363647461e+00
4.131194114685058594e+00
3.729145765304565430e+00
2.299966812133789062e+00
-9.299555420875549316e-01
-1.220523953437805176e+00
-4.150361061096191406e+00
-4.272255420684814453e+00
-2.828601121902465820e+00
-1.815025448799133301e+00
-2.417484521865844727e+00
-4.149854481220245361e-01
8.539738655090332031e-01
9.914301633834838867e-01
1.752361893653869629e+00
3.035985946655273438e+00
3.827143430709838867e+00
1.279424548149108887e+00
-1.906623125076293945e+00
-4.865883827209472656e+00
-3.165405511856079102e+00
-1.181868076324462891e+00
1.702359169721603394e-01
-8.458084613084793091e-02
-2.680660247802734375e+00
-4.713196754455566406e+00
1.081658124923706055e+00
6.745810985565185547e+00
7.451816558837890625e+00
6.885839462280273438e+00
5.834861278533935547e+00
-6.583171337842941284e-02
-9.167000770568847656e+00
-1.009426784515380859e+01
-5.007802486419677734e+00
6.446953296661376953e+00
8.840686798095703125e+00
6.244821071624755859e+00
4.497775077819824219e+00
1.917563676834106445e+00
-3.255599439144134521e-01
-5.484376907348632812e+00
-6.843375205993652344e+00
-8.219140052795410156e+00
-7.173378944396972656e+00
2.163535952568054199e-01
5.377389430999755859e+00
6.881850242614746094e+00
4.839586257934570312e+00
2.463610172271728516e+00
4.599882125854492188e+00
1.182351398468017578e+01
1.170613002777099609e+01
1.227777481079101562e+01
1.197008514404296875e+01
1.047962856292724609e+01
7.006366729736328125e+00
3.305419206619262695e+00
1.492302775382995605e+00
6.992244720458984375e+00
1.478178310394287109e+01
1.382431507110595703e+01
1.146236419677734375e+01
5.337696075439453125e+00
-2.767865419387817383e+00
-7.050069332122802734e+00
-9.641991615295410156e+00
-9.668794631958007812e+00
-8.136232376098632812e+00
-8.218196868896484375e+00
-9.807029724121093750e+00
-1.192818641662597656e+01
-1.491127586364746094e+01
-1.582290935516357422e+01
-2.710508584976196289e+00
-2.266781568527221680e+00
-6.838816642761230469e+00
-6.046693801879882812e+00
-7.706035614013671875e+00
-1.203924369812011719e+01
-5.925672054290771484e+00
2.763718366622924805e+00
2.349696874618530273e+00
1.965216755867004395e+00
-7.195293903350830078e+00
-1.379960632324218750e+01
-6.359151363372802734e+00
-2.674993038177490234e+00
4.225201606750488281e+00
7.238182067871093750e+00
5.170014381408691406e+00
1.755903720855712891e+00
-2.435974359512329102e+00
-3.210719823837280273e+00
-2.425773143768310547e+00
9.108833670616149902e-01
3.383675336837768555e+00
4.251814365386962891e+00
2.965002536773681641e+00
1.039507985115051270e+00
4.687984466552734375e+00
5.762485027313232422e+00
1.060170054435729980e+00
8.579646944999694824e-01
7.103111743927001953e+00
3.274060487747192383e+00
1.062025070190429688e+01
1.222282314300537109e+01
8.650122642517089844e+00
1.428711056709289551e+00
-1.292428135871887207e+00
-3.020085334777832031e+00
-7.170970916748046875e+00
-9.896312713623046875e+00
2.141942262649536133e+00
6.354790210723876953e+00
8.975072860717773438e+00
7.499659538269042969e+00
4.897818088531494141e+00
4.144914150238037109e+00
4.526537895202636719e+00
6.018694400787353516e+00
4.552937507629394531e+00
4.862868785858154297e+00
1.757297277450561523e+00
-1.165173053741455078e+00
-5.359129428863525391e+00
-1.138806533813476562e+01
-1.019746112823486328e+01
-1.116274452209472656e+01
-1.175023269653320312e+01
-1.175918197631835938e+01
-1.415839385986328125e+01
-1.321400737762451172e+01
-1.106342697143554688e+01
-1.017193412780761719e+01
-9.260320663452148438e+00
-8.639773368835449219e+00
-7.571860790252685547e+00
-4.571442604064941406e+00
-5.914750099182128906e-01
2.847523212432861328e+00
6.397022604942321777e-01
-4.750340938568115234e+00
4.353353500366210938e+00
5.372077941894531250e+00
3.953547477722167969e+00
5.276584148406982422e+00
3.285465717315673828e+00
5.384461879730224609e-01
-2.987569808959960938e+00
-5.837308883666992188e+00
-9.868683815002441406e+00
-1.090084457397460938e+01
-1.151653003692626953e+01
-1.182227802276611328e+01
-9.697719573974609375e+00
-7.865877151489257812e+00
-4.540037155151367188e+00
-1.858829259872436523e+00
1.405380606651306152e+00
3.115658998489379883e+00
2.225771665573120117e+00
2.488829612731933594e+00
1.654412031173706055e+00
2.691318511962890625e+00
3.214009761810302734e+00
4.815829753875732422e+00
5.840504646301269531e+00
6.369383811950683594e+00
6.082807064056396484e+00
4.024364948272705078e+00
-3.870974481105804443e-01
-5.456890106201171875e+00
-3.858825683593750000e+00
3.573414087295532227e+00
-6.484551429748535156e-01
-5.668022155761718750e+00
-7.227620601654052734e+00
-7.446449279785156250e+00
-3.823050737380981445e+00
5.272297263145446777e-01
3.789172172546386719e+00
5.700166225433349609e+00
1.352005100250244141e+01
1.804448318481445312e+01
1.787089538574218750e+01
1.018655872344970703e+01
1.142629504203796387e+00
-5.168754577636718750e+00
6.753604412078857422e+00
1.459183406829833984e+01
1.610972976684570312e+01
1.363533115386962891e+01
1.244876289367675781e+01
9.742215156555175781e+00
8.007992744445800781e+00
4.900627136230468750e+00
2.355043143033981323e-01
1.138827562332153320e+00
8.768794536590576172e-01
1.313522577285766602e+00
1.311444640159606934e+00
5.187287330627441406e-01
-5.508593916893005371e-01
-1.018294930458068848e+00
3.363826870918273926e-01
6.601989865303039551e-01
7.678308486938476562e-01
1.839590907096862793e+00
3.637098073959350586e+00
3.684349536895751953e+00
2.926629781723022461e+00
3.138564586639404297e+00
2.472276449203491211e+00
2.630299806594848633e+00
2.883770942687988281e+00
3.669615030288696289e+00
3.617216348648071289e+00
1.274394512176513672e+00
-2.379938840866088867e+00
-8.646315574645996094e+00
-8.980285644531250000e+00
-2.980320453643798828e+00
-2.003176137804985046e-03
6.175764203071594238e-01
2.686111629009246826e-01
-2.896113157272338867e+00
-6.843447685241699219e+00
-8.902311325073242188e+00
-3.319792270660400391e+00
-9.914224147796630859e-01
-9.617717742919921875e+00
-1.090958213806152344e+01
-5.990846157073974609e+00
-8.996814727783203125e+00
-8.826936721801757812e+00
-1.022899389266967773e+00
3.253160953521728516e+00
-9.501456022262573242e-01
-4.992453575134277344e+00
-2.632134675979614258e+00
-1.370117306709289551e+00
-6.236608624458312988e-01
2.601573169231414795e-01
-5.859495401382446289e-01
-2.061766624450683594e+00
-1.128524422645568848e+00
3.885965108871459961e+00
4.566893577575683594e+00
1.971521854400634766e+00
-6.289740204811096191e-01
8.071515083312988281e+00
1.053226661682128906e+01
7.791548728942871094e+00
7.218087673187255859e+00
4.595159053802490234e+00
-6.940062642097473145e-01
-5.741553783416748047e+00
-6.084285259246826172e+00
-4.977883815765380859e+00
-3.057419538497924805e+00
-1.953708529472351074e+00
-1.170131921768188477e+00
-1.442328453063964844e+00
9.520187377929687500e-01
2.134032249450683594e+00
3.344052314758300781e+00
2.524037599563598633e+00
2.452818393707275391e+00
1.834302186965942383e+00
2.483753204345703125e+00
2.644397974014282227e+00
3.038913011550903320e+00
2.129970788955688477e+00
2.092518568038940430e+00
2.008973836898803711e+00
1.617526650428771973e+00
1.625886321067810059e+00
1.714296340942382812e+00
8.805396556854248047e-01
-3.458914458751678467e-01
-1.123282074928283691e+00
6.658899784088134766e-01
2.613912105560302734e+00
3.168671369552612305e+00
3.653487920761108398e+00
3.698141098022460938e+00
1.865330338478088379e+00
1.513684689998626709e-01
-3.072768926620483398e+00
-9.451394081115722656e-01
4.846302568912506104e-01
2.531027317047119141e+00
4.413450241088867188e+00
6.271008491516113281e+00
4.788012504577636719e+00
1.845140576362609863e+00
2.866981267929077148e+00
4.367639541625976562e+00
4.443510532379150391e+00
4.601676464080810547e+00
4.902279376983642578e+00
2.731579065322875977e+00
4.695647358894348145e-01
-6.112633943557739258e-01
-2.373303174972534180e+00
-3.045778036117553711e+00
3.297472894191741943e-01
1.239871025085449219e+00
-7.088594436645507812e-01
2.045645236968994141e+00
8.445086479187011719e+00
6.501880168914794922e+00
4.065666675567626953e+00
2.820911407470703125e+00
2.760199069976806641e+00
3.038347482681274414e+00
3.614878177642822266e+00
1.037477016448974609e+00
-3.465820550918579102e+00
-6.188303947448730469e+00
-7.538378715515136719e+00
-7.230358600616455078e+00
-6.762852668762207031e+00
-6.556159973144531250e+00
-7.779004096984863281e+00
-9.046664237976074219e+00
-9.828775405883789062e+00
-8.401132583618164062e+00
-6.683936595916748047e+00
-5.415258884429931641e+00
-6.006265640258789062e+00
-8.087471008300781250e+00
-9.826746940612792969e+00
-1.022303295135498047e+01
-1.086051082611083984e+01
-1.212665939331054688e+01
-1.231930255889892578e+01
-1.146077442169189453e+01
-1.113627338409423828e+01
-1.102287960052490234e+01
-1.062427902221679688e+01
-1.000748729705810547e+01
-9.191062927246093750e+00
-8.522413253784179688e+00
-7.574153423309326172e+00
-6.698526859283447266e+00
-5.523433685302734375e+00
-3.933303117752075195e+00
-4.380454540252685547e+00
-4.431247234344482422e+00
-6.016799449920654297e+00
-7.853220939636230469e+00
-9.622721672058105469e+00
-1.016529750823974609e+01
-1.092221355438232422e+01
-9.289955139160156250e+00
-7.424440383911132812e+00
-4.697635173797607422e+00
-3.608494758605957031e+00
-2.888982057571411133e+00
-3.602874755859375000e+00
-4.027592658996582031e+00
-3.375213384628295898e+00
-5.117536067962646484e+00
-5.489406108856201172e+00
-7.139115333557128906e+00
-8.321388244628906250e+00
-1.141470527648925781e+01
-1.125717735290527344e+01
-1.045267772674560547e+01
-8.754090309143066406e+00
-5.618149280548095703e+00
-2.853207349777221680e+00
-2.038175821304321289e+00
-2.319865226745605469e+00
-8.502223968505859375e+00
-1.403352737426757812e+01
-1.951339721679687500e+01
-2.268201828002929688e+01
-1.918509483337402344e+01
-1.648851394653320312e+01
-1.405123615264892578e+01
-1.195593357086181641e+01
-1.001832580566406250e+01
-5.806563377380371094e+00
-2.455313682556152344e+00
-1.979377508163452148e+00
-1.641794204711914062e+00
-2.306641340255737305e+00
-3.220732212066650391e+00
-4.381399154663085938e+00
-3.518455982208251953e+00
-2.524691581726074219e+00
-1.551731467247009277e+00
-8.494326472282409668e-01
-9.367214143276214600e-02
1.917115569114685059e+00
2.619862794876098633e+00
2.725488185882568359e+00
8.285418748855590820e-01
-1.824376583099365234e+00
-1.433780074119567871e+00
-5.809670686721801758e-01
4.737325385212898254e-02
-3.308173894882202148e+00
-3.312826633453369141e+00
4.744705677032470703e+00
1.061210250854492188e+01
1.108279705047607422e+01
9.750434875488281250e+00
8.289966583251953125e+00
4.758543491363525391e+00
1.043144583702087402e+00
-3.991534948348999023e+00
-6.117463588714599609e+00
-8.894802093505859375e+00
-9.657481193542480469e+00
-1.039118576049804688e+01
-1.006037998199462891e+01
-1.045565319061279297e+01
-1.078707313537597656e+01
-1.180029582977294922e+01
-1.227623081207275391e+01
-1.300958347320556641e+01
-1.322768020629882812e+01
-1.247883701324462891e+01
-1.180367279052734375e+01
-1.187175273895263672e+01
-1.060434913635253906e+01
-1.011785793304443359e+01
-9.316640853881835938e+00
-8.117272377014160156e+00
-6.429731845855712891e+00
-6.844059944152832031e+00
-7.149151325225830078e+00
-9.126290321350097656e+00
-8.498445510864257812e+00
-9.188607215881347656e+00
-8.210380554199218750e+00
-6.780091762542724609e+00
-4.710340499877929688e+00
-3.742786407470703125e+00
-5.271568775177001953e+00
-5.636568069458007812e+00
-5.068277835845947266e+00
-4.158838748931884766e+00
-3.047265291213989258e+00
-2.419516086578369141e+00
-3.452053785324096680e+00
-5.186606407165527344e+00
-8.663082122802734375e+00
-9.670350074768066406e+00
-1.008930683135986328e+01
-9.870548248291015625e+00
-9.551597595214843750e+00
-8.910600662231445312e+00
-8.381345748901367188e+00
-7.443166732788085938e+00
-6.624639034271240234e+00
-4.309966564178466797e+00
-2.751856803894042969e+00
-7.152115702629089355e-01
-5.966827273368835449e-02
1.740271806716918945e+00
3.222935438156127930e+00
5.402372837066650391e+00
7.885627269744873047e+00
7.802057266235351562e+00
6.383101940155029297e+00
9.337652325630187988e-01
-6.586364269256591797e+00
-1.448627376556396484e+01
-1.441366100311279297e+01
-4.965463161468505859e+00
-6.742651462554931641e-01
-5.632552623748779297e+00
-6.173191070556640625e+00
-9.054915904998779297e-01
2.438933849334716797e+00
1.228962421417236328e+00
-1.565309405326843262e+00
-1.241044163703918457e+00
-1.546904593706130981e-01
6.836621463298797607e-02
-8.611214756965637207e-01
-1.612323999404907227e+00
-1.573078036308288574e+00
-1.150626897811889648e+00
-4.362615048885345459e-01
7.559172064065933228e-02
-1.212353229522705078e+00
-4.277687072753906250e+00
-1.002798271179199219e+01
-1.262191390991210938e+01
-1.225509452819824219e+01
-8.875204086303710938e+00
-7.289063930511474609e+00
-5.667572498321533203e+00
-5.869235038757324219e+00
-4.846190452575683594e+00
-6.784861087799072266e+00
-7.020360469818115234e+00
-7.901345252990722656e+00
-1.533879041671752930e+00
4.131383419036865234e+00
7.257853507995605469e+00
8.092153549194335938e+00
7.323736667633056641e+00
5.590175151824951172e+00
4.203145980834960938e+00
3.150677680969238281e+00
3.869954586029052734e+00
5.096810817718505859e+00
5.510996818542480469e+00
6.410542964935302734e+00
6.215020656585693359e+00
4.936544418334960938e+00
4.207042217254638672e+00
2.898269653320312500e+00
2.926086425781250000e+00
2.181778907775878906e+00
1.135710597038269043e+00
-2.686857432126998901e-02
3.234895467758178711e-01
1.584207892417907715e+00
2.260177135467529297e+00
2.012042999267578125e+00
2.995794773101806641e+00
3.877558469772338867e+00
4.097284793853759766e+00
3.570177555084228516e+00
-2.561351060867309570e-01
-7.230985164642333984e-01
6.749103069305419922e-01
2.800957441329956055e+00
4.131171226501464844e+00
4.262535572052001953e+00
2.500684499740600586e+00
-1.273253440856933594e+00
-2.450543880462646484e+00
-1.047883272171020508e+00
5.975750684738159180e-01
1.297276496887207031e+00
1.970034360885620117e+00
8.914019465446472168e-01
-1.867577731609344482e-01
4.534837007522583008e-01
4.898149013519287109e+00
8.761981964111328125e+00
8.628681182861328125e+00
7.485608577728271484e+00
5.144912242889404297e+00
2.998793601989746094e+00
6.135842323303222656e+00
9.286353111267089844e+00
-9.789073467254638672e-01
6.360894441604614258e-01
7.610643863677978516e+00
7.319367408752441406e+00
9.804735183715820312e-01
-3.470353841781616211e+00
5.513629317283630371e-01
6.909171581268310547e+00
6.579500198364257812e+00
-2.283263683319091797e+00
-1.095842719078063965e+00
8.571608543395996094e+00
8.442346572875976562e+00
-1.579477310180664062e+00
-1.126879215240478516e+01
-1.479209518432617188e+01
-5.306351184844970703e+00
-8.199860453605651855e-01
5.729803085327148438e+00
8.381847381591796875e+00
1.053247737884521484e+01
8.864821434020996094e+00
8.303284645080566406e+00
8.603958129882812500e+00
7.277357578277587891e+00
2.571029424667358398e+00
9.849363565444946289e-01
-2.264042139053344727e+00
-2.384661674499511719e+00
-1.423460960388183594e+00
8.383653759956359863e-01
3.110274553298950195e+00
5.850115299224853516e+00
6.823855400085449219e+00
7.015882492065429688e+00
7.790724277496337891e+00
5.906693458557128906e+00
5.135336518287658691e-01
-7.089241981506347656e+00
-9.383419990539550781e+00
-1.134131431579589844e+01
-9.267971038818359375e+00
-5.856483936309814453e+00
-4.685427665710449219e+00
-6.414122581481933594e+00
-1.293348908424377441e+00
1.586923480033874512e+00
3.700644254684448242e+00
4.404949665069580078e+00
2.752690792083740234e+00
6.861033439636230469e-01
-2.451771736145019531e+00
-3.398237466812133789e+00
-7.545994520187377930e-01
5.146670937538146973e-01
1.740696430206298828e+00
8.410573601722717285e-01
-4.044663161039352417e-02
-3.659405946731567383e+00
-5.810743331909179688e+00
-1.217737197875976562e+00
2.708816289901733398e+00
3.224281787872314453e+00
9.442962408065795898e-01
6.267476826906204224e-02
3.235604166984558105e-01
3.254368901252746582e-02
-1.284375548362731934e+00
2.061289399862289429e-01
2.139604568481445312e+00
2.659581184387207031e+00
9.544985294342041016e-01
9.384169578552246094e-01
-6.378526687622070312e-01
-1.472813963890075684e+00
-3.356747865676879883e+00
-2.870799303054809570e+00
-2.128900289535522461e+00
-9.007689952850341797e-01
-1.936754465103149414e+00
4.076963961124420166e-01
2.281429529190063477e+00
4.206758975982666016e+00
4.790066719055175781e+00
4.864616394042968750e+00
1.945735692977905273e+00
1.228607654571533203e+00
-2.791112065315246582e-01
-6.270610690116882324e-01
-1.887873649597167969e+00
-1.836644411087036133e-01
1.544111371040344238e+00
2.883912563323974609e+00
2.790756225585937500e+00
-9.219036698341369629e-01
-3.881139993667602539e+00
-4.958568572998046875e+00
-8.741797804832458496e-01
-3.063393354415893555e+00
-9.589402198791503906e+00
-7.375017642974853516e+00
-2.687484979629516602e+00
2.351043701171875000e+00
3.454162597656250000e+00
-5.875959526747465134e-03
-1.446177601814270020e+00
-2.793322563171386719e+00
-4.850181102752685547e+00
-6.536726951599121094e+00
-6.153686523437500000e+00
-7.928690433502197266e+00
-9.604565620422363281e+00
-6.149246692657470703e+00
-2.659266710281372070e+00
-3.171426534652709961e+00
-5.015005111694335938e+00
-5.065373420715332031e+00
-5.439156055450439453e+00
-6.611488819122314453e+00
-9.361200332641601562e+00
-6.507446289062500000e+00
-4.689583301544189453e+00
-3.577868461608886719e+00
-4.864418983459472656e+00
-4.260472297668457031e+00
-2.908085584640502930e+00
-2.196223020553588867e+00
-2.254738569259643555e+00
-1.493121504783630371e+00
-2.905878424644470215e-01
-8.174121379852294922e-01
-2.054800271987915039e+00
-9.109466671943664551e-01
5.269723944365978241e-03
-4.502408802509307861e-01
-1.232071042060852051e+00
-6.314769387245178223e-01
6.241880059242248535e-01
1.130916953086853027e+00
9.454303979873657227e-01
1.636488914489746094e+00
2.372838973999023438e+00
1.183150768280029297e+00
4.288780093193054199e-01
1.429726600646972656e+00
3.907784461975097656e+00
4.975246429443359375e+00
5.991940021514892578e+00
6.191264152526855469e+00
4.711197376251220703e+00
5.064836978912353516e+00
5.164299011230468750e+00
5.007740020751953125e+00
2.480777502059936523e+00
1.868258237838745117e+00
2.654881954193115234e+00
8.914255499839782715e-01
-1.653908252716064453e+00
-2.381260633468627930e+00
-1.964476823806762695e+00
-2.137165069580078125e+00
-3.722219705581665039e+00
-3.592627048492431641e+00
-4.784864902496337891e+00
-5.269349098205566406e+00
-6.480715751647949219e+00
-6.339835166931152344e+00
-6.228731155395507812e+00
-6.142092704772949219e+00
-3.986859083175659180e+00
-3.494959831237792969e+00
-3.812494993209838867e+00
-2.949173688888549805e+00
-1.173461437225341797e+00
1.908142328262329102e+00
5.011660575866699219e+00
5.919468402862548828e+00
6.168028354644775391e+00
5.809358119964599609e+00
4.582218647003173828e+00
5.862877964973449707e-01
-4.265691757202148438e+00
-7.574152946472167969e+00
-1.005459499359130859e+01
-6.792464733123779297e+00
-4.790648937225341797e+00
-2.700968980789184570e+00
-2.247724771499633789e+00
-2.264183759689331055e+00
-4.124787807464599609e+00
-5.237139225006103516e+00
-6.555594921112060547e+00
-6.476489067077636719e+00
-7.722000598907470703e+00
-9.521464347839355469e+00
-1.089206123352050781e+01
-1.083777141571044922e+01
-1.050103950500488281e+01
-8.899170875549316406e+00
-8.333621025085449219e+00
-5.854051113128662109e+00
-5.308714866638183594e+00
-5.454694747924804688e+00
-6.118926525115966797e+00
-5.883686065673828125e+00
-4.825409412384033203e+00
-4.680656909942626953e+00
-3.877622127532958984e+00
-1.780053257942199707e+00
4.322785139083862305e-01
1.195052027702331543e+00
5.332983732223510742e-01
1.782233476638793945e+00
2.381245136260986328e+00
3.997965574264526367e+00
3.240033149719238281e+00
3.251697778701782227e+00
1.693563818931579590e+00
1.446397423744201660e+00
3.345644176006317139e-01
4.992473125457763672e-01
-1.610741972923278809e+00
-3.145003318786621094e+00
-6.373059749603271484e+00
-9.254914283752441406e+00
-1.056196308135986328e+01
-1.227989101409912109e+01
-1.228895759582519531e+01
-1.015058612823486328e+01
-1.009860992431640625e+01
-1.067063522338867188e+01
-1.132485389709472656e+01
-1.002956581115722656e+01
-7.503005027770996094e+00
-5.361868858337402344e+00
-4.052930355072021484e+00
-9.464381933212280273e-01
1.482550024986267090e+00
7.502146959304809570e-01
-7.798425555229187012e-01
-5.929864048957824707e-01
4.131750166416168213e-01
-2.251774668693542480e-01
-1.701253890991210938e+00
-1.767219752073287964e-01
1.844172239303588867e+00
2.639934778213500977e+00
3.192568778991699219e+00
1.293568968772888184e+00
-2.269308328628540039e+00
-6.142753601074218750e+00
-9.123598098754882812e+00
-8.886609077453613281e+00
-8.909704208374023438e+00
-9.918745040893554688e+00
-1.167093944549560547e+01
-9.564539909362792969e+00
-8.315367698669433594e+00
-7.068180084228515625e+00
-5.849517345428466797e+00
-1.934369564056396484e+00
-5.522761940956115723e-01
9.484052062034606934e-01
1.475017428398132324e+00
2.051926612854003906e+00
1.442477703094482422e+00
7.529304623603820801e-01
-2.185893803834915161e-01
-5.516623854637145996e-01
-2.695513486862182617e+00
-2.865533828735351562e+00
-4.463433742523193359e+00
-5.185284137725830078e+00
-4.937528610229492188e+00
-5.161221027374267578e+00
-5.920784473419189453e+00
-5.370935916900634766e+00
-3.168310165405273438e+00
-3.212208032608032227e+00
-4.264439105987548828e+00
-3.279530763626098633e+00
7.972409576177597046e-02
-6.905350089073181152e-01
-1.466060161590576172e+00
-1.839040398597717285e+00
-9.984593987464904785e-01
-2.639454603195190430e+00
-3.595649003982543945e+00
-3.102285861968994141e+00
-2.008280754089355469e+00
-1.272592186927795410e+00
-1.125997662544250488e+00
-9.779154062271118164e-01
-6.483844518661499023e-01
-7.797009944915771484e-01
-1.970923662185668945e+00
-1.677711129188537598e+00
-6.113219261169433594e-02
-3.059841096401214600e-01
5.530866384506225586e-01
4.030916988849639893e-01
2.991757392883300781e+00
3.172095775604248047e+00
4.511235237121582031e+00
4.852006435394287109e+00
5.885205745697021484e+00
5.508234977722167969e+00
5.041885852813720703e+00
3.341476917266845703e+00
2.197765827178955078e+00
4.649125933647155762e-01
-2.818589687347412109e+00
-4.577440738677978516e+00
-4.075080871582031250e+00
-4.067240715026855469e+00
-3.649630784988403320e+00
-2.560324430465698242e+00
-6.709358096122741699e-01
-1.208834886550903320e+00
-2.097021579742431641e+00
-2.579333305358886719e+00
4.999791085720062256e-01
2.602517306804656982e-01
-1.248883843421936035e+00
-1.658772826194763184e+00
1.831763386726379395e-01
-7.037588357925415039e-01
-1.656293153762817383e+00
-1.768813133239746094e+00
-8.971088528633117676e-01
-2.090905427932739258e+00
-2.457132339477539062e+00
