3.227068662643432617e+00
2.983421564102172852e+00
1.823887825012207031e+00
7.439333796501159668e-01
4.250761568546295166e-01
8.347523212432861328e-01
2.161896228790283203e+00
4.855383396148681641e+00
6.473095893859863281e+00
4.577024459838867188e+00
3.094358921051025391e+00
1.294560432434082031e+00
-1.006865739822387695e+00
-1.879868626594543457e+00
-3.428250789642333984e+00
-3.624930381774902344e+00
-2.610409736633300781e+00
-3.535186350345611572e-01
-4.418579638004302979e-01
-1.677238702774047852e+00
-1.368180751800537109e+00
-3.719374239444732666e-01
8.031332492828369141e-01
-2.428879290819168091e-01
5.034506916999816895e-01
1.784004449844360352e+00
1.839402079582214355e+00
7.536388635635375977e-01
1.367810487747192383e+00
2.689334630966186523e+00
3.617193222045898438e+00
3.875173091888427734e+00
1.132451891899108887e+00
-2.524857044219970703e+00
-3.999185323715209961e+00
-2.709610939025878906e+00
-3.251359462738037109e+00
-5.916320323944091797e+00
-9.192974090576171875e+00
-1.281285762786865234e+01
-1.319702911376953125e+01
-1.279939556121826172e+01
-1.213105487823486328e+01
-1.193605136871337891e+01
-9.111528396606445312e+00
-8.843751907348632812e+00
-7.823019027709960938e+00
-1.104405975341796875e+01
-8.294398307800292969e+00
-8.197724342346191406e+00
-8.231066703796386719e+00
-1.010609912872314453e+01
-9.197625160217285156e+00
-8.314704895019531250e+00
-9.445405960083007812e+00
-1.092334938049316406e+01
-1.121984291076660156e+01
-1.135644912719726562e+01
-1.146616077423095703e+01
-1.247071361541748047e+01
-1.410379981994628906e+01
-1.180751895904541016e+01
-1.118298339843750000e+01
-1.205926609039306641e+01
-1.055135631561279297e+01
-9.444390296936035156e+00
-9.692761421203613281e+00
-1.268352317810058594e+01
-1.218239212036132812e+01
-1.185106372833251953e+01
-1.195250892639160156e+01
-1.109310626983642578e+01
-9.387622833251953125e+00
-7.440429210662841797e+00
-6.815417289733886719e+00
-6.234894752502441406e+00
-5.431646347045898438e+00
-4.334761142730712891e+00
-3.439467668533325195e+00
-4.350016117095947266e+00
-3.785811662673950195e+00
-2.362228870391845703e+00
-1.211149215698242188e+00
-8.983128666877746582e-01
-6.132125854492187500e-02
8.651906251907348633e-01
1.733139991760253906e+00
1.207709312438964844e+00
1.513555645942687988e+00
5.183619260787963867e-02
6.190401315689086914e-01
-2.261114120483398438e+00
-1.330493569374084473e+00
-2.214594841003417969e+00
-2.273723840713500977e+00
-3.495668411254882812e+00
-5.064523696899414062e+00
-5.938989162445068359e+00
-8.461703300476074219e+00
-1.276784610748291016e+01
-1.120581722259521484e+01
-9.881387710571289062e+00
-1.023973083496093750e+01
-1.018194484710693359e+01
-1.054156112670898438e+01
-9.782730102539062500e+00
-9.418463706970214844e+00
-9.975039482116699219e+00
-1.038738632202148438e+01
-1.041071605682373047e+01
-7.994574069976806641e+00
-5.380499362945556641e+00
-7.153354167938232422e+00
-8.494194984436035156e+00
-9.105792045593261719e+00
-7.402266979217529297e+00
-5.852799892425537109e+00
-5.292797565460205078e+00
-4.464023590087890625e+00
-5.051204204559326172e+00
-4.227649211883544922e+00
-6.735743999481201172e+00
-9.469066619873046875e+00
-1.142103576660156250e+01
-1.139350032806396484e+01
-1.020447158813476562e+01
-9.313309669494628906e+00
-1.135293102264404297e+01
-7.947345256805419922e+00
-5.445627212524414062e+00
-3.546272516250610352e+00
-3.484309911727905273e+00
-2.928699970245361328e+00
-2.012980222702026367e+00
1.493849009275436401e-01
6.569403409957885742e-01
3.963383138179779053e-01
-4.084680080413818359e-01
-3.121357783675193787e-02
-1.271259854547679424e-03
-1.126210093498229980e+00
-2.818117141723632812e+00
-3.900857686996459961e+00
-6.037768363952636719e+00
-7.755554199218750000e+00
-7.297656536102294922e+00
-8.123245239257812500e+00
-8.889724731445312500e+00
-8.352439880371093750e+00
-4.631446361541748047e+00
-2.776721239089965820e+00
-2.241089344024658203e+00
-1.272639513015747070e+00
-1.376610994338989258e+00
-7.382114529609680176e-01
-6.025864928960800171e-02
2.905719280242919922e-01
-7.741044759750366211e-01
-2.374095320701599121e-01
-2.895959913730621338e-01
1.730708241462707520e+00
2.511003017425537109e+00
3.746123790740966797e+00
3.946935892105102539e+00
2.620854139328002930e+00
-1.771953821182250977e+00
-3.996611595153808594e+00
-5.530139446258544922e+00
-4.951106071472167969e+00
-2.713176488876342773e+00
-1.085476398468017578e+00
7.322685122489929199e-01
1.503094196319580078e+00
9.806149005889892578e-01
1.640526890754699707e+00
2.258052110671997070e+00
3.490315198898315430e+00
4.448918342590332031e+00
4.593410968780517578e+00
4.094287395477294922e+00
1.818126440048217773e+00
-1.127343535423278809e+00
-1.348132610321044922e+00
-7.338663935661315918e-01
3.606212139129638672e+00
6.576924324035644531e+00
7.351789474487304688e+00
9.505842208862304688e+00
8.066246986389160156e+00
5.799723148345947266e+00
4.046727657318115234e+00
3.748390913009643555e+00
6.505646109580993652e-01
-2.418216466903686523e+00
-4.978168010711669922e+00
-7.705374717712402344e+00
-6.945364952087402344e+00
-3.016921520233154297e+00
1.297205567359924316e+00
4.087887763977050781e+00
4.378384590148925781e+00
2.026518344879150391e+00
7.830384969711303711e-01
-2.383527994155883789e+00
-7.139280796051025391e+00
-9.514761924743652344e+00
-1.047744846343994141e+01
-1.057842254638671875e+01
-1.111369991302490234e+01
-1.042755413055419922e+01
-9.621730804443359375e+00
-8.204122543334960938e+00
-7.287458419799804688e+00
-5.161293029785156250e+00
-4.730032920837402344e+00
-5.437551021575927734e+00
-4.654658794403076172e+00
-3.975052595138549805e+00
-2.750959634780883789e+00
-2.008682489395141602e+00
-1.552864551544189453e+00
-2.604624748229980469e+00
-4.409215927124023438e+00
-7.722259998321533203e+00
-5.505936622619628906e+00
-5.054983139038085938e+00
-4.011912345886230469e+00
-3.915380477905273438e+00
-2.824634313583374023e+00
-2.691168785095214844e+00
-2.156977176666259766e+00
-3.401779174804687500e+00
-3.307442188262939453e+00
-3.395569086074829102e+00
-2.434250116348266602e+00
-3.387493371963500977e+00
-1.755778312683105469e+00
-9.408652186393737793e-01
-4.453562259674072266e+00
-1.100408267974853516e+01
-9.490887641906738281e+00
-6.962956428527832031e+00
-2.245174646377563477e+00
-3.848506212234497070e+00
-6.523667812347412109e+00
-7.940544605255126953e+00
-6.015852928161621094e+00
-3.336558580398559570e+00
-3.399016857147216797e+00
-5.569694042205810547e+00
-6.710571289062500000e+00
-7.106692314147949219e+00
-7.191963672637939453e+00
-6.978919982910156250e+00
-7.170026302337646484e+00
-6.815606594085693359e+00
-7.474525928497314453e+00
-7.671820163726806641e+00
-7.347437858581542969e+00
-7.064614295959472656e+00
-6.654985427856445312e+00
-6.692389011383056641e+00
-6.641831398010253906e+00
-6.480479240417480469e+00
-8.537008285522460938e+00
-9.609782218933105469e+00
-9.659206390380859375e+00
-1.031914043426513672e+01
-1.029493713378906250e+01
-9.270239830017089844e+00
-5.054416656494140625e+00
-2.040938615798950195e+00
-5.796670436859130859e+00
-1.081295490264892578e+01
-9.685630798339843750e+00
-8.263180732727050781e+00
-4.839199542999267578e+00
-1.980676293373107910e+00
-9.136620163917541504e-01
-1.698963522911071777e+00
-2.459800243377685547e+00
-2.910989761352539062e+00
-3.161579847335815430e+00
-2.687438488006591797e+00
-2.923174381256103516e+00
-2.737239599227905273e+00
-2.451417684555053711e+00
-2.264159917831420898e+00
-2.728408098220825195e+00
-3.572035312652587891e+00
-3.687553882598876953e+00
-2.858378887176513672e+00
-1.749662280082702637e+00
5.605722665786743164e-01
3.359730958938598633e+00
5.525803565979003906e+00
5.721467494964599609e+00
4.146614551544189453e+00
4.402753829956054688e+00
4.557305812835693359e+00
5.060752868652343750e+00
5.615701198577880859e+00
5.816987514495849609e+00
6.154402256011962891e+00
4.488826274871826172e+00
1.916997551918029785e+00
5.526615977287292480e-01
-6.110745668411254883e-01
-1.165125608444213867e+00
-2.594412565231323242e-01
-1.014175266027450562e-01
1.209574818611145020e+00
-3.471665084362030029e-01
-2.610220909118652344e+00
-3.242599010467529297e+00
-3.625072002410888672e+00
-4.626109123229980469e+00
-6.869350910186767578e+00
-9.673634529113769531e+00
-7.610165119171142578e+00
3.132415115833282471e-01
4.543893337249755859e+00
-2.380953073501586914e+00
-6.778249263763427734e+00
-2.886644124984741211e+00
1.557145953178405762e+00
2.370690107345581055e+00
5.379739403724670410e-01
-4.200706005096435547e+00
-2.421546220779418945e+00
5.159813404083251953e+00
7.475288867950439453e+00
5.618888854980468750e+00
4.168268680572509766e+00
2.659628152847290039e+00
7.647612690925598145e-01
-3.304395675659179688e+00
-4.701224327087402344e+00
-5.418862700462341309e-01
6.590527057647705078e+00
6.331459999084472656e+00
3.785771846771240234e+00
1.947270393371582031e+00
1.004889965057373047e+00
-8.128309845924377441e-01
-4.337473586201667786e-02
2.531759500503540039e+00
5.393258571624755859e+00
4.815593719482421875e+00
1.545433878898620605e+00
-2.076784133911132812e+00
-4.264180183410644531e+00
-6.125373840332031250e+00
-6.017010211944580078e+00
-6.352729320526123047e+00
-6.883519172668457031e+00
-9.044868469238281250e+00
-1.099449825286865234e+01
-1.143985271453857422e+01
-8.847882270812988281e+00
-7.347247123718261719e+00
-4.977387905120849609e+00
-2.608473300933837891e+00
7.627776265144348145e-01
2.443490982055664062e+00
4.420841217041015625e+00
4.959095954895019531e+00
6.199835300445556641e+00
1.622107982635498047e+00
-6.926367878913879395e-01
-1.826903581619262695e+00
1.607113242149353027e+00
3.185910463333129883e+00
3.792171478271484375e+00
8.636789917945861816e-01
-1.779972016811370850e-01
6.049047224223613739e-03
-4.362615048885345459e-01
-2.423506259918212891e+00
-3.184697628021240234e+00
-3.162123203277587891e+00
-2.439398288726806641e+00
-7.088595032691955566e-01
2.865116119384765625e+00
3.718897581100463867e+00
3.587415456771850586e+00
5.260950565338134766e+00
1.031962108612060547e+01
1.067862224578857422e+01
1.112515926361083984e+01
1.175477695465087891e+01
9.433914184570312500e+00
4.407877922058105469e+00
2.107679367065429688e+00
3.116059780120849609e+00
1.944129586219787598e+00
2.663855552673339844e+00
6.513852119445800781e+00
8.019494056701660156e+00
7.043983936309814453e+00
5.708739280700683594e+00
4.175163269042968750e+00
2.138235092163085938e+00
3.787222802639007568e-01
-7.358501553535461426e-01
-1.631734848022460938e+00
2.406181097030639648e+00
4.596363067626953125e+00
3.953051567077636719e+00
-1.236992515623569489e-02
-7.624615669250488281e+00
-9.822519302368164062e+00
-7.886919021606445312e+00
-7.307221889495849609e+00
-5.655057907104492188e+00
-4.130620956420898438e+00
-2.793747901916503906e+00
-1.290656924247741699e+00
-6.708176136016845703e-01
-1.209448814392089844e+00
-2.305248022079467773e+00
-2.324729681015014648e+00
-2.567290782928466797e+00
-2.523628950119018555e+00
-2.380174636840820312e+00
-6.448186635971069336e-01
2.236503511667251587e-01
9.274838566780090332e-01
5.653658509254455566e-01
9.057827591896057129e-01
6.129478216171264648e-01
-8.282982707023620605e-01
-3.824491024017333984e+00
-6.156189918518066406e+00
-7.542653083801269531e+00
-8.240865707397460938e+00
-8.948312759399414062e+00
-5.666580677032470703e+00
-2.215704679489135742e+00
-1.735564827919006348e+00
-4.806756496429443359e+00
-7.359528064727783203e+00
-8.205892562866210938e+00
-8.142797470092773438e+00
-7.635525703430175781e+00
-8.354896545410156250e+00
-9.732431411743164062e+00
-8.389750480651855469e+00
-5.208614826202392578e+00
-3.333180904388427734e+00
-1.077164053916931152e+00
-8.256769180297851562e-01
-1.098912239074707031e+00
-4.617230892181396484e+00
-5.772016525268554688e+00
-5.899200916290283203e+00
-6.162306308746337891e+00
-8.356644630432128906e+00
-9.774134635925292969e+00
-9.395889282226562500e+00
-7.511033058166503906e+00
-4.678318977355957031e+00
-3.253673791885375977e+00
-2.810347795486450195e+00
-4.314312458038330078e+00
-3.383667230606079102e+00
-1.148997545242309570e+00
2.709807872772216797e+00
4.668102741241455078e+00
3.214978218078613281e+00
-1.006133794784545898e+00
-4.229774475097656250e+00
-9.078066349029541016e-01
6.421818733215332031e-01
7.458227276802062988e-01
-1.733817577362060547e+00
-6.344486713409423828e+00
-3.482609510421752930e+00
2.747991561889648438e+00
6.842698097229003906e+00
9.650193214416503906e+00
9.173809051513671875e+00
8.992996215820312500e+00
9.837072372436523438e+00
1.144144058227539062e+01
9.370767593383789062e+00
6.606112480163574219e+00
4.830163955688476562e+00
3.292337417602539062e+00
2.396027326583862305e+00
1.115450024604797363e+00
-4.443733394145965576e-02
-1.125430822372436523e+00
-8.278728723526000977e-01
-1.590953469276428223e+00
-2.527596235275268555e+00
-2.408180952072143555e+00
-1.283879756927490234e+00
1.298787713050842285e+00
3.449936151504516602e+00
2.604655504226684570e+00
1.953598737716674805e+00
1.268136858940124512e+00
-1.547433376312255859e+00
-2.101059675216674805e+00
-1.430757641792297363e+00
-3.010002374649047852e+00
-3.522588014602661133e+00
1.951006501913070679e-01
4.074095726013183594e+00
6.333373069763183594e+00
6.683256626129150391e+00
7.340219497680664062e+00
7.362794876098632812e+00
6.110482215881347656e+00
3.889766693115234375e+00
-2.410518169403076172e+00
-1.027127742767333984e+01
-1.349368667602539062e+01
-1.301872062683105469e+01
-1.241536331176757812e+01
-1.130447673797607422e+01
-4.930916786193847656e+00
1.393644809722900391e+00
-2.897600889205932617e+00
-6.931006908416748047e+00
-6.463854312896728516e+00
-6.099682807922363281e+00
-8.624188423156738281e+00
-1.143090248107910156e+01
-1.029096984863281250e+01
-8.927791595458984375e+00
-2.484288454055786133e+00
-1.248246550559997559e+00
2.021299600601196289e+00
2.914611101150512695e+00
2.819517374038696289e+00
2.973124742507934570e+00
3.518888235092163086e+00
2.232218503952026367e+00
4.997068271040916443e-02
-9.404874444007873535e-01
-2.961499929428100586e+00
-3.578789472579956055e+00
-2.676197052001953125e+00
-4.207235574722290039e-01
1.677577018737792969e+00
2.051714420318603516e+00
-2.788646936416625977e+00
-8.443942070007324219e+00
-9.466989517211914062e+00
-8.102134704589843750e+00
-7.491577148437500000e+00
-6.854993820190429688e+00
-5.042444705963134766e+00
-4.068445205688476562e+00
-5.052008152008056641e+00
-7.134181022644042969e+00
-3.241182088851928711e+00
3.780789375305175781e+00
4.886057376861572266e+00
3.389578819274902344e+00
2.214224576950073242e+00
1.352632904052734375e+01
9.572337150573730469e+00
1.695982217788696289e-01
2.254297733306884766e+00
9.137301445007324219e+00
4.911584377288818359e+00
2.862163782119750977e+00
4.020115375518798828e+00
8.694426536560058594e+00
8.720541000366210938e+00
8.560013771057128906e+00
1.143336772918701172e+01
9.967256546020507812e+00
8.162473678588867188e+00
5.503323078155517578e+00
6.005165576934814453e+00
6.067173480987548828e+00
5.482873916625976562e+00
2.417090415954589844e+00
-2.766544580459594727e+00
-3.270628213882446289e+00
2.549139261245727539e+00
7.576995849609375000e+00
9.025702476501464844e+00
2.480234146118164062e+00
-2.454251527786254883e+00
-1.772544145584106445e+00
-1.499521255493164062e+00
-2.509649515151977539e+00
-5.363214492797851562e+00
-9.474426269531250000e+00
-1.519027137756347656e+01
-1.370349884033203125e+01
-1.027125167846679688e+01
-9.366725921630859375e+00
-9.477094650268554688e+00
-1.103612899780273438e+01
-1.231554985046386719e+01
-1.178027343750000000e+01
-1.081075763702392578e+01
-9.382287025451660156e+00
-8.389514923095703125e+00
-6.833481311798095703e+00
-4.775773525238037109e+00
-1.112514019012451172e+00
1.628389596939086914e+00
4.316987991333007812e+00
4.893306732177734375e+00
1.493932247161865234e+00
-5.519514083862304688e+00
-1.210956478118896484e+01
-1.065535545349121094e+01
-6.141808032989501953e+00
-4.011323928833007812e+00
-3.737568140029907227e+00
-2.953352928161621094e+00
-2.807301521301269531e+00
-4.099874973297119141e+00
-5.982464313507080078e+00
-8.541822433471679688e+00
-1.186705017089843750e+01
-8.117908477783203125e+00
-2.995480298995971680e+00
-7.582583904266357422e+00
-1.318354511260986328e+01
-1.060319232940673828e+01
3.182745933532714844e+00
7.049155712127685547e+00
9.737905263900756836e-01
-3.145215034484863281e+00
-2.416918039321899414e+00
-8.739673495292663574e-01
-1.172280788421630859e+00
-2.487168312072753906e+00
-4.373464584350585938e+00
-4.597913742065429688e+00
2.739242613315582275e-01
3.722581386566162109e+00
4.419282913208007812e+00
1.885000944137573242e+00
-2.729942560195922852e+00
-5.356955528259277344e+00
-7.989614486694335938e+00
-7.751659393310546875e+00
-6.544024467468261719e+00
-7.229568958282470703e-01
2.207991123199462891e+00
3.361172437667846680e+00
2.508334398269653320e+00
3.057555258274078369e-01
-4.774593353271484375e+00
-4.313249588012695312e+00
2.514380693435668945e+00
4.935599803924560547e+00
4.147558689117431641e+00
-3.090305924415588379e-01
-5.681410789489746094e+00
-7.430343151092529297e+00
-8.447438240051269531e+00
-1.045381069183349609e+01
-1.186124038696289062e+01
-1.221008586883544922e+01
-9.794844627380371094e+00
-3.968960523605346680e+00
-2.371697425842285156e+00
-3.834668159484863281e+00
-1.150650501251220703e+00
-1.569336354732513428e-01
2.058231592178344727e+00
1.481097340583801270e-01
-1.248553037643432617e+00
-9.706422090530395508e-01
1.153374195098876953e+00
6.593619823455810547e+00
8.687222480773925781e+00
8.348364830017089844e+00
6.430425643920898438e+00
4.366034030914306641e+00
3.989937305450439453e+00
3.918882608413696289e+00
3.563589334487915039e+00
6.164721965789794922e+00
7.351266860961914062e+00
7.083205699920654297e+00
1.022294521331787109e+01
8.717376708984375000e+00
2.769409179687500000e+00
-2.196517735719680786e-01
-3.189136981964111328e+00
-5.596093654632568359e+00
-4.146937370300292969e+00
4.494138717651367188e+00
5.309572219848632812e+00
2.026848793029785156e+00
-1.205434441566467285e+00
-2.150082111358642578e+00
-2.067953348159790039e+00
-6.412531733512878418e-01
-1.022521734237670898e+00
-1.483322024345397949e+00
-2.100233316421508789e+00
-4.689536571502685547e+00
-5.871833324432373047e+00
-6.250999450683593750e+00
-4.403454303741455078e+00
-3.749375104904174805e+00
-3.357079029083251953e+00
-3.346050977706909180e+00
-5.563814163208007812e+00
-6.837921619415283203e+00
-7.591886997222900391e+00
-7.726957321166992188e+00
-7.883423328399658203e+00
-7.625252246856689453e+00
-6.747409343719482422e+00
-6.611724853515625000e+00
-6.907462596893310547e+00
-7.101167678833007812e+00
-6.238554954528808594e+00
-5.506550788879394531e+00
-6.395894050598144531e+00
-9.916762351989746094e+00
-1.035666656494140625e+01
-8.982976913452148438e+00
-3.149418354034423828e+00
-2.664721250534057617e+00
-6.877638816833496094e+00
-5.454010009765625000e+00
-4.430799007415771484e+00
-2.627710700035095215e-01
3.215095996856689453e+00
6.920505046844482422e+00
1.033171176910400391e+01
9.140395164489746094e+00
2.725959539413452148e+00
-2.137684822082519531e+00
2.364597797393798828e+00
4.223571777343750000e+00
3.920913219451904297e+00
9.819608926773071289e-01
3.357652187347412109e+00
1.229921531677246094e+01
1.157205104827880859e+01
8.730953216552734375e+00
9.145850181579589844e+00
1.060931682586669922e+01
7.212917327880859375e+00
1.665297746658325195e+00
-1.995789289474487305e+00
3.575750589370727539e+00
8.491793632507324219e+00
7.678085803985595703e+00
8.387585639953613281e+00
1.199648475646972656e+01
1.278030014038085938e+01
1.340500354766845703e+01
1.332197761535644531e+01
8.491580963134765625e+00
6.678369998931884766e+00
1.042024135589599609e+01
1.562779712677001953e+01
1.503627014160156250e+01
1.432095909118652344e+01
8.596850395202636719e+00
5.103847503662109375e+00
1.076441192626953125e+01
1.096642875671386719e+01
6.293133258819580078e+00
7.929170608520507812e+00
1.423266696929931641e+01
1.171678161621093750e+01
1.294395446777343750e+00
-5.416038036346435547e+00
-2.984039485454559326e-01
-2.834174633026123047e+00
-5.604878425598144531e+00
-8.054574966430664062e+00
-9.647138595581054688e+00
-1.335953998565673828e+01
-6.981115341186523438e+00
1.161803960800170898e+00
8.444660186767578125e+00
1.370619583129882812e+01
1.367795562744140625e+01
7.408509254455566406e+00
-1.198490715026855469e+01
-7.311827659606933594e+00
6.825155258178710938e+00
7.513921260833740234e+00
7.591634750366210938e+00
9.364489555358886719e+00
9.239004135131835938e+00
7.402889728546142578e+00
7.519187927246093750e+00
6.450259685516357422e+00
5.239698886871337891e+00
1.203222751617431641e+00
-3.245952844619750977e+00
-6.417335033416748047e+00
-5.448885917663574219e+00
-2.157000303268432617e+00
-1.363930583000183105e+00
-3.065093755722045898e+00
-6.002702236175537109e+00
-2.802744388580322266e+00
9.447564125061035156e+00
1.087823104858398438e+01
9.590474128723144531e+00
2.430337667465209961e+00
3.384974479675292969e+00
4.631831169128417969e+00
-4.805502891540527344e+00
-9.344787597656250000e+00
2.717481136322021484e+00
1.037022686004638672e+01
1.312763309478759766e+01
9.740232467651367188e+00
-3.655792951583862305e+00
-4.353156566619873047e+00
8.322388648986816406e+00
1.292731857299804688e+01
9.467304229736328125e+00
7.288244724273681641e+00
6.909904003143310547e+00
6.292024135589599609e+00
3.553789138793945312e+00
3.388893842697143555e+00
1.724875450134277344e+00
4.315227568149566650e-01
-1.584247708320617676e+00
-2.587798833847045898e-01
-3.299272298812866211e+00
-6.617887973785400391e+00
-7.457477092742919922e+00
-5.359791755676269531e+00
-2.100705385208129883e+00
1.852743983268737793e+00
3.893686771392822266e+00
5.930543422698974609e+00
7.319934368133544922e+00
7.407472133636474609e+00
2.371445417404174805e+00
6.164663434028625488e-01
1.072519779205322266e+00
1.721593141555786133e+00
1.781454443931579590e+00
5.856266617774963379e-01
-1.108712553977966309e+00
-2.117754459381103516e+00
-2.938145875930786133e+00
-5.418943881988525391e+00
-8.522933006286621094e+00
-9.233566284179687500e+00
-1.169969940185546875e+01
-1.098951339721679688e+01
-1.095134377479553223e+00
1.137080192565917969e+00
-1.298485547304153442e-01
-1.157091140747070312e+01
-4.131045818328857422e+00
1.447253799438476562e+01
1.327640247344970703e+01
1.713256263732910156e+01
1.739673042297363281e+01
1.146479892730712891e+01
2.264370322227478027e-01
-4.690692424774169922e+00
2.532870531082153320e+00
3.953713655471801758e+00
7.687838554382324219e+00
1.092189121246337891e+01
9.887227058410644531e+00
9.414622306823730469e+00
8.461757659912109375e+00
7.231665134429931641e+00
6.417415142059326172e+00
7.110455989837646484e+00
9.647336959838867188e+00
1.096571922302246094e+01
8.779999732971191406e+00
7.430364489555358887e-01
-9.705562591552734375e+00
-1.032927227020263672e+01
-2.972503900527954102e+00
-2.068531811237335205e-01
-1.684228539466857910e+00
-5.825076580047607422e+00
-4.963479518890380859e+00
8.571869730949401855e-01
8.440432548522949219e+00
7.518739223480224609e+00
4.954537868499755859e+00
3.322975337505340576e-01
-4.838255882263183594e+00
-4.526387691497802734e+00
6.158758997917175293e-01
5.113885402679443359e+00
9.249938011169433594e+00
9.251427650451660156e+00
9.899035453796386719e+00
8.345952987670898438e+00
6.333136081695556641e+00
1.325825452804565430e+00
-5.425035953521728516e+00
-5.734825134277343750e+00
1.590134859085083008e+00
7.457247734069824219e+00
7.165523052215576172e+00
7.445370197296142578e+00
6.994983196258544922e+00
6.919868946075439453e+00
6.656836032867431641e+00
5.402137279510498047e+00
3.393781900405883789e+00
1.134034156799316406e+00
2.197388172149658203e+00
9.819883346557617188e+00
9.507353782653808594e+00
6.620893478393554688e+00
-2.318839728832244873e-01
-4.572009086608886719e+00
-4.757908582687377930e-01
7.779411792755126953e+00
1.155786037445068359e+01
1.248491477966308594e+01
9.611205101013183594e+00
1.614150047302246094e+00
-1.015530967712402344e+01
-2.767158985137939453e+00
5.455764293670654297e+00
7.747488021850585938e+00
8.898305892944335938e+00
6.148403167724609375e+00
4.198801040649414062e+00
3.894229888916015625e+00
5.746048450469970703e+00
8.720917701721191406e+00
6.172514438629150391e+00
3.086283445358276367e+00
6.242588162422180176e-01
-1.781399250030517578e+00
-5.935377597808837891e+00
-6.893767833709716797e+00
-1.050321197509765625e+01
-1.039574623107910156e+01
-1.111381912231445312e+01
-8.830124855041503906e+00
-7.826774120330810547e+00
-5.404940605163574219e+00
-2.804609298706054688e+00
-1.909551501274108887e+00
-2.694852590560913086e+00
-3.065448045730590820e+00
-4.654115200042724609e+00
-4.378824710845947266e+00
-3.717402458190917969e+00
-2.100705385208129883e+00
-8.724796175956726074e-01
1.102816343307495117e+00
2.256918907165527344e+00
3.303860902786254883e+00
2.757390022277832031e+00
5.403825044631958008e-01
3.971175253391265869e-01
2.915400266647338867e-01
3.179639577865600586e-01
1.626901745796203613e+00
2.894396781921386719e+00
2.977399587631225586e+00
1.819047451019287109e+00
1.040428876876831055e+00
2.771534204483032227e+00
3.181965827941894531e+00
1.671272039413452148e+00
1.564820647239685059e+00
8.761711120605468750e-01
-1.005236625671386719e+00
-3.385415554046630859e+00
-5.868573665618896484e+00
-8.872700691223144531e+00
-1.161584568023681641e+01
-1.359985542297363281e+01
-1.200771617889404297e+01
-9.842757225036621094e+00
-4.185215950012207031e+00
4.149456918239593506e-01
4.872267246246337891e+00
6.692727565765380859e+00
5.803667545318603516e+00
3.517873287200927734e+00
1.228205919265747070e+00
-6.543102741241455078e+00
-1.370737075805664062e+01
-1.063511943817138672e+01
-2.177851915359497070e+00
3.758049488067626953e+00
1.926914930343627930e+00
-7.630534172058105469e-01
-3.233223915100097656e+00
1.387008905410766602e+00
4.690086364746093750e+00
8.085683822631835938e+00
8.188285827636718750e+00
3.165130138397216797e+00
-7.797043323516845703e+00
-8.028624534606933594e+00
7.520802617073059082e-01
-2.726046562194824219e+00
-6.156118392944335938e+00
-4.850746631622314453e+00
-2.402017354965209961e+00
2.348917484283447266e+00
7.274548530578613281e+00
7.403975486755371094e+00
5.331485748291015625e+00
2.773517847061157227e+00
2.418330013751983643e-01
-2.623869180679321289e+00
-4.995169639587402344e+00
-5.785383224487304688e+00
-4.541548252105712891e+00
2.819528281688690186e-01
4.007883071899414062e+00
4.792665004730224609e+00
1.308185935020446777e+00
-6.416413307189941406e+00
-1.068983173370361328e+01
-1.097761249542236328e+01
-9.190214157104492188e+00
-6.756430625915527344e+00
-4.233222484588623047e+00
-1.760713815689086914e+00
6.758312582969665527e-01
4.022713184356689453e+00
5.667793750762939453e+00
5.381900310516357422e+00
5.976826667785644531e+00
4.569513320922851562e+00
3.372931718826293945e+00
1.559342384338378906e+00
1.747933626174926758e-01
-1.541057825088500977e+00
-1.359113216400146484e+00
-1.455764651298522949e+00
-2.475362300872802734e+00
-6.015851974487304688e+00
-1.064413833618164062e+01
-1.356492996215820312e+01
-1.095026779174804688e+01
-7.153259754180908203e+00
-3.133573770523071289e+00
3.898915052413940430e-01
2.139416217803955078e+00
3.391444921493530273e+00
3.235450983047485352e+00
2.786718368530273438e+00
1.888093829154968262e+00
2.455439805984497070e+00
4.530764579772949219e+00
4.170535087585449219e+00
4.279253005981445312e+00
7.858541965484619141e+00
8.713573455810546875e+00
7.552646636962890625e+00
4.555298805236816406e+00
2.525301277637481689e-01
-9.785768389701843262e-01
3.423793077468872070e+00
5.489344120025634766e+00
5.003679275512695312e+00
4.989886760711669922e+00
1.137135887145996094e+01
1.926987266540527344e+01
1.695293426513671875e+01
1.546988964080810547e+01
9.943335533142089844e+00
8.234071731567382812e+00
6.440861701965332031e+00
4.936567783355712891e+00
2.364361763000488281e+00
-3.447519779205322266e+00
-9.543427467346191406e+00
-1.075297451019287109e+01
4.862633228302001953e+00
1.075841331481933594e+01
6.122784614562988281e+00
3.156439304351806641e+00
3.483373165130615234e+00
2.849342584609985352e+00
1.696421027183532715e+00
4.201307520270347595e-02
-2.224914312362670898e+00
-5.289893627166748047e+00
-7.802310466766357422e+00
-8.479885101318359375e+00
-3.146420240402221680e+00
1.810735106468200684e+00
6.615651607513427734e+00
8.154304504394531250e+00
9.093993186950683594e+00
8.196667671203613281e+00
6.561788558959960938e+00
5.101722240447998047e+00
3.463891983032226562e+00
2.403513669967651367e+00
2.327500104904174805e+00
2.015727043151855469e+00
1.328706264495849609e+00
2.578987598419189453e+00
1.949254274368286133e+00
1.209173202514648438e+00
1.052093982696533203e+00
2.568277418613433838e-01
3.877428770065307617e-01
-6.388208866119384766e-01
5.079135298728942871e-01
3.007494509220123291e-01
2.124066829681396484e+00
3.100710630416870117e+00
4.464220046997070312e+00
5.053337574005126953e+00
4.810280799865722656e+00
4.228318214416503906e+00
3.970691442489624023e+00
1.251229286193847656e+00
9.078137874603271484e-01
3.121313452720642090e-01
-1.877814292907714844e+00
-3.622332811355590820e+00
-3.724792718887329102e+00
-3.398851871490478516e+00
-2.086655139923095703e+00
-1.000867962837219238e+00
7.545361518859863281e-01
2.619555711746215820e+00
3.692024707794189453e+00
4.461080074310302734e+00
2.771298646926879883e+00
2.262066125869750977e+00
2.665720939636230469e+00
2.839495182037353516e+00
1.089380145072937012e+00
2.102082014083862305e+00
9.305773377418518066e-01
1.026473164558410645e+00
-4.989089667797088623e-01
-1.843550801277160645e+00
-2.495836019515991211e+00
-2.227581977844238281e+00
-2.347800493240356445e+00
-1.160166859626770020e+00
-5.988664031028747559e-01
2.678190916776657104e-02
-8.883243203163146973e-01
-1.541435360908508301e+00
-2.223780393600463867e+00
-2.484571695327758789e+00
-2.784372806549072266e+00
-3.675771236419677734e+00
-4.489124774932861328e+00
-5.144337654113769531e+00
-6.333104133605957031e+00
-5.680253028869628906e+00
-5.459135532379150391e+00
-5.010070323944091797e+00
-5.086862087249755859e+00
-4.444376945495605469e+00
-4.288691520690917969e+00
-4.309234619140625000e+00
-4.592198848724365234e+00
-4.115531444549560547e+00
-3.370302677154541016e+00
-2.532979249954223633e+00
-3.144695997238159180e+00
-2.830867767333984375e+00
-2.787584066390991211e+00
-1.397367596626281738e+00
-4.627325534820556641e-01
-8.117920756340026855e-01
-4.200233459472656250e+00
-6.054154396057128906e+00
-3.638886213302612305e+00
2.516764640808105469e+00
2.411376476287841797e+00
-1.474372386932373047e+00
-4.111186027526855469e+00
-3.351529598236083984e+00
2.288136243820190430e+00
9.082373619079589844e+00
1.083041095733642578e+01
1.015460872650146484e+01
8.869638442993164062e+00
7.785222053527832031e+00
2.838574171066284180e+00
-3.626513004302978516e+00
-6.503949642181396484e+00
-2.820053339004516602e+00
2.355459213256835938e+00
3.732262611389160156e+00
1.553864002227783203e+00
4.579467177391052246e-01
2.761616468429565430e+00
3.298996448516845703e+00
1.313144445419311523e+00
1.167896389961242676e+00
-3.000438928604125977e+00
-5.717090606689453125e+00
-5.181318283081054688e+00
-4.111208915710449219e+00
-6.976936340332031250e+00
-8.316926002502441406e+00
-2.470615863800048828e+00
-3.740638017654418945e+00
-6.637463569641113281e+00
-6.787388324737548828e+00
-5.175579071044921875e+00
-3.362793207168579102e+00
-2.545070409774780273e+00
-1.060304045677185059e+00
1.701001644134521484e+00
4.896518707275390625e+00
4.751954078674316406e+00
1.464910984039306641e+00
2.477754831314086914e+00
3.751318931579589844e+00
6.349524021148681641e+00
7.183870315551757812e+00
8.363170623779296875e+00
9.457126617431640625e+00
9.156311035156250000e+00
9.105493545532226562e+00
7.512269020080566406e+00
1.879262804985046387e+00
-2.746354103088378906e+00
-4.938685417175292969e+00
-5.657323837280273438e+00
-3.413161993026733398e+00
-6.255818367004394531e+00
-1.139954376220703125e+01
-1.607919311523437500e+01
-1.897717285156250000e+01
-1.271693801879882812e+01
-7.529074192047119141e+00
-3.746989965438842773e+00
2.807639598846435547e+00
-8.618660271167755127e-02
-6.956154823303222656e+00
-7.442339897155761719e+00
-6.893790721893310547e+00
-1.980392813682556152e+00
2.346603631973266602e+00
2.692593336105346680e+00
2.157858371734619141e+00
2.216397285461425781e+00
4.334826469421386719e-01
6.801056861877441406e-01
-3.101404011249542236e-01
5.341956615447998047e-01
1.061657547950744629e+00
1.271986007690429688e+00
7.403208017349243164e-01
-7.547173500061035156e-01
-8.495743274688720703e-01
-2.582604587078094482e-01
-7.852500677108764648e-01
-5.665861964225769043e-01
-6.518557071685791016e-01
4.989639520645141602e-01
-4.329083859920501709e-01
1.420446157455444336e+00
2.320652246475219727e+00
3.649070978164672852e+00
2.884407997131347656e+00
2.043567419052124023e+00
7.636983394622802734e-01
2.346307039260864258e-01
-9.684226512908935547e-01
-2.320492118597030640e-01
8.545172214508056641e-01
-3.851140141487121582e-01
-2.531350612640380859e+00
-3.824655532836914062e+00
-3.390208482742309570e+00
-3.627220869064331055e+00
-4.384374618530273438e+00
-5.509526729583740234e+00
-3.620419502258300781e+00
-2.873774766921997070e+00
-3.870490550994873047e+00
-4.961047172546386719e+00
-4.957646846771240234e+00
-6.071960926055908203e+00
-9.339828491210937500e+00
-9.154814720153808594e+00
-5.860898971557617188e+00
-4.655531406402587891e+00
-4.983811378479003906e+00
-3.975099563598632812e+00
-3.504618167877197266e+00
-4.721367359161376953e+00
-5.895115375518798828e+00
-4.855942249298095703e+00
-3.110455989837646484e+00
-1.958502888679504395e+00
-2.464771568775177002e-01
-4.026119410991668701e-01
1.975808292627334595e-01
-8.936141133308410645e-01
-7.808107137680053711e-01
-2.060986757278442383e+00
-1.028897523880004883e+00
-1.073918119072914124e-01
1.425522923469543457e+00
2.137621402740478516e+00
2.870216846466064453e+00
4.038014888763427734e+00
4.560328960418701172e+00
4.991186618804931641e+00
3.722510099411010742e+00
4.379376411437988281e+00
5.985282421112060547e+00
5.961715221405029297e+00
4.679035186767578125e+00
5.107152938842773438e+00
6.902253627777099609e+00
6.259389400482177734e+00
5.290326595306396484e+00
5.472033977508544922e+00
8.139618873596191406e+00
6.420696258544921875e+00
4.618796348571777344e+00
4.619457244873046875e+00
6.519024372100830078e+00
4.495745182037353516e+00
1.763460516929626465e+00
1.811869144439697266e+00
2.626096963882446289e+00
1.648755818605422974e-01
-2.136409759521484375e+00
-3.034136295318603516e+00
-3.271525621414184570e+00
-3.696338415145874023e+00
-3.526129484176635742e+00
-3.280239343643188477e+00
-3.755727767944335938e+00
-3.891955614089965820e+00
-3.602190017700195312e+00
-3.816273212432861328e+00
-6.047023773193359375e+00
-5.747719287872314453e+00
-5.074298858642578125e+00
-4.487732410430908203e+00
-4.246256828308105469e+00
-3.848080635070800781e+00
-1.839725255966186523e+00
-1.459731936454772949e+00
-1.281588912010192871e+00
-1.463415622711181641e+00
-1.414416670799255371e+00
-8.476141095161437988e-01
-2.002660989761352539e+00
-2.640493392944335938e+00
-3.571091413497924805e+00
-4.872897148132324219e+00
-8.948548316955566406e+00
-9.250570297241210938e+00
-8.485269546508789062e+00
-8.800984382629394531e+00
-7.719636440277099609e+00
-9.171557426452636719e+00
-9.941863059997558594e+00
-1.127205371856689453e+01
-9.973036766052246094e+00
-6.333601951599121094e+00
-6.906141757965087891e+00
-6.747385978698730469e+00
-4.860925197601318359e+00
-4.324891090393066406e+00
-6.361653804779052734e+00
-6.936225891113281250e+00
-1.015072822570800781e+01
-8.629902839660644531e+00
-9.378083229064941406e+00
-1.005882263183593750e+01
-1.077576255798339844e+01
-1.033614349365234375e+01
-9.586615562438964844e+00
-4.910111904144287109e+00
-2.932667493820190430e+00
-1.279463887214660645e+00
-1.581437468528747559e+00
-1.758116126060485840e+00
-2.997983217239379883e+00
-2.782956123352050781e+00
-4.510708332061767578e+00
-5.748828887939453125e+00
-9.531621932983398438e+00
-7.578521728515625000e+00
-6.815464019775390625e+00
-6.354569435119628906e+00
-7.874755859375000000e+00
-4.624716281890869141e+00
-2.364884018898010254e-01
-1.534658432006835938e+00
-3.206752777099609375e+00
-1.452742099761962891e+00
1.355768084526062012e+00
4.005073070526123047e+00
5.914110183715820312e+00
5.562404155731201172e+00
2.152190923690795898e+00
-2.834565639495849609e-01
-2.066299915313720703e+00
-3.770179510116577148e+00
-6.668066501617431641e+00
-9.486966133117675781e+00
-1.373679351806640625e+01
-1.305846309661865234e+01
-1.017301750183105469e+01
-9.323441505432128906e+00
-1.126322174072265625e+01
-8.618097305297851562e+00
-6.765969753265380859e+00
-5.214376449584960938e+00
-5.005111217498779297e+00
-4.427659034729003906e+00
-3.995005846023559570e+00
-3.522635221481323242e+00
-3.216316938400268555e+00
-3.296225547790527344e+00
-2.677850723266601562e+00
-2.644555568695068359e+00
-3.298776388168334961e+00
-3.147836446762084961e+00
-1.903482675552368164e+00
-1.650531411170959473e+00
-2.129773855209350586e+00
-2.432715654373168945e+00
-1.176247596740722656e+00
-2.824174761772155762e-01
-1.521340489387512207e+00
-2.271433353424072266e+00
-1.912432074546813965e+00
-1.845628619194030762e+00
-1.260053277015686035e+00
-5.014592409133911133e-01
7.697671651840209961e-01
3.993844091892242432e-01
-6.075798273086547852e-01
-1.238588571548461914e+00
-1.358806133270263672e+00
-2.087505102157592773e+00
-5.014131069183349609e+00
-5.864913463592529297e+00
-3.891058921813964844e+00
-3.245432853698730469e+00
-4.589058876037597656e+00
-4.016211032867431641e+00
-3.125096321105957031e+00
-4.632035732269287109e+00
-6.773054122924804688e+00
