-2.339843750000000000e+00
-6.750000000000000000e+00
-8.234375000000000000e+00
-1.021875000000000000e+01
-7.664062500000000000e+00
-6.218750000000000000e+00
-5.113281250000000000e+00
-5.683593750000000000e+00
-4.664062500000000000e+00
-3.845703125000000000e+00
-4.488281250000000000e+00
-5.515625000000000000e+00
-5.984375000000000000e+00
-5.070312500000000000e+00
-4.562500000000000000e+00
-3.763671875000000000e+00
-2.732421875000000000e+00
3.769531250000000000e-01
5.219726562500000000e-01
1.385742187500000000e+00
-7.629394531250000000e-02
-5.981445312500000000e-01
-3.972167968750000000e-01
-1.619873046875000000e-01
-1.126953125000000000e+00
-1.447265625000000000e+00
-7.114257812500000000e-01
8.452148437500000000e-01
2.904296875000000000e+00
4.992187500000000000e+00
6.050781250000000000e+00
6.843750000000000000e+00
6.417968750000000000e+00
5.667968750000000000e+00
5.781250000000000000e+00
6.535156250000000000e+00
5.593750000000000000e+00
5.726562500000000000e+00
5.566406250000000000e+00
4.914062500000000000e+00
1.719726562500000000e+00
-3.839843750000000000e+00
-8.359375000000000000e+00
-1.136718750000000000e+01
-9.976562500000000000e+00
-8.968750000000000000e+00
-8.148437500000000000e+00
-8.046875000000000000e+00
-6.921875000000000000e+00
-5.402343750000000000e+00
-4.289062500000000000e+00
-5.843750000000000000e+00
-4.484375000000000000e+00
-3.564453125000000000e+00
-2.697265625000000000e+00
-3.658203125000000000e+00
-3.855468750000000000e+00
-2.156250000000000000e+00
-2.111328125000000000e+00
-2.910156250000000000e+00
-3.498046875000000000e+00
-2.144531250000000000e+00
-2.232421875000000000e+00
-2.953125000000000000e+00
-2.435546875000000000e+00
-1.008789062500000000e+00
-6.391601562500000000e-01
-4.958496093750000000e-01
2.939453125000000000e-01
-6.280517578125000000e-02
3.056640625000000000e-01
-8.510742187500000000e-01
-2.271484375000000000e+00
-4.167968750000000000e+00
-4.421875000000000000e+00
-5.917968750000000000e+00
-4.585937500000000000e+00
-2.205078125000000000e+00
-1.208007812500000000e+00
-2.667968750000000000e+00
-3.308593750000000000e+00
-3.091796875000000000e+00
-3.751953125000000000e+00
-5.828125000000000000e+00
-4.335937500000000000e+00
-2.761718750000000000e+00
-1.587890625000000000e+00
-2.280273437500000000e-01
2.052734375000000000e+00
4.312500000000000000e+00
5.902343750000000000e+00
7.179687500000000000e+00
4.832031250000000000e+00
2.203125000000000000e+00
1.683349609375000000e-01
-1.960937500000000000e+00
-3.230468750000000000e+00
-4.382812500000000000e+00
-5.632812500000000000e+00
-7.355468750000000000e+00
-7.179687500000000000e+00
-5.515625000000000000e+00
-4.218750000000000000e+00
-3.501953125000000000e+00
-3.613281250000000000e+00
-4.527343750000000000e+00
-5.601562500000000000e+00
-6.429687500000000000e+00
-6.000000000000000000e+00
-5.527343750000000000e+00
-5.257812500000000000e+00
-5.917968750000000000e+00
-4.644531250000000000e+00
-4.488281250000000000e+00
-4.164062500000000000e+00
-2.582031250000000000e+00
-2.191406250000000000e+00
-7.973632812500000000e-01
-1.389648437500000000e+00
-1.726562500000000000e+00
-3.322265625000000000e+00
-3.763671875000000000e+00
-4.453125000000000000e+00
-5.429687500000000000e+00
-5.394531250000000000e+00
-3.433593750000000000e+00
-2.236328125000000000e+00
1.618652343750000000e-01
1.316406250000000000e+00
2.275390625000000000e+00
3.433593750000000000e+00
5.082031250000000000e+00
4.445312500000000000e+00
3.234375000000000000e+00
3.255859375000000000e+00
3.400390625000000000e+00
1.455078125000000000e+00
-1.804687500000000000e+00
-2.861328125000000000e+00
-5.792968750000000000e+00
-4.734375000000000000e+00
-4.835937500000000000e+00
-3.912109375000000000e+00
-5.226562500000000000e+00
-5.332031250000000000e+00
-4.394531250000000000e+00
-3.857421875000000000e+00
-3.335937500000000000e+00
-3.216796875000000000e+00
-3.511718750000000000e+00
-3.861328125000000000e+00
-5.199218750000000000e+00
-4.859375000000000000e+00
-6.531250000000000000e+00
-6.277343750000000000e+00
-8.023437500000000000e+00
-6.128906250000000000e+00
-6.167968750000000000e+00
-5.921875000000000000e+00
-7.328125000000000000e+00
-5.722656250000000000e+00
-4.609375000000000000e+00
-2.886718750000000000e+00
-9.926757812500000000e-01
9.687500000000000000e-01
1.855468750000000000e+00
2.810546875000000000e+00
2.033203125000000000e+00
2.062500000000000000e+00
1.975097656250000000e-01
1.882324218750000000e-01
9.147644042968750000e-03
-2.105712890625000000e-02
1.370849609375000000e-01
-2.631835937500000000e-01
1.618652343750000000e-01
1.003906250000000000e+00
1.085937500000000000e+00
1.369140625000000000e+00
7.812500000000000000e-01
-2.369384765625000000e-01
-9.418945312500000000e-01
-1.454101562500000000e+00
-3.367187500000000000e+00
-2.156250000000000000e+00
-1.717773437500000000e+00
-6.992187500000000000e-01
-1.320312500000000000e+00
-6.186523437500000000e-01
-1.166992187500000000e+00
-9.544372558593750000e-03
-9.829101562500000000e-01
-1.265625000000000000e+00
-2.685546875000000000e+00
-2.535156250000000000e+00
-3.396484375000000000e+00
-3.912109375000000000e+00
-2.943359375000000000e+00
-2.890625000000000000e+00
-3.494140625000000000e+00
-4.539062500000000000e+00
-4.921875000000000000e+00
-6.437500000000000000e+00
-8.562500000000000000e+00
-7.851562500000000000e+00
-5.609375000000000000e+00
-5.273437500000000000e+00
-4.546875000000000000e+00
-5.414062500000000000e+00
-6.402343750000000000e+00
-6.992187500000000000e+00
-6.976562500000000000e+00
-6.855468750000000000e+00
-5.460937500000000000e+00
-5.585937500000000000e+00
-4.726562500000000000e+00
-3.912109375000000000e+00
-2.203125000000000000e+00
-1.848632812500000000e+00
-6.035156250000000000e-01
-9.967041015625000000e-02
-2.363281250000000000e-01
-4.187011718750000000e-01
-2.519531250000000000e-01
-2.017578125000000000e+00
-3.214843750000000000e+00
-4.402343750000000000e+00
-5.863281250000000000e+00
-8.015625000000000000e+00
-1.142187500000000000e+01
-1.508593750000000000e+01
-1.915625000000000000e+01
-1.773437500000000000e+01
-1.462500000000000000e+01
-1.135937500000000000e+01
-9.804687500000000000e+00
-9.804687500000000000e+00
-8.929687500000000000e+00
-8.140625000000000000e+00
-9.296875000000000000e+00
-6.351562500000000000e+00
-4.359375000000000000e+00
-3.212890625000000000e+00
-2.183593750000000000e+00
-1.929687500000000000e+00
-2.138671875000000000e+00
-8.486328125000000000e-01
-1.169921875000000000e+00
6.811523437500000000e-01
1.603515625000000000e+00
4.484375000000000000e+00
6.203125000000000000e+00
7.578125000000000000e+00
9.578125000000000000e+00
9.578125000000000000e+00
8.679687500000000000e+00
7.621093750000000000e+00
6.175781250000000000e+00
6.121093750000000000e+00
7.214843750000000000e+00
4.906250000000000000e+00
1.833984375000000000e+00
-4.641113281250000000e-01
-2.859375000000000000e+00
-5.835937500000000000e+00
-7.453125000000000000e+00
-8.812500000000000000e+00
-9.781250000000000000e+00
-1.110156250000000000e+01
-1.058593750000000000e+01
-9.484375000000000000e+00
-7.132812500000000000e+00
-5.027343750000000000e+00
-2.343750000000000000e+00
-2.049560546875000000e-01
2.511718750000000000e+00
3.197265625000000000e+00
2.699218750000000000e+00
9.409179687500000000e-01
-1.380859375000000000e+00
-2.283203125000000000e+00
-3.677734375000000000e+00
-4.722656250000000000e+00
-5.738281250000000000e+00
-6.800781250000000000e+00
-6.394531250000000000e+00
-6.738281250000000000e+00
-7.316406250000000000e+00
-7.796875000000000000e+00
-6.753906250000000000e+00
-7.574218750000000000e+00
-8.023437500000000000e+00
-8.343750000000000000e+00
-8.218750000000000000e+00
-8.898437500000000000e+00
-1.056250000000000000e+01
-1.119531250000000000e+01
-1.157812500000000000e+01
-1.204687500000000000e+01
-1.177343750000000000e+01
-1.017187500000000000e+01
-8.421875000000000000e+00
-7.652343750000000000e+00
-7.152343750000000000e+00
-8.414062500000000000e+00
-1.088281250000000000e+01
-1.471093750000000000e+01
-1.392968750000000000e+01
-6.417968750000000000e+00
3.298828125000000000e+00
7.972656250000000000e+00
1.073437500000000000e+01
8.750000000000000000e+00
2.714843750000000000e+00
-5.785156250000000000e+00
-6.539062500000000000e+00
-1.391601562500000000e-01
-1.166015625000000000e+00
-7.441406250000000000e+00
-1.818359375000000000e+00
4.640625000000000000e+00
6.851562500000000000e+00
5.429687500000000000e+00
3.927734375000000000e+00
7.539062500000000000e-01
-1.409179687500000000e+00
-2.265625000000000000e+00
6.469726562500000000e-01
4.664062500000000000e+00
8.531250000000000000e+00
1.070312500000000000e+01
1.051562500000000000e+01
6.378906250000000000e+00
-3.020019531250000000e-01
-3.974609375000000000e+00
-1.237304687500000000e+00
3.271484375000000000e+00
7.871093750000000000e+00
9.687500000000000000e+00
1.011718750000000000e+01
4.417968750000000000e+00
1.153320312500000000e+00
-1.133789062500000000e+00
-4.750000000000000000e+00
-8.593750000000000000e+00
-1.007812500000000000e+01
-1.004687500000000000e+01
-1.042968750000000000e+01
-1.230468750000000000e+01
-1.170312500000000000e+01
-9.203125000000000000e+00
-7.777343750000000000e+00
-5.320312500000000000e+00
-6.667968750000000000e+00
-4.390625000000000000e+00
6.572265625000000000e-01
-2.830505371093750000e-02
-2.750000000000000000e+00
-4.160156250000000000e+00
-1.277343750000000000e+00
-2.195312500000000000e+00
-6.066406250000000000e+00
-7.367187500000000000e+00
3.263671875000000000e+00
7.312500000000000000e+00
5.976562500000000000e+00
5.421875000000000000e+00
6.101562500000000000e+00
5.277343750000000000e+00
5.250000000000000000e+00
4.878906250000000000e+00
5.585937500000000000e+00
6.093750000000000000e+00
3.816406250000000000e+00
-1.788330078125000000e-01
-4.773437500000000000e+00
-6.453125000000000000e+00
-3.630859375000000000e+00
-7.006835937500000000e-01
1.890625000000000000e+00
6.489257812500000000e-01
-2.697265625000000000e+00
-5.117187500000000000e+00
-8.726562500000000000e+00
-9.898437500000000000e+00
-7.246093750000000000e+00
-5.937500000000000000e+00
-4.156250000000000000e+00
-2.757812500000000000e+00
-2.363281250000000000e+00
-1.518554687500000000e+00
-1.867187500000000000e+00
-4.136718750000000000e+00
-6.007812500000000000e+00
-7.992187500000000000e+00
-8.093750000000000000e+00
-7.542968750000000000e+00
-5.609375000000000000e+00
-4.484375000000000000e+00
-1.801757812500000000e+00
-2.173828125000000000e+00
-1.216796875000000000e+00
-1.583984375000000000e+00
-1.470703125000000000e+00
-2.767578125000000000e+00
-2.996093750000000000e+00
-3.007812500000000000e+00
-3.468750000000000000e+00
-2.324218750000000000e+00
-7.436523437500000000e-01
1.816406250000000000e+00
3.519531250000000000e+00
3.855468750000000000e+00
2.478515625000000000e+00
-5.172729492187500000e-02
-7.578125000000000000e-01
-7.509765625000000000e-01
-1.708007812500000000e+00
-2.896484375000000000e+00
-4.417968750000000000e+00
-4.292968750000000000e+00
-3.916015625000000000e+00
-9.990234375000000000e-01
-3.012695312500000000e-01
-1.319335937500000000e+00
-5.562500000000000000e+00
-6.394531250000000000e+00
-5.671875000000000000e+00
-5.156250000000000000e+00
-4.585937500000000000e+00
-3.193359375000000000e+00
-1.868164062500000000e+00
-4.680175781250000000e-01
2.580566406250000000e-01
1.180664062500000000e+00
1.414062500000000000e+00
5.795898437500000000e-01
-1.029296875000000000e+00
-2.486328125000000000e+00
-4.687500000000000000e+00
-4.687500000000000000e+00
-3.978515625000000000e+00
-1.199218750000000000e+00
1.952148437500000000e+00
4.808593750000000000e+00
6.429687500000000000e+00
6.074218750000000000e+00
4.957031250000000000e+00
1.241210937500000000e+00
-5.132812500000000000e+00
-7.171875000000000000e+00
-4.937500000000000000e+00
1.293945312500000000e+00
5.960937500000000000e+00
9.531250000000000000e+00
1.014062500000000000e+01
5.285156250000000000e+00
8.920898437500000000e-01
-5.688476562500000000e-01
3.500000000000000000e+00
4.742187500000000000e+00
3.656250000000000000e+00
3.466796875000000000e+00
3.988281250000000000e+00
6.484375000000000000e+00
6.066406250000000000e+00
6.035156250000000000e+00
5.894531250000000000e+00
5.621093750000000000e+00
4.390625000000000000e+00
2.994140625000000000e+00
1.193359375000000000e+00
-2.661132812500000000e-01
1.279296875000000000e+00
4.148437500000000000e+00
5.890625000000000000e+00
5.164062500000000000e+00
3.531250000000000000e+00
2.355468750000000000e+00
3.857421875000000000e+00
3.806640625000000000e+00
2.791015625000000000e+00
2.742187500000000000e+00
3.037109375000000000e+00
1.991210937500000000e+00
6.391601562500000000e-01
4.089355468750000000e-01
7.104492187500000000e-01
-2.226562500000000000e+00
-4.984375000000000000e+00
-7.628906250000000000e+00
-8.820312500000000000e+00
-9.210937500000000000e+00
-8.382812500000000000e+00
-7.824218750000000000e+00
-6.675781250000000000e+00
-5.617187500000000000e+00
-6.406250000000000000e+00
-8.054687500000000000e+00
-1.104687500000000000e+01
-1.441406250000000000e+01
4.585937500000000000e+00
4.531250000000000000e+00
5.152343750000000000e+00
8.460937500000000000e+00
1.009375000000000000e+01
1.035156250000000000e+01
1.049218750000000000e+01
8.367187500000000000e+00
4.722656250000000000e+00
-1.467773437500000000e+00
-4.609375000000000000e+00
-3.683593750000000000e+00
-5.132812500000000000e+00
-4.460937500000000000e+00
-1.515625000000000000e+00
2.406250000000000000e+00
2.552734375000000000e+00
1.682128906250000000e-01
1.521484375000000000e+00
1.291015625000000000e+00
-3.259277343750000000e-01
-2.019531250000000000e+00
-2.275390625000000000e+00
-1.678710937500000000e+00
1.933593750000000000e+00
1.340820312500000000e+00
-2.123046875000000000e+00
-2.626953125000000000e+00
7.509765625000000000e-01
3.208984375000000000e+00
7.335937500000000000e+00
6.750000000000000000e+00
5.722656250000000000e+00
5.203125000000000000e+00
6.437500000000000000e+00
7.152343750000000000e+00
6.355468750000000000e+00
4.640625000000000000e+00
5.882812500000000000e+00
9.203125000000000000e+00
8.156250000000000000e+00
6.835937500000000000e+00
3.798828125000000000e+00
-3.107421875000000000e+00
-1.752929687500000000e+00
2.412109375000000000e+00
4.714843750000000000e+00
4.996093750000000000e+00
3.515625000000000000e+00
1.375976562500000000e+00
3.218750000000000000e+00
6.539062500000000000e+00
5.667968750000000000e+00
6.992187500000000000e+00
9.234375000000000000e+00
9.140625000000000000e+00
8.734375000000000000e+00
5.199218750000000000e+00
8.754882812500000000e-01
-2.201171875000000000e+00
-4.019531250000000000e+00
-4.113281250000000000e+00
-2.880859375000000000e+00
-7.648437500000000000e+00
-6.539062500000000000e+00
-9.858398437500000000e-01
-5.126953125000000000e-01
-4.093750000000000000e+00
-8.015625000000000000e+00
-9.906250000000000000e+00
-8.882812500000000000e+00
-8.531250000000000000e+00
-1.056250000000000000e+01
-9.445312500000000000e+00
-6.492187500000000000e+00
-6.722656250000000000e+00
-7.222656250000000000e+00
-2.841796875000000000e+00
1.522216796875000000e-01
-2.314453125000000000e+00
-2.078125000000000000e+00
-1.597656250000000000e+00
-4.171875000000000000e+00
-5.917968750000000000e+00
-4.855468750000000000e+00
-5.203125000000000000e+00
-3.800781250000000000e+00
-2.128906250000000000e+00
3.287109375000000000e+00
1.631835937500000000e+00
-1.158203125000000000e+00
-1.934570312500000000e+00
-3.197265625000000000e+00
-4.691406250000000000e+00
-1.841796875000000000e+00
2.814453125000000000e+00
8.562500000000000000e+00
8.343750000000000000e+00
5.250000000000000000e+00
9.584960937500000000e-01
-4.020996093750000000e-01
1.375000000000000000e+00
1.601562500000000000e+00
2.156250000000000000e+00
3.677734375000000000e+00
4.257812500000000000e+00
4.582031250000000000e+00
2.982421875000000000e+00
-3.969726562500000000e-01
-5.078125000000000000e+00
-6.761718750000000000e+00
-4.265625000000000000e+00
-7.281250000000000000e+00
-1.257031250000000000e+01
-3.279296875000000000e+00
6.214843750000000000e+00
1.074218750000000000e+01
6.253906250000000000e+00
2.609375000000000000e+00
2.011718750000000000e+00
-5.496093750000000000e+00
-1.206250000000000000e+01
-1.071875000000000000e+01
-7.242187500000000000e+00
2.326171875000000000e+00
1.929687500000000000e+00
1.387695312500000000e+00
5.929687500000000000e+00
1.964843750000000000e+00
-8.203125000000000000e+00
3.285156250000000000e+00
3.011718750000000000e+00
-4.117187500000000000e+00
-6.746093750000000000e+00
-1.001562500000000000e+01
-1.050000000000000000e+01
-2.324218750000000000e+00
-1.461914062500000000e+00
-2.892578125000000000e+00
-2.267578125000000000e+00
-2.058593750000000000e+00
-9.000000000000000000e+00
7.683593750000000000e+00
7.972656250000000000e+00
4.382812500000000000e+00
5.539062500000000000e+00
-2.074218750000000000e+00
-1.028125000000000000e+01
-3.666015625000000000e+00
7.261718750000000000e+00
1.038281250000000000e+01
7.453125000000000000e+00
7.613281250000000000e+00
9.195312500000000000e+00
9.484375000000000000e+00
1.029687500000000000e+01
8.765625000000000000e+00
8.218750000000000000e+00
5.558593750000000000e+00
2.511718750000000000e+00
-3.513671875000000000e+00
-7.214843750000000000e+00
-6.878906250000000000e+00
-5.656250000000000000e+00
-1.884765625000000000e+00
3.451171875000000000e+00
1.134375000000000000e+01
1.324218750000000000e+01
7.976562500000000000e+00
2.818359375000000000e+00
-9.167480468750000000e-02
1.510742187500000000e+00
3.953125000000000000e+00
1.022656250000000000e+01
1.354687500000000000e+01
8.531250000000000000e+00
3.585937500000000000e+00
-2.763671875000000000e+00
-8.101562500000000000e+00
-1.077343750000000000e+01
-7.468750000000000000e+00
-7.742187500000000000e+00
-6.664062500000000000e+00
-8.140625000000000000e+00
-8.890625000000000000e+00
-1.105468750000000000e+01
-9.585937500000000000e+00
-1.052343750000000000e+01
-1.426562500000000000e+01
-1.620312500000000000e+01
-1.554687500000000000e+01
-1.394531250000000000e+01
-1.157812500000000000e+01
-7.179687500000000000e+00
-6.992187500000000000e+00
-9.742187500000000000e+00
-1.149218750000000000e+01
-1.107031250000000000e+01
-1.201562500000000000e+01
-1.193750000000000000e+01
-1.357812500000000000e+01
-1.285156250000000000e+01
-1.279687500000000000e+01
-1.211718750000000000e+01
-1.281250000000000000e+01
-1.281250000000000000e+01
-1.081250000000000000e+01
-8.453125000000000000e+00
-6.761718750000000000e+00
-4.992187500000000000e+00
-3.392578125000000000e+00
-2.564453125000000000e+00
-3.582031250000000000e+00
-4.703125000000000000e+00
-7.640625000000000000e+00
-1.142968750000000000e+01
-1.637500000000000000e+01
-1.726562500000000000e+01
-1.365625000000000000e+01
-1.260156250000000000e+01
-1.296875000000000000e+01
-1.100000000000000000e+01
-9.554687500000000000e+00
-9.000000000000000000e+00
-7.781250000000000000e+00
-8.226562500000000000e+00
-7.699218750000000000e+00
-6.843750000000000000e+00
-5.882812500000000000e+00
-4.265625000000000000e+00
-3.724609375000000000e+00
-2.265625000000000000e-01
2.261718750000000000e+00
4.457031250000000000e+00
2.224609375000000000e+00
-9.203125000000000000e+00
-1.100000000000000000e+01
-4.399414062500000000e-01
1.759765625000000000e+00
3.318359375000000000e+00
4.105468750000000000e+00
3.552734375000000000e+00
3.814453125000000000e+00
4.621093750000000000e+00
3.945312500000000000e+00
4.296875000000000000e+00
2.696228027343750000e-02
-5.621093750000000000e+00
-1.218750000000000000e+01
-9.632812500000000000e+00
2.156250000000000000e+00
9.507812500000000000e+00
1.096875000000000000e+01
9.046875000000000000e+00
6.156250000000000000e+00
3.841796875000000000e+00
2.570800781250000000e-01
-1.744140625000000000e+00
-6.917968750000000000e+00
-1.016406250000000000e+01
-1.209375000000000000e+01
-1.231250000000000000e+01
-1.250000000000000000e+01
-1.262500000000000000e+01
-1.210156250000000000e+01
-1.133593750000000000e+01
-1.091406250000000000e+01
-1.094531250000000000e+01
-1.130468750000000000e+01
-1.081250000000000000e+01
-9.914062500000000000e+00
-9.570312500000000000e+00
-9.382812500000000000e+00
-8.242187500000000000e+00
-6.285156250000000000e+00
-5.742187500000000000e+00
-5.035156250000000000e+00
-4.523437500000000000e+00
-3.820312500000000000e+00
-4.078125000000000000e+00
-4.484375000000000000e+00
-3.001953125000000000e+00
-4.907226562500000000e-01
-9.545898437500000000e-01
3.160156250000000000e+00
7.703125000000000000e+00
9.726562500000000000e+00
1.022656250000000000e+01
8.640625000000000000e+00
4.359375000000000000e+00
-3.583984375000000000e+00
-1.035937500000000000e+01
-6.222656250000000000e+00
-1.590820312500000000e+00
3.076171875000000000e+00
5.808593750000000000e+00
7.324218750000000000e+00
8.492187500000000000e+00
9.085937500000000000e+00
7.171875000000000000e+00
3.568359375000000000e+00
4.078125000000000000e+00
6.113281250000000000e+00
4.128906250000000000e+00
-1.954345703125000000e-01
4.313964843750000000e-01
2.929687500000000000e+00
4.796875000000000000e+00
2.556640625000000000e+00
-5.888671875000000000e-01
3.849609375000000000e+00
4.378906250000000000e+00
4.570312500000000000e+00
6.363281250000000000e+00
8.531250000000000000e+00
6.277343750000000000e+00
2.300781250000000000e+00
-2.173828125000000000e+00
1.044531250000000000e+01
1.568750000000000000e+01
1.542187500000000000e+01
6.523437500000000000e+00
-6.710937500000000000e+00
-1.056250000000000000e+01
-4.160156250000000000e+00
2.607421875000000000e+00
7.402343750000000000e+00
1.184375000000000000e+01
1.017187500000000000e+01
9.289062500000000000e+00
7.574218750000000000e+00
4.761718750000000000e+00
6.889648437500000000e-01
2.158203125000000000e-01
-5.236816406250000000e-02
-5.722656250000000000e-01
-1.085937500000000000e+00
-1.105468750000000000e+00
-8.266601562500000000e-01
-1.036132812500000000e+00
-3.462890625000000000e+00
-6.128906250000000000e+00
-6.949218750000000000e+00
-5.593750000000000000e+00
-3.042968750000000000e+00
2.907714843750000000e-01
-1.069335937500000000e+00
-5.390625000000000000e+00
-8.304687500000000000e+00
-7.453125000000000000e+00
-9.929687500000000000e+00
-9.593750000000000000e+00
-7.347656250000000000e+00
-3.492187500000000000e+00
-1.081054687500000000e+00
9.091796875000000000e-01
1.186523437500000000e+00
-7.861328125000000000e-01
-3.371093750000000000e+00
-3.433593750000000000e+00
-8.583984375000000000e-01
5.659179687500000000e-01
8.881835937500000000e-01
-2.041015625000000000e+00
-4.863281250000000000e+00
-4.550781250000000000e+00
-4.347656250000000000e+00
-2.037109375000000000e+00
1.483398437500000000e+00
3.166015625000000000e+00
4.281250000000000000e+00
2.691406250000000000e+00
-1.516601562500000000e+00
-6.000000000000000000e+00
-3.916015625000000000e+00
2.193359375000000000e+00
6.894531250000000000e+00
4.218750000000000000e+00
4.558593750000000000e+00
3.789062500000000000e+00
2.886718750000000000e+00
3.576171875000000000e+00
1.747070312500000000e+00
-3.421875000000000000e+00
-6.320312500000000000e+00
-1.732421875000000000e+00
4.753906250000000000e+00
4.238281250000000000e+00
-3.677734375000000000e+00
-1.181250000000000000e+01
-1.681250000000000000e+01
-1.635937500000000000e+01
-8.937500000000000000e+00
5.424804687500000000e-01
7.460937500000000000e+00
7.894531250000000000e+00
1.064843750000000000e+01
7.253906250000000000e+00
6.925781250000000000e+00
5.343750000000000000e+00
6.613281250000000000e+00
4.593750000000000000e+00
3.648437500000000000e+00
3.074218750000000000e+00
4.398437500000000000e+00
8.445312500000000000e+00
1.089843750000000000e+01
9.867187500000000000e+00
8.195312500000000000e+00
7.027343750000000000e+00
6.011718750000000000e+00
4.496093750000000000e+00
7.273437500000000000e+00
1.388281250000000000e+01
1.302343750000000000e+01
1.149218750000000000e+01
8.929687500000000000e+00
3.283203125000000000e+00
-5.621093750000000000e+00
-9.484375000000000000e+00
-9.765625000000000000e+00
-6.265625000000000000e+00
2.797851562500000000e-01
4.664062500000000000e+00
4.238281250000000000e+00
2.677734375000000000e+00
2.029296875000000000e+00
2.560546875000000000e+00
-1.591796875000000000e+00
-5.531250000000000000e+00
-3.699218750000000000e+00
-7.246093750000000000e-01
1.174804687500000000e+00
4.800781250000000000e+00
7.960937500000000000e+00
6.035156250000000000e+00
-2.234375000000000000e+00
-5.691406250000000000e+00
7.392578125000000000e-01
2.662109375000000000e+00
-6.273437500000000000e+00
-1.229687500000000000e+01
-1.190625000000000000e+01
-5.871093750000000000e+00
1.420898437500000000e+00
6.976562500000000000e+00
7.394531250000000000e+00
1.916992187500000000e+00
-7.078125000000000000e+00
-1.109375000000000000e+01
-3.351562500000000000e+00
7.065429687500000000e-01
3.537109375000000000e+00
6.984375000000000000e+00
7.179687500000000000e+00
4.716796875000000000e-01
-1.271093750000000000e+01
-1.470312500000000000e+01
-1.144531250000000000e+01
-6.777343750000000000e+00
-1.783203125000000000e+00
3.318359375000000000e+00
5.148437500000000000e+00
2.832031250000000000e+00
-1.768493652343750000e-02
6.292968750000000000e+00
1.247656250000000000e+01
1.310156250000000000e+01
6.386718750000000000e+00
1.240234375000000000e+00
2.328125000000000000e+00
3.488281250000000000e+00
-9.643554687500000000e-02
-7.960937500000000000e+00
-1.019531250000000000e+01
-6.601562500000000000e+00
3.451171875000000000e+00
6.468750000000000000e+00
8.093750000000000000e+00
7.847656250000000000e+00
7.718750000000000000e+00
6.726562500000000000e+00
4.808593750000000000e+00
1.381835937500000000e+00
-1.820312500000000000e+00
-4.878906250000000000e+00
-6.789062500000000000e+00
-8.820312500000000000e+00
-7.050781250000000000e+00
-3.160156250000000000e+00
5.101562500000000000e+00
8.601562500000000000e+00
6.613281250000000000e+00
1.800781250000000000e+00
-2.654296875000000000e+00
-6.777343750000000000e+00
-8.187500000000000000e+00
-6.582031250000000000e+00
-5.683593750000000000e+00
-6.492187500000000000e+00
-8.164062500000000000e+00
-7.140625000000000000e+00
-2.662109375000000000e+00
-1.851806640625000000e-01
2.062500000000000000e+00
3.375000000000000000e+00
5.308593750000000000e+00
4.828125000000000000e+00
5.058593750000000000e+00
4.757812500000000000e+00
3.626953125000000000e+00
1.516601562500000000e+00
2.488281250000000000e+00
3.593750000000000000e+00
4.593750000000000000e+00
4.015625000000000000e+00
4.542968750000000000e+00
5.535156250000000000e+00
6.363281250000000000e+00
5.636718750000000000e+00
5.191406250000000000e+00
5.886718750000000000e+00
4.085937500000000000e+00
3.806640625000000000e+00
8.023437500000000000e+00
7.992187500000000000e+00
-8.764648437500000000e-02
-5.738281250000000000e+00
1.279296875000000000e+00
3.017578125000000000e+00
8.054687500000000000e+00
1.071093750000000000e+01
9.000000000000000000e+00
5.343750000000000000e+00
1.318359375000000000e+00
-5.457031250000000000e+00
-6.976562500000000000e+00
-7.582031250000000000e+00
-6.906250000000000000e+00
4.001464843750000000e-01
5.207031250000000000e+00
5.929687500000000000e+00
6.031250000000000000e+00
5.957031250000000000e+00
4.792968750000000000e+00
2.599609375000000000e+00
-2.420654296875000000e-01
-2.451171875000000000e+00
-3.933593750000000000e+00
-5.894531250000000000e+00
-5.679687500000000000e+00
-4.109375000000000000e+00
-2.048828125000000000e+00
-2.406250000000000000e+00
-2.556640625000000000e+00
-3.431640625000000000e+00
-3.242187500000000000e+00
-3.861328125000000000e+00
-3.945312500000000000e+00
-2.625000000000000000e+00
-8.715820312500000000e-01
2.271484375000000000e+00
2.960937500000000000e+00
2.025390625000000000e+00
-1.294921875000000000e+00
-3.498046875000000000e+00
-3.767578125000000000e+00
1.331787109375000000e-01
2.208984375000000000e+00
4.222656250000000000e+00
4.046875000000000000e+00
2.832031250000000000e+00
5.126953125000000000e-01
-6.324218750000000000e+00
-9.515625000000000000e+00
-5.347656250000000000e+00
-1.350585937500000000e+00
-3.755859375000000000e+00
-2.960937500000000000e+00
1.639648437500000000e+00
1.624023437500000000e+00
8.256835937500000000e-01
1.169921875000000000e+00
2.078125000000000000e+00
7.734375000000000000e+00
1.034375000000000000e+01
1.093750000000000000e+01
4.726562500000000000e+00
3.228515625000000000e+00
2.949218750000000000e+00
3.662109375000000000e+00
4.871093750000000000e+00
4.203125000000000000e+00
4.335937500000000000e+00
3.648437500000000000e+00
2.357421875000000000e+00
-9.497070312500000000e-02
3.458984375000000000e+00
1.195312500000000000e+01
1.200781250000000000e+01
4.527343750000000000e+00
-7.167968750000000000e+00
-8.953125000000000000e+00
-3.474609375000000000e+00
-1.606445312500000000e+00
-5.935668945312500000e-02
-1.429443359375000000e-01
9.243164062500000000e-01
7.812500000000000000e-01
6.787109375000000000e-01
9.570312500000000000e-01
7.607421875000000000e-01
-2.416015625000000000e+00
-4.300781250000000000e+00
-6.015625000000000000e+00
-9.421875000000000000e+00
-8.132812500000000000e+00
4.135742187500000000e-01
5.152343750000000000e+00
4.332031250000000000e+00
3.662109375000000000e+00
3.439453125000000000e+00
2.216796875000000000e+00
-3.578125000000000000e+00
-8.195312500000000000e+00
-8.265625000000000000e+00
-6.648437500000000000e+00
4.492187500000000000e-01
2.376953125000000000e+00
2.451171875000000000e+00
1.851562500000000000e+00
1.984375000000000000e+00
1.541992187500000000e+00
4.272460937500000000e-01
5.791015625000000000e-01
-7.631835937500000000e-01
-1.377929687500000000e+00
-4.609375000000000000e+00
-5.820312500000000000e+00
-4.140625000000000000e+00
-2.392578125000000000e+00
-4.968261718750000000e-01
-2.607421875000000000e-01
2.377319335937500000e-02
3.564453125000000000e-01
1.478515625000000000e+00
3.050781250000000000e+00
4.253906250000000000e+00
5.273437500000000000e+00
5.296875000000000000e+00
5.179687500000000000e+00
1.946289062500000000e+00
2.736328125000000000e+00
6.687500000000000000e+00
8.296875000000000000e+00
7.460937500000000000e+00
4.171875000000000000e+00
-1.100585937500000000e+00
-6.558593750000000000e+00
-7.847656250000000000e+00
-6.164062500000000000e+00
-5.488281250000000000e+00
-6.074218750000000000e+00
-6.585937500000000000e+00
-5.726562500000000000e+00
-4.515625000000000000e+00
-2.257812500000000000e+00
-2.381591796875000000e-01
1.251953125000000000e+00
4.144531250000000000e+00
4.777343750000000000e+00
3.568359375000000000e+00
-1.300781250000000000e+00
-9.321289062500000000e-01
1.758789062500000000e+00
2.177734375000000000e+00
-1.111328125000000000e+00
-2.414062500000000000e+00
-2.076171875000000000e+00
-1.015625000000000000e+00
-1.713867187500000000e+00
-1.216796875000000000e+00
-2.273437500000000000e+00
-2.898437500000000000e+00
-1.702148437500000000e+00
-3.596191406250000000e-01
1.449218750000000000e+00
3.904296875000000000e+00
5.265625000000000000e+00
4.582031250000000000e+00
1.269531250000000000e-01
-7.484375000000000000e+00
-1.791992187500000000e+00
7.074218750000000000e+00
8.773437500000000000e+00
5.203125000000000000e+00
2.441406250000000000e+00
2.152099609375000000e-01
-2.564453125000000000e+00
-6.847656250000000000e+00
-5.027343750000000000e+00
8.388671875000000000e-01
6.468750000000000000e+00
9.023437500000000000e+00
5.933593750000000000e+00
4.640625000000000000e+00
4.746093750000000000e+00
5.511718750000000000e+00
5.183593750000000000e+00
5.023437500000000000e+00
4.441406250000000000e+00
3.023437500000000000e+00
5.522460937500000000e-01
-2.761718750000000000e+00
-1.726074218750000000e-01
-1.205078125000000000e+00
-3.703125000000000000e+00
-5.937500000000000000e+00
-8.500000000000000000e+00
-7.808593750000000000e+00
-6.800781250000000000e+00
-5.890625000000000000e+00
-5.152343750000000000e+00
-3.183593750000000000e+00
1.706542968750000000e-01
1.274414062500000000e+00
1.518554687500000000e+00
1.592773437500000000e+00
2.373046875000000000e+00
1.351562500000000000e+00
1.256835937500000000e+00
-9.013671875000000000e-01
1.489257812500000000e-01
-1.316406250000000000e+00
-2.130859375000000000e+00
-3.250000000000000000e+00
-2.257812500000000000e+00
-1.958007812500000000e+00
-1.568359375000000000e+00
4.794921875000000000e-01
6.430664062500000000e-01
3.291015625000000000e-01
-4.450683593750000000e-01
-3.010253906250000000e-01
-1.713867187500000000e-01
-8.515625000000000000e-01
-4.509277343750000000e-01
1.707031250000000000e+00
4.371093750000000000e+00
4.289062500000000000e+00
4.761718750000000000e+00
7.398437500000000000e+00
7.714843750000000000e+00
7.808593750000000000e+00
8.476562500000000000e+00
7.417968750000000000e+00
3.275390625000000000e+00
2.501953125000000000e+00
2.681640625000000000e+00
-4.978027343750000000e-01
-6.440429687500000000e-01
2.054443359375000000e-01
1.191406250000000000e+00
-6.503906250000000000e-01
-3.960937500000000000e+00
-3.621093750000000000e+00
-1.224609375000000000e+00
-2.175781250000000000e+00
-4.851562500000000000e+00
-1.727294921875000000e-01
7.691406250000000000e+00
6.523437500000000000e+00
-2.714843750000000000e+00
-8.585937500000000000e+00
-1.647949218750000000e-01
9.775390625000000000e-01
8.812500000000000000e+00
1.006250000000000000e+01
9.812500000000000000e+00
8.046875000000000000e+00
3.265625000000000000e+00
1.381835937500000000e+00
-1.848632812500000000e+00
-2.896484375000000000e+00
-2.250000000000000000e+00
-2.539062500000000000e+00
-3.146484375000000000e+00
-1.847656250000000000e+00
-1.118164062500000000e+00
1.616210937500000000e+00
4.710937500000000000e+00
7.539062500000000000e+00
7.855468750000000000e+00
7.941406250000000000e+00
8.015625000000000000e+00
6.042968750000000000e+00
3.210937500000000000e+00
1.596679687500000000e+00
-2.800292968750000000e-01
-3.289062500000000000e+00
-5.140625000000000000e+00
-7.785156250000000000e+00
-1.290625000000000000e+01
-9.226562500000000000e+00
-5.796875000000000000e+00
-3.810546875000000000e+00
-3.933593750000000000e+00
-5.820312500000000000e+00
-6.964843750000000000e+00
-7.429687500000000000e+00
-8.945312500000000000e+00
-5.226562500000000000e+00
-2.541015625000000000e+00
-1.704101562500000000e+00
-3.623046875000000000e+00
-4.636718750000000000e+00
-5.472656250000000000e+00
-4.941406250000000000e+00
-3.960937500000000000e+00
-1.547851562500000000e+00
2.998352050781250000e-02
-9.233398437500000000e-01
-2.835937500000000000e+00
-3.935546875000000000e+00
-4.378906250000000000e+00
-4.285156250000000000e+00
-4.117187500000000000e+00
-2.650390625000000000e+00
-2.863281250000000000e+00
-5.593750000000000000e+00
-8.234375000000000000e+00
-6.968750000000000000e+00
-5.007812500000000000e+00
-3.658203125000000000e+00
-2.767578125000000000e+00
-1.616210937500000000e-01
2.494140625000000000e+00
3.068359375000000000e+00
2.412109375000000000e+00
1.014648437500000000e+00
1.755859375000000000e+00
1.893554687500000000e+00
2.650390625000000000e+00
2.857421875000000000e+00
4.152343750000000000e+00
3.986328125000000000e+00
3.748046875000000000e+00
4.390625000000000000e+00
7.628906250000000000e+00
1.072656250000000000e+01
1.496875000000000000e+01
1.266406250000000000e+01
9.976562500000000000e+00
9.242187500000000000e+00
9.132812500000000000e+00
7.437500000000000000e+00
5.292968750000000000e+00
3.962890625000000000e+00
2.828125000000000000e+00
1.485351562500000000e+00
1.339843750000000000e+00
2.214843750000000000e+00
6.694335937500000000e-01
2.609863281250000000e-01
7.675781250000000000e-01
2.504882812500000000e-01
-1.948242187500000000e+00
-4.937500000000000000e+00
-4.781250000000000000e+00
-4.917968750000000000e+00
-5.222656250000000000e+00
-6.000000000000000000e+00
-6.414062500000000000e+00
-7.824218750000000000e+00
-1.079687500000000000e+01
-8.875000000000000000e+00
-7.984375000000000000e+00
-7.750000000000000000e+00
-8.828125000000000000e+00
-7.222656250000000000e+00
-8.937500000000000000e+00
-1.054687500000000000e+01
-1.303125000000000000e+01
-1.017187500000000000e+01
-9.046875000000000000e+00
-7.957031250000000000e+00
-8.382812500000000000e+00
-7.097656250000000000e+00
-7.015625000000000000e+00
-7.531250000000000000e+00
-1.000000000000000000e+01
-1.050000000000000000e+01
-1.158593750000000000e+01
-1.404687500000000000e+01
-1.567187500000000000e+01
-1.173437500000000000e+01
-6.316406250000000000e+00
-6.238281250000000000e+00
-9.734375000000000000e+00
-9.585937500000000000e+00
-9.523437500000000000e+00
-9.421875000000000000e+00
-1.151562500000000000e+01
-1.015625000000000000e+01
-9.000000000000000000e+00
-9.585937500000000000e+00
-1.244531250000000000e+01
-1.060156250000000000e+01
-1.143750000000000000e+01
-1.281250000000000000e+01
-1.207812500000000000e+01
-9.289062500000000000e+00
-5.238281250000000000e+00
-2.230468750000000000e+00
-7.661132812500000000e-01
1.205078125000000000e+00
2.462890625000000000e+00
1.634765625000000000e+00
-1.001953125000000000e+00
-1.933593750000000000e+00
1.075439453125000000e-01
1.833984375000000000e+00
3.945312500000000000e+00
4.679687500000000000e+00
4.515625000000000000e+00
3.683593750000000000e+00
3.632812500000000000e+00
1.501953125000000000e+00
6.635742187500000000e-01
2.827148437500000000e-01
3.268432617187500000e-02
2.648437500000000000e+00
4.878906250000000000e+00
5.167968750000000000e+00
4.074218750000000000e+00
2.703125000000000000e+00
3.349609375000000000e+00
4.082031250000000000e+00
4.355468750000000000e+00
6.298828125000000000e-01
-2.252197265625000000e-01
-1.988281250000000000e+00
-3.132812500000000000e+00
-3.382812500000000000e+00
-1.689453125000000000e+00
-2.896484375000000000e+00
-4.152343750000000000e+00
-2.984375000000000000e+00
-5.839843750000000000e-01
-3.388671875000000000e-01
-1.161132812500000000e+00
-2.230468750000000000e+00
-3.261718750000000000e+00
-4.644531250000000000e+00
-7.074218750000000000e+00
-7.199218750000000000e+00
-6.335937500000000000e+00
-7.441406250000000000e+00
-9.406250000000000000e+00
