1.841220378875732422e+00
-4.217187881469726562e+00
-7.887484550476074219e+00
-1.290204715728759766e+01
-9.778266906738281250e+00
-7.173002243041992188e+00
-8.023761749267578125e+00
-8.981606483459472656e+00
-4.974932670593261719e+00
-2.066441535949707031e+00
-1.217265129089355469e+00
-3.119122505187988281e+00
-2.310868024826049805e+00
-1.690710932016372681e-01
4.828353226184844971e-01
-7.642338871955871582e-01
-1.900223970413208008e+00
-9.146066904067993164e-01
-2.004360914230346680e+00
-4.040769577026367188e+00
-4.341963768005371094e+00
-4.906476020812988281e+00
-5.813719749450683594e+00
-8.488527297973632812e+00
-8.224807739257812500e+00
-8.643740653991699219e+00
-1.028291893005371094e+01
-1.197659397125244141e+01
-9.483448982238769531e+00
-9.060548782348632812e+00
-9.085765838623046875e+00
-1.084407615661621094e+01
-8.962056159973144531e+00
-7.138689517974853516e+00
-5.913818836212158203e+00
-6.023551940917968750e+00
-3.490401983261108398e+00
-3.821090459823608398e+00
-3.825530052185058594e+00
-6.106175422668457031e+00
-5.807862758636474609e+00
-5.317308902740478516e+00
-4.034582614898681641e+00
-4.657090187072753906e+00
-4.027852535247802734e+00
-5.675223350524902344e+00
-3.643160104751586914e+00
1.405994534492492676e+00
1.168745875358581543e+00
-2.355450868606567383e+00
-4.170574665069580078e+00
-7.178787708282470703e+00
-7.834424972534179688e+00
-8.135807991027832031e+00
-7.920544147491455078e+00
-8.162586212158203125e+00
-6.540151596069335938e+00
-4.653808116912841797e+00
-3.875023841857910156e+00
-5.105682849884033203e+00
-4.256694793701171875e+00
-1.489084124565124512e+00
-8.236934542655944824e-01
-3.322460412979125977e+00
-2.688854932785034180e+00
-1.152728557586669922e+00
-1.143306374549865723e+00
-2.252565860748291016e+00
-1.653223156929016113e+00
-3.235763311386108398e-01
7.828357070684432983e-02
5.939859747886657715e-01
7.224687337875366211e-01
-2.650377154350280762e-01
-9.582213163375854492e-01
-2.164084672927856445e+00
-1.435810923576354980e+00
-2.861778974533081055e+00
-2.400435924530029297e+00
-4.885484218597412109e+00
-4.498570442199707031e+00
-5.343307971954345703e+00
-5.152532100677490234e+00
-6.136802673339843750e+00
-4.825881481170654297e+00
-3.459633827209472656e+00
-1.423933386802673340e+00
-1.981101632118225098e+00
-2.644295692443847656e+00
-2.605544805526733398e+00
-4.204838752746582031e+00
-5.590473175048828125e+00
-4.552505016326904297e+00
-4.698886394500732422e+00
-4.865599155426025391e+00
-6.728495597839355469e+00
-4.652532577514648438e+00
-4.779173851013183594e+00
-3.883761644363403320e+00
-5.844461917877197266e+00
-3.122545957565307617e+00
-1.768859982490539551e+00
-3.930246233940124512e-01
7.607231140136718750e-01
2.262326240539550781e+00
3.184280633926391602e+00
3.754908084869384766e+00
2.564937114715576172e+00
2.387148380279541016e+00
1.302636265754699707e+00
2.787649929523468018e-01
-2.607150316238403320e+00
-2.318967819213867188e+00
-1.690745472908020020e+00
-1.697499275207519531e+00
-4.109438896179199219e+00
-4.487944602966308594e+00
-2.847374677658081055e+00
-2.814882040023803711e+00
-3.466552495956420898e+00
-3.234830141067504883e+00
-2.011114597320556641e+00
-3.217969894409179688e+00
-4.752088069915771484e+00
-4.016187191009521484e+00
-2.038884401321411133e+00
-2.515765428543090820e+00
-2.848295450210571289e+00
-2.230652093887329102e+00
-2.408558368682861328e+00
-2.113244056701660156e+00
-1.479661941528320312e+00
-1.012651324272155762e+00
-6.018180251121520996e-01
-8.085333704948425293e-01
-4.527912139892578125e-01
-1.186661720275878906e+00
-1.608640432357788086e+00
-1.484030485153198242e+00
-1.739720821380615234e+00
-2.040867805480957031e+00
-1.637024760246276855e+00
-2.065071821212768555e+00
-2.641579389572143555e+00
-3.458949327468872070e+00
-4.559778213500976562e+00
-6.529407024383544922e+00
-9.718428611755371094e+00
-1.038814067840576172e+01
-1.126976490020751953e+01
-1.212214946746826172e+01
-1.421223545074462891e+01
-1.354802799224853516e+01
-9.267807960510253906e+00
-5.988059043884277344e+00
-4.598623275756835938e+00
-2.142360448837280273e+00
-2.504595279693603516e+00
-4.585941314697265625e+00
-3.647646665573120117e+00
-1.706708550453186035e+00
-1.600635409355163574e+00
5.893574953079223633e-01
2.307428836822509766e+00
3.161610841751098633e+00
2.935602903366088867e+00
3.676321983337402344e+00
3.192970752716064453e+00
3.044533729553222656e+00
2.003400802612304688e+00
2.446395397186279297e+00
1.674648404121398926e+00
8.900795578956604004e-01
-1.201467275619506836e+00
-1.805697917938232422e+00
-2.430897712707519531e+00
-1.404711723327636719e+00
8.931966423988342285e-01
1.622462391853332520e+00
1.807145953178405762e+00
6.105391383171081543e-01
7.049234509468078613e-01
-3.935677409172058105e-01
-1.772189259529113770e+00
-2.707131624221801758e+00
-4.514061450958251953e+00
-5.268310070037841797e+00
-5.718839645385742188e+00
-3.296792984008789062e+00
-1.307186722755432129e+00
1.235148668289184570e+00
1.488878965377807617e+00
3.140548229217529297e+00
1.763012051582336426e+00
8.144444823265075684e-01
-1.529061913490295410e+00
-2.453449249267578125e+00
-4.777685642242431641e+00
-5.603012561798095703e+00
-6.489170551300048828e+00
-4.785927772521972656e+00
-3.002705812454223633e+00
1.701497912406921387e+00
6.526911258697509766e+00
8.620725631713867188e+00
7.873795986175537109e+00
6.288836479187011719e+00
3.314274549484252930e+00
1.619439482688903809e+00
6.994450688362121582e-01
1.902026414871215820e+00
3.274202108383178711e+00
1.765255093574523926e+00
-1.689376115798950195e+00
3.600438833236694336e-01
5.608852386474609375e+00
1.019038105010986328e+01
1.284951210021972656e+01
1.288186264038085938e+01
1.207915973663330078e+01
1.004617595672607422e+01
5.419589042663574219e+00
3.682059764862060547e+00
1.278833746910095215e+00
1.727153211832046509e-01
-2.901780605316162109e+00
-3.477957487106323242e+00
-6.455282688140869141e+00
-6.517718315124511719e+00
-7.252295970916748047e+00
-6.715744495391845703e+00
-5.458354949951171875e+00
-4.002255916595458984e+00
-1.224065661430358887e+00
4.736026823520660400e-01
8.057072758674621582e-01
1.359971046447753906e+00
1.609616279602050781e+00
1.310736179351806641e+00
-5.916640758514404297e-01
-5.246277809143066406e+00
-8.156613349914550781e+00
-1.014074134826660156e+01
-1.067079639434814453e+01
-7.372467994689941406e+00
-3.921992778778076172e+00
-1.925679802894592285e+00
9.222417473793029785e-01
4.269028663635253906e+00
5.088169097900390625e+00
4.867403030395507812e+00
4.220880508422851562e+00
5.114828109741210938e+00
4.505519866943359375e+00
3.314746856689453125e+00
1.533532619476318359e+00
-8.366574048995971680e-01
1.856451988220214844e+00
5.476284503936767578e+00
8.304935455322265625e+00
9.150503158569335938e+00
4.383980274200439453e+00
-1.211115345358848572e-01
4.090660810470581055e-01
2.913641691207885742e+00
4.516076564788818359e+00
6.307526826858520508e-01
1.840890526771545410e+00
6.754855632781982422e+00
6.967024326324462891e+00
4.287376880645751953e+00
1.431945919990539551e+00
7.201782464981079102e-01
-3.675299406051635742e+00
-4.177163124084472656e+00
-7.943649888038635254e-01
3.746714591979980469e+00
6.751266956329345703e+00
7.576735019683837891e+00
7.094893932342529297e+00
5.672114372253417969e+00
1.785208940505981445e+00
5.914415359497070312e+00
1.012780857086181641e+01
1.117658901214599609e+01
8.192842483520507812e+00
5.830137252807617188e+00
5.222837448120117188e+00
6.038246631622314453e+00
4.670771121978759766e+00
5.728505134582519531e+00
3.827142715454101562e+00
-1.367236137390136719e+00
-3.593995571136474609e+00
-2.448890924453735352e+00
-3.968605995178222656e+00
-5.874831676483154297e+00
-2.889076709747314453e+00
2.195333957672119141e+00
4.102410316467285156e+00
3.750279664993286133e+00
3.390264034271240234e+00
2.200599908828735352e+00
9.743103384971618652e-01
1.155475258827209473e+00
2.920137166976928711e+00
2.479832649230957031e+00
1.149808168411254883e+00
1.613985180854797363e+00
2.135755538940429688e+00
5.249827384948730469e+00
6.217547416687011719e+00
4.240196228027343750e+00
6.055460453033447266e+00
8.885530471801757812e+00
9.505913734436035156e+00
6.900575637817382812e+00
9.056279063224792480e-02
-1.323338270187377930e+00
-3.838493824005126953e+00
-5.764672756195068359e+00
-7.919291496276855469e+00
-5.624171257019042969e+00
-3.425015449523925781e+00
-1.235849022865295410e+00
6.350138038396835327e-02
-1.061531543731689453e+00
-2.764986038208007812e+00
-2.983768701553344727e+00
-6.913142204284667969e-01
4.859846115112304688e+00
7.425323486328125000e+00
6.792425632476806641e+00
1.380586028099060059e+00
1.716058403253555298e-01
1.099722862243652344e+00
1.865023255348205566e+00
2.765017509460449219e+00
3.107535839080810547e+00
3.783527851104736328e+00
1.511359333992004395e+00
-3.772870779037475586e+00
-5.627712726593017578e+00
-2.842769384384155273e+00
2.246221542358398438e+00
5.323927879333496094e+00
6.790701866149902344e+00
6.592535495758056641e+00
5.779864788055419922e+00
3.824097156524658203e+00
2.485783576965332031e+00
1.264925360679626465e+00
2.751225709915161133e+00
3.738166332244873047e+00
5.480087757110595703e+00
9.144455909729003906e+00
1.018530559539794922e+01
1.013399314880371094e+01
8.561547279357910156e+00
4.980724811553955078e+00
-7.624865174293518066e-01
-1.289003729820251465e+00
1.730212330818176270e+00
3.808748245239257812e+00
2.750187158584594727e+00
-1.182883262634277344e+00
-3.355709314346313477e+00
-5.504401683807373047e+00
-6.169603347778320312e+00
-6.516914367675781250e+00
-6.777659416198730469e+00
-7.097248077392578125e+00
-7.870860099792480469e+00
-7.924180507659912109e+00
-6.856055736541748047e+00
-6.760845184326171875e+00
-5.938069820404052734e+00
-5.744270324707031250e+00
-4.576118946075439453e+00
-4.391552925109863281e+00
-3.524452924728393555e+00
-2.910918712615966797e+00
-2.361992120742797852e+00
-2.029391288757324219e+00
-8.202458620071411133e-01
-3.249931335449218750e-01
7.154555320739746094e-01
1.481109976768493652e+00
1.258597016334533691e+00
1.716634273529052734e+00
1.140551567077636719e+00
-3.896005749702453613e-01
-2.247040033340454102e+00
-5.168330192565917969e+00
-5.763776302337646484e+00
-6.795769214630126953e+00
-6.568251609802246094e+00
-7.435469150543212891e+00
-6.972001552581787109e+00
-6.749581336975097656e+00
-6.501684188842773438e+00
-6.169603347778320312e+00
-5.482062816619873047e+00
-5.373817443847656250e+00
-6.264648914337158203e+00
-6.834898471832275391e+00
-6.783160209655761719e+00
-5.699474811553955078e+00
-5.599990367889404297e+00
-6.779075145721435547e+00
-7.050729274749755859e+00
-6.381773471832275391e+00
-3.234215736389160156e+00
-2.549981832504272461e+00
-4.158980369567871094e+00
-6.906991958618164062e+00
-8.643600463867187500e+00
-9.285540580749511719e+00
-9.383325576782226562e+00
-7.442010879516601562e+00
-4.892448902130126953e+00
-3.835187673568725586e+00
-3.349687814712524414e+00
-2.380316495895385742e+00
-1.369361758232116699e+00
-3.526921272277832031e-01
2.430847138166427612e-01
7.998037934303283691e-01
3.627122044563293457e-01
-1.658488988876342773e+00
-5.758792400360107422e+00
-8.491454124450683594e+00
-9.380916595458984375e+00
-1.169483470916748047e+01
-1.394799613952636719e+01
-1.457113933563232422e+01
-1.468150806427001953e+01
-1.494305992126464844e+01
-1.560561466217041016e+01
-1.539141273498535156e+01
-1.513631534576416016e+01
-1.335100936889648438e+01
-1.185918998718261719e+01
-1.093253517150878906e+01
-1.120012569427490234e+01
-1.131649494171142578e+01
-1.210000228881835938e+01
-1.145631408691406250e+01
-1.080688476562500000e+01
-1.049674224853515625e+01
-1.096150779724121094e+01
-1.307314968109130859e+01
-1.431443500518798828e+01
-1.586395168304443359e+01
-1.468403720855712891e+01
-1.249709129333496094e+01
-1.174350357055664062e+01
-1.370675849914550781e+01
-1.481100940704345703e+01
-1.383372974395751953e+01
-1.214989662170410156e+01
-1.021573543548583984e+01
-7.274374485015869141e+00
-6.223631858825683594e+00
-5.419581890106201172e+00
-3.926077604293823242e+00
-3.671590805053710938e+00
-2.795565366744995117e+00
-4.553827285766601562e+00
-8.169457435607910156e+00
-9.507416725158691406e+00
-9.793663024902343750e+00
-8.779827117919921875e+00
-7.227880001068115234e+00
-6.146814346313476562e+00
-4.539068222045898438e+00
-3.131472349166870117e+00
-1.765034675598144531e+00
-1.532107949256896973e+00
-2.285436153411865234e+00
-3.914270877838134766e+00
-5.781722068786621094e+00
-7.392302513122558594e+00
-9.509779930114746094e+00
-9.384601593017578125e+00
-1.001782798767089844e+01
-1.211664676666259766e+01
-1.268191909790039062e+01
-1.261636257171630859e+01
-1.187966251373291016e+01
-1.152177047729492188e+01
-1.056864452362060547e+01
-1.095900535583496094e+01
-8.818246841430664062e+00
-6.058429718017578125e+00
-3.113857269287109375e+00
-1.248660534620285034e-01
2.477329730987548828e+00
4.312878608703613281e+00
5.033124923706054688e+00
5.503701686859130859e+00
5.216013431549072266e+00
6.253252029418945312e+00
6.997393131256103516e+00
5.166731357574462891e+00
-1.554695665836334229e-01
-3.974934816360473633e+00
-3.071374654769897461e+00
-3.205123901367187500e+00
-1.229568123817443848e+00
6.328366279602050781e+00
6.914650917053222656e+00
5.725835323333740234e+00
4.180594921112060547e+00
2.158165454864501953e+00
-1.145231872797012329e-01
-2.488090038299560547e+00
-3.436728000640869141e+00
-3.017653703689575195e+00
-1.113009929656982422e+00
-4.127658307552337646e-01
-1.488091945648193359e+00
-2.543157577514648438e+00
-3.434248447418212891e+00
-4.732276916503906250e+00
-5.710927963256835938e+00
-6.001850128173828125e+00
-5.662377834320068359e+00
-6.130876541137695312e+00
-7.763537406921386719e+00
-1.005535030364990234e+01
-8.350056648254394531e+00
-4.400927543640136719e+00
-2.628025531768798828e+00
-3.761984348297119141e+00
-1.070022201538085938e+01
-1.373891925811767578e+01
-1.539165019989013672e+01
-1.599451065063476562e+01
-1.521950626373291016e+01
-1.048009300231933594e+01
-5.455615520477294922e+00
-2.553878307342529297e+00
-1.832334280014038086e+00
-1.205977559089660645e+00
-3.334527730941772461e+00
-4.377645015716552734e+00
-7.147451877593994141e+00
-9.964178085327148438e+00
-1.031118202209472656e+01
-8.094648361206054688e+00
-5.827793121337890625e+00
-3.875685214996337891e+00
-2.063395500183105469e+00
6.678395718336105347e-02
-9.339228272438049316e-01
-4.620631217956542969e+00
-1.131722736358642578e+01
-1.538673686981201172e+01
-3.055152416229248047e+00
-8.078486323356628418e-01
1.992572695016860962e-01
-5.859152317047119141e+00
-7.199850082397460938e+00
-1.028088951110839844e+01
-1.351338195800781250e+01
-1.389953804016113281e+01
-1.220456504821777344e+01
-1.083283519744873047e+01
-1.216834163665771484e+01
-1.037420845031738281e+01
-9.208584785461425781e+00
-7.754325866699218750e+00
-3.328600406646728516e+00
7.084421515464782715e-01
6.529816150665283203e+00
8.539447784423828125e+00
7.572671890258789062e+00
6.933305263519287109e+00
6.496639251708984375e+00
6.764087677001953125e+00
5.943460464477539062e+00
4.927594184875488281e+00
2.012090206146240234e+00
-1.568402647972106934e+00
-4.820664405822753906e+00
-6.197964191436767578e+00
-7.714441776275634766e+00
-1.052189159393310547e+01
-1.174503803253173828e+01
-1.276357364654541016e+01
-1.266874122619628906e+01
-1.252226543426513672e+01
-1.477809238433837891e+01
-1.366944885253906250e+01
-1.096922969818115234e+01
-1.155140590667724609e+01
-1.042493057250976562e+01
-7.081166744232177734e+00
-3.861517190933227539e+00
-2.303902387619018555e+00
-1.916423201560974121e+00
5.728518962860107422e-01
1.673845887184143066e+00
9.656437635421752930e-01
-9.116550087928771973e-01
1.203599929809570312e+00
2.367407560348510742e+00
2.770495414733886719e+00
3.307237625122070312e+00
3.159273624420166016e+00
4.318061769008636475e-01
-2.722362518310546875e+00
-4.741816997528076172e+00
-4.902295589447021484e+00
-3.733978509902954102e+00
-2.577302694320678711e+00
-1.778305888175964355e+00
-9.262953400611877441e-01
1.144990801811218262e+00
2.089425563812255859e+00
2.815857648849487305e+00
1.371990561485290527e+00
-9.934532642364501953e-01
-4.171660900115966797e+00
-5.587828636169433594e+00
-6.772038459777832031e+00
-7.881298542022705078e+00
-8.743816375732421875e+00
-7.792249679565429688e+00
-7.278106212615966797e+00
-5.744838714599609375e+00
-4.323804855346679688e+00
-1.094142436981201172e+00
-3.847124874591827393e-01
-3.682773113250732422e-01
1.365851283073425293e+00
1.464769482612609863e+00
1.859545111656188965e+00
5.608084797859191895e-01
-2.661475539207458496e-01
-1.840669870376586914e+00
-2.773203849792480469e+00
-3.274784564971923828e+00
-3.500248432159423828e+00
-3.268503665924072266e+00
-3.123609066009521484e+00
-3.723943233489990234e+00
-2.475008010864257812e+00
-2.279580116271972656e+00
-3.269234895706176758e+00
-5.115174770355224609e+00
-2.356230735778808594e+00
2.358340263366699219e+00
7.582896232604980469e+00
6.694593906402587891e+00
6.656882286071777344e+00
7.142191886901855469e+00
9.635150909423828125e+00
5.904947280883789062e+00
-5.504331588745117188e+00
-9.411473274230957031e+00
-2.436210393905639648e+00
1.606404900550842285e+00
3.870356559753417969e+00
1.330005168914794922e+00
2.135078981518745422e-02
7.699559926986694336e-01
4.659719467163085938e+00
7.283922195434570312e+00
1.152914714813232422e+01
8.914741516113281250e+00
9.713524818420410156e+00
8.948319435119628906e+00
8.384894371032714844e+00
4.891181945800781250e+00
5.679599761962890625e+00
1.074889755249023438e+01
9.794685363769531250e+00
8.951389312744140625e+00
7.830985069274902344e+00
4.471659183502197266e+00
1.920492053031921387e+00
-1.535319566726684570e+00
-4.569789409637451172e+00
-4.009127140045166016e+00
1.531903147697448730e+00
5.727040290832519531e+00
6.655630111694335938e+00
9.435873031616210938e+00
1.072074890136718750e+01
1.135053062438964844e+01
1.394528865814208984e+01
1.521545314788818359e+01
1.904171371459960938e+01
1.336240386962890625e+01
1.152640914916992188e+01
1.050376033782958984e+01
1.316742515563964844e+01
1.255197525024414062e+01
1.074313640594482422e+01
9.230999946594238281e+00
8.479798316955566406e+00
4.389057159423828125e+00
-2.086182594299316406e+00
-5.731354236602783203e+00
-8.575850486755371094e+00
-5.940100193023681641e+00
-4.707742214202880859e+00
-3.659690141677856445e+00
-1.181041359901428223e+00
2.174222469329833984e+00
7.522454261779785156e-01
-2.347398996353149414e+00
-4.854218482971191406e+00
-5.055834293365478516e+00
-5.305808544158935547e+00
-5.347086429595947266e+00
-4.566318988800048828e+00
-3.132204532623291016e+00
-1.157734632492065430e+00
-1.597908735275268555e-01
-1.026937842369079590e+00
-3.358283281326293945e+00
-6.778909683227539062e+00
-9.091035842895507812e+00
-1.250835323333740234e+01
-1.494893455505371094e+01
-1.645046997070312500e+01
-1.352644062042236328e+01
-1.341899776458740234e+01
-1.419419288635253906e+01
-1.579995536804199219e+01
-1.711838531494140625e+01
-1.541751003265380859e+01
-1.470432472229003906e+01
-1.177297401428222656e+01
-8.457333564758300781e+00
-6.131632328033447266e+00
-4.016188144683837891e+00
-8.477559685707092285e-01
1.796637773513793945e+00
2.749833106994628906e+00
2.639060497283935547e+00
2.826695919036865234e+00
1.304525494575500488e+00
3.114312648773193359e+00
8.789162635803222656e+00
1.022981739044189453e+01
4.859090328216552734e+00
-7.031920552253723145e-01
-2.618745565414428711e+00
-9.173592180013656616e-02
2.666878461837768555e+00
8.239904403686523438e+00
1.123340606689453125e+01
8.542704582214355469e+00
2.771959543228149414e+00
5.139976978302001953e+00
8.690267562866210938e+00
7.975358963012695312e+00
4.911205768585205078e+00
4.766406536102294922e+00
5.219957351684570312e+00
4.580352783203125000e+00
6.359418392181396484e+00
9.575737953186035156e+00
9.648589134216308594e+00
7.666939735412597656e+00
8.091043472290039062e+00
9.853934288024902344e+00
1.027019882202148438e+01
9.907228469848632812e+00
7.614917278289794922e+00
6.737262725830078125e+00
5.792545795440673828e+00
3.741118431091308594e+00
2.927338361740112305e+00
5.054966926574707031e+00
7.643798351287841797e+00
7.242906570434570312e+00
5.546560287475585938e+00
1.458913326263427734e+00
-3.411130189895629883e+00
-1.959660172462463379e+00
6.486282944679260254e-01
2.120453834533691406e+00
1.749339580535888672e+00
-1.070694088935852051e+00
-5.436133861541748047e+00
-6.262805938720703125e+00
-7.536111354827880859e+00
-8.313312530517578125e+00
-4.533282756805419922e+00
-7.574809789657592773e-01
1.064548194408416748e-01
-5.529950931668281555e-02
3.622636497020721436e-01
1.102934479713439941e+00
2.649474382400512695e+00
3.266503334045410156e+00
-8.576735258102416992e-01
-6.157275676727294922e+00
-6.263349056243896484e+00
-1.101533770561218262e+00
1.301432371139526367e+00
3.112447261810302734e+00
3.808181524276733398e+00
3.261474132537841797e+00
3.165601968765258789e+00
2.657196044921875000e+00
2.329247713088989258e+00
1.488416343927383423e-01
-2.730533361434936523e+00
-6.392351627349853516e+00
-8.512778282165527344e+00
-7.953368663787841797e+00
-5.920877933502197266e+00
-6.938468456268310547e+00
-8.293972969055175781e+00
-4.077016830444335938e+00
-3.584786653518676758e+00
-9.275671958923339844e+00
-6.310246467590332031e+00
-4.189867496490478516e+00
-4.264416217803955078e+00
-3.931886672973632812e+00
-4.585209846496582031e+00
-4.459466457366943359e+00
-4.365200042724609375e+00
-8.670281410217285156e+00
-1.099286746978759766e+01
-4.343143939971923828e+00
-5.021203160285949707e-01
-5.978802680969238281e+00
-1.797858119010925293e+00
-3.883549213409423828e+00
-2.636620521545410156e+00
-5.337167739868164062e+00
-5.676734924316406250e+00
2.971094608306884766e+00
2.838786363601684570e+00
-2.576051235198974609e+00
-3.476446866989135742e+00
-3.065683841705322266e+00
-7.015156149864196777e-01
3.602669954299926758e+00
5.927616119384765625e+00
5.403554916381835938e+00
5.451632499694824219e+00
2.354939460754394531e+00
-2.377411842346191406e+00
-4.234048843383789062e+00
-3.511489391326904297e+00
-1.882324695587158203e+00
1.363324165344238281e+00
1.169360518455505371e+00
-7.966792583465576172e-01
-1.020538210868835449e+00
2.776257514953613281e+00
6.896965026855468750e+00
8.583062171936035156e+00
8.235346794128417969e+00
6.958666324615478516e+00
6.106090545654296875e+00
4.549796581268310547e+00
5.247939109802246094e+00
7.328222751617431641e+00
6.671145915985107422e+00
3.177786588668823242e+00
-2.233593314886093140e-01
4.116364955902099609e+00
6.976730823516845703e+00
6.240310192108154297e+00
6.329430103302001953e+00
5.884119033813476562e+00
6.189517498016357422e+00
7.277523517608642578e+00
5.966153144836425781e+00
2.247473001480102539e+00
8.206550478935241699e-01
1.559021323919296265e-01
-4.398743808269500732e-01
-6.420218199491500854e-02
5.479624271392822266e-01
1.299614310264587402e+00
1.644848346710205078e+00
4.991658687591552734e+00
5.807398319244384766e+00
3.215473890304565430e+00
-1.700616359710693359e+00
-5.518121242523193359e+00
2.925072908401489258e+00
1.084965515136718750e+01
1.013158512115478516e+01
8.627809524536132812e+00
5.486839771270751953e+00
3.045620679855346680e+00
4.744398117065429688e+00
6.494725704193115234e+00
8.054323196411132812e+00
8.897267341613769531e+00
5.101816654205322266e+00
4.588074684143066406e+00
7.772255897521972656e+00
1.194170093536376953e+01
5.944735527038574219e+00
7.757521629333496094e+00
7.757262229919433594e+00
1.043262481689453125e+00
-3.266779899597167969e+00
5.384829521179199219e+00
1.011455726623535156e+01
6.335214614868164062e+00
-8.134453296661376953e-01
-1.543749928474426270e+00
-4.198027253150939941e-01
5.689518451690673828e+00
7.962702751159667969e+00
8.091326713562011719e+00
8.008158683776855469e+00
2.044936895370483398e+00
-4.978309154510498047e+00
-6.870177268981933594e+00
-5.018169403076171875e+00
-5.598833560943603516e+00
-4.556990623474121094e+00
-3.341847896575927734e+00
-1.087294697761535645e+00
5.773962661623954773e-02
1.341292858123779297e+00
1.347691893577575684e+00
1.118802905082702637e+00
2.994271218776702881e-01
-5.851120874285697937e-02
-2.239979505538940430e+00
-4.042635917663574219e+00
-5.601123332977294922e+00
-7.296667098999023438e+00
-6.726061820983886719e+00
-7.499178886413574219e+00
-5.569103240966796875e+00
-7.014104843139648438e+00
-6.305735588073730469e+00
-6.973299980163574219e+00
-7.184004783630371094e+00
-8.633633613586425781e+00
-9.904742240905761719e+00
-1.166737365722656250e+01
-1.011743164062500000e+01
-6.787292003631591797e+00
-3.802860021591186523e+00
-7.402186393737792969e-01
1.581374168395996094e+00
-4.768948554992675781e+00
-6.904631137847900391e+00
1.113466262817382812e+00
-1.692328095436096191e+00
-3.238679409027099609e+00
9.325484186410903931e-02
-2.101130247116088867e+00
-3.849828004837036133e+00
-4.123488426208496094e+00
-6.529548645019531250e+00
-8.618827819824218750e+00
-4.662072658538818359e+00
-2.629418611526489258e+00
6.576726436614990234e-01
7.853521108627319336e-01
-5.091938972473144531e+00
-1.024846458435058594e+01
-1.177845096588134766e+01
-1.083125495910644531e+01
-9.325732231140136719e+00
-9.271703720092773438e+00
-3.344657659530639648e+00
1.515217009000480175e-03
-2.130930662155151367e+00
-4.808076858520507812e+00
-7.285061478614807129e-01
4.268816947937011719e+00
3.149639368057250977e+00
8.420727849006652832e-01
1.535445213317871094e+00
7.180731296539306641e+00
9.157773971557617188e+00
7.203022003173828125e+00
5.398689746856689453e+00
7.091742157936096191e-01
-4.474603652954101562e+00
-7.547798633575439453e+00
-6.684408187866210938e+00
-4.255514144897460938e+00
-1.648453235626220703e+00
-1.349124550819396973e+00
-5.794085264205932617e-01
5.230736136436462402e-01
1.227096199989318848e+00
3.083237171173095703e+00
5.085264205932617188e+00
8.011795997619628906e+00
8.831525802612304688e+00
5.441974163055419922e+00
-8.194664120674133301e-01
7.998573303222656250e+00
1.245582294464111328e+01
1.255842304229736328e+01
1.372806358337402344e+01
1.331425285339355469e+01
2.076410675048828125e+01
1.954615974426269531e+01
1.751021957397460938e+01
1.146267127990722656e+01
8.622164726257324219e+00
7.054326057434082031e+00
4.209876537322998047e+00
2.282303094863891602e+00
-7.475385069847106934e-01
3.719960212707519531e+00
7.309425354003906250e+00
5.076692104339599609e+00
2.853805065155029297e+00
6.757370233535766602e-01
4.133875370025634766e-01
-4.234392344951629639e-01
-1.733840942382812500e+00
-2.495410919189453125e+00
-2.917459964752197266e+00
-3.565730571746826172e+00
-2.975904464721679688e+00
-3.324585676193237305e+00
-4.211143493652343750e+00
-4.804369926452636719e+00
-6.695222377777099609e+00
-8.496226310729980469e+00
-9.591529846191406250e+00
-1.004753589630126953e+01
-1.043614864349365234e+01
-9.017877578735351562e+00
-7.490725994110107422e+00
-6.157135963439941406e+00
-6.407135009765625000e+00
-6.956062316894531250e+00
-6.990656852722167969e+00
-6.261767387390136719e+00
-5.552525520324707031e+00
-6.282288551330566406e+00
-6.434244155883789062e+00
-6.956344127655029297e+00
-8.577268600463867188e+00
-1.017434120178222656e+01
-9.020192146301269531e+00
-2.741526365280151367e-01
5.323480129241943359e+00
9.049905776977539062e+00
9.821935653686523438e+00
7.420411586761474609e+00
7.381589889526367188e+00
8.417220115661621094e+00
9.937053680419921875e+00
6.726424694061279297e+00
6.229070663452148438e+00
6.897602081298828125e+00
9.380381584167480469e+00
9.470917701721191406e+00
8.872142791748046875e+00
8.407704353332519531e+00
2.677125930786132812e+00
2.741569042205810547e+00
2.271086931228637695e+00
4.156650066375732422e+00
5.994066238403320312e+00
6.292095184326171875e+00
5.530904293060302734e+00
3.723715305328369141e+00
1.072401762008666992e+00
-4.465808272361755371e-01
-9.142524600028991699e-01
4.052407741546630859e-01
1.162583231925964355e+00
1.660197257995605469e+00
3.584145009517669678e-01
1.263862848281860352e+00
1.795102953910827637e+00
3.175992250442504883e+00
6.147507667541503906e+00
8.789988517761230469e+00
7.663019180297851562e+00
6.625403881072998047e+00
5.989624500274658203e+00
7.756505489349365234e+00
8.007473945617675781e+00
6.907211780548095703e+00
5.114615440368652344e+00
3.571452379226684570e+00
1.531619906425476074e+00
-2.516853250563144684e-02
-2.111850976943969727e+00
-3.466151237487792969e+00
-4.634657382965087891e+00
-6.071109294891357422e+00
-6.437053680419921875e+00
-6.234942436218261719e+00
-3.597656250000000000e+00
-1.536748856306076050e-01
-3.794465959072113037e-01
-6.535560488700866699e-01
-7.034283280372619629e-01
8.422853946685791016e-01
1.701261878013610840e+00
2.869602203369140625e+00
2.621350765228271484e+00
4.733429551124572754e-01
-1.876491904258728027e+00
-5.047417283058166504e-01
1.431332111358642578e+00
-4.495713710784912109e+00
-9.397636413574218750e+00
6.368343353271484375e+00
9.331478118896484375e+00
9.251686096191406250e+00
1.250980186462402344e+01
1.035624504089355469e+01
5.547409534454345703e+00
-1.195765286684036255e-01
9.317578077316284180e-01
4.259087085723876953e+00
6.538976669311523438e+00
6.500203609466552734e+00
4.919896125793457031e+00
4.216581821441650391e+00
3.318123519420623779e-02
-2.995149612426757812e+00
-6.123531818389892578e+00
-7.071769714355468750e+00
-9.124093055725097656e+00
-1.081680107116699219e+01
-1.197461318969726562e+01
-1.111984157562255859e+01
-8.069996833801269531e+00
-4.078857898712158203e+00
-4.872436821460723877e-01
-9.771596193313598633e-01
-3.070548534393310547e+00
-1.041475200653076172e+01
-1.709942436218261719e+01
-1.946647262573242188e+01
-1.480043125152587891e+01
-1.015096378326416016e+01
-6.495072841644287109e+00
-6.022157192230224609e+00
-8.659278869628906250e+00
-8.215740203857421875e+00
-9.488171577453613281e+00
-7.540881633758544922e+00
-1.549724221229553223e+00
4.986747264862060547e+00
6.189400196075439453e+00
7.843666553497314453e+00
7.755136013031005859e+00
3.923416614532470703e+00
-1.380058765411376953e+00
-4.323309421539306641e+00
-2.970921516418457031e+00
-4.527674913406372070e-01
2.905377864837646484e+00
4.886150836944580078e+00
7.135485172271728516e+00
8.049201965332031250e+00
6.494017124176025391e+00
4.905539512634277344e+00
2.108481884002685547e+00
-4.023956775665283203e+00
-4.546247482299804688e+00
6.745798587799072266e-01
-1.125478029251098633e+00
-9.112783432006835938e+00
-7.675361633300781250e+00
-3.648260116577148438e+00
-1.731219768524169922e+00
8.850969672203063965e-01
3.359164237976074219e+00
3.325561285018920898e+00
2.793495416641235352e+00
2.986986398696899414e+00
2.300438642501831055e+00
3.193914890289306641e+00
2.629048347473144531e+00
2.895246982574462891e+00
1.614528179168701172e+00
1.161803722381591797e+00
-7.377624511718750000e-01
-4.683763980865478516e-01
-3.615237176418304443e-01
-7.150934934616088867e-01
-2.573335647583007812e+00
-4.142663955688476562e+00
-7.051933288574218750e+00
-9.285564422607421875e+00
-1.221920204162597656e+01
-9.170801162719726562e+00
-7.345948219299316406e+00
-6.583410739898681641e+00
-8.445219993591308594e+00
-7.586976051330566406e+00
-8.129692077636718750e+00
-8.000690460205078125e+00
-1.083803272247314453e+01
-9.753850936889648438e+00
-8.489143371582031250e+00
-8.014078140258789062e+00
-9.102841377258300781e+00
-6.234824180603027344e+00
-4.041713714599609375e+00
-3.906265258789062500e+00
-4.439607143402099609e+00
-2.633078813552856445e+00
-1.857813119888305664e+00
-1.482353687286376953e+00
-2.983342409133911133e+00
-3.343713045120239258e+00
-5.194116115570068359e+00
-5.581217288970947266e+00
-6.074793815612792969e+00
-1.895076155662536621e+00
3.001118898391723633e-01
5.333691239356994629e-01
1.921966969966888428e-01
3.011025905609130859e+00
4.559006214141845703e+00
4.985495090484619141e+00
5.549535274505615234e+00
4.907357215881347656e+00
3.392365217208862305e+00
1.869132518768310547e+00
4.316990077495574951e-02
4.292559027671813965e-01
9.297037124633789062e-01
1.047631025314331055e+00
-2.041954517364501953e+00
-4.361233234405517578e+00
-3.471392393112182617e+00
-1.871415376663208008e+00
8.860887885093688965e-01
1.852460980415344238e+00
2.407763481140136719e+00
2.078586816787719727e+00
1.786767005920410156e+00
2.125247716903686523e+00
1.374848127365112305e+00
1.180695056915283203e+00
3.971174359321594238e-01
1.217083811759948730e+00
2.131765127182006836e+00
2.564937114715576172e+00
2.518394947052001953e+00
1.885709404945373535e+00
1.840158104896545410e+00
1.295670509338378906e+00
1.042790055274963379e+00
1.004559278488159180e+00
1.859190702438354492e+00
1.697318553924560547e+00
2.342140913009643555e+00
2.145768165588378906e+00
1.983139872550964355e+00
2.342920064926147461e+00
1.540829181671142578e+00
2.128648042678833008e+00
1.347172260284423828e+00
1.931897997856140137e+00
2.701613903045654297e+00
4.136177062988281250e+00
2.946205615997314453e+00
3.749217510223388672e+00
4.267871856689453125e+00
5.329028606414794922e+00
3.626448869705200195e+00
3.177030801773071289e+00
2.372248411178588867e+00
5.791327357292175293e-01
-1.845841765403747559e+00
-3.185807943344116211e+00
-6.766632080078125000e+00
-1.247239398956298828e+01
-1.366469955444335938e+01
-1.157912635803222656e+01
-1.041898155212402344e+01
-8.451148033142089844e+00
-5.670642375946044922e+00
-3.654943466186523438e+00
-4.463599205017089844e+00
-3.771619319915771484e+00
-1.832664608955383301e+00
-6.066823601722717285e-01
1.563143968582153320e+00
4.531307220458984375e+00
5.037753105163574219e+00
4.036314487457275391e+00
3.230776786804199219e+00
3.930877923965454102e+00
3.242252111434936523e+00
3.500681877136230469e+00
4.731859683990478516e+00
3.564817667007446289e+00
-1.080564856529235840e+00
-3.355425834655761719e+00
-6.095715522766113281e+00
-8.344035148620605469e+00
-8.910481452941894531e+00
-9.172854423522949219e+00
-1.117745399475097656e+01
-8.392984390258789062e+00
-5.335587024688720703e+00
-3.790416002273559570e+00
-3.375709295272827148e+00
-8.477324843406677246e-01
1.865141987800598145e+00
2.328987360000610352e+00
1.625933408737182617e+00
6.928338408470153809e-01
1.690706133842468262e+00
1.111742496490478516e+00
-1.527303010225296021e-01
-1.186756014823913574e+00
-8.209778666496276855e-01
-2.446836948394775391e+00
-3.969242811203002930e+00
-4.486692905426025391e+00
-1.526960015296936035e+00
-1.838851809501647949e+00
-2.618768692016601562e+00
-3.095343351364135742e+00
-2.060420036315917969e+00
-3.222125053405761719e+00
-6.455686569213867188e+00
-6.325265407562255859e+00
-8.678853988647460938e+00
-9.935841560363769531e+00
-1.029503250122070312e+01
-6.929047107696533203e+00
-4.822103977203369141e+00
-5.120180130004882812e+00
-6.578451633453369141e+00
-6.932731151580810547e+00
-6.288640975952148438e+00
-6.193003654479980469e+00
-7.645631790161132812e+00
-5.707786560058593750e+00
-2.864305496215820312e+00
-2.791008472442626953e+00
-3.074468135833740234e+00
-3.394789934158325195e+00
-3.026650190353393555e+00
-4.270367145538330078e+00
-6.775226593017578125e+00
-7.736994743347167969e+00
-5.872398376464843750e+00
-5.251449108123779297e+00
-8.165442466735839844e+00
-7.214750766754150391e+00
-4.811477184295654297e+00
-4.008324146270751953e+00
-4.765738010406494141e+00
-3.545162439346313477e+00
-1.978574514389038086e+00
-2.864399671554565430e+00
-4.392544269561767578e+00
-6.878843784332275391e+00
-7.937026023864746094e+00
-1.038927459716796875e+01
-1.265112400054931641e+01
-1.156033515930175781e+01
-1.028249359130859375e+01
-9.587846755981445312e+00
-1.009429073333740234e+01
-8.923824310302734375e+00
-8.296026229858398438e+00
-7.617649555206298828e+00
-6.764623165130615234e+00
-4.658790588378906250e+00
-3.514322996139526367e+00
-1.919209241867065430e+00
-2.231053829193115234e+00
-4.668377876281738281e+00
-8.766179084777832031e+00
-1.088769149780273438e+01
-1.136723899841308594e+01
-9.868044853210449219e+00
-7.730263710021972656e+00
-5.297874927520751953e+00
-3.185193300247192383e+00
6.088625788688659668e-01
3.861642837524414062e+00
5.867754936218261719e+00
7.191499233245849609e+00
6.750486850738525391e+00
4.932930469512939453e+00
4.078181743621826172e+00
3.564156293869018555e+00
2.978675365447998047e+00
2.835717201232910156e+00
2.775950193405151367e+00
1.295056819915771484e+00
2.670052945613861084e-01
-1.363033056259155273e+00
-3.181923627853393555e-01
9.812052249908447266e-01
-1.361498355865478516e+00
-4.981543064117431641e+00
1.570700645446777344e+00
1.904505968093872070e+00
6.889134645462036133e-01
-7.452719807624816895e-01
-4.483517706394195557e-01
-1.085334658622741699e+00
-1.525992035865783691e+00
-4.010804176330566406e+00
-4.408979415893554688e+00
-6.263680934906005859e+00
-6.801721096038818359e+00
-7.667758464813232422e+00
-8.194700241088867188e+00
-9.773970603942871094e+00
-7.633446216583251953e+00
-7.439271450042724609e+00
-7.387367248535156250e+00
-1.080100536346435547e+01
-8.616349220275878906e+00
-7.661571979522705078e+00
-7.334567070007324219e+00
-8.424696922302246094e+00
-6.909801959991455078e+00
-5.853863239288330078e+00
-4.882743835449218750e+00
-4.132486343383789062e+00
-2.014963626861572266e+00
-7.992058396339416504e-01
7.368021607398986816e-01
1.516766548156738281e+00
2.653748989105224609e+00
3.205862998962402344e+00
3.247021913528442383e+00
2.831583976745605469e+00
2.282231569290161133e+00
1.580642461776733398e+00
1.970530033111572266e+00
2.292433261871337891e+00
1.905828118324279785e+00
1.451498508453369141e+00
2.491167783737182617e+00
2.735830545425415039e+00
3.009915828704833984e+00
8.506209254264831543e-01
7.599911093711853027e-01
-1.795119166374206543e+00
-3.099380731582641602e+00
-5.047758102416992188e+00
-4.405767440795898438e+00
-5.922626018524169922e+00
