7.640625000000000000e+00
1.013281250000000000e+01
1.270312500000000000e+01
1.139843750000000000e+01
7.640625000000000000e+00
6.960937500000000000e+00
8.023437500000000000e+00
8.796875000000000000e+00
6.996093750000000000e+00
5.785156250000000000e+00
5.164062500000000000e+00
3.457031250000000000e+00
4.316406250000000000e+00
5.453125000000000000e+00
6.050781250000000000e+00
6.457031250000000000e+00
6.714843750000000000e+00
6.414062500000000000e+00
7.472656250000000000e+00
7.683593750000000000e+00
5.062500000000000000e+00
2.869140625000000000e+00
1.425781250000000000e+00
9.028320312500000000e-01
1.559570312500000000e+00
1.196289062500000000e+00
2.355468750000000000e+00
2.406250000000000000e+00
2.695312500000000000e+00
8.803710937500000000e-01
2.029296875000000000e+00
2.253906250000000000e+00
2.820312500000000000e+00
8.686523437500000000e-01
1.279296875000000000e+00
6.010742187500000000e-01
5.786132812500000000e-01
-1.926757812500000000e+00
-3.302734375000000000e+00
-1.844726562500000000e+00
-2.386718750000000000e+00
-5.144531250000000000e+00
-6.226562500000000000e+00
-4.707031250000000000e+00
-3.648437500000000000e+00
-5.136718750000000000e+00
-7.449218750000000000e+00
-8.859375000000000000e+00
-9.718750000000000000e+00
-8.828125000000000000e+00
-8.273437500000000000e+00
-7.843750000000000000e+00
-7.605468750000000000e+00
-7.136718750000000000e+00
-6.785156250000000000e+00
-7.093750000000000000e+00
-5.964843750000000000e+00
-5.062500000000000000e+00
-4.566406250000000000e+00
-3.890625000000000000e+00
-2.984375000000000000e+00
-1.342773437500000000e+00
-2.053222656250000000e-01
1.350585937500000000e+00
2.271484375000000000e+00
2.373046875000000000e+00
2.962890625000000000e+00
2.962890625000000000e+00
1.279296875000000000e+00
9.902954101562500000e-03
-1.312500000000000000e+00
-3.947265625000000000e+00
-5.093750000000000000e+00
-6.640625000000000000e+00
-6.863281250000000000e+00
-9.218750000000000000e+00
-8.062500000000000000e+00
-8.226562500000000000e+00
-7.496093750000000000e+00
-7.046875000000000000e+00
-4.312500000000000000e+00
-2.503906250000000000e+00
-2.512207031250000000e-01
-4.750976562500000000e-01
-6.572265625000000000e-01
-1.043945312500000000e+00
5.264282226562500000e-02
-8.974609375000000000e-01
-1.762695312500000000e+00
-1.484375000000000000e+00
-1.761718750000000000e+00
-1.979492187500000000e+00
-1.171875000000000000e-01
1.770507812500000000e+00
3.291015625000000000e+00
3.824218750000000000e+00
4.550781250000000000e+00
4.355468750000000000e+00
3.697265625000000000e+00
6.445312500000000000e-01
-2.308593750000000000e+00
-4.472656250000000000e+00
-7.550781250000000000e+00
-9.335937500000000000e+00
-9.398437500000000000e+00
-7.437500000000000000e+00
-7.320312500000000000e+00
-8.531250000000000000e+00
-1.103125000000000000e+01
-8.617187500000000000e+00
-4.511718750000000000e+00
-1.069335937500000000e+00
6.147460937500000000e-01
-2.337646484375000000e-02
4.013671875000000000e-01
4.089355468750000000e-01
3.886718750000000000e+00
5.308593750000000000e+00
5.601562500000000000e+00
4.941406250000000000e+00
-4.379882812500000000e-01
-6.097656250000000000e+00
-5.917968750000000000e+00
-1.859375000000000000e+00
2.443359375000000000e+00
4.164062500000000000e+00
3.728515625000000000e+00
4.101562500000000000e+00
2.457031250000000000e+00
1.246093750000000000e+00
2.386474609375000000e-01
-4.152832031250000000e-01
-4.511718750000000000e-01
-3.049316406250000000e-01
1.847656250000000000e+00
1.940429687500000000e+00
1.196289062500000000e+00
3.156250000000000000e+00
5.468750000000000000e+00
6.953125000000000000e+00
5.781250000000000000e+00
3.576171875000000000e+00
2.449218750000000000e+00
2.404296875000000000e+00
3.414062500000000000e+00
5.300781250000000000e+00
7.468750000000000000e+00
4.242187500000000000e+00
1.042968750000000000e+00
1.564453125000000000e+00
1.970703125000000000e+00
6.967773437500000000e-01
-2.205078125000000000e+00
-2.029296875000000000e+00
-3.113281250000000000e+00
-3.621093750000000000e+00
4.643554687500000000e-01
3.685546875000000000e+00
3.804687500000000000e+00
2.039062500000000000e+00
2.800781250000000000e+00
2.621093750000000000e+00
3.656250000000000000e+00
4.136718750000000000e+00
3.888671875000000000e+00
3.349609375000000000e+00
2.816406250000000000e+00
5.171875000000000000e+00
7.488281250000000000e+00
9.562500000000000000e+00
9.218750000000000000e+00
5.699218750000000000e+00
1.535156250000000000e+00
-1.402343750000000000e+00
-2.726562500000000000e+00
-5.738281250000000000e+00
-7.070312500000000000e+00
-7.152343750000000000e+00
-3.833984375000000000e+00
-2.775390625000000000e+00
-5.464843750000000000e+00
-1.001562500000000000e+01
-1.327343750000000000e+01
-1.285937500000000000e+01
-9.585937500000000000e+00
-7.449218750000000000e+00
-5.718750000000000000e+00
-5.878906250000000000e+00
-6.777343750000000000e+00
-7.324218750000000000e+00
-8.195312500000000000e+00
-8.562500000000000000e+00
-7.777343750000000000e+00
-5.343750000000000000e+00
-2.230468750000000000e+00
-7.133789062500000000e-01
-2.037109375000000000e+00
-3.904296875000000000e+00
-4.613281250000000000e+00
-5.722656250000000000e+00
-5.492187500000000000e+00
-5.921875000000000000e+00
-5.472656250000000000e+00
-6.746093750000000000e+00
-6.527343750000000000e+00
-6.648437500000000000e+00
-6.121093750000000000e+00
-6.785156250000000000e+00
-6.191406250000000000e+00
-5.515625000000000000e+00
-2.623046875000000000e+00
8.271484375000000000e-01
4.113281250000000000e+00
4.832031250000000000e+00
4.449218750000000000e+00
3.974609375000000000e+00
4.777343750000000000e+00
6.109375000000000000e+00
5.148437500000000000e+00
2.343750000000000000e+00
1.489257812500000000e+00
-1.013946533203125000e-02
-7.807617187500000000e-01
-2.046875000000000000e+00
-1.325195312500000000e+00
2.902832031250000000e-01
9.047851562500000000e-01
-6.658935546875000000e-02
-2.673828125000000000e+00
-6.683593750000000000e+00
-9.335937500000000000e+00
-1.252343750000000000e+01
-1.330468750000000000e+01
-1.285937500000000000e+01
-1.112500000000000000e+01
-9.554687500000000000e+00
-8.304687500000000000e+00
-7.183593750000000000e+00
-4.136718750000000000e+00
-3.462890625000000000e+00
-3.613281250000000000e+00
-2.175781250000000000e+00
3.984375000000000000e+00
7.187500000000000000e+00
3.648437500000000000e+00
5.864257812500000000e-01
7.416992187500000000e-01
-1.113281250000000000e+00
-3.197265625000000000e+00
-4.171875000000000000e+00
-2.033203125000000000e+00
1.660156250000000000e-01
3.390625000000000000e+00
4.644531250000000000e+00
5.296875000000000000e+00
2.121582031250000000e-01
-6.929687500000000000e+00
-8.179687500000000000e+00
-4.562500000000000000e+00
1.954345703125000000e-01
2.458984375000000000e+00
3.791015625000000000e+00
3.388671875000000000e+00
2.912109375000000000e+00
2.316406250000000000e+00
2.400390625000000000e+00
2.833984375000000000e+00
3.800781250000000000e+00
4.867187500000000000e+00
6.164062500000000000e+00
8.125000000000000000e+00
8.921875000000000000e+00
9.500000000000000000e+00
7.593750000000000000e+00
-5.816406250000000000e+00
-1.335156250000000000e+01
-9.726562500000000000e+00
-4.050781250000000000e+00
-1.476562500000000000e+00
7.729492187500000000e-01
3.855468750000000000e+00
5.414062500000000000e+00
4.921875000000000000e+00
5.152343750000000000e+00
2.054687500000000000e+00
2.281250000000000000e+00
3.164672851562500000e-02
2.775878906250000000e-01
-4.033203125000000000e-01
3.207031250000000000e+00
3.271484375000000000e+00
4.871093750000000000e+00
2.789062500000000000e+00
9.379882812500000000e-01
-1.333007812500000000e+00
-2.210937500000000000e+00
-1.643554687500000000e+00
4.208374023437500000e-02
2.644531250000000000e+00
6.367187500000000000e+00
5.062500000000000000e+00
3.132812500000000000e+00
-1.338867187500000000e+00
-4.273437500000000000e+00
-7.542968750000000000e+00
-5.359375000000000000e+00
-2.326171875000000000e+00
2.824218750000000000e+00
4.320312500000000000e+00
5.261718750000000000e+00
5.710937500000000000e+00
5.328125000000000000e+00
4.429687500000000000e+00
-3.171386718750000000e-01
-1.891601562500000000e+00
-2.130859375000000000e+00
-3.648437500000000000e+00
-4.878906250000000000e+00
-5.738281250000000000e+00
-6.574218750000000000e+00
-6.699218750000000000e+00
-5.324218750000000000e+00
-5.523437500000000000e+00
-5.539062500000000000e+00
-8.125000000000000000e+00
-1.011718750000000000e+01
-1.192187500000000000e+01
-1.328906250000000000e+01
-1.323437500000000000e+01
-1.133593750000000000e+01
-8.062500000000000000e+00
-3.800781250000000000e+00
-2.281250000000000000e+00
-6.312500000000000000e+00
-1.031250000000000000e+01
-1.178125000000000000e+01
-1.165625000000000000e+01
-1.137500000000000000e+01
-1.073437500000000000e+01
-8.156250000000000000e+00
-5.691406250000000000e+00
-2.882812500000000000e+00
-7.705078125000000000e-01
1.462890625000000000e+00
1.869140625000000000e+00
2.896484375000000000e+00
2.244140625000000000e+00
1.075195312500000000e+00
-5.087890625000000000e-01
-3.000000000000000000e+00
-2.986328125000000000e+00
-5.117187500000000000e-01
1.222656250000000000e+00
2.445312500000000000e+00
2.525390625000000000e+00
1.889648437500000000e+00
-3.000488281250000000e-01
-2.009765625000000000e+00
-2.886718750000000000e+00
-5.613281250000000000e+00
-8.093750000000000000e+00
-9.007812500000000000e+00
-1.090625000000000000e+01
-1.142968750000000000e+01
-7.925781250000000000e+00
-3.173828125000000000e+00
5.166015625000000000e-01
3.164062500000000000e+00
3.585937500000000000e+00
6.082031250000000000e+00
5.488281250000000000e+00
4.562500000000000000e+00
2.285156250000000000e+00
1.542968750000000000e+00
3.367187500000000000e+00
6.218750000000000000e+00
4.812500000000000000e+00
5.437500000000000000e+00
5.011718750000000000e+00
1.793945312500000000e+00
2.640625000000000000e+00
8.453125000000000000e+00
1.324218750000000000e+01
1.371093750000000000e+01
1.539843750000000000e+01
1.534375000000000000e+01
8.984375000000000000e+00
-5.209960937500000000e-01
-6.453125000000000000e+00
-3.449218750000000000e+00
1.845703125000000000e+00
7.429687500000000000e+00
1.326562500000000000e+01
1.424218750000000000e+01
1.310156250000000000e+01
7.843750000000000000e+00
6.437500000000000000e+00
7.937500000000000000e+00
8.343750000000000000e+00
7.617187500000000000e+00
5.867187500000000000e+00
5.292968750000000000e+00
2.556640625000000000e+00
2.798828125000000000e+00
1.401367187500000000e+00
-1.795898437500000000e+00
-7.027343750000000000e+00
-3.867187500000000000e+00
2.841796875000000000e+00
9.078125000000000000e+00
8.929687500000000000e+00
1.130468750000000000e+01
1.189843750000000000e+01
7.531250000000000000e+00
-1.118164062500000000e+00
-4.097656250000000000e+00
-4.527343750000000000e+00
-4.718750000000000000e+00
-3.246093750000000000e+00
1.047851562500000000e+00
4.066406250000000000e+00
6.238281250000000000e+00
3.734375000000000000e+00
-1.655273437500000000e-01
8.764648437500000000e-02
-8.330078125000000000e-01
-1.281738281250000000e-01
2.091796875000000000e+00
3.269531250000000000e+00
4.574218750000000000e+00
5.957031250000000000e+00
7.539062500000000000e+00
6.847656250000000000e+00
3.888671875000000000e+00
-5.886718750000000000e+00
-8.679687500000000000e+00
-9.648437500000000000e+00
-1.044531250000000000e+01
-1.058593750000000000e+01
-7.238281250000000000e+00
-5.527343750000000000e+00
-2.578125000000000000e+00
-3.066406250000000000e+00
3.017578125000000000e+00
1.337500000000000000e+01
9.531250000000000000e+00
8.820312500000000000e+00
5.710937500000000000e+00
-3.391113281250000000e-01
2.659606933593750000e-02
1.301757812500000000e+00
2.414062500000000000e+00
4.375000000000000000e+00
9.601562500000000000e+00
1.252343750000000000e+01
9.382812500000000000e+00
3.443359375000000000e+00
3.020019531250000000e-01
2.316406250000000000e+00
4.640625000000000000e+00
3.376953125000000000e+00
-1.144531250000000000e+00
-8.023437500000000000e+00
-1.179687500000000000e+01
-1.523437500000000000e+01
-1.137500000000000000e+01
-4.332031250000000000e+00
-1.336914062500000000e+00
-3.349609375000000000e+00
2.897949218750000000e-01
8.695312500000000000e+00
1.091406250000000000e+01
5.250000000000000000e+00
1.546875000000000000e+00
3.205566406250000000e-01
-4.789062500000000000e+00
-1.130468750000000000e+01
-1.410156250000000000e+01
-1.594531250000000000e+01
-1.620312500000000000e+01
-1.466406250000000000e+01
-1.242187500000000000e+01
-8.242187500000000000e+00
-3.031250000000000000e+00
-2.398437500000000000e+00
-2.837890625000000000e+00
-1.757812500000000000e+00
1.331787109375000000e-01
6.083984375000000000e-01
-6.103515625000000000e-01
2.683105468750000000e-01
-4.931640625000000000e-01
-1.518554687500000000e+00
-5.141601562500000000e-01
-3.442382812500000000e-02
1.376953125000000000e+00
5.394531250000000000e+00
7.453125000000000000e+00
6.847656250000000000e+00
5.464843750000000000e+00
3.714843750000000000e+00
2.236328125000000000e+00
2.171875000000000000e+00
2.986328125000000000e+00
3.771484375000000000e+00
4.324218750000000000e+00
5.820312500000000000e+00
7.531250000000000000e+00
6.343750000000000000e+00
4.789062500000000000e+00
2.578125000000000000e+00
2.921875000000000000e+00
7.451171875000000000e-01
-1.707763671875000000e-01
-1.289062500000000000e+00
-1.929687500000000000e+00
-2.908203125000000000e+00
-2.378906250000000000e+00
5.380859375000000000e-01
4.886718750000000000e+00
6.558593750000000000e+00
7.929687500000000000e+00
6.906250000000000000e+00
6.085937500000000000e+00
5.066406250000000000e+00
4.562500000000000000e+00
4.175781250000000000e+00
2.730468750000000000e+00
1.927490234375000000e-01
-1.515625000000000000e+00
-3.173828125000000000e+00
-5.738281250000000000e+00
-7.699218750000000000e+00
-1.023437500000000000e+01
-1.488281250000000000e+01
-1.289843750000000000e+01
-1.166406250000000000e+01
-1.318750000000000000e+01
-1.242187500000000000e+01
-1.111718750000000000e+01
-1.046875000000000000e+01
-1.014062500000000000e+01
-1.013281250000000000e+01
-1.019531250000000000e+01
-1.026562500000000000e+01
-7.851562500000000000e+00
-3.492187500000000000e+00
7.197265625000000000e-01
3.603515625000000000e+00
6.792968750000000000e+00
5.988281250000000000e+00
6.300781250000000000e+00
7.761718750000000000e+00
7.437500000000000000e+00
5.671875000000000000e+00
5.250000000000000000e+00
2.605468750000000000e+00
-3.916015625000000000e-01
-1.955078125000000000e+00
-4.332031250000000000e+00
-5.113281250000000000e+00
-6.441406250000000000e+00
-7.320312500000000000e+00
-7.175781250000000000e+00
-8.164062500000000000e+00
-9.281250000000000000e+00
-9.242187500000000000e+00
-9.625000000000000000e+00
-9.062500000000000000e+00
-3.806640625000000000e+00
-1.706054687500000000e+00
-3.333984375000000000e+00
-6.378906250000000000e+00
-8.796875000000000000e+00
-9.468750000000000000e+00
-1.016406250000000000e+01
-1.026562500000000000e+01
-8.976562500000000000e+00
-5.773437500000000000e+00
-3.857421875000000000e+00
-3.708984375000000000e+00
-4.808593750000000000e+00
-5.437500000000000000e+00
-6.609375000000000000e+00
-5.449218750000000000e+00
-5.042968750000000000e+00
-3.433593750000000000e+00
-2.589843750000000000e+00
-2.066406250000000000e+00
-1.110351562500000000e+00
7.309570312500000000e-01
2.988281250000000000e+00
4.781250000000000000e+00
4.914062500000000000e+00
1.919921875000000000e+00
-3.679687500000000000e+00
-5.925781250000000000e+00
-9.500000000000000000e+00
-1.300000000000000000e+01
-1.570312500000000000e+01
-1.876562500000000000e+01
-1.884375000000000000e+01
-1.427343750000000000e+01
-3.304687500000000000e+00
1.832031250000000000e+00
5.148437500000000000e+00
6.867187500000000000e+00
4.468750000000000000e+00
-9.667968750000000000e-01
-5.082031250000000000e+00
-8.187500000000000000e+00
-9.414062500000000000e+00
-9.125000000000000000e+00
-8.148437500000000000e+00
-6.742187500000000000e+00
-4.777343750000000000e+00
-3.105468750000000000e+00
-6.303710937500000000e-01
2.921875000000000000e+00
4.410156250000000000e+00
4.226562500000000000e+00
2.835937500000000000e+00
-1.223632812500000000e+00
-3.931640625000000000e+00
-8.078125000000000000e+00
-9.632812500000000000e+00
-1.013281250000000000e+01
-7.542968750000000000e+00
-6.265625000000000000e+00
-6.273437500000000000e+00
-5.781250000000000000e+00
-2.628906250000000000e+00
-1.190429687500000000e+00
-5.048828125000000000e-01
2.851562500000000000e+00
1.006250000000000000e+01
9.757812500000000000e+00
7.824218750000000000e+00
1.601562500000000000e+00
-7.105468750000000000e+00
-3.851562500000000000e+00
5.239257812500000000e-01
1.485351562500000000e+00
3.734375000000000000e+00
9.429687500000000000e+00
1.232812500000000000e+01
5.796875000000000000e+00
-3.908203125000000000e+00
-9.617187500000000000e+00
-6.167968750000000000e+00
-8.054687500000000000e+00
-7.183593750000000000e+00
-3.005859375000000000e+00
-2.449218750000000000e+00
-1.470703125000000000e+00
4.500000000000000000e+00
9.687500000000000000e+00
1.258593750000000000e+01
9.875000000000000000e+00
3.109375000000000000e+00
-3.849609375000000000e+00
-8.117187500000000000e+00
-6.242187500000000000e+00
-3.837585449218750000e-03
1.229492187500000000e+00
2.851562500000000000e+00
4.851562500000000000e+00
4.851562500000000000e+00
4.300781250000000000e+00
6.121093750000000000e+00
6.542968750000000000e+00
4.835937500000000000e+00
1.891601562500000000e+00
1.301765441894531250e-03
-1.577148437500000000e-01
-7.719726562500000000e-01
2.521484375000000000e+00
4.566406250000000000e+00
3.378906250000000000e+00
-1.509765625000000000e+00
-3.949218750000000000e+00
-4.390625000000000000e+00
-1.123046875000000000e+00
-3.763671875000000000e+00
-4.289062500000000000e+00
-3.214843750000000000e+00
-2.859375000000000000e+00
-1.168945312500000000e+00
-1.506835937500000000e+00
-1.780273437500000000e+00
-1.967773437500000000e+00
-8.422851562500000000e-01
2.521484375000000000e+00
5.042968750000000000e+00
7.976562500000000000e+00
1.143750000000000000e+01
9.617187500000000000e+00
5.265625000000000000e+00
4.078125000000000000e+00
3.390625000000000000e+00
2.484375000000000000e+00
-2.898437500000000000e+00
-7.515625000000000000e+00
-7.046875000000000000e+00
-3.140625000000000000e+00
-5.472656250000000000e+00
-1.329687500000000000e+01
-2.046875000000000000e+01
-1.102343750000000000e+01
-4.710937500000000000e+00
-7.640625000000000000e+00
-9.015625000000000000e+00
-7.542968750000000000e+00
-5.664062500000000000e+00
-1.661376953125000000e-01
5.437500000000000000e+00
6.582031250000000000e+00
6.335937500000000000e+00
6.492187500000000000e+00
7.175781250000000000e+00
7.871093750000000000e+00
4.425781250000000000e+00
-3.208984375000000000e+00
-1.113281250000000000e+01
-1.359375000000000000e+01
-1.259375000000000000e+01
-1.335937500000000000e+01
-1.146875000000000000e+01
-1.018750000000000000e+01
-7.601562500000000000e+00
-5.613281250000000000e+00
-2.640625000000000000e+00
-1.460937500000000000e+00
-1.924804687500000000e+00
-2.119140625000000000e+00
-2.345703125000000000e+00
-2.214843750000000000e+00
-1.894531250000000000e+00
3.405761718750000000e-01
-7.250976562500000000e-02
-5.092773437500000000e-01
-1.364257812500000000e+00
-1.262695312500000000e+00
-7.099609375000000000e-01
-1.747070312500000000e+00
-3.175781250000000000e+00
-3.746093750000000000e+00
-5.058593750000000000e+00
-5.417968750000000000e+00
-4.027343750000000000e+00
-3.191406250000000000e+00
9.082031250000000000e-02
1.784179687500000000e+00
2.876953125000000000e+00
3.625000000000000000e+00
4.109375000000000000e+00
3.302734375000000000e+00
3.010253906250000000e-01
-4.843750000000000000e+00
-6.753906250000000000e+00
-4.449218750000000000e+00
-1.408203125000000000e+00
1.586914062500000000e+00
3.242187500000000000e+00
3.029296875000000000e+00
1.626953125000000000e+00
-1.058593750000000000e+00
-1.013671875000000000e+00
2.400390625000000000e+00
3.023437500000000000e+00
3.332031250000000000e+00
3.234375000000000000e+00
1.885742187500000000e+00
3.263671875000000000e+00
3.863281250000000000e+00
4.585937500000000000e+00
5.914062500000000000e+00
7.218750000000000000e+00
8.773437500000000000e+00
7.816406250000000000e+00
5.113281250000000000e+00
7.182617187500000000e-01
-1.714843750000000000e+00
-3.064453125000000000e+00
-1.865234375000000000e+00
1.006835937500000000e+00
6.644531250000000000e+00
1.054687500000000000e+01
7.253906250000000000e+00
3.601562500000000000e+00
3.857421875000000000e+00
6.492187500000000000e+00
8.687500000000000000e+00
7.949218750000000000e+00
5.320312500000000000e+00
-8.459472656250000000e-02
2.787109375000000000e+00
7.734375000000000000e+00
1.098437500000000000e+01
1.338281250000000000e+01
1.207031250000000000e+01
1.331250000000000000e+01
1.114843750000000000e+01
9.945312500000000000e+00
3.074218750000000000e+00
3.375000000000000000e+00
1.725585937500000000e+00
-2.837890625000000000e+00
-1.827148437500000000e+00
4.503906250000000000e+00
3.988281250000000000e+00
-3.275390625000000000e+00
-1.568359375000000000e+00
8.453125000000000000e+00
1.494531250000000000e+01
1.318750000000000000e+01
6.546875000000000000e+00
-3.054687500000000000e+00
-2.054687500000000000e+00
2.699218750000000000e+00
5.050781250000000000e+00
3.035156250000000000e+00
-4.062500000000000000e+00
-1.178906250000000000e+01
-1.302343750000000000e+01
-5.050781250000000000e+00
-4.847656250000000000e+00
-8.968750000000000000e+00
-7.562500000000000000e+00
-2.761718750000000000e+00
-2.888183593750000000e-01
-7.358398437500000000e-01
-5.203125000000000000e+00
-7.457031250000000000e+00
-5.453125000000000000e+00
-1.389648437500000000e+00
2.300781250000000000e+00
3.295898437500000000e-01
1.043945312500000000e+00
2.191406250000000000e+00
4.621582031250000000e-01
-3.851562500000000000e+00
-4.925781250000000000e+00
-1.571289062500000000e+00
1.424804687500000000e+00
2.515625000000000000e+00
3.558593750000000000e+00
6.508789062500000000e-01
-2.099609375000000000e+00
-3.125000000000000000e+00
-4.093750000000000000e+00
-2.939453125000000000e+00
-3.466796875000000000e+00
9.328125000000000000e+00
1.069531250000000000e+01
7.101562500000000000e+00
4.867187500000000000e+00
3.160156250000000000e+00
2.267578125000000000e+00
1.674804687500000000e+00
-9.658203125000000000e-01
-5.140625000000000000e+00
-6.492187500000000000e+00
-6.683593750000000000e+00
-4.476562500000000000e+00
-4.250000000000000000e+00
-2.019531250000000000e+00
-1.749023437500000000e+00
1.117187500000000000e+00
1.767578125000000000e+00
1.498046875000000000e+00
-4.121093750000000000e+00
-5.871093750000000000e+00
-5.820312500000000000e+00
-4.949218750000000000e+00
-5.578125000000000000e+00
-4.820312500000000000e+00
-4.347656250000000000e+00
-4.234375000000000000e+00
-4.503906250000000000e+00
-4.265625000000000000e+00
-4.523437500000000000e+00
-3.005859375000000000e+00
-3.193359375000000000e+00
-1.631835937500000000e+00
-9.248046875000000000e-01
-1.988525390625000000e-01
9.194335937500000000e-01
2.585937500000000000e+00
5.328125000000000000e+00
5.421875000000000000e+00
3.533203125000000000e+00
-1.346435546875000000e-01
-7.963867187500000000e-01
-2.037109375000000000e+00
-5.640625000000000000e+00
-5.468750000000000000e+00
-5.593750000000000000e+00
-8.554687500000000000e+00
-1.132812500000000000e+01
-1.178906250000000000e+01
-1.199218750000000000e+01
-1.084375000000000000e+01
-1.145312500000000000e+01
-1.072656250000000000e+01
-9.781250000000000000e+00
-8.101562500000000000e+00
-6.191406250000000000e+00
-3.298828125000000000e+00
-3.443359375000000000e+00
-1.901367187500000000e+00
-3.481445312500000000e-01
-8.554687500000000000e-01
4.731445312500000000e-01
1.017578125000000000e+00
-2.912521362304687500e-03
-3.207031250000000000e+00
-7.539062500000000000e+00
-7.984375000000000000e+00
-3.699218750000000000e+00
1.047851562500000000e+00
1.516601562500000000e+00
7.382812500000000000e-01
5.585937500000000000e-01
6.679687500000000000e-01
1.859375000000000000e+00
3.216796875000000000e+00
4.691406250000000000e+00
4.710937500000000000e+00
2.673828125000000000e+00
1.950195312500000000e+00
-2.037109375000000000e+00
-4.175781250000000000e+00
-4.507812500000000000e+00
-9.858398437500000000e-01
2.071533203125000000e-01
-7.944335937500000000e-01
-6.870117187500000000e-01
2.117187500000000000e+00
4.261718750000000000e+00
5.714843750000000000e+00
5.882812500000000000e+00
6.050781250000000000e+00
3.820312500000000000e+00
4.636718750000000000e+00
5.425781250000000000e+00
6.234375000000000000e+00
6.656250000000000000e+00
3.798828125000000000e+00
3.203125000000000000e+00
6.207031250000000000e+00
9.812500000000000000e+00
1.445312500000000000e+01
1.139843750000000000e+01
1.272656250000000000e+01
1.049218750000000000e+01
1.251562500000000000e+01
6.812500000000000000e+00
8.945312500000000000e+00
3.710937500000000000e+00
-3.683593750000000000e+00
1.832031250000000000e+00
5.863281250000000000e+00
3.621093750000000000e+00
4.648437500000000000e+00
3.019531250000000000e+00
8.046875000000000000e+00
7.296875000000000000e+00
4.636718750000000000e+00
5.042968750000000000e+00
3.843750000000000000e+00
-9.632812500000000000e+00
5.335937500000000000e+00
7.367187500000000000e+00
1.045312500000000000e+01
1.343750000000000000e+01
1.212500000000000000e+01
8.304687500000000000e+00
2.529296875000000000e+00
-4.800781250000000000e+00
-5.261718750000000000e+00
-3.203125000000000000e+00
-4.682617187500000000e-01
-3.818359375000000000e+00
-9.218750000000000000e+00
-1.557031250000000000e+01
-1.784375000000000000e+01
-1.105468750000000000e+01
-4.906250000000000000e+00
2.536621093750000000e-01
1.533203125000000000e-01
-2.738281250000000000e+00
-7.746093750000000000e+00
-1.020312500000000000e+01
-1.278906250000000000e+01
-1.193750000000000000e+01
-1.578125000000000000e+01
-1.590625000000000000e+01
-1.129687500000000000e+01
-9.687500000000000000e+00
-1.006250000000000000e+01
-1.288281250000000000e+01
-1.389843750000000000e+01
-1.450000000000000000e+01
-1.075781250000000000e+01
-2.173828125000000000e+00
-4.761718750000000000e+00
-2.039062500000000000e+00
-4.902343750000000000e+00
-1.348437500000000000e+01
-1.286718750000000000e+01
-1.413281250000000000e+01
-7.386718750000000000e+00
-1.553710937500000000e+00
2.488281250000000000e+00
-4.843750000000000000e+00
-1.442968750000000000e+01
-1.301562500000000000e+01
-5.843750000000000000e+00
-8.023437500000000000e+00
-1.671875000000000000e+00
2.162109375000000000e+00
5.941406250000000000e+00
7.039062500000000000e+00
5.621093750000000000e+00
2.076171875000000000e+00
5.258789062500000000e-01
-2.253906250000000000e+00
-2.298828125000000000e+00
-2.082031250000000000e+00
-9.965820312500000000e-01
-2.828125000000000000e+00
-4.632812500000000000e+00
-8.171875000000000000e+00
-1.069531250000000000e+01
-1.470312500000000000e+01
-1.610937500000000000e+01
-9.828125000000000000e+00
5.415039062500000000e-01
5.218750000000000000e+00
5.777343750000000000e+00
5.371093750000000000e+00
9.458007812500000000e-01
-3.582031250000000000e+00
-8.859375000000000000e+00
-9.328125000000000000e+00
-9.351562500000000000e+00
-1.423437500000000000e+01
-1.873437500000000000e+01
-1.474218750000000000e+01
-4.707031250000000000e+00
-5.283203125000000000e-01
-4.636718750000000000e+00
-6.074218750000000000e+00
-3.921875000000000000e+00
-5.140625000000000000e+00
-7.851562500000000000e+00
-9.312500000000000000e+00
-9.882812500000000000e+00
-8.898437500000000000e+00
-1.000781250000000000e+01
-1.064062500000000000e+01
-1.064062500000000000e+01
-8.296875000000000000e+00
-7.433593750000000000e+00
-7.027343750000000000e+00
-5.777343750000000000e+00
-4.972656250000000000e+00
-3.925781250000000000e+00
-4.296875000000000000e+00
-3.345703125000000000e+00
-3.599609375000000000e+00
-5.117187500000000000e+00
-5.273437500000000000e+00
-6.500000000000000000e+00
-8.843750000000000000e+00
-1.064062500000000000e+01
-1.278906250000000000e+01
-1.675000000000000000e+01
-1.368750000000000000e+01
-6.585937500000000000e+00
-3.925781250000000000e+00
-6.031250000000000000e+00
-9.570312500000000000e+00
-1.091406250000000000e+01
-1.028906250000000000e+01
-6.808593750000000000e+00
-7.148437500000000000e+00
-8.328125000000000000e+00
-8.320312500000000000e+00
-7.542968750000000000e+00
-6.937500000000000000e+00
-3.589843750000000000e+00
3.432617187500000000e-01
2.603515625000000000e+00
4.644531250000000000e+00
6.722656250000000000e+00
7.468750000000000000e+00
7.093750000000000000e+00
7.046875000000000000e+00
4.972656250000000000e+00
6.909179687500000000e-01
-3.128906250000000000e+00
-5.777343750000000000e+00
-7.507812500000000000e+00
-7.996093750000000000e+00
-4.640625000000000000e+00
6.220703125000000000e-01
1.166015625000000000e+00
-1.242187500000000000e+00
-1.360351562500000000e+00
-2.859375000000000000e+00
-5.101562500000000000e+00
-7.539062500000000000e+00
-5.640625000000000000e+00
-6.062500000000000000e+00
-7.578125000000000000e+00
-5.585937500000000000e+00
-6.316406250000000000e+00
-7.281250000000000000e+00
-8.835937500000000000e+00
-8.351562500000000000e+00
-8.914062500000000000e+00
-8.273437500000000000e+00
-9.546875000000000000e+00
-1.057031250000000000e+01
-9.585937500000000000e+00
-1.098437500000000000e+01
-1.117187500000000000e+01
-1.142968750000000000e+01
-1.010156250000000000e+01
-9.640625000000000000e+00
-1.125781250000000000e+01
-8.843750000000000000e+00
-3.982421875000000000e+00
-1.037109375000000000e+00
-1.853515625000000000e+00
-7.514648437500000000e-01
-8.735351562500000000e-01
-1.009765625000000000e+00
-2.232421875000000000e+00
-2.361328125000000000e+00
-2.269531250000000000e+00
-4.821777343750000000e-01
2.509765625000000000e-01
1.233398437500000000e+00
1.811523437500000000e+00
3.123046875000000000e+00
2.025390625000000000e+00
7.006835937500000000e-01
3.566406250000000000e+00
1.128906250000000000e+01
1.218750000000000000e+01
5.511718750000000000e+00
-1.045898437500000000e+00
1.698242187500000000e+00
6.648437500000000000e+00
8.734375000000000000e+00
8.484375000000000000e+00
7.933593750000000000e+00
4.621093750000000000e+00
5.371093750000000000e+00
3.832031250000000000e+00
4.210937500000000000e+00
7.210937500000000000e+00
6.367187500000000000e+00
7.492187500000000000e+00
1.055468750000000000e+01
1.383593750000000000e+01
1.620312500000000000e+01
9.812500000000000000e+00
8.453125000000000000e+00
7.636718750000000000e+00
8.320312500000000000e+00
1.206250000000000000e+01
9.687500000000000000e+00
6.292968750000000000e+00
4.386718750000000000e+00
4.671875000000000000e+00
5.539062500000000000e+00
5.906250000000000000e+00
5.117187500000000000e+00
5.617187500000000000e+00
4.902343750000000000e+00
3.351562500000000000e+00
-2.357421875000000000e+00
-3.511718750000000000e+00
3.054199218750000000e-01
4.906250000000000000e+00
2.820312500000000000e+00
2.994140625000000000e+00
1.238281250000000000e+00
1.811523437500000000e+00
1.884765625000000000e+00
-5.222656250000000000e+00
-6.812500000000000000e+00
-3.171875000000000000e+00
-3.367187500000000000e+00
1.284179687500000000e+00
8.609375000000000000e+00
8.898437500000000000e+00
4.933593750000000000e+00
2.835937500000000000e+00
-1.493164062500000000e+00
-2.491455078125000000e-01
-4.148437500000000000e+00
-8.054687500000000000e+00
-8.671875000000000000e+00
-5.492187500000000000e+00
-4.457031250000000000e+00
-2.878906250000000000e+00
4.821777343750000000e-01
3.656250000000000000e+00
5.234375000000000000e+00
7.648437500000000000e+00
7.394531250000000000e+00
5.433593750000000000e+00
2.564453125000000000e+00
8.159179687500000000e-01
-3.890625000000000000e+00
-3.845703125000000000e+00
1.694335937500000000e+00
2.638671875000000000e+00
3.689453125000000000e+00
2.800781250000000000e+00
3.208984375000000000e+00
3.318359375000000000e+00
5.167968750000000000e+00
1.733398437500000000e+00
-1.807861328125000000e-01
-2.443359375000000000e+00
-2.150390625000000000e+00
-3.207031250000000000e+00
-2.304687500000000000e+00
-3.601562500000000000e+00
-4.574218750000000000e+00
-5.667968750000000000e+00
-4.222656250000000000e+00
-4.066406250000000000e+00
-3.154296875000000000e+00
-5.078125000000000000e-01
-1.194335937500000000e+00
-4.265625000000000000e+00
-1.031250000000000000e+01
-9.546875000000000000e+00
8.496093750000000000e-02
6.597656250000000000e+00
3.414062500000000000e+00
3.587890625000000000e+00
3.251953125000000000e+00
2.941406250000000000e+00
4.679687500000000000e+00
3.828125000000000000e+00
4.210937500000000000e+00
6.738281250000000000e+00
9.343750000000000000e+00
8.851562500000000000e+00
1.032812500000000000e+01
1.023437500000000000e+01
7.402343750000000000e+00
6.863281250000000000e+00
6.382812500000000000e+00
5.183593750000000000e+00
4.050781250000000000e+00
7.973632812500000000e-01
7.749023437500000000e-01
-1.374023437500000000e+00
-3.451171875000000000e+00
-7.082031250000000000e+00
-7.515625000000000000e+00
-8.593750000000000000e+00
-1.104687500000000000e+01
-1.001562500000000000e+01
-7.812500000000000000e+00
-7.363281250000000000e+00
-9.296875000000000000e+00
-1.022656250000000000e+01
-7.164062500000000000e+00
-6.093750000000000000e+00
-6.621093750000000000e+00
-6.214843750000000000e+00
-5.820312500000000000e+00
-5.832031250000000000e+00
-8.125000000000000000e+00
-5.496093750000000000e+00
-5.281250000000000000e+00
-5.351562500000000000e+00
-8.601562500000000000e+00
-6.996093750000000000e+00
-7.199218750000000000e+00
-7.347656250000000000e+00
-7.789062500000000000e+00
-5.960937500000000000e+00
-4.156250000000000000e+00
-4.351562500000000000e+00
-4.093750000000000000e+00
-2.189453125000000000e+00
2.728271484375000000e-02
2.238281250000000000e+00
3.978515625000000000e+00
4.632812500000000000e+00
5.000000000000000000e+00
6.703125000000000000e+00
7.585937500000000000e+00
4.925781250000000000e+00
1.471679687500000000e+00
-1.549804687500000000e+00
-5.050781250000000000e+00
-6.679687500000000000e+00
-6.140625000000000000e+00
-6.593750000000000000e+00
-9.007812500000000000e+00
-7.894531250000000000e+00
-5.238281250000000000e+00
-2.370605468750000000e-01
6.046875000000000000e+00
5.789062500000000000e+00
2.779296875000000000e+00
7.534179687500000000e-01
-7.329101562500000000e-01
-3.244628906250000000e-01
-1.786132812500000000e+00
-4.324218750000000000e+00
-8.328125000000000000e+00
-9.867187500000000000e+00
-7.316406250000000000e+00
-4.089843750000000000e+00
-1.396484375000000000e+00
3.513183593750000000e-01
1.353515625000000000e+00
5.541992187500000000e-01
1.835937500000000000e+00
1.556640625000000000e+00
1.967773437500000000e-01
-1.511718750000000000e+00
-4.847656250000000000e+00
-1.056250000000000000e+01
-1.049218750000000000e+01
-9.437500000000000000e+00
-9.945312500000000000e+00
-9.445312500000000000e+00
-9.562500000000000000e+00
-9.796875000000000000e+00
-1.178125000000000000e+01
-1.053125000000000000e+01
-8.515625000000000000e+00
-8.171875000000000000e+00
-9.593750000000000000e+00
-8.117187500000000000e+00
-7.414062500000000000e+00
-6.355468750000000000e+00
-6.148437500000000000e+00
-4.722656250000000000e+00
-3.976562500000000000e+00
-2.773437500000000000e+00
-1.708984375000000000e+00
-1.349609375000000000e+00
-1.596679687500000000e+00
-2.494140625000000000e+00
-4.226562500000000000e+00
-5.640625000000000000e+00
-6.117187500000000000e+00
-7.394531250000000000e+00
-9.757812500000000000e+00
-9.515625000000000000e+00
-7.207031250000000000e+00
-6.921875000000000000e+00
-5.300781250000000000e+00
-3.943359375000000000e+00
-2.064453125000000000e+00
4.204101562500000000e-01
1.031250000000000000e+00
2.404296875000000000e+00
2.503906250000000000e+00
3.300781250000000000e+00
2.529296875000000000e+00
-8.022460937500000000e-01
-3.978515625000000000e+00
-4.296875000000000000e+00
-4.648437500000000000e+00
-3.886718750000000000e+00
-4.851562500000000000e+00
-5.496093750000000000e+00
-6.812500000000000000e+00
-6.617187500000000000e+00
-6.640625000000000000e+00
-5.917968750000000000e+00
-6.496093750000000000e+00
-6.582031250000000000e+00
-4.835937500000000000e+00
-4.132812500000000000e+00
-5.417968750000000000e+00
-4.667968750000000000e+00
-2.291015625000000000e+00
-2.154296875000000000e+00
-1.833007812500000000e+00
-1.497070312500000000e+00
-9.794921875000000000e-01
-4.094238281250000000e-01
1.875000000000000000e+00
3.767578125000000000e+00
3.857421875000000000e+00
2.691406250000000000e+00
-1.601562500000000000e+00
-4.761718750000000000e+00
-3.474609375000000000e+00
-3.061523437500000000e-01
5.375976562500000000e-01
2.003906250000000000e+00
3.779296875000000000e-01
1.239257812500000000e+00
1.952148437500000000e+00
2.396484375000000000e+00
3.513671875000000000e+00
2.572265625000000000e+00
6.386718750000000000e-01
-3.503906250000000000e+00
-7.074218750000000000e+00
-1.001562500000000000e+01
-1.276562500000000000e+01
-8.640625000000000000e+00
-4.746093750000000000e+00
-3.998046875000000000e+00
-4.855468750000000000e+00
-5.074218750000000000e+00
-3.849609375000000000e+00
-4.546875000000000000e+00
-4.867187500000000000e+00
-4.062500000000000000e+00
-1.514648437500000000e+00
-1.304687500000000000e+00
-4.768066406250000000e-01
-4.992675781250000000e-01
5.766601562500000000e-01
-5.712890625000000000e-02
-4.384765625000000000e-01
-2.283935546875000000e-01
1.834716796875000000e-01
5.507812500000000000e-01
1.265625000000000000e+00
2.060546875000000000e+00
2.851562500000000000e+00
4.546875000000000000e+00
5.921875000000000000e+00
4.984375000000000000e+00
5.044555664062500000e-02
-1.990234375000000000e+00
-4.359375000000000000e+00
-9.296875000000000000e+00
-6.292968750000000000e+00
-3.278808593750000000e-01
2.958984375000000000e+00
1.478515625000000000e+00
-1.965820312500000000e+00
-4.113281250000000000e+00
-4.101562500000000000e+00
-2.373046875000000000e+00
-6.484375000000000000e-01
2.687988281250000000e-01
-1.041992187500000000e+00
