1.875000000000000000e+00
2.423828125000000000e+00
4.066406250000000000e+00
5.398437500000000000e+00
4.984375000000000000e+00
3.406250000000000000e+00
3.011718750000000000e+00
3.322265625000000000e+00
2.212890625000000000e+00
1.521484375000000000e+00
2.042968750000000000e+00
3.900390625000000000e+00
2.218750000000000000e+00
2.404296875000000000e+00
5.070312500000000000e+00
8.015625000000000000e+00
7.148437500000000000e+00
4.578125000000000000e+00
4.460937500000000000e+00
3.720703125000000000e+00
2.968750000000000000e+00
1.243164062500000000e+00
1.722656250000000000e+00
1.038085937500000000e+00
-1.448974609375000000e-01
-2.085937500000000000e+00
-3.736328125000000000e+00
-5.343750000000000000e+00
-4.937500000000000000e+00
-4.062500000000000000e+00
-1.699218750000000000e+00
-1.681640625000000000e+00
9.980468750000000000e-01
2.873046875000000000e+00
4.007812500000000000e+00
4.894531250000000000e+00
2.666015625000000000e+00
3.587890625000000000e+00
4.082031250000000000e+00
3.685546875000000000e+00
2.548828125000000000e+00
2.570800781250000000e-01
-1.225585937500000000e+00
-7.651367187500000000e-01
4.748535156250000000e-01
2.390625000000000000e+00
1.983398437500000000e+00
-7.133789062500000000e-01
-2.763671875000000000e+00
-1.784179687500000000e+00
-3.162109375000000000e+00
-4.226562500000000000e+00
-4.312500000000000000e+00
-2.269531250000000000e+00
-1.854492187500000000e+00
-4.355468750000000000e+00
-5.449218750000000000e+00
-6.984375000000000000e+00
-6.292968750000000000e+00
-6.847656250000000000e+00
-7.121093750000000000e+00
-6.039062500000000000e+00
-7.000000000000000000e+00
-8.406250000000000000e+00
-8.828125000000000000e+00
-6.960937500000000000e+00
-5.746093750000000000e+00
-6.835937500000000000e+00
-7.468750000000000000e+00
-7.648437500000000000e+00
-8.984375000000000000e+00
-1.235937500000000000e+01
-1.012500000000000000e+01
-6.796875000000000000e+00
-5.617187500000000000e+00
-5.250000000000000000e+00
-3.806640625000000000e+00
-6.372070312500000000e-01
-4.863281250000000000e-01
-1.340820312500000000e+00
-2.492187500000000000e+00
-1.983398437500000000e+00
-3.142578125000000000e+00
-4.359375000000000000e+00
-4.042968750000000000e+00
-4.195312500000000000e+00
-5.816406250000000000e+00
-6.097656250000000000e+00
-5.117187500000000000e+00
-3.242187500000000000e+00
-2.779296875000000000e+00
-1.385742187500000000e+00
-1.854492187500000000e+00
-9.594726562500000000e-02
-3.286132812500000000e-01
-7.207031250000000000e-01
-1.347656250000000000e+00
-1.579101562500000000e+00
-1.306640625000000000e+00
-2.183593750000000000e+00
-1.601562500000000000e+00
-3.110351562500000000e-01
1.037109375000000000e+00
1.695312500000000000e+00
1.309570312500000000e+00
1.469726562500000000e+00
-6.230468750000000000e-01
-3.332031250000000000e+00
-3.351562500000000000e+00
-1.140136718750000000e-01
-1.070556640625000000e-01
-1.623046875000000000e+00
-2.539062500000000000e+00
-1.938476562500000000e+00
-3.443359375000000000e+00
-4.035156250000000000e+00
-4.617187500000000000e+00
-4.394531250000000000e+00
-4.246093750000000000e+00
-3.603515625000000000e+00
-2.888671875000000000e+00
-3.701171875000000000e-01
3.684082031250000000e-01
8.403320312500000000e-01
2.503906250000000000e+00
4.105468750000000000e+00
3.951171875000000000e+00
2.564453125000000000e+00
1.016601562500000000e+00
-9.433593750000000000e-01
-1.564453125000000000e+00
-1.583984375000000000e+00
-1.051757812500000000e+00
1.583007812500000000e+00
1.946289062500000000e+00
2.339843750000000000e+00
2.779296875000000000e+00
2.876953125000000000e+00
3.376953125000000000e+00
2.593750000000000000e+00
3.085937500000000000e+00
3.300781250000000000e+00
3.123046875000000000e+00
2.316406250000000000e+00
-1.447753906250000000e-01
-5.908203125000000000e-01
-2.578125000000000000e+00
-4.812500000000000000e+00
-5.742187500000000000e+00
-4.011718750000000000e+00
-1.594726562500000000e+00
1.111328125000000000e+00
2.464843750000000000e+00
4.917968750000000000e+00
6.367187500000000000e+00
7.488281250000000000e+00
4.992187500000000000e+00
3.046875000000000000e+00
4.289062500000000000e+00
7.003906250000000000e+00
6.914062500000000000e+00
5.398437500000000000e+00
4.523437500000000000e+00
2.076171875000000000e+00
1.887695312500000000e+00
1.599609375000000000e+00
7.646484375000000000e-01
-4.731445312500000000e-01
-2.257812500000000000e+00
-1.813476562500000000e+00
-2.013671875000000000e+00
-2.367187500000000000e+00
-3.060546875000000000e+00
-2.689453125000000000e+00
-4.074218750000000000e+00
-3.929687500000000000e+00
-4.746093750000000000e+00
-3.810546875000000000e+00
-3.808593750000000000e+00
-3.763671875000000000e+00
-3.337890625000000000e+00
-3.060546875000000000e+00
-2.787109375000000000e+00
-3.310546875000000000e+00
-4.417968750000000000e+00
-4.242187500000000000e+00
-4.039062500000000000e+00
-4.781250000000000000e+00
-4.484375000000000000e+00
-3.654296875000000000e+00
-3.775390625000000000e+00
-5.355468750000000000e+00
-5.046875000000000000e+00
-4.128906250000000000e+00
-4.648437500000000000e+00
-5.925781250000000000e+00
-5.675781250000000000e+00
-5.105468750000000000e+00
-4.292968750000000000e+00
-4.882812500000000000e+00
-3.806640625000000000e+00
-1.624023437500000000e+00
-1.252929687500000000e+00
-1.378906250000000000e+00
-2.962890625000000000e+00
-5.949218750000000000e+00
-1.059375000000000000e+01
-9.718750000000000000e+00
-4.136718750000000000e+00
-4.039062500000000000e+00
-5.464843750000000000e+00
-7.496093750000000000e+00
-6.746093750000000000e+00
-4.933593750000000000e+00
-2.591796875000000000e+00
-5.620117187500000000e-01
1.385742187500000000e+00
4.125000000000000000e+00
5.351562500000000000e+00
6.316406250000000000e+00
6.097656250000000000e+00
5.152343750000000000e+00
2.150390625000000000e+00
-1.144531250000000000e+00
-1.749023437500000000e+00
8.154296875000000000e-02
-1.070312500000000000e+00
-2.486328125000000000e+00
-2.613281250000000000e+00
-3.658203125000000000e+00
-3.660156250000000000e+00
-3.935546875000000000e+00
-4.996093750000000000e+00
-5.218750000000000000e+00
-4.523437500000000000e+00
-4.296875000000000000e+00
-4.601562500000000000e+00
-3.410156250000000000e+00
-3.431640625000000000e+00
-4.605468750000000000e+00
-4.527343750000000000e+00
-4.667968750000000000e+00
-2.166015625000000000e+00
-5.444335937500000000e-01
-1.001953125000000000e+00
-2.734375000000000000e+00
-7.093750000000000000e+00
-9.476562500000000000e+00
-6.644531250000000000e+00
-4.546875000000000000e+00
-4.222656250000000000e+00
-5.796875000000000000e+00
-8.617187500000000000e+00
-1.028906250000000000e+01
-1.107031250000000000e+01
-1.022656250000000000e+01
-8.539062500000000000e+00
-5.847656250000000000e+00
-3.412109375000000000e+00
-3.103027343750000000e-01
1.299804687500000000e+00
1.733398437500000000e+00
-2.595703125000000000e+00
-5.222656250000000000e+00
-7.359375000000000000e+00
-6.828125000000000000e+00
-5.296875000000000000e+00
-6.359375000000000000e+00
-8.773437500000000000e+00
-1.059375000000000000e+01
-5.843750000000000000e+00
-5.503906250000000000e+00
-4.449218750000000000e+00
-6.152343750000000000e+00
-6.398437500000000000e+00
-6.156250000000000000e+00
-5.570312500000000000e+00
-4.996093750000000000e+00
-4.347656250000000000e+00
-2.513671875000000000e+00
-1.464843750000000000e-01
2.158203125000000000e+00
1.639648437500000000e+00
-4.978027343750000000e-01
-4.675781250000000000e+00
-9.992187500000000000e+00
-1.185937500000000000e+01
-6.062500000000000000e+00
-2.277832031250000000e-01
-3.765625000000000000e+00
-5.117187500000000000e+00
-2.767578125000000000e+00
-1.644531250000000000e+00
-3.546875000000000000e+00
-4.582031250000000000e+00
-1.176757812500000000e+00
2.123046875000000000e+00
4.597656250000000000e+00
4.046875000000000000e+00
5.791015625000000000e-01
-4.609375000000000000e+00
-8.796875000000000000e+00
-1.170312500000000000e+01
-1.206250000000000000e+01
-1.185156250000000000e+01
-9.656250000000000000e+00
-7.765625000000000000e+00
-4.867187500000000000e+00
-6.328125000000000000e+00
-8.187500000000000000e+00
-8.468750000000000000e+00
-7.558593750000000000e+00
-6.429687500000000000e+00
-4.878906250000000000e+00
-3.343750000000000000e+00
-2.359375000000000000e+00
-5.712890625000000000e-01
9.077148437500000000e-01
3.710937500000000000e+00
5.164062500000000000e+00
4.515625000000000000e+00
1.873046875000000000e+00
-7.812500000000000000e-01
-1.823242187500000000e+00
-2.337890625000000000e+00
-2.113281250000000000e+00
-3.257812500000000000e+00
-5.328125000000000000e+00
-5.648437500000000000e+00
-4.777343750000000000e+00
-3.833984375000000000e+00
-5.257812500000000000e+00
-7.578125000000000000e+00
-9.687500000000000000e+00
-1.229687500000000000e+01
-9.851562500000000000e+00
-4.906250000000000000e+00
-3.820312500000000000e+00
-2.988281250000000000e+00
-5.472656250000000000e+00
-4.523437500000000000e+00
-4.785156250000000000e+00
-3.435546875000000000e+00
1.301269531250000000e-01
-1.567382812500000000e-01
7.001953125000000000e-01
-7.197265625000000000e-01
-8.964843750000000000e-01
-1.938476562500000000e+00
-1.172851562500000000e+00
-4.645996093750000000e-01
1.520507812500000000e+00
1.755859375000000000e+00
2.621093750000000000e+00
-2.648437500000000000e+00
-4.960937500000000000e+00
-7.156250000000000000e+00
-6.453125000000000000e+00
-6.593750000000000000e+00
-7.320312500000000000e+00
-9.632812500000000000e+00
-1.086718750000000000e+01
-1.033593750000000000e+01
-9.554687500000000000e+00
-8.406250000000000000e+00
-5.425781250000000000e+00
-1.885742187500000000e+00
-1.991210937500000000e+00
6.381835937500000000e-01
1.855468750000000000e+00
3.123046875000000000e+00
2.957031250000000000e+00
-1.762695312500000000e-01
-2.511718750000000000e+00
-2.496093750000000000e+00
-4.593750000000000000e+00
-3.667968750000000000e+00
-3.000000000000000000e+00
-5.742187500000000000e+00
-9.351562500000000000e+00
-1.214843750000000000e+01
-1.129687500000000000e+01
-1.038281250000000000e+01
-9.476562500000000000e+00
-8.804687500000000000e+00
-7.222656250000000000e+00
-6.343750000000000000e+00
-6.093750000000000000e+00
-6.468750000000000000e+00
-6.300781250000000000e+00
-6.078125000000000000e+00
-5.976562500000000000e+00
-6.550781250000000000e+00
-7.824218750000000000e+00
-7.644531250000000000e+00
-1.159375000000000000e+01
-1.300781250000000000e+01
-1.464843750000000000e+01
-1.421093750000000000e+01
-1.145312500000000000e+01
-1.060156250000000000e+01
-9.171875000000000000e+00
-1.131250000000000000e+01
-1.100781250000000000e+01
-1.142187500000000000e+01
-5.726562500000000000e+00
-1.378906250000000000e+00
3.158203125000000000e+00
6.324218750000000000e+00
9.257812500000000000e+00
9.984375000000000000e+00
1.050000000000000000e+01
9.664062500000000000e+00
8.773437500000000000e+00
7.781250000000000000e+00
6.292968750000000000e+00
3.173828125000000000e+00
2.548828125000000000e+00
-1.801757812500000000e+00
-4.542968750000000000e+00
-9.937500000000000000e+00
-1.269531250000000000e+01
-1.129687500000000000e+01
-8.226562500000000000e+00
-5.683593750000000000e+00
-4.503906250000000000e+00
-4.800781250000000000e+00
-7.546875000000000000e+00
-8.718750000000000000e+00
-8.132812500000000000e+00
-6.058593750000000000e+00
-3.765625000000000000e+00
-3.275390625000000000e+00
-2.632812500000000000e+00
-4.617187500000000000e+00
-8.171875000000000000e+00
-7.750000000000000000e+00
-6.527343750000000000e+00
-5.046875000000000000e+00
-4.117187500000000000e+00
-1.985351562500000000e+00
-2.182617187500000000e-01
2.468750000000000000e+00
3.693359375000000000e+00
3.089843750000000000e+00
2.326171875000000000e+00
1.009765625000000000e+00
2.099609375000000000e-01
-1.643554687500000000e+00
-1.217773437500000000e+00
-7.465820312500000000e-01
-1.395507812500000000e+00
-2.648437500000000000e+00
-3.037109375000000000e+00
-5.820312500000000000e+00
-6.843750000000000000e+00
-3.898437500000000000e+00
-2.845703125000000000e+00
-6.928710937500000000e-01
3.724609375000000000e+00
4.753906250000000000e+00
5.078125000000000000e+00
6.035156250000000000e+00
4.738281250000000000e+00
1.782226562500000000e+00
-1.002929687500000000e+00
-4.722656250000000000e+00
-7.175781250000000000e+00
-2.273437500000000000e+00
5.816406250000000000e+00
7.558593750000000000e+00
4.675781250000000000e+00
-2.451171875000000000e-01
-5.878906250000000000e+00
-1.019531250000000000e+01
-1.179687500000000000e+01
-1.180468750000000000e+01
-1.088281250000000000e+01
-1.090625000000000000e+01
-1.005468750000000000e+01
-8.859375000000000000e+00
-6.675781250000000000e+00
-5.792968750000000000e+00
-7.648437500000000000e+00
-1.224218750000000000e+01
-1.343750000000000000e+01
-1.286718750000000000e+01
-1.119531250000000000e+01
-1.062500000000000000e+01
-1.011718750000000000e+01
-1.072656250000000000e+01
-9.695312500000000000e+00
-9.085937500000000000e+00
-8.476562500000000000e+00
-9.171875000000000000e+00
-7.464843750000000000e+00
-7.539062500000000000e+00
-5.093750000000000000e+00
-3.318359375000000000e+00
-1.416015625000000000e+00
-7.412109375000000000e-01
4.547119140625000000e-02
1.298522949218750000e-02
1.034179687500000000e+00
2.937011718750000000e-01
1.667480468750000000e-01
2.973632812500000000e-01
-4.370117187500000000e-02
-2.871093750000000000e+00
-3.738281250000000000e+00
-6.203125000000000000e+00
-7.328125000000000000e+00
-1.005468750000000000e+01
-1.021093750000000000e+01
-1.088281250000000000e+01
-9.265625000000000000e+00
-7.703125000000000000e+00
-2.748046875000000000e+00
-2.302246093750000000e-01
-3.712890625000000000e+00
-1.095312500000000000e+01
-1.507031250000000000e+01
-1.745312500000000000e+01
-1.404687500000000000e+01
-1.064062500000000000e+01
-8.343750000000000000e+00
-8.679687500000000000e+00
-8.554687500000000000e+00
-9.492187500000000000e+00
-7.886718750000000000e+00
-5.988281250000000000e+00
-4.074218750000000000e+00
-4.953125000000000000e+00
-5.070312500000000000e+00
-5.941406250000000000e+00
-6.109375000000000000e+00
-7.648437500000000000e+00
-6.597656250000000000e+00
-7.582031250000000000e+00
-7.921875000000000000e+00
-9.054687500000000000e+00
-9.906250000000000000e+00
-1.091406250000000000e+01
-9.421875000000000000e+00
-7.343750000000000000e+00
-3.720703125000000000e+00
-4.196777343750000000e-01
1.530273437500000000e+00
2.304687500000000000e+00
3.144531250000000000e+00
3.404296875000000000e+00
3.484375000000000000e+00
1.944335937500000000e+00
1.469726562500000000e+00
-1.498046875000000000e+00
-2.435546875000000000e+00
-4.230468750000000000e+00
-4.507812500000000000e+00
-4.460937500000000000e+00
-5.742187500000000000e+00
-8.734375000000000000e+00
-1.002343750000000000e+01
-1.190625000000000000e+01
-1.344531250000000000e+01
-1.019531250000000000e+01
-5.203125000000000000e+00
-3.589843750000000000e+00
-4.156250000000000000e+00
-6.058593750000000000e+00
-5.972656250000000000e+00
-4.847656250000000000e+00
-2.021484375000000000e+00
1.178710937500000000e+00
4.800781250000000000e+00
5.964843750000000000e+00
7.238281250000000000e+00
6.726562500000000000e+00
6.179687500000000000e+00
4.738281250000000000e+00
3.542968750000000000e+00
5.722656250000000000e-01
-1.136718750000000000e+00
-3.734375000000000000e+00
-5.253906250000000000e+00
-7.359375000000000000e+00
-8.304687500000000000e+00
-1.007031250000000000e+01
-7.679687500000000000e+00
-4.527343750000000000e+00
-9.536132812500000000e-01
1.010742187500000000e+00
2.789062500000000000e+00
3.810546875000000000e+00
6.496093750000000000e+00
5.921875000000000000e+00
2.699218750000000000e+00
2.163085937500000000e-01
-1.348632812500000000e+00
-1.195312500000000000e+00
-3.828125000000000000e+00
-5.867187500000000000e+00
-5.042968750000000000e+00
-2.601562500000000000e+00
1.398437500000000000e+00
5.109375000000000000e+00
5.167968750000000000e+00
-1.054687500000000000e+00
-1.101562500000000000e+01
-1.857421875000000000e+00
2.714843750000000000e+00
2.154296875000000000e+00
-4.328613281250000000e-01
2.386718750000000000e+00
4.785156250000000000e+00
6.734375000000000000e+00
8.093750000000000000e+00
9.273437500000000000e+00
9.242187500000000000e+00
1.151562500000000000e+01
1.180468750000000000e+01
8.703125000000000000e+00
8.429687500000000000e+00
9.601562500000000000e+00
9.992187500000000000e+00
6.917968750000000000e+00
-2.136718750000000000e+00
-1.143750000000000000e+01
-1.291406250000000000e+01
-1.281250000000000000e+01
-1.212500000000000000e+01
-9.843750000000000000e+00
-9.406250000000000000e+00
-8.765625000000000000e+00
-6.792968750000000000e+00
-6.371093750000000000e+00
-4.031250000000000000e+00
-2.070312500000000000e+00
3.191406250000000000e+00
6.546875000000000000e+00
6.855468750000000000e+00
3.867187500000000000e+00
-1.351562500000000000e+00
-6.632812500000000000e+00
-5.093750000000000000e+00
-3.744140625000000000e+00
-2.091796875000000000e+00
-3.820800781250000000e-01
1.376953125000000000e+00
2.458984375000000000e+00
3.953125000000000000e+00
3.730468750000000000e+00
4.496093750000000000e+00
3.146484375000000000e+00
1.437500000000000000e+00
-1.054687500000000000e+00
-6.039062500000000000e+00
-1.131250000000000000e+01
-1.066406250000000000e+01
-6.011718750000000000e+00
1.729492187500000000e+00
6.425781250000000000e+00
5.933593750000000000e+00
6.218750000000000000e+00
5.757812500000000000e+00
7.429687500000000000e+00
7.152343750000000000e+00
6.386718750000000000e+00
4.152343750000000000e+00
1.936523437500000000e+00
-3.234375000000000000e+00
-4.953125000000000000e+00
-4.492187500000000000e+00
-9.580078125000000000e-01
4.050781250000000000e+00
6.562500000000000000e+00
9.015625000000000000e+00
1.054687500000000000e+01
1.133593750000000000e+01
1.042968750000000000e+01
7.808593750000000000e+00
6.687500000000000000e+00
7.906250000000000000e+00
8.296875000000000000e+00
8.445312500000000000e+00
6.097656250000000000e+00
1.743164062500000000e+00
-1.127929687500000000e+00
-2.001953125000000000e+00
2.005859375000000000e+00
1.827148437500000000e+00
7.203125000000000000e+00
4.144531250000000000e+00
9.843750000000000000e+00
1.585937500000000000e+01
2.060937500000000000e+01
2.425000000000000000e+01
1.840625000000000000e+01
1.049218750000000000e+01
3.222656250000000000e-01
1.941406250000000000e+00
3.712890625000000000e+00
-3.176879882812500000e-02
-4.164062500000000000e+00
-1.867187500000000000e+00
4.921875000000000000e+00
4.937500000000000000e+00
8.703125000000000000e+00
3.445312500000000000e+00
2.703125000000000000e+00
1.230468750000000000e+01
1.262500000000000000e+01
1.051562500000000000e+01
7.488281250000000000e+00
5.023437500000000000e+00
2.244140625000000000e+00
-1.686523437500000000e+00
-6.097656250000000000e+00
-6.531250000000000000e+00
-4.378906250000000000e+00
-3.734375000000000000e+00
-2.283203125000000000e+00
-2.867187500000000000e+00
-3.330078125000000000e-01
3.755859375000000000e+00
6.226562500000000000e+00
8.062500000000000000e+00
8.640625000000000000e+00
5.859375000000000000e+00
5.830078125000000000e-01
-2.984375000000000000e+00
-6.363281250000000000e+00
-7.718750000000000000e+00
-8.421875000000000000e+00
-8.500000000000000000e+00
-9.195312500000000000e+00
-1.159375000000000000e+01
-1.457031250000000000e+01
-1.403125000000000000e+01
-1.398437500000000000e+01
-1.155468750000000000e+01
-1.048437500000000000e+01
-1.013281250000000000e+01
-8.468750000000000000e+00
-4.937500000000000000e+00
-3.908203125000000000e+00
-1.524414062500000000e+00
7.539062500000000000e-01
1.111328125000000000e+00
2.039062500000000000e+00
1.860351562500000000e+00
2.158203125000000000e+00
2.748046875000000000e+00
2.763671875000000000e+00
3.609375000000000000e+00
5.882812500000000000e+00
6.074218750000000000e+00
4.621093750000000000e+00
3.320312500000000000e+00
-1.056640625000000000e+00
-9.672851562500000000e-01
2.904296875000000000e+00
4.226562500000000000e+00
2.031250000000000000e-01
-1.623046875000000000e+00
-1.700195312500000000e+00
-3.056640625000000000e+00
-3.199218750000000000e+00
-5.324218750000000000e+00
-9.937500000000000000e+00
-8.742187500000000000e+00
4.207031250000000000e+00
6.406250000000000000e+00
5.074218750000000000e+00
5.457031250000000000e+00
7.667968750000000000e+00
7.500000000000000000e+00
7.031250000000000000e+00
6.210937500000000000e+00
6.402343750000000000e+00
7.453125000000000000e+00
7.253906250000000000e+00
3.632812500000000000e+00
7.319335937500000000e-01
2.085937500000000000e+00
2.837890625000000000e+00
5.874023437500000000e-01
-1.822265625000000000e+00
1.532226562500000000e+00
4.386718750000000000e+00
5.328125000000000000e+00
4.372558593750000000e-01
-6.218750000000000000e+00
2.943359375000000000e+00
9.234375000000000000e+00
2.406250000000000000e+00
-5.828125000000000000e+00
4.242187500000000000e+00
1.503125000000000000e+01
8.156250000000000000e+00
-5.363281250000000000e+00
-3.121093750000000000e+00
5.707031250000000000e+00
5.851562500000000000e+00
5.382812500000000000e+00
3.654296875000000000e+00
-6.655273437500000000e-01
-3.076171875000000000e+00
-1.503906250000000000e+00
1.202148437500000000e+00
3.826171875000000000e+00
5.777343750000000000e+00
2.667968750000000000e+00
-3.878906250000000000e+00
4.246093750000000000e+00
7.593750000000000000e+00
6.183593750000000000e+00
3.160156250000000000e+00
-5.136718750000000000e-01
1.136718750000000000e+00
4.453125000000000000e+00
5.097656250000000000e+00
3.189453125000000000e+00
1.898437500000000000e+00
1.882812500000000000e+00
3.640625000000000000e+00
3.390625000000000000e+00
-1.225585937500000000e+00
-7.214843750000000000e+00
-5.984375000000000000e+00
1.351562500000000000e+00
2.068359375000000000e+00
6.863281250000000000e+00
1.371093750000000000e+01
1.671875000000000000e+01
1.678125000000000000e+01
1.233593750000000000e+01
4.273437500000000000e+00
5.984375000000000000e+00
1.082812500000000000e+01
1.204687500000000000e+01
7.683593750000000000e+00
-3.048828125000000000e+00
-5.437500000000000000e+00
4.968750000000000000e+00
1.266406250000000000e+01
1.249218750000000000e+01
5.667968750000000000e+00
9.953125000000000000e+00
1.105468750000000000e+01
4.792968750000000000e+00
-1.137500000000000000e+01
-1.192968750000000000e+01
4.228515625000000000e-01
9.335937500000000000e+00
1.169531250000000000e+01
1.102343750000000000e+01
1.050781250000000000e+01
8.656250000000000000e+00
7.296875000000000000e+00
4.246093750000000000e+00
-5.253906250000000000e+00
-7.421875000000000000e+00
-6.320312500000000000e+00
-2.863281250000000000e+00
6.855468750000000000e-01
-3.158203125000000000e+00
-7.726562500000000000e+00
-1.001562500000000000e+01
-7.027343750000000000e+00
-2.134765625000000000e+00
-5.316406250000000000e+00
4.539062500000000000e+00
4.269531250000000000e+00
3.642578125000000000e+00
3.613281250000000000e+00
6.728515625000000000e-01
-7.324218750000000000e-01
-2.082031250000000000e+00
8.154296875000000000e-02
7.678222656250000000e-02
2.564453125000000000e+00
1.925781250000000000e+00
2.488281250000000000e+00
2.578125000000000000e+00
6.062500000000000000e+00
4.750000000000000000e+00
-1.608398437500000000e+00
-6.285156250000000000e+00
-4.531250000000000000e+00
-1.600585937500000000e+00
-1.239257812500000000e+00
2.433593750000000000e+00
-1.684570312500000000e+00
-5.265625000000000000e+00
-3.605468750000000000e+00
2.316406250000000000e+00
8.500000000000000000e+00
1.165625000000000000e+01
9.843750000000000000e+00
1.481445312500000000e+00
1.483398437500000000e+00
3.132812500000000000e+00
-1.536132812500000000e+00
-5.707031250000000000e+00
-1.172656250000000000e+01
-1.273437500000000000e+01
-7.441406250000000000e+00
1.302734375000000000e+00
2.644531250000000000e+00
3.984375000000000000e+00
6.621093750000000000e+00
7.164062500000000000e+00
6.246093750000000000e+00
4.613281250000000000e+00
1.337890625000000000e+00
-3.064453125000000000e+00
-7.855468750000000000e+00
-8.695312500000000000e+00
-1.390625000000000000e+00
2.263671875000000000e+00
1.441406250000000000e+00
-5.531250000000000000e+00
-1.444531250000000000e+01
-1.443750000000000000e+01
-1.329687500000000000e+01
-5.078125000000000000e+00
4.753906250000000000e+00
3.355468750000000000e+00
3.318359375000000000e+00
4.902343750000000000e+00
5.636718750000000000e+00
2.408203125000000000e+00
2.611328125000000000e+00
6.175781250000000000e+00
1.019531250000000000e+01
1.247656250000000000e+01
1.326562500000000000e+01
1.051562500000000000e+01
4.484375000000000000e+00
-5.187500000000000000e+00
-4.929687500000000000e+00
-1.450195312500000000e+00
3.623046875000000000e-01
1.619140625000000000e+00
3.120117187500000000e-01
1.530273437500000000e+00
3.232421875000000000e+00
3.947265625000000000e+00
4.464843750000000000e+00
3.179687500000000000e+00
9.638671875000000000e-01
-2.275390625000000000e+00
-2.375000000000000000e+00
1.135742187500000000e+00
5.179687500000000000e+00
5.187500000000000000e+00
4.167968750000000000e+00
8.330078125000000000e-01
-1.579101562500000000e+00
-1.958007812500000000e-01
4.585937500000000000e+00
6.515625000000000000e+00
4.253906250000000000e+00
1.292724609375000000e-01
-1.943359375000000000e+00
-4.045410156250000000e-01
4.843750000000000000e+00
1.708007812500000000e+00
-9.656250000000000000e+00
-9.560546875000000000e-01
-1.307812500000000000e+01
-7.171875000000000000e+00
-6.320312500000000000e+00
-5.062103271484375000e-03
-2.703125000000000000e+00
-5.093750000000000000e+00
-6.253906250000000000e+00
-3.332031250000000000e+00
8.020019531250000000e-02
2.082031250000000000e+00
3.296875000000000000e+00
2.353515625000000000e+00
9.223632812500000000e-01
-2.171630859375000000e-01
-1.223632812500000000e+00
-1.151367187500000000e+00
-4.203125000000000000e+00
-6.347656250000000000e+00
-8.984375000000000000e+00
-5.421875000000000000e+00
-1.646484375000000000e+00
2.089843750000000000e+00
3.966796875000000000e+00
3.876953125000000000e+00
1.026367187500000000e+00
-1.582031250000000000e+00
-3.320312500000000000e+00
1.435546875000000000e+00
7.140625000000000000e+00
7.328125000000000000e+00
2.441406250000000000e+00
2.744140625000000000e-01
-1.210937500000000000e+00
-4.382812500000000000e+00
-8.914062500000000000e+00
-1.108593750000000000e+01
-9.312500000000000000e+00
-1.910156250000000000e+00
-2.878906250000000000e+00
-6.562500000000000000e+00
-3.935546875000000000e+00
-1.375976562500000000e+00
1.539062500000000000e+00
3.031250000000000000e+00
6.347656250000000000e+00
6.214843750000000000e+00
5.683593750000000000e+00
4.496093750000000000e+00
3.375000000000000000e+00
2.427734375000000000e+00
-3.166015625000000000e+00
-7.250000000000000000e+00
-1.929687500000000000e+00
6.914062500000000000e+00
1.097656250000000000e+01
1.114843750000000000e+01
9.578125000000000000e+00
2.025390625000000000e+00
-1.058593750000000000e+01
-1.063281250000000000e+01
7.156250000000000000e+00
1.359863281250000000e-01
-5.851562500000000000e+00
-4.097656250000000000e+00
-1.912841796875000000e-01
4.968750000000000000e+00
5.867187500000000000e+00
-4.082031250000000000e+00
-2.556640625000000000e+00
7.753906250000000000e+00
1.049218750000000000e+01
6.367187500000000000e+00
2.453125000000000000e+00
-2.925781250000000000e+00
-4.710937500000000000e+00
-4.117187500000000000e+00
-1.054687500000000000e-01
2.031250000000000000e+00
3.162109375000000000e+00
2.771484375000000000e+00
3.701171875000000000e+00
3.986328125000000000e+00
4.140625000000000000e+00
2.583984375000000000e+00
5.048828125000000000e-01
-5.732421875000000000e-01
-1.279296875000000000e+00
3.713378906250000000e-01
-8.510742187500000000e-01
1.877441406250000000e-01
1.309814453125000000e-01
8.222656250000000000e-01
-2.486572265625000000e-01
-2.666015625000000000e+00
-5.355468750000000000e+00
-7.328125000000000000e+00
-9.257812500000000000e+00
-8.671875000000000000e+00
-8.375000000000000000e+00
-6.246093750000000000e+00
-4.007812500000000000e+00
-3.574218750000000000e+00
-1.672851562500000000e+00
4.418945312500000000e-01
1.348632812500000000e+00
-4.191894531250000000e-01
-8.925781250000000000e-01
-1.630859375000000000e+00
-1.467773437500000000e+00
-3.037109375000000000e+00
-4.210937500000000000e+00
-5.628906250000000000e+00
-7.574218750000000000e+00
-8.031250000000000000e+00
-8.132812500000000000e+00
-9.976562500000000000e+00
-9.765625000000000000e+00
-6.027343750000000000e+00
-5.726562500000000000e+00
-6.656250000000000000e+00
-9.187500000000000000e+00
-9.734375000000000000e+00
-8.484375000000000000e+00
-5.679687500000000000e+00
-3.349609375000000000e+00
-1.419921875000000000e+00
-1.998046875000000000e+00
-4.183593750000000000e+00
-6.238281250000000000e+00
-7.882812500000000000e+00
-1.020312500000000000e+01
-1.116406250000000000e+01
-1.289843750000000000e+01
-1.280468750000000000e+01
-1.164062500000000000e+01
-8.882812500000000000e+00
-5.359375000000000000e+00
-1.598632812500000000e+00
-1.797851562500000000e+00
-3.421875000000000000e+00
-3.263671875000000000e+00
4.879760742187500000e-02
8.046875000000000000e-01
6.464843750000000000e-01
-6.967773437500000000e-01
3.342285156250000000e-01
1.590820312500000000e+00
3.806640625000000000e+00
6.050781250000000000e+00
7.152343750000000000e+00
7.800781250000000000e+00
5.082031250000000000e+00
-2.222656250000000000e+00
-9.359375000000000000e+00
-8.843750000000000000e+00
-2.542968750000000000e+00
2.193359375000000000e+00
5.843750000000000000e+00
7.179687500000000000e+00
6.027343750000000000e+00
3.345703125000000000e+00
-1.250000000000000000e+00
-7.656250000000000000e+00
-1.272656250000000000e+01
-1.530468750000000000e+01
-1.453125000000000000e+01
-1.135937500000000000e+01
-7.789062500000000000e+00
-9.984375000000000000e+00
-1.171875000000000000e+01
-9.859375000000000000e+00
-4.148437500000000000e+00
-4.929687500000000000e+00
-1.115625000000000000e+01
-1.562500000000000000e+01
-1.587500000000000000e+01
-1.535937500000000000e+01
-1.370312500000000000e+01
-1.321093750000000000e+01
-1.246875000000000000e+01
-1.296875000000000000e+01
-1.078125000000000000e+01
-1.000000000000000000e+01
-8.015625000000000000e+00
-7.355468750000000000e+00
-4.148437500000000000e+00
-2.074218750000000000e+00
1.046875000000000000e+00
2.505859375000000000e+00
5.140625000000000000e+00
2.671875000000000000e+00
-1.065429687500000000e+00
-3.441406250000000000e+00
-4.148437500000000000e+00
-2.542968750000000000e+00
1.563720703125000000e-01
3.000000000000000000e+00
6.472656250000000000e+00
8.023437500000000000e+00
7.191406250000000000e+00
6.191406250000000000e+00
3.265625000000000000e+00
-4.246093750000000000e+00
-9.804687500000000000e+00
-1.435937500000000000e+01
-1.505468750000000000e+01
-1.150781250000000000e+01
-9.343750000000000000e+00
-1.414062500000000000e+01
-1.422656250000000000e+01
-1.287500000000000000e+01
-1.031250000000000000e+01
-9.343750000000000000e+00
-7.652343750000000000e+00
-6.222656250000000000e+00
-6.511718750000000000e+00
-6.738281250000000000e+00
-9.218750000000000000e+00
-9.210937500000000000e+00
-6.179687500000000000e+00
-2.621093750000000000e+00
-1.139648437500000000e+00
-4.835937500000000000e+00
-5.718750000000000000e+00
-6.679687500000000000e+00
-4.562500000000000000e+00
-3.332031250000000000e+00
-7.133789062500000000e-01
4.030761718750000000e-01
2.130859375000000000e+00
9.194335937500000000e-01
-1.980468750000000000e+00
-3.250000000000000000e+00
-5.964843750000000000e+00
-9.257812500000000000e+00
-8.828125000000000000e+00
-9.132812500000000000e+00
-8.843750000000000000e+00
-6.718750000000000000e+00
-2.691406250000000000e+00
-2.105468750000000000e+00
-1.229492187500000000e+00
9.560546875000000000e-01
2.730468750000000000e+00
5.312500000000000000e+00
7.914062500000000000e+00
8.312500000000000000e+00
5.675781250000000000e+00
3.324218750000000000e+00
1.200195312500000000e+00
-3.589843750000000000e+00
-4.632812500000000000e+00
-3.710937500000000000e+00
-1.386718750000000000e+00
4.800781250000000000e+00
9.367187500000000000e+00
1.164843750000000000e+01
1.192968750000000000e+01
1.035937500000000000e+01
4.480468750000000000e+00
3.123046875000000000e+00
4.359375000000000000e+00
2.550781250000000000e+00
1.242187500000000000e+00
3.677734375000000000e+00
4.917968750000000000e+00
6.359375000000000000e+00
5.390625000000000000e+00
6.960937500000000000e+00
9.265625000000000000e+00
1.018750000000000000e+01
8.796875000000000000e+00
5.937500000000000000e+00
-6.601562500000000000e-01
-6.440429687500000000e-01
-9.283447265625000000e-02
-4.976562500000000000e+00
-7.968750000000000000e+00
-9.906250000000000000e+00
-9.046875000000000000e+00
-5.757812500000000000e+00
-4.152343750000000000e+00
-3.300781250000000000e-01
-3.063964843750000000e-01
-8.344726562500000000e-01
-3.060546875000000000e+00
-1.901367187500000000e+00
-8.134765625000000000e-01
-1.700195312500000000e+00
-2.494140625000000000e+00
-2.691406250000000000e+00
8.750000000000000000e-01
1.314453125000000000e+00
2.966796875000000000e+00
4.562500000000000000e+00
7.175781250000000000e+00
8.507812500000000000e+00
1.109375000000000000e+01
6.687500000000000000e+00
1.997070312500000000e+00
1.545898437500000000e+00
2.839843750000000000e+00
2.132812500000000000e+00
-1.798095703125000000e-01
2.662109375000000000e+00
6.562500000000000000e+00
6.757812500000000000e+00
4.375000000000000000e+00
2.933593750000000000e+00
-2.283203125000000000e+00
-8.226562500000000000e+00
-1.102343750000000000e+01
-1.314843750000000000e+01
-1.326562500000000000e+01
-5.507812500000000000e+00
-6.440429687500000000e-01
1.366210937500000000e+00
1.771484375000000000e+00
3.853515625000000000e+00
3.392578125000000000e+00
4.187500000000000000e+00
4.906250000000000000e+00
5.835937500000000000e+00
5.023437500000000000e+00
2.974609375000000000e+00
-1.844726562500000000e+00
-7.714843750000000000e+00
-1.090625000000000000e+01
-1.217187500000000000e+01
-1.270312500000000000e+01
-1.018750000000000000e+01
-9.226562500000000000e+00
-1.035156250000000000e+01
-1.035937500000000000e+01
-2.767578125000000000e+00
2.046875000000000000e+00
3.373046875000000000e+00
4.636718750000000000e+00
7.582031250000000000e+00
8.218750000000000000e+00
7.917968750000000000e+00
6.890625000000000000e+00
4.640625000000000000e+00
7.548828125000000000e-01
7.983398437500000000e-01
-1.026367187500000000e+00
2.264404296875000000e-01
-1.182861328125000000e-01
2.234375000000000000e+00
3.113281250000000000e+00
3.863281250000000000e+00
3.255859375000000000e+00
3.017578125000000000e+00
8.388671875000000000e-01
-2.339843750000000000e+00
-2.753906250000000000e+00
-3.906250000000000000e+00
-5.039062500000000000e+00
-4.421875000000000000e+00
-3.531250000000000000e+00
-3.144531250000000000e+00
-3.773437500000000000e+00
-2.808593750000000000e+00
-2.916015625000000000e+00
-3.931640625000000000e+00
-6.566406250000000000e+00
-7.066406250000000000e+00
-6.238281250000000000e+00
-6.605468750000000000e+00
-8.015625000000000000e+00
-7.042968750000000000e+00
-5.617187500000000000e+00
-5.386718750000000000e+00
-5.152343750000000000e+00
-4.011718750000000000e+00
-4.796875000000000000e+00
-5.671875000000000000e+00
-8.335937500000000000e+00
-6.746093750000000000e+00
-6.015625000000000000e+00
-5.003906250000000000e+00
-3.501953125000000000e+00
-7.973632812500000000e-01
1.262695312500000000e+00
3.619140625000000000e+00
3.855468750000000000e+00
2.605468750000000000e+00
-2.333984375000000000e+00
-3.521484375000000000e+00
-5.093750000000000000e+00
-4.664062500000000000e+00
-5.585937500000000000e+00
-5.578125000000000000e+00
-6.199218750000000000e+00
-4.699218750000000000e+00
-2.636718750000000000e+00
-2.138671875000000000e+00
-3.349609375000000000e+00
-4.847656250000000000e+00
-5.394531250000000000e+00
-6.152343750000000000e+00
-7.234375000000000000e+00
-6.566406250000000000e+00
-6.617187500000000000e+00
-7.648437500000000000e+00
-1.028125000000000000e+01
-8.898437500000000000e+00
-7.843750000000000000e+00
-5.855468750000000000e+00
-4.062500000000000000e+00
-1.536132812500000000e+00
1.008789062500000000e+00
2.326171875000000000e+00
2.595703125000000000e+00
2.316406250000000000e+00
-3.366699218750000000e-01
-1.726562500000000000e+00
-3.515625000000000000e+00
-7.273437500000000000e+00
-9.210937500000000000e+00
-1.189843750000000000e+01
-1.467187500000000000e+01
-1.512500000000000000e+01
-1.443750000000000000e+01
-1.454687500000000000e+01
-1.556250000000000000e+01
-1.185937500000000000e+01
-7.335937500000000000e+00
-4.593750000000000000e+00
-5.015625000000000000e+00
-2.900390625000000000e+00
-1.396484375000000000e+00
-1.841796875000000000e+00
-2.054687500000000000e+00
-4.182128906250000000e-01
8.378906250000000000e-01
6.171875000000000000e-01
9.614257812500000000e-01
2.468750000000000000e+00
2.173828125000000000e+00
2.638671875000000000e+00
3.626953125000000000e+00
2.982421875000000000e+00
1.799804687500000000e+00
3.068359375000000000e+00
5.152343750000000000e+00
4.941406250000000000e+00
3.107421875000000000e+00
2.306640625000000000e+00
2.519531250000000000e+00
2.439453125000000000e+00
3.216796875000000000e+00
3.208984375000000000e+00
3.035156250000000000e+00
2.609375000000000000e+00
3.708984375000000000e+00
2.837890625000000000e+00
3.611328125000000000e+00
1.304687500000000000e+00
1.059570312500000000e+00
-1.616210937500000000e-01
-4.641113281250000000e-01
-2.923828125000000000e+00
-4.410156250000000000e+00
-5.570312500000000000e+00
-5.023437500000000000e+00
-4.484375000000000000e+00
-5.390625000000000000e+00
-6.246093750000000000e+00
-9.164062500000000000e+00
-8.171875000000000000e+00
-6.062500000000000000e+00
-5.109375000000000000e+00
-4.019531250000000000e+00
-3.552734375000000000e+00
-1.497070312500000000e+00
-1.965820312500000000e+00
-1.708007812500000000e+00
-2.246093750000000000e+00
-1.180664062500000000e+00
-2.177734375000000000e-01
-1.862304687500000000e+00
-2.710937500000000000e+00
-2.019531250000000000e+00
-3.292968750000000000e+00
-3.882812500000000000e+00
-4.132812500000000000e+00
-2.498046875000000000e+00
-2.611328125000000000e+00
-2.488281250000000000e+00
