-3.041992187500000000e-01
2.269531250000000000e+00
1.530273437500000000e+00
-1.199218750000000000e+00
-3.609375000000000000e+00
-4.585937500000000000e+00
-6.343750000000000000e+00
-8.242187500000000000e+00
-7.187500000000000000e+00
-5.179687500000000000e+00
-2.730468750000000000e+00
-8.520507812500000000e-01
1.926269531250000000e-01
2.056640625000000000e+00
8.613281250000000000e-01
-5.283203125000000000e-01
-3.578125000000000000e+00
-2.960937500000000000e+00
-4.167968750000000000e+00
-6.210937500000000000e+00
-6.417968750000000000e+00
-4.925781250000000000e+00
-5.191406250000000000e+00
-5.746093750000000000e+00
-4.039062500000000000e+00
-2.828125000000000000e+00
-6.904296875000000000e-01
1.172851562500000000e+00
2.193359375000000000e+00
2.416015625000000000e+00
3.498046875000000000e+00
4.296875000000000000e+00
4.316406250000000000e+00
3.640625000000000000e+00
3.068359375000000000e+00
5.034179687500000000e-01
-2.248046875000000000e+00
-1.563476562500000000e+00
-1.943359375000000000e+00
-1.105468750000000000e+00
-1.097656250000000000e+00
3.791503906250000000e-01
1.599609375000000000e+00
2.601562500000000000e+00
3.380859375000000000e+00
7.187500000000000000e+00
7.964843750000000000e+00
8.773437500000000000e+00
5.457031250000000000e+00
3.789062500000000000e+00
2.906250000000000000e+00
1.891601562500000000e+00
8.730468750000000000e-01
-1.155395507812500000e-01
-1.455078125000000000e+00
-3.867187500000000000e+00
-4.453125000000000000e+00
-3.994140625000000000e+00
-3.322265625000000000e+00
-2.916015625000000000e+00
-2.451171875000000000e+00
3.845214843750000000e-01
1.042968750000000000e+00
2.183593750000000000e+00
7.944335937500000000e-01
1.395507812500000000e+00
2.355957031250000000e-01
-2.117919921875000000e-01
-1.567382812500000000e-01
1.054687500000000000e+00
6.020507812500000000e-01
9.892578125000000000e-01
2.109375000000000000e-01
1.267578125000000000e+00
-1.429687500000000000e+00
-5.035156250000000000e+00
-6.414062500000000000e+00
-5.906250000000000000e+00
-5.453125000000000000e+00
-7.218750000000000000e+00
-5.914062500000000000e+00
-4.593750000000000000e+00
-3.224609375000000000e+00
-2.566406250000000000e+00
-1.221679687500000000e+00
1.687500000000000000e+00
2.929687500000000000e+00
4.027343750000000000e+00
2.900390625000000000e+00
2.009765625000000000e+00
1.485351562500000000e+00
2.430419921875000000e-01
-2.007812500000000000e+00
-3.175781250000000000e+00
-4.109375000000000000e+00
-6.066406250000000000e+00
-5.531250000000000000e+00
-5.488281250000000000e+00
-3.941406250000000000e+00
-3.814453125000000000e+00
-1.651367187500000000e+00
-7.080078125000000000e-01
6.855468750000000000e-01
-1.200195312500000000e+00
1.258544921875000000e-01
3.117675781250000000e-01
1.413085937500000000e+00
1.899414062500000000e+00
2.603515625000000000e+00
2.958984375000000000e+00
2.087890625000000000e+00
-6.914062500000000000e-01
1.148437500000000000e+00
1.903320312500000000e+00
2.664062500000000000e+00
5.359375000000000000e+00
7.179687500000000000e+00
5.707031250000000000e+00
2.212890625000000000e+00
4.039062500000000000e+00
1.530273437500000000e+00
1.183593750000000000e+00
1.006835937500000000e+00
2.650390625000000000e+00
1.430664062500000000e+00
8.856201171875000000e-02
-2.651367187500000000e-01
-1.054687500000000000e+00
-1.786132812500000000e+00
-1.918945312500000000e+00
-1.230468750000000000e+00
-1.258789062500000000e+00
-1.222656250000000000e+00
-2.996093750000000000e+00
-3.644531250000000000e+00
-5.476562500000000000e+00
-4.953125000000000000e+00
-2.162109375000000000e+00
-3.981933593750000000e-01
1.883789062500000000e+00
2.974609375000000000e+00
3.630859375000000000e+00
2.984375000000000000e+00
2.068359375000000000e+00
3.107910156250000000e-01
-1.262695312500000000e+00
-2.345703125000000000e+00
-4.550781250000000000e+00
-1.804687500000000000e+00
1.134765625000000000e+00
2.818359375000000000e+00
2.175781250000000000e+00
1.274414062500000000e+00
-2.244873046875000000e-01
-3.732421875000000000e+00
-7.570312500000000000e+00
-7.511718750000000000e+00
-5.351562500000000000e+00
-2.728515625000000000e+00
-2.775390625000000000e+00
-4.578125000000000000e+00
-6.128906250000000000e+00
-6.582031250000000000e+00
-7.484375000000000000e+00
-7.453125000000000000e+00
-7.917968750000000000e+00
-7.882812500000000000e+00
-9.500000000000000000e+00
-1.017187500000000000e+01
-9.921875000000000000e+00
-9.992187500000000000e+00
-1.145312500000000000e+01
-9.695312500000000000e+00
-9.148437500000000000e+00
-1.077343750000000000e+01
-1.403125000000000000e+01
-1.140625000000000000e+01
-9.054687500000000000e+00
-7.085937500000000000e+00
-7.148437500000000000e+00
-6.175781250000000000e+00
-6.703125000000000000e+00
-6.441406250000000000e+00
-7.718750000000000000e+00
-5.132812500000000000e+00
-4.488281250000000000e+00
-2.251953125000000000e+00
-1.211547851562500000e-01
1.635742187500000000e+00
2.966796875000000000e+00
3.730468750000000000e+00
3.216796875000000000e+00
2.314453125000000000e+00
3.212890625000000000e+00
2.513671875000000000e+00
1.876953125000000000e+00
4.477539062500000000e-01
-1.947021484375000000e-02
-9.951171875000000000e-01
-2.666015625000000000e+00
-3.164062500000000000e+00
-2.945312500000000000e+00
-2.492187500000000000e+00
-7.026367187500000000e-01
-6.425781250000000000e-01
6.123046875000000000e-01
5.195312500000000000e-01
2.395629882812500000e-02
4.663085937500000000e-01
1.135742187500000000e+00
1.417968750000000000e+00
2.570312500000000000e+00
2.337890625000000000e+00
2.728515625000000000e+00
2.357421875000000000e+00
2.320312500000000000e+00
1.889648437500000000e+00
2.320312500000000000e+00
3.386718750000000000e+00
3.841796875000000000e+00
4.578125000000000000e+00
3.658203125000000000e+00
1.740234375000000000e+00
-1.632812500000000000e+00
-5.292968750000000000e+00
-8.015625000000000000e+00
-7.062500000000000000e+00
-5.148437500000000000e+00
-2.609375000000000000e+00
-3.601562500000000000e+00
-5.347656250000000000e+00
-8.140625000000000000e+00
-1.111718750000000000e+01
-1.252343750000000000e+01
-1.444531250000000000e+01
-1.517187500000000000e+01
-1.623437500000000000e+01
-1.397656250000000000e+01
-1.346875000000000000e+01
-1.377343750000000000e+01
-1.229687500000000000e+01
-8.843750000000000000e+00
-9.375000000000000000e+00
-1.008593750000000000e+01
-8.906250000000000000e+00
-8.234375000000000000e+00
-8.320312500000000000e+00
-6.867187500000000000e+00
-4.882812500000000000e+00
-4.602050781250000000e-01
1.791992187500000000e+00
4.382812500000000000e+00
4.664062500000000000e+00
4.859375000000000000e+00
3.623046875000000000e+00
3.607421875000000000e+00
1.993164062500000000e+00
1.252929687500000000e+00
-1.070312500000000000e+00
-2.015625000000000000e+00
-2.435546875000000000e+00
-4.738281250000000000e+00
-6.152343750000000000e+00
-2.261718750000000000e+00
3.339843750000000000e+00
1.010742187500000000e+00
-3.748046875000000000e+00
2.507324218750000000e-01
6.332031250000000000e+00
7.691406250000000000e+00
5.906250000000000000e+00
-6.562500000000000000e-01
-1.143750000000000000e+01
-1.502343750000000000e+01
-1.228906250000000000e+01
-7.640625000000000000e+00
-4.917968750000000000e+00
-2.238281250000000000e+00
-4.210937500000000000e+00
-3.164062500000000000e+00
-2.451171875000000000e+00
-1.705078125000000000e+00
-2.539062500000000000e+00
-2.677734375000000000e+00
-5.640625000000000000e+00
-9.226562500000000000e+00
-1.134375000000000000e+01
-1.071093750000000000e+01
-1.071093750000000000e+01
-8.812500000000000000e+00
-9.734375000000000000e+00
-7.933593750000000000e+00
-8.507812500000000000e+00
-8.914062500000000000e+00
-8.953125000000000000e+00
-9.218750000000000000e+00
-1.182812500000000000e+01
-1.067187500000000000e+01
-9.953125000000000000e+00
-1.134375000000000000e+01
-1.044531250000000000e+01
-7.628906250000000000e+00
-4.257812500000000000e+00
1.425781250000000000e+00
5.882812500000000000e+00
6.816406250000000000e+00
5.984375000000000000e+00
6.324218750000000000e+00
8.187500000000000000e+00
7.867187500000000000e+00
5.761718750000000000e+00
4.992187500000000000e+00
6.710937500000000000e+00
8.828125000000000000e+00
1.108593750000000000e+01
1.367187500000000000e+01
1.662500000000000000e+01
1.188281250000000000e+01
7.351562500000000000e+00
1.120312500000000000e+01
8.687500000000000000e+00
2.031250000000000000e-01
-3.529296875000000000e+00
-2.482421875000000000e+00
-1.508789062500000000e+00
-1.056640625000000000e+00
-1.384765625000000000e+00
-1.097656250000000000e+00
-1.862304687500000000e+00
-2.531738281250000000e-01
-5.727539062500000000e-01
-1.676757812500000000e+00
-3.945312500000000000e+00
-5.617187500000000000e+00
-5.460937500000000000e+00
-5.039062500000000000e+00
-4.390625000000000000e+00
-5.148437500000000000e+00
-5.859375000000000000e+00
-6.750000000000000000e+00
-6.441406250000000000e+00
-6.000000000000000000e+00
-6.433593750000000000e+00
-7.097656250000000000e+00
-9.492187500000000000e+00
-1.021093750000000000e+01
-1.023437500000000000e+01
-9.648437500000000000e+00
-1.044531250000000000e+01
-9.515625000000000000e+00
-9.132812500000000000e+00
-5.343750000000000000e+00
-5.046875000000000000e+00
-5.714843750000000000e+00
-7.191406250000000000e+00
-6.828125000000000000e+00
-5.992187500000000000e+00
-4.515625000000000000e+00
-5.824218750000000000e+00
-5.113281250000000000e+00
-5.316406250000000000e+00
-5.386718750000000000e+00
-5.347656250000000000e+00
-4.402343750000000000e+00
-4.046875000000000000e+00
-3.011718750000000000e+00
-2.539062500000000000e+00
-1.623046875000000000e+00
-6.386718750000000000e-01
2.291015625000000000e+00
3.316406250000000000e+00
5.757812500000000000e+00
4.816406250000000000e+00
4.820312500000000000e+00
1.667968750000000000e+00
1.042968750000000000e+00
-2.088623046875000000e-01
3.061523437500000000e-01
-1.809570312500000000e+00
-2.763671875000000000e+00
-6.425781250000000000e+00
-7.136718750000000000e+00
-4.621093750000000000e+00
-5.610351562500000000e-01
-1.991210937500000000e+00
-3.728515625000000000e+00
-5.515625000000000000e+00
-8.851562500000000000e+00
-9.898437500000000000e+00
4.406738281250000000e-01
-1.383789062500000000e+00
-3.513671875000000000e+00
-4.175781250000000000e+00
-2.712890625000000000e+00
-7.382812500000000000e-01
-1.059570312500000000e+00
9.794921875000000000e-01
6.533203125000000000e-01
-1.325195312500000000e+00
-2.488281250000000000e+00
-3.017578125000000000e-01
-2.573242187500000000e-01
-2.546386718750000000e-01
-4.951171875000000000e-01
2.193359375000000000e+00
2.458984375000000000e+00
1.179687500000000000e+00
-2.875976562500000000e-01
-3.378906250000000000e+00
-6.148437500000000000e+00
-6.890625000000000000e+00
-7.617187500000000000e+00
-7.027343750000000000e+00
-6.859375000000000000e+00
-6.156250000000000000e+00
-5.617187500000000000e+00
-5.691406250000000000e+00
-4.382812500000000000e+00
-4.445312500000000000e+00
-4.433593750000000000e+00
-6.234375000000000000e+00
-6.343750000000000000e+00
-7.296875000000000000e+00
-8.109375000000000000e+00
-8.773437500000000000e+00
-7.281250000000000000e+00
-3.837890625000000000e+00
1.160156250000000000e+00
5.503906250000000000e+00
6.679687500000000000e+00
7.542968750000000000e+00
8.687500000000000000e+00
8.453125000000000000e+00
7.527343750000000000e+00
5.988281250000000000e+00
3.304687500000000000e+00
-2.191406250000000000e+00
-7.226562500000000000e+00
-1.125781250000000000e+01
-1.317187500000000000e+01
-1.352343750000000000e+01
-1.192968750000000000e+01
-1.138281250000000000e+01
-9.257812500000000000e+00
-7.761718750000000000e+00
-5.273437500000000000e+00
-5.214843750000000000e+00
-3.281250000000000000e+00
-3.871093750000000000e+00
-2.835937500000000000e+00
-4.441406250000000000e+00
-6.355468750000000000e+00
-8.632812500000000000e+00
-9.078125000000000000e+00
-9.695312500000000000e+00
-1.082812500000000000e+01
-1.150000000000000000e+01
-1.014843750000000000e+01
-7.492187500000000000e+00
-5.636718750000000000e+00
-3.531250000000000000e+00
-3.664062500000000000e+00
-3.927734375000000000e+00
-6.046875000000000000e+00
-9.421875000000000000e+00
-1.104687500000000000e+01
-1.121875000000000000e+01
-1.108593750000000000e+01
-1.037500000000000000e+01
-8.664062500000000000e+00
-7.453125000000000000e+00
-7.328125000000000000e+00
-7.734375000000000000e+00
-5.582031250000000000e+00
-3.824218750000000000e+00
-2.533203125000000000e+00
-3.128906250000000000e+00
-1.366210937500000000e+00
-2.154296875000000000e+00
-2.736328125000000000e+00
-5.917968750000000000e+00
-7.097656250000000000e+00
-7.371093750000000000e+00
-5.207031250000000000e+00
-3.873046875000000000e+00
6.953125000000000000e-01
5.003906250000000000e+00
4.992187500000000000e+00
2.451171875000000000e+00
1.271484375000000000e+00
3.074218750000000000e+00
5.421875000000000000e+00
1.922851562500000000e+00
1.523437500000000000e+00
-1.405273437500000000e+00
-1.013671875000000000e+00
-1.753906250000000000e+00
4.581451416015625000e-03
-2.316406250000000000e+00
-4.417968750000000000e+00
-9.132812500000000000e+00
-9.812500000000000000e+00
-4.121093750000000000e+00
6.284179687500000000e-01
-2.060546875000000000e+00
-1.488281250000000000e+00
-8.671875000000000000e-01
-4.796875000000000000e+00
-1.126562500000000000e+01
-1.316406250000000000e+01
-1.413281250000000000e+01
-1.567187500000000000e+01
-1.506250000000000000e+01
-1.114062500000000000e+01
-9.468750000000000000e+00
-8.937500000000000000e+00
-8.664062500000000000e+00
-8.796875000000000000e+00
-9.218750000000000000e+00
-6.699218750000000000e+00
-5.257812500000000000e+00
-4.156250000000000000e+00
-4.949218750000000000e+00
-5.367187500000000000e+00
-5.757812500000000000e+00
-3.218750000000000000e+00
-1.907226562500000000e+00
5.258789062500000000e-01
1.375976562500000000e+00
3.818359375000000000e+00
3.406250000000000000e+00
3.587890625000000000e+00
2.082031250000000000e+00
1.824218750000000000e+00
1.399414062500000000e+00
2.033203125000000000e+00
1.640625000000000000e+00
2.867187500000000000e+00
3.962890625000000000e+00
4.484375000000000000e+00
5.718750000000000000e+00
7.437500000000000000e+00
6.257812500000000000e+00
3.878906250000000000e+00
-3.625488281250000000e-01
-3.392578125000000000e+00
-5.460937500000000000e+00
-6.871093750000000000e+00
-3.833984375000000000e+00
3.752441406250000000e-01
8.041992187500000000e-01
-6.694335937500000000e-01
-3.558593750000000000e+00
-6.226562500000000000e+00
-6.457031250000000000e+00
-7.613281250000000000e+00
-9.242187500000000000e+00
-9.265625000000000000e+00
-8.843750000000000000e+00
-1.055468750000000000e+01
-8.117187500000000000e+00
-5.605468750000000000e+00
-3.212890625000000000e+00
-1.581054687500000000e+00
-2.269287109375000000e-01
-3.410644531250000000e-01
8.989257812500000000e-01
2.082031250000000000e+00
3.064453125000000000e+00
2.791015625000000000e+00
-9.902343750000000000e-01
-3.164062500000000000e-01
2.349609375000000000e+00
1.859375000000000000e+00
-4.253906250000000000e+00
-5.777343750000000000e+00
-5.105468750000000000e+00
-3.101562500000000000e+00
-3.220703125000000000e+00
-2.394531250000000000e+00
-2.375000000000000000e+00
-2.500000000000000000e+00
-1.294921875000000000e+00
4.815673828125000000e-02
8.477783203125000000e-02
8.386230468750000000e-02
1.181640625000000000e+00
7.000000000000000000e+00
1.189843750000000000e+01
1.225781250000000000e+01
1.092968750000000000e+01
7.593750000000000000e+00
-1.771240234375000000e-01
-2.236328125000000000e+00
3.554687500000000000e-01
3.996093750000000000e+00
6.539062500000000000e+00
6.855468750000000000e+00
-5.783081054687500000e-02
-3.212890625000000000e+00
7.797851562500000000e-01
5.917968750000000000e+00
5.714843750000000000e+00
3.023437500000000000e+00
-3.130859375000000000e+00
-6.078125000000000000e+00
-7.628906250000000000e+00
-9.046875000000000000e+00
-1.123437500000000000e+01
-1.055468750000000000e+01
-9.554687500000000000e+00
-8.039062500000000000e+00
-7.070312500000000000e+00
-6.132812500000000000e+00
-4.371093750000000000e+00
-3.041015625000000000e+00
-1.021484375000000000e+00
4.098510742187500000e-02
-9.448242187500000000e-01
-2.156250000000000000e+00
-5.710937500000000000e+00
-7.144531250000000000e+00
-7.574218750000000000e+00
-6.859375000000000000e+00
-8.492187500000000000e+00
-1.034375000000000000e+01
-1.219531250000000000e+01
-1.254687500000000000e+01
-8.273437500000000000e+00
-4.113281250000000000e+00
5.058593750000000000e-01
2.689453125000000000e+00
3.560546875000000000e+00
5.820312500000000000e+00
7.421875000000000000e+00
7.492187500000000000e+00
5.421875000000000000e+00
4.164062500000000000e+00
2.962890625000000000e+00
1.571289062500000000e+00
-2.589843750000000000e+00
-4.773437500000000000e+00
-4.941406250000000000e+00
-3.046875000000000000e+00
-3.314453125000000000e+00
-1.190429687500000000e+00
1.932373046875000000e-01
-1.177734375000000000e+00
-6.187500000000000000e+00
-8.875000000000000000e+00
-1.167187500000000000e+01
-9.710937500000000000e+00
-6.738281250000000000e+00
-2.339843750000000000e+00
9.672851562500000000e-01
4.703125000000000000e+00
5.917968750000000000e+00
5.699218750000000000e+00
5.203125000000000000e+00
3.816406250000000000e+00
1.862304687500000000e+00
-9.721679687500000000e-01
-3.657226562500000000e-01
-2.001953125000000000e+00
-1.064453125000000000e+00
-2.537109375000000000e+00
-6.152343750000000000e-01
-9.458007812500000000e-01
-1.988525390625000000e-01
-1.738281250000000000e+00
-2.085937500000000000e+00
-1.902343750000000000e+00
-9.082031250000000000e-01
-8.408203125000000000e-01
-2.805175781250000000e-01
2.724609375000000000e-01
1.711914062500000000e+00
3.423828125000000000e+00
1.898437500000000000e+00
-2.625000000000000000e+00
-9.851562500000000000e+00
-1.479687500000000000e+01
-1.054687500000000000e+01
-4.093750000000000000e+00
-2.895507812500000000e-01
3.701171875000000000e-01
-8.964843750000000000e-01
-4.089355468750000000e-01
1.208984375000000000e+00
5.472656250000000000e+00
5.847656250000000000e+00
6.843750000000000000e+00
4.507812500000000000e+00
-2.121093750000000000e+00
-6.199218750000000000e+00
-7.954101562500000000e-01
4.906250000000000000e+00
6.777343750000000000e+00
7.683593750000000000e+00
7.503906250000000000e+00
4.324218750000000000e+00
-6.025390625000000000e-01
-1.503906250000000000e+00
1.425781250000000000e-01
4.242187500000000000e+00
9.328125000000000000e+00
1.255468750000000000e+01
1.643750000000000000e+01
1.690625000000000000e+01
8.601562500000000000e+00
6.402343750000000000e+00
7.335937500000000000e+00
7.621093750000000000e+00
7.644531250000000000e+00
5.773437500000000000e+00
4.179687500000000000e+00
4.339843750000000000e+00
5.144531250000000000e+00
5.582031250000000000e+00
6.117187500000000000e+00
6.851562500000000000e+00
1.061718750000000000e+01
1.104687500000000000e+01
9.132812500000000000e+00
5.082031250000000000e+00
6.337890625000000000e-01
-3.505859375000000000e+00
-4.636718750000000000e+00
-7.675781250000000000e+00
-9.695312500000000000e+00
-1.115625000000000000e+01
-1.362500000000000000e+01
-1.574218750000000000e+01
-1.506250000000000000e+01
-1.532812500000000000e+01
-1.261718750000000000e+01
-9.171875000000000000e+00
-6.996093750000000000e+00
-6.289062500000000000e+00
-5.933593750000000000e+00
-7.964843750000000000e+00
-8.351562500000000000e+00
-9.226562500000000000e+00
-9.921875000000000000e+00
-9.921875000000000000e+00
-8.765625000000000000e+00
-6.238281250000000000e+00
-5.437500000000000000e+00
-7.046875000000000000e+00
-6.796875000000000000e+00
-7.292968750000000000e+00
-7.222656250000000000e+00
-7.593750000000000000e+00
-7.593750000000000000e+00
-7.078125000000000000e+00
-6.105468750000000000e+00
-6.121093750000000000e+00
-5.605468750000000000e+00
-5.667968750000000000e+00
-6.898437500000000000e+00
-5.257812500000000000e+00
-4.050781250000000000e+00
-2.796875000000000000e+00
-1.865234375000000000e+00
-1.094970703125000000e-01
1.981445312500000000e+00
3.183593750000000000e+00
2.591796875000000000e+00
2.265625000000000000e+00
-8.261718750000000000e-01
-1.157226562500000000e+00
-9.042968750000000000e-01
-6.162109375000000000e-01
1.676025390625000000e-01
8.334960937500000000e-01
6.381835937500000000e-01
-8.847656250000000000e-01
-1.579101562500000000e+00
-7.011718750000000000e-01
-4.377441406250000000e-01
3.483886718750000000e-01
3.410644531250000000e-01
2.167968750000000000e+00
1.295898437500000000e+00
2.781250000000000000e+00
2.031250000000000000e+00
2.275390625000000000e+00
1.074218750000000000e+00
1.155273437500000000e+00
8.525390625000000000e-01
-1.340820312500000000e+00
-2.583984375000000000e+00
-3.048828125000000000e+00
9.057617187500000000e-01
3.574218750000000000e+00
2.697265625000000000e+00
3.587890625000000000e+00
3.126953125000000000e+00
3.953125000000000000e+00
4.148437500000000000e+00
2.392578125000000000e+00
7.827148437500000000e-01
-2.316406250000000000e+00
-3.998046875000000000e+00
-6.109375000000000000e+00
-7.218750000000000000e+00
-9.054687500000000000e+00
-9.843750000000000000e+00
-1.193750000000000000e+01
-1.284375000000000000e+01
-1.364843750000000000e+01
-1.362500000000000000e+01
-1.337500000000000000e+01
-1.114843750000000000e+01
-1.169531250000000000e+01
-1.128906250000000000e+01
-1.072656250000000000e+01
-7.933593750000000000e+00
3.941406250000000000e+00
1.434570312500000000e+00
-8.632812500000000000e+00
-1.167187500000000000e+01
-1.351562500000000000e+01
-4.062500000000000000e+00
6.078125000000000000e+00
3.916015625000000000e+00
8.960937500000000000e+00
1.319531250000000000e+01
9.593750000000000000e+00
5.414062500000000000e+00
8.867187500000000000e+00
1.220312500000000000e+01
1.007031250000000000e+01
2.466796875000000000e+00
8.378906250000000000e-01
2.648437500000000000e+00
2.943359375000000000e+00
-3.078125000000000000e+00
-8.835937500000000000e+00
-7.863281250000000000e+00
-4.550781250000000000e+00
-6.479492187500000000e-01
1.918945312500000000e+00
8.718750000000000000e+00
8.671875000000000000e+00
4.257812500000000000e+00
1.227343750000000000e+01
9.101562500000000000e+00
1.318750000000000000e+01
1.300781250000000000e+01
1.433593750000000000e+01
1.349218750000000000e+01
1.154687500000000000e+01
8.593750000000000000e+00
7.960937500000000000e+00
5.511718750000000000e+00
3.810546875000000000e+00
3.447265625000000000e+00
3.658203125000000000e+00
2.267578125000000000e+00
1.151367187500000000e+00
-1.331054687500000000e+00
-3.607421875000000000e+00
-2.726562500000000000e+00
-3.683593750000000000e+00
-4.914062500000000000e+00
-5.839843750000000000e-01
-1.258789062500000000e+00
-4.281250000000000000e+00
-6.855468750000000000e+00
-7.328125000000000000e+00
-4.496093750000000000e+00
-1.355468750000000000e+00
-2.679687500000000000e+00
-5.535156250000000000e+00
-4.093750000000000000e+00
-3.166015625000000000e+00
-4.304687500000000000e+00
-4.761718750000000000e+00
-3.736328125000000000e+00
-4.578125000000000000e+00
-5.878906250000000000e+00
-4.312500000000000000e+00
-1.674804687500000000e+00
2.238281250000000000e+00
1.135742187500000000e+00
-2.340087890625000000e-01
-2.605468750000000000e+00
-4.261718750000000000e+00
-6.261718750000000000e+00
-6.507812500000000000e+00
-7.687500000000000000e+00
-9.367187500000000000e+00
-9.992187500000000000e+00
-1.031250000000000000e+01
-1.024218750000000000e+01
-1.106250000000000000e+01
-9.625000000000000000e+00
-8.093750000000000000e+00
-6.074218750000000000e+00
-6.000000000000000000e+00
-4.210937500000000000e+00
-2.617187500000000000e+00
-1.885742187500000000e+00
-1.441406250000000000e+00
-1.268554687500000000e+00
-1.584472656250000000e-01
1.780273437500000000e+00
1.045898437500000000e+00
-2.693359375000000000e+00
-1.509765625000000000e+00
-3.876953125000000000e-01
-1.708007812500000000e+00
-8.154296875000000000e-02
3.148437500000000000e+00
2.890625000000000000e+00
-1.419677734375000000e-01
1.380615234375000000e-01
3.406250000000000000e+00
9.078125000000000000e+00
7.308593750000000000e+00
1.331054687500000000e+00
-1.112304687500000000e+00
-1.583007812500000000e+00
-3.484375000000000000e+00
-3.412109375000000000e+00
-2.248046875000000000e+00
-1.991210937500000000e+00
-5.363281250000000000e+00
-7.765625000000000000e+00
-9.875000000000000000e+00
-1.033593750000000000e+01
-1.164062500000000000e+01
-1.312500000000000000e+01
-1.453125000000000000e+01
-1.527343750000000000e+01
-1.527343750000000000e+01
-1.634375000000000000e+01
-1.482812500000000000e+01
-1.419531250000000000e+01
-1.567187500000000000e+01
-1.810937500000000000e+01
-1.390625000000000000e+01
-8.390625000000000000e+00
-6.613281250000000000e+00
-4.914062500000000000e+00
-8.421875000000000000e+00
-9.171875000000000000e+00
-9.234375000000000000e+00
-6.605468750000000000e+00
-4.531250000000000000e+00
-3.765625000000000000e+00
-1.444335937500000000e+00
-2.261718750000000000e+00
4.221191406250000000e-01
2.166015625000000000e+00
1.508789062500000000e+00
7.661132812500000000e-01
1.506835937500000000e+00
5.093750000000000000e+00
7.144531250000000000e+00
7.355468750000000000e+00
7.046875000000000000e+00
7.531250000000000000e+00
6.417968750000000000e+00
5.539062500000000000e+00
4.222656250000000000e+00
4.269531250000000000e+00
2.224609375000000000e+00
-1.166015625000000000e+00
-5.097656250000000000e+00
-7.851562500000000000e+00
-5.210937500000000000e+00
2.658203125000000000e+00
8.257812500000000000e+00
9.757812500000000000e+00
9.421875000000000000e+00
9.445312500000000000e+00
7.398437500000000000e+00
3.359375000000000000e+00
-2.744140625000000000e+00
-6.722656250000000000e+00
-6.042968750000000000e+00
-6.909179687500000000e-01
8.242187500000000000e+00
1.248437500000000000e+01
1.260156250000000000e+01
9.765625000000000000e+00
6.152343750000000000e-01
-7.101562500000000000e+00
-5.425781250000000000e+00
2.306640625000000000e+00
8.484375000000000000e+00
8.781250000000000000e+00
1.937500000000000000e+00
-4.597656250000000000e+00
-4.628906250000000000e+00
-5.550781250000000000e+00
-4.683593750000000000e+00
6.723632812500000000e-01
5.664062500000000000e+00
6.328125000000000000e+00
2.822265625000000000e+00
-1.786132812500000000e+00
-4.503906250000000000e+00
-3.933593750000000000e+00
-2.060546875000000000e+00
1.601562500000000000e+00
3.380859375000000000e+00
3.449218750000000000e+00
1.430664062500000000e+00
-4.460449218750000000e-01
2.441406250000000000e-01
4.672851562500000000e-01
1.271057128906250000e-02
-1.662109375000000000e+00
-1.859375000000000000e+00
-3.558593750000000000e+00
-5.292968750000000000e+00
-5.273437500000000000e+00
-7.515625000000000000e+00
-1.271484375000000000e+00
1.145507812500000000e+00
-6.734375000000000000e+00
-2.287597656250000000e-01
9.956054687500000000e-01
5.320312500000000000e+00
5.535156250000000000e+00
2.414062500000000000e+00
7.631835937500000000e-01
-5.908203125000000000e-01
4.223632812500000000e-01
4.375000000000000000e-01
2.111816406250000000e-01
1.574707031250000000e-01
-3.644531250000000000e+00
-8.421875000000000000e+00
-8.898437500000000000e+00
-3.349609375000000000e+00
3.103027343750000000e-01
1.314453125000000000e+00
2.953125000000000000e+00
6.175781250000000000e+00
1.052343750000000000e+01
1.303125000000000000e+01
1.100000000000000000e+01
1.083593750000000000e+01
1.436718750000000000e+01
7.316406250000000000e+00
1.782226562500000000e+00
-4.003906250000000000e+00
-9.882812500000000000e+00
-1.464062500000000000e+01
-1.600000000000000000e+01
-1.706250000000000000e+01
-1.571093750000000000e+01
-1.292187500000000000e+01
-1.073437500000000000e+01
-8.335937500000000000e+00
-5.921875000000000000e+00
-3.519531250000000000e+00
-5.908203125000000000e-01
1.712890625000000000e+00
3.126953125000000000e+00
2.789062500000000000e+00
3.648437500000000000e+00
3.750000000000000000e+00
7.984375000000000000e+00
7.242187500000000000e+00
7.941406250000000000e+00
8.593750000000000000e+00
9.648437500000000000e+00
6.957031250000000000e+00
4.835937500000000000e+00
3.640625000000000000e+00
3.125000000000000000e+00
8.403320312500000000e-01
-1.685546875000000000e+00
-5.183593750000000000e+00
-7.574218750000000000e+00
-1.219531250000000000e+01
-1.593750000000000000e+01
-1.700000000000000000e+01
-9.867187500000000000e+00
-1.157812500000000000e+01
-8.757812500000000000e+00
-5.906250000000000000e+00
-2.408203125000000000e+00
-3.835937500000000000e+00
-3.814453125000000000e+00
-2.728515625000000000e+00
-2.585937500000000000e+00
2.116699218750000000e-01
1.185546875000000000e+00
2.308593750000000000e+00
4.906250000000000000e+00
5.156250000000000000e+00
4.281250000000000000e+00
1.964843750000000000e+00
-3.626953125000000000e+00
-1.021093750000000000e+01
-1.411718750000000000e+01
-8.492187500000000000e+00
1.461914062500000000e+00
-6.918945312500000000e-01
-6.027343750000000000e+00
-6.437500000000000000e+00
-5.361328125000000000e-01
2.783203125000000000e+00
7.226562500000000000e+00
1.257031250000000000e+01
1.059375000000000000e+01
5.531250000000000000e+00
-1.981445312500000000e+00
-4.925781250000000000e+00
-5.585937500000000000e+00
-9.101562500000000000e-01
3.529296875000000000e+00
6.953125000000000000e+00
1.084375000000000000e+01
1.058593750000000000e+01
7.828125000000000000e+00
8.109375000000000000e+00
8.812500000000000000e+00
7.242187500000000000e+00
2.470703125000000000e+00
1.890625000000000000e+00
3.648437500000000000e+00
3.925781250000000000e+00
4.527343750000000000e+00
2.734375000000000000e+00
2.671875000000000000e+00
2.539062500000000000e+00
2.416015625000000000e+00
-1.521484375000000000e+00
-5.757812500000000000e+00
-7.253906250000000000e+00
-1.022656250000000000e+01
-1.174218750000000000e+01
-1.302343750000000000e+01
-1.357812500000000000e+01
-1.236718750000000000e+01
-1.171093750000000000e+01
-1.123437500000000000e+01
-9.656250000000000000e+00
-6.738281250000000000e+00
-4.535156250000000000e+00
-1.749023437500000000e+00
-5.327148437500000000e-01
-9.072265625000000000e-01
-1.878906250000000000e+00
-3.761718750000000000e+00
-4.500000000000000000e+00
-5.378906250000000000e+00
-4.734375000000000000e+00
-5.507812500000000000e+00
-3.535156250000000000e+00
-1.534179687500000000e+00
4.946289062500000000e-01
2.748046875000000000e+00
4.843750000000000000e+00
3.031250000000000000e+00
3.306640625000000000e+00
4.140625000000000000e+00
3.835937500000000000e+00
4.449218750000000000e+00
8.421875000000000000e+00
1.132812500000000000e+01
6.808593750000000000e+00
-5.203125000000000000e+00
-9.906250000000000000e+00
-7.972656250000000000e+00
5.183593750000000000e+00
1.062500000000000000e+01
5.953125000000000000e+00
7.392578125000000000e-01
-1.751953125000000000e+00
1.500000000000000000e+00
5.203125000000000000e+00
8.906250000000000000e+00
1.071093750000000000e+01
1.013281250000000000e+01
1.092968750000000000e+01
1.228906250000000000e+01
6.753906250000000000e+00
7.294921875000000000e-01
1.491699218750000000e-01
6.669921875000000000e-01
2.765625000000000000e+00
4.132812500000000000e+00
2.656250000000000000e+00
5.351562500000000000e-01
2.302551269531250000e-02
1.838867187500000000e+00
2.136718750000000000e+00
3.644531250000000000e+00
3.359375000000000000e+00
4.488281250000000000e+00
4.042968750000000000e+00
4.218750000000000000e+00
5.246093750000000000e+00
5.613281250000000000e+00
3.921875000000000000e+00
2.796875000000000000e+00
3.119140625000000000e+00
3.177734375000000000e+00
2.953125000000000000e+00
2.626953125000000000e+00
9.423828125000000000e-01
3.204345703125000000e-02
-9.165039062500000000e-01
-1.312500000000000000e+00
-1.950195312500000000e+00
-4.199218750000000000e-01
2.138671875000000000e+00
5.964843750000000000e+00
7.968750000000000000e+00
6.871093750000000000e+00
6.066406250000000000e+00
4.851562500000000000e+00
1.484375000000000000e+00
2.692871093750000000e-01
-2.565917968750000000e-01
1.846679687500000000e+00
2.921875000000000000e+00
4.968750000000000000e+00
5.609375000000000000e+00
3.962890625000000000e+00
-1.374023437500000000e+00
-1.840820312500000000e+00
-2.603515625000000000e+00
-1.499023437500000000e+00
-1.378906250000000000e+00
1.243164062500000000e+00
1.693359375000000000e+00
2.019531250000000000e+00
1.739257812500000000e+00
-3.405761718750000000e-01
-3.894531250000000000e+00
-4.167968750000000000e+00
-5.621093750000000000e+00
-4.773437500000000000e+00
-2.568359375000000000e+00
-1.328125000000000000e-01
-3.792968750000000000e+00
-3.552734375000000000e+00
9.492187500000000000e-01
1.572265625000000000e+00
5.355468750000000000e+00
7.972656250000000000e+00
6.433593750000000000e+00
2.826171875000000000e+00
-3.140625000000000000e+00
-5.620117187500000000e-01
3.701171875000000000e+00
7.785156250000000000e+00
9.429687500000000000e+00
4.527343750000000000e+00
-1.607421875000000000e+00
-3.933593750000000000e+00
-3.853515625000000000e+00
-9.418945312500000000e-01
4.917968750000000000e+00
1.011718750000000000e+01
1.333593750000000000e+01
1.335937500000000000e+01
1.221093750000000000e+01
7.347656250000000000e+00
1.083007812500000000e+00
1.300000000000000000e+01
1.347656250000000000e+01
1.234375000000000000e+01
1.019531250000000000e+01
9.429687500000000000e+00
7.496093750000000000e+00
4.824218750000000000e+00
2.394531250000000000e+00
3.171875000000000000e+00
2.560546875000000000e+00
-1.570312500000000000e+00
-4.464843750000000000e+00
-5.183593750000000000e+00
-5.859375000000000000e+00
-6.078125000000000000e+00
-5.996093750000000000e+00
-5.218750000000000000e+00
-5.242187500000000000e+00
-4.566406250000000000e+00
-4.179687500000000000e+00
-3.304687500000000000e+00
-2.507812500000000000e+00
-2.964843750000000000e+00
-3.974609375000000000e+00
-5.617187500000000000e+00
-7.027343750000000000e+00
-7.878906250000000000e+00
-7.792968750000000000e+00
-6.972656250000000000e+00
-5.617187500000000000e+00
-5.156250000000000000e+00
-3.103515625000000000e+00
-8.564453125000000000e-01
1.657226562500000000e+00
3.621093750000000000e+00
4.027343750000000000e+00
3.769531250000000000e+00
4.312500000000000000e+00
6.265625000000000000e+00
5.363281250000000000e+00
8.500000000000000000e+00
1.007812500000000000e+01
3.837890625000000000e+00
7.167968750000000000e-01
3.550781250000000000e+00
4.667968750000000000e+00
3.585937500000000000e+00
3.087890625000000000e+00
2.960937500000000000e+00
1.624755859375000000e-01
-2.662109375000000000e+00
-2.164062500000000000e+00
-1.685546875000000000e+00
-2.083984375000000000e+00
-2.267578125000000000e+00
-2.246093750000000000e+00
-2.182617187500000000e-01
4.085937500000000000e+00
6.121093750000000000e+00
1.053710937500000000e+00
-3.804687500000000000e+00
-2.253906250000000000e+00
6.324218750000000000e+00
6.757812500000000000e+00
2.193359375000000000e+00
4.917968750000000000e+00
5.250000000000000000e+00
1.226562500000000000e+00
-1.524414062500000000e+00
-1.833984375000000000e+00
-2.109375000000000000e+00
-1.761718750000000000e+00
-6.889648437500000000e-01
-9.062500000000000000e-01
-1.558593750000000000e+00
-1.811523437500000000e+00
-1.577148437500000000e+00
-2.326171875000000000e+00
-2.183593750000000000e+00
2.154541015625000000e-01
2.068359375000000000e+00
2.923828125000000000e+00
2.500000000000000000e+00
2.546875000000000000e+00
3.234375000000000000e+00
3.195312500000000000e+00
1.788085937500000000e+00
-1.416015625000000000e+00
-3.011718750000000000e+00
-6.464843750000000000e+00
-7.781250000000000000e+00
-6.191406250000000000e+00
-5.386718750000000000e+00
-5.300781250000000000e+00
-6.597656250000000000e+00
-5.394531250000000000e+00
-4.003906250000000000e+00
8.735351562500000000e-01
4.722656250000000000e+00
2.423828125000000000e+00
-1.085937500000000000e+00
-7.050781250000000000e+00
-1.092187500000000000e+01
-5.898437500000000000e+00
-6.323242187500000000e-01
1.269531250000000000e+00
6.722656250000000000e+00
6.578125000000000000e+00
1.776367187500000000e+00
-1.949462890625000000e-01
3.105468750000000000e+00
3.421875000000000000e+00
-5.207031250000000000e+00
-1.378125000000000000e+01
-4.011718750000000000e+00
1.805664062500000000e+00
7.368164062500000000e-01
1.387695312500000000e+00
3.224609375000000000e+00
2.837890625000000000e+00
6.352539062500000000e-01
-2.982421875000000000e+00
-5.792968750000000000e+00
-5.000000000000000000e+00
-4.425781250000000000e+00
-4.671875000000000000e+00
-5.277343750000000000e+00
-6.015625000000000000e+00
-6.308593750000000000e+00
-6.355468750000000000e+00
-7.898437500000000000e+00
-5.343750000000000000e+00
-3.191406250000000000e+00
-2.181640625000000000e+00
-2.529296875000000000e+00
-1.741210937500000000e+00
-2.589843750000000000e+00
-3.304687500000000000e+00
-4.476562500000000000e+00
-4.343750000000000000e+00
-5.328125000000000000e+00
-5.074218750000000000e+00
-8.156250000000000000e+00
-7.539062500000000000e+00
-5.816406250000000000e+00
-5.031250000000000000e+00
-6.378906250000000000e+00
-6.714843750000000000e+00
-5.332031250000000000e+00
-5.218750000000000000e+00
-7.617187500000000000e+00
-5.343750000000000000e+00
-2.457031250000000000e+00
-6.694335937500000000e-01
4.650878906250000000e-01
2.298828125000000000e+00
3.443359375000000000e+00
3.917968750000000000e+00
3.609375000000000000e+00
2.837890625000000000e+00
-9.418945312500000000e-01
-2.300781250000000000e+00
-3.058593750000000000e+00
-8.398437500000000000e-01
-6.455078125000000000e-01
-1.500976562500000000e+00
-1.940429687500000000e+00
-3.769531250000000000e+00
-4.414062500000000000e+00
-5.011718750000000000e+00
-5.238281250000000000e+00
-3.333984375000000000e+00
-8.291015625000000000e-01
-1.956176757812500000e-02
1.177734375000000000e+00
8.676757812500000000e-01
1.523437500000000000e+00
2.224609375000000000e+00
3.875000000000000000e+00
4.253906250000000000e+00
5.906250000000000000e+00
6.171875000000000000e+00
6.601562500000000000e+00
5.578125000000000000e+00
6.136718750000000000e+00
4.511718750000000000e+00
2.958984375000000000e+00
-8.657226562500000000e-01
-2.570312500000000000e+00
-1.539062500000000000e+00
4.531250000000000000e-01
