-4.507812500000000000e+00
-6.826171875000000000e-01
1.935546875000000000e+00
3.474609375000000000e+00
3.220703125000000000e+00
8.828125000000000000e-01
-4.611816406250000000e-01
-2.394531250000000000e+00
-3.234375000000000000e+00
-1.996093750000000000e+00
-1.922851562500000000e+00
-2.361328125000000000e+00
-1.368164062500000000e+00
2.433593750000000000e+00
2.318359375000000000e+00
8.247070312500000000e-01
2.812500000000000000e-01
1.126953125000000000e+00
1.632812500000000000e+00
-4.282226562500000000e-01
-4.521484375000000000e-01
2.091796875000000000e+00
1.177734375000000000e+00
-1.853515625000000000e+00
-2.263671875000000000e+00
3.383789062500000000e-01
6.201171875000000000e-01
-4.400634765625000000e-02
2.235107421875000000e-01
1.208984375000000000e+00
1.434570312500000000e+00
2.179687500000000000e+00
2.089843750000000000e+00
2.308593750000000000e+00
2.125000000000000000e+00
1.328125000000000000e+00
3.662109375000000000e-01
9.184570312500000000e-01
2.138671875000000000e-01
2.253417968750000000e-01
1.729965209960937500e-03
1.083984375000000000e+00
1.732421875000000000e+00
3.476562500000000000e+00
3.841796875000000000e+00
2.626953125000000000e+00
3.406250000000000000e+00
4.640625000000000000e+00
3.533203125000000000e+00
2.773437500000000000e+00
2.550781250000000000e+00
3.861328125000000000e+00
3.308593750000000000e+00
2.679687500000000000e+00
2.250000000000000000e+00
2.796875000000000000e+00
2.906250000000000000e+00
1.297851562500000000e+00
1.136718750000000000e+00
-9.389648437500000000e-01
-5.488281250000000000e-01
-1.224609375000000000e+00
-5.507812500000000000e-01
-6.113281250000000000e-01
-1.520507812500000000e+00
-2.025390625000000000e+00
-1.466796875000000000e+00
-1.330078125000000000e+00
6.157226562500000000e-01
2.355468750000000000e+00
2.863281250000000000e+00
2.363281250000000000e+00
1.046875000000000000e+00
1.016601562500000000e+00
2.164062500000000000e+00
3.011718750000000000e+00
3.177734375000000000e+00
2.351562500000000000e+00
2.507812500000000000e+00
3.304687500000000000e+00
3.601562500000000000e+00
3.046875000000000000e+00
3.414062500000000000e+00
2.183593750000000000e+00
1.558593750000000000e+00
2.162109375000000000e+00
3.345703125000000000e+00
2.126953125000000000e+00
3.519531250000000000e+00
2.839843750000000000e+00
3.832031250000000000e+00
4.238281250000000000e+00
2.925781250000000000e+00
-1.362304687500000000e+00
-5.691406250000000000e+00
-1.235937500000000000e+01
-1.586718750000000000e+01
-1.578125000000000000e+01
-1.273437500000000000e+01
-1.198437500000000000e+01
-9.484375000000000000e+00
-7.234375000000000000e+00
-6.703125000000000000e+00
-8.687500000000000000e+00
-9.476562500000000000e+00
-7.734375000000000000e+00
-6.675781250000000000e+00
-7.175781250000000000e+00
-6.007812500000000000e+00
-6.640625000000000000e+00
-6.402343750000000000e+00
-7.687500000000000000e+00
-5.953125000000000000e+00
-4.378906250000000000e+00
-3.283203125000000000e+00
-3.927734375000000000e+00
-2.041015625000000000e+00
-7.797851562500000000e-01
1.759033203125000000e-01
7.263183593750000000e-02
5.283203125000000000e-01
-4.758300781250000000e-01
4.745483398437500000e-03
-2.462158203125000000e-01
3.349609375000000000e-01
-2.895507812500000000e-01
6.616210937500000000e-01
1.030273437500000000e+00
1.767578125000000000e+00
7.885742187500000000e-01
1.398437500000000000e+00
1.046875000000000000e+00
1.869140625000000000e+00
1.651367187500000000e+00
2.638671875000000000e+00
2.900390625000000000e+00
2.796875000000000000e+00
2.708984375000000000e+00
4.703125000000000000e+00
5.949218750000000000e+00
4.480468750000000000e+00
2.187500000000000000e+00
1.756835937500000000e+00
5.463867187500000000e-01
1.323242187500000000e+00
5.507812500000000000e-01
1.930664062500000000e+00
2.099609375000000000e+00
2.425781250000000000e+00
1.830078125000000000e+00
1.018554687500000000e+00
5.966796875000000000e-01
-5.786132812500000000e-01
-2.197265625000000000e+00
-3.751953125000000000e+00
-4.300781250000000000e+00
-3.300781250000000000e+00
-4.832031250000000000e+00
-5.183593750000000000e+00
-5.433593750000000000e+00
-3.853515625000000000e+00
-4.917968750000000000e+00
-6.156250000000000000e+00
-9.492187500000000000e+00
-7.996093750000000000e+00
-6.609375000000000000e+00
-5.929687500000000000e+00
-6.062500000000000000e+00
-5.136718750000000000e+00
-1.510742187500000000e+00
-4.580078125000000000e-01
2.685546875000000000e+00
2.892578125000000000e+00
2.333984375000000000e+00
2.220703125000000000e+00
1.014648437500000000e+00
4.079589843750000000e-01
-2.658203125000000000e+00
-6.542968750000000000e+00
-1.032812500000000000e+01
-9.906250000000000000e+00
-8.625000000000000000e+00
-7.992187500000000000e+00
-9.468750000000000000e+00
-9.101562500000000000e+00
-9.031250000000000000e+00
-9.203125000000000000e+00
-1.141406250000000000e+01
-9.773437500000000000e+00
-8.726562500000000000e+00
-8.031250000000000000e+00
-7.500000000000000000e+00
-6.687500000000000000e+00
-4.007812500000000000e+00
-4.175781250000000000e+00
-4.210937500000000000e+00
-3.251953125000000000e+00
-4.250488281250000000e-01
-4.843750000000000000e-01
-1.737060546875000000e-01
4.541015625000000000e-01
1.299804687500000000e+00
9.501953125000000000e-01
1.632812500000000000e+00
8.349609375000000000e-01
2.380859375000000000e+00
2.521484375000000000e+00
2.324218750000000000e+00
3.398437500000000000e+00
3.251953125000000000e+00
3.105468750000000000e+00
1.534179687500000000e+00
-3.947753906250000000e-01
-4.308593750000000000e+00
-6.152343750000000000e+00
-8.531250000000000000e+00
-7.585937500000000000e+00
-7.816406250000000000e+00
-8.359375000000000000e+00
-6.855468750000000000e+00
-1.713867187500000000e+00
2.974609375000000000e+00
3.796875000000000000e+00
2.783203125000000000e+00
2.503906250000000000e+00
4.553222656250000000e-01
-1.226562500000000000e+00
-4.246093750000000000e+00
-5.757812500000000000e+00
-6.714843750000000000e+00
-7.226562500000000000e+00
-6.746093750000000000e+00
-5.031250000000000000e+00
-4.039062500000000000e+00
-5.164062500000000000e+00
-7.957031250000000000e+00
-7.664062500000000000e+00
-7.871093750000000000e+00
-5.632812500000000000e+00
-4.953125000000000000e+00
-2.869140625000000000e+00
-2.757812500000000000e+00
-4.207031250000000000e+00
-6.226562500000000000e+00
-6.218750000000000000e+00
-5.246093750000000000e+00
-4.949218750000000000e+00
-5.828125000000000000e+00
-4.242187500000000000e+00
-1.752929687500000000e+00
-1.436523437500000000e+00
-1.405273437500000000e+00
-7.646484375000000000e-01
7.963867187500000000e-01
1.375000000000000000e+00
3.439453125000000000e+00
2.019531250000000000e+00
1.694335937500000000e+00
1.199218750000000000e+00
2.000732421875000000e-01
-6.772460937500000000e-01
1.300781250000000000e+00
1.816406250000000000e+00
4.281250000000000000e+00
2.703125000000000000e+00
2.880859375000000000e+00
2.250000000000000000e+00
2.257812500000000000e+00
1.391601562500000000e+00
8.535156250000000000e-01
-3.540039062500000000e-01
-8.833007812500000000e-01
5.029296875000000000e-01
2.458984375000000000e+00
4.250000000000000000e+00
8.031250000000000000e+00
8.265625000000000000e+00
8.492187500000000000e+00
1.177343750000000000e+01
1.166406250000000000e+01
7.738281250000000000e+00
5.523437500000000000e+00
4.289062500000000000e+00
4.199218750000000000e+00
4.585937500000000000e+00
3.947265625000000000e+00
3.423828125000000000e+00
1.212890625000000000e+00
7.578125000000000000e-01
2.229003906250000000e-01
-2.714843750000000000e-01
-4.443359375000000000e-01
-3.007812500000000000e-01
5.800781250000000000e-01
1.083007812500000000e+00
1.196289062500000000e+00
6.750488281250000000e-02
-1.438476562500000000e+00
-2.263671875000000000e+00
-2.423828125000000000e+00
-2.134765625000000000e+00
-2.033203125000000000e+00
-3.632812500000000000e+00
-3.232421875000000000e+00
-2.707031250000000000e+00
-8.129882812500000000e-01
1.140625000000000000e+00
2.042968750000000000e+00
2.068359375000000000e+00
1.943359375000000000e+00
1.115234375000000000e+00
-8.603515625000000000e-01
-5.675781250000000000e+00
-6.835937500000000000e+00
-6.113281250000000000e+00
-2.404296875000000000e+00
4.492187500000000000e-02
9.199218750000000000e-01
2.921875000000000000e+00
4.851562500000000000e+00
4.382812500000000000e+00
2.322265625000000000e+00
-1.261718750000000000e+00
-1.308593750000000000e+00
-1.000976562500000000e+00
4.104003906250000000e-01
-3.801269531250000000e-01
1.465820312500000000e+00
2.435546875000000000e+00
7.622070312500000000e-01
3.265380859375000000e-02
3.056640625000000000e+00
3.406250000000000000e+00
2.095703125000000000e+00
7.729492187500000000e-01
2.474609375000000000e+00
3.822265625000000000e+00
-1.722656250000000000e+00
-1.376953125000000000e+00
3.333984375000000000e+00
3.890625000000000000e+00
4.291992187500000000e-01
-2.464843750000000000e+00
-5.144531250000000000e+00
-8.023437500000000000e+00
-1.205468750000000000e+01
-7.597656250000000000e+00
-4.988281250000000000e+00
-1.007031250000000000e+01
-9.859375000000000000e+00
-1.114843750000000000e+01
-1.100000000000000000e+01
-1.418750000000000000e+01
-1.160156250000000000e+01
-1.161718750000000000e+01
-1.210156250000000000e+01
-1.162500000000000000e+01
-1.100781250000000000e+01
-1.164062500000000000e+01
-1.191406250000000000e+01
-1.160156250000000000e+01
-1.078125000000000000e+01
-1.213281250000000000e+01
-1.192968750000000000e+01
-9.531250000000000000e+00
-8.273437500000000000e+00
-8.070312500000000000e+00
-6.332031250000000000e+00
-4.382812500000000000e+00
-1.984375000000000000e+00
6.655273437500000000e-01
2.519531250000000000e+00
4.789062500000000000e+00
5.300781250000000000e+00
5.867187500000000000e+00
4.960937500000000000e+00
5.984375000000000000e+00
5.925781250000000000e+00
5.992187500000000000e+00
3.753906250000000000e+00
1.720703125000000000e+00
9.321289062500000000e-01
9.580078125000000000e-01
3.491210937500000000e-01
-1.092773437500000000e+00
-2.767578125000000000e+00
-5.343750000000000000e+00
-7.789062500000000000e+00
-9.289062500000000000e+00
-9.312500000000000000e+00
-9.835937500000000000e+00
-9.617187500000000000e+00
-8.867187500000000000e+00
-7.871093750000000000e+00
-6.781250000000000000e+00
-3.898437500000000000e+00
-1.626953125000000000e+00
-1.489257812500000000e+00
-1.375976562500000000e+00
-9.580078125000000000e-01
2.121582031250000000e-01
7.622070312500000000e-01
7.607421875000000000e-01
-3.735351562500000000e-01
-1.108398437500000000e+00
-7.983398437500000000e-01
2.236328125000000000e-01
1.964843750000000000e+00
4.687500000000000000e+00
4.046875000000000000e+00
3.806640625000000000e+00
4.414062500000000000e+00
4.855468750000000000e+00
5.179687500000000000e+00
4.242187500000000000e+00
2.791015625000000000e+00
3.503906250000000000e+00
3.720703125000000000e+00
3.121093750000000000e+00
9.584960937500000000e-01
-2.898437500000000000e+00
-6.406250000000000000e+00
-9.257812500000000000e+00
-1.004687500000000000e+01
-1.160156250000000000e+01
-1.290625000000000000e+01
-1.315625000000000000e+01
-1.069531250000000000e+01
-9.367187500000000000e+00
-7.847656250000000000e+00
-6.148437500000000000e+00
-2.531250000000000000e+00
-3.920898437500000000e-01
8.378906250000000000e-01
1.039062500000000000e+00
7.993164062500000000e-01
-1.271484375000000000e+00
-2.900390625000000000e+00
-5.046875000000000000e+00
-5.210937500000000000e+00
-5.835937500000000000e+00
-6.132812500000000000e+00
-6.148437500000000000e+00
-5.953125000000000000e+00
-4.437500000000000000e+00
-1.934570312500000000e+00
7.036132812500000000e-01
4.453125000000000000e+00
4.203125000000000000e+00
3.111328125000000000e+00
2.535156250000000000e+00
1.270507812500000000e+00
-2.906250000000000000e+00
-5.246093750000000000e+00
-6.613281250000000000e+00
-6.464843750000000000e+00
-4.933593750000000000e+00
-1.666015625000000000e+00
2.792968750000000000e-01
2.962890625000000000e+00
3.263671875000000000e+00
4.835937500000000000e+00
7.105468750000000000e+00
6.433593750000000000e+00
4.765625000000000000e+00
4.292968750000000000e+00
1.289062500000000000e+00
2.507324218750000000e-01
6.997070312500000000e-01
-2.175781250000000000e+00
-5.437500000000000000e+00
-2.507812500000000000e+00
-6.503906250000000000e-01
-1.943359375000000000e+00
-4.550781250000000000e+00
-7.328125000000000000e+00
-8.703125000000000000e+00
-9.210937500000000000e+00
-1.023437500000000000e+01
-1.145312500000000000e+01
-1.059375000000000000e+01
-7.937500000000000000e+00
-5.312500000000000000e+00
-8.315429687500000000e-01
1.505859375000000000e+00
9.697265625000000000e-01
-6.300781250000000000e+00
-1.020312500000000000e+01
-9.796875000000000000e+00
1.416992187500000000e+00
1.431250000000000000e+01
1.209375000000000000e+01
4.609375000000000000e+00
2.797851562500000000e-01
-4.468750000000000000e+00
-8.906250000000000000e+00
-7.609375000000000000e+00
-6.097656250000000000e+00
-4.398437500000000000e+00
-1.659179687500000000e+00
-2.878906250000000000e+00
-4.527343750000000000e+00
-4.292968750000000000e+00
-4.011718750000000000e+00
-2.880859375000000000e+00
-2.761718750000000000e+00
-3.375000000000000000e+00
-3.929687500000000000e+00
-5.183593750000000000e+00
-6.570312500000000000e+00
-8.773437500000000000e+00
-1.018750000000000000e+01
-1.327343750000000000e+01
-1.187500000000000000e+01
-9.515625000000000000e+00
-9.445312500000000000e+00
-8.476562500000000000e+00
-7.609375000000000000e+00
-3.574218750000000000e+00
1.805664062500000000e+00
3.074218750000000000e+00
4.218750000000000000e+00
2.914062500000000000e+00
3.476562500000000000e+00
2.275390625000000000e+00
-1.159179687500000000e+00
-7.921875000000000000e+00
-1.192187500000000000e+01
-1.163281250000000000e+01
-4.824218750000000000e+00
3.326171875000000000e+00
4.890625000000000000e+00
-3.185546875000000000e+00
-9.484375000000000000e+00
-1.260156250000000000e+01
-1.234375000000000000e+01
-9.726562500000000000e+00
-9.718750000000000000e+00
-8.898437500000000000e+00
-9.546875000000000000e+00
-1.245312500000000000e+01
-1.653125000000000000e+01
-1.384375000000000000e+01
-1.278906250000000000e+01
-1.126562500000000000e+01
-1.127343750000000000e+01
-1.310156250000000000e+01
-6.308593750000000000e+00
-5.382812500000000000e+00
-8.156250000000000000e+00
-1.039843750000000000e+01
-1.351562500000000000e+01
-1.216406250000000000e+01
-7.953125000000000000e+00
-5.898437500000000000e+00
-4.410156250000000000e+00
-4.789062500000000000e+00
-7.324218750000000000e+00
-6.976562500000000000e+00
7.592773437500000000e-01
8.812500000000000000e+00
1.050000000000000000e+01
1.009375000000000000e+01
9.335937500000000000e+00
7.449218750000000000e+00
2.099609375000000000e+00
-3.642578125000000000e+00
-5.027343750000000000e+00
-1.031250000000000000e+00
-1.610351562500000000e+00
-3.582031250000000000e+00
-5.011718750000000000e+00
-4.578125000000000000e+00
-3.667968750000000000e+00
-3.279296875000000000e+00
-3.644531250000000000e+00
-6.355468750000000000e+00
-8.976562500000000000e+00
-1.163281250000000000e+01
-1.244531250000000000e+01
-1.083593750000000000e+01
-1.044531250000000000e+01
-9.445312500000000000e+00
-9.484375000000000000e+00
-5.820312500000000000e+00
-1.391601562500000000e+00
1.134765625000000000e+00
2.792968750000000000e+00
3.119140625000000000e+00
2.511718750000000000e+00
2.685546875000000000e+00
4.601562500000000000e+00
6.007812500000000000e+00
8.140625000000000000e+00
8.335937500000000000e+00
8.765625000000000000e+00
6.843750000000000000e+00
5.972656250000000000e+00
6.937500000000000000e+00
5.648437500000000000e+00
4.925781250000000000e+00
8.773437500000000000e+00
8.867187500000000000e+00
7.242187500000000000e+00
4.664062500000000000e+00
5.976562500000000000e-01
5.292968750000000000e+00
3.994140625000000000e+00
1.439208984375000000e-01
-1.270507812500000000e+00
2.021484375000000000e+00
5.175781250000000000e+00
5.191406250000000000e+00
5.253906250000000000e+00
6.308593750000000000e+00
7.343750000000000000e+00
1.092187500000000000e+01
1.188281250000000000e+01
6.984375000000000000e+00
4.546875000000000000e+00
2.199218750000000000e+00
2.289062500000000000e+00
4.425781250000000000e+00
4.859375000000000000e+00
5.679687500000000000e+00
6.550781250000000000e+00
4.062500000000000000e+00
1.122070312500000000e+00
1.174804687500000000e+00
1.929687500000000000e+00
4.035644531250000000e-01
-5.800781250000000000e-01
-2.482421875000000000e+00
-2.976562500000000000e+00
-5.097656250000000000e+00
-5.093750000000000000e+00
-5.671875000000000000e+00
-4.820312500000000000e+00
-4.964843750000000000e+00
-4.738281250000000000e+00
-5.167968750000000000e+00
-5.394531250000000000e+00
-6.179687500000000000e+00
-7.406250000000000000e+00
-8.023437500000000000e+00
-7.789062500000000000e+00
-7.992187500000000000e+00
-7.871093750000000000e+00
-3.960937500000000000e+00
-3.339843750000000000e+00
-6.367187500000000000e+00
-7.953125000000000000e+00
-9.937500000000000000e+00
-1.282812500000000000e+01
-1.398437500000000000e+01
-1.277343750000000000e+01
-1.154687500000000000e+01
-9.656250000000000000e+00
-9.500000000000000000e+00
-1.106250000000000000e+01
-1.110156250000000000e+01
-1.082812500000000000e+01
-1.230468750000000000e+01
-1.250781250000000000e+01
-1.388281250000000000e+01
-1.551562500000000000e+01
-1.494531250000000000e+01
-1.553125000000000000e+01
-1.542968750000000000e+01
-1.925000000000000000e+01
-2.009375000000000000e+01
-1.634375000000000000e+01
-7.636718750000000000e+00
-6.328125000000000000e-01
3.123046875000000000e+00
2.701171875000000000e+00
3.609375000000000000e+00
1.680908203125000000e-01
-6.230468750000000000e-01
3.318359375000000000e+00
-3.942871093750000000e-01
-8.257812500000000000e+00
-9.070312500000000000e+00
-8.664062500000000000e+00
-7.222656250000000000e+00
-2.230468750000000000e+00
4.414062500000000000e-01
7.382812500000000000e+00
1.037500000000000000e+01
6.796875000000000000e+00
1.480468750000000000e+00
1.195312500000000000e+00
1.528320312500000000e+00
3.871093750000000000e+00
4.917968750000000000e+00
1.921875000000000000e+00
4.531250000000000000e+00
2.841796875000000000e+00
1.183593750000000000e+00
1.126562500000000000e+01
1.650000000000000000e+01
1.515625000000000000e+01
1.219531250000000000e+01
5.523437500000000000e+00
-5.308593750000000000e+00
1.792968750000000000e+00
1.378906250000000000e+01
1.552343750000000000e+01
1.009375000000000000e+01
-1.109375000000000000e+00
-2.105468750000000000e+00
2.427734375000000000e+00
1.128906250000000000e+00
-5.073242187500000000e-01
-1.362304687500000000e+00
-2.576171875000000000e+00
-4.562500000000000000e+00
-4.382812500000000000e+00
-5.843750000000000000e+00
-7.488281250000000000e+00
-9.546875000000000000e+00
-8.937500000000000000e+00
-7.468750000000000000e+00
-4.808593750000000000e+00
-2.191406250000000000e+00
-1.544921875000000000e+00
-1.082031250000000000e+00
-1.338867187500000000e+00
-1.438476562500000000e+00
-7.333984375000000000e-01
-1.083984375000000000e-01
1.058593750000000000e+00
2.617187500000000000e+00
4.445312500000000000e+00
4.566406250000000000e+00
4.714843750000000000e+00
4.460937500000000000e+00
4.449218750000000000e+00
4.003906250000000000e+00
3.236328125000000000e+00
6.293945312500000000e-01
-9.946289062500000000e-01
-2.136718750000000000e+00
-2.408203125000000000e+00
-2.289062500000000000e+00
-2.230468750000000000e+00
-2.667968750000000000e+00
-2.126953125000000000e+00
-3.466796875000000000e+00
-2.207031250000000000e+00
-2.279296875000000000e+00
2.820312500000000000e+00
1.149218750000000000e+01
7.164062500000000000e+00
8.476562500000000000e+00
1.228125000000000000e+01
1.301562500000000000e+01
1.285937500000000000e+01
1.171875000000000000e+01
8.515625000000000000e+00
6.503906250000000000e+00
4.199218750000000000e+00
1.676757812500000000e+00
1.470703125000000000e+00
6.284179687500000000e-01
-1.114257812500000000e+00
-1.034179687500000000e+00
3.123046875000000000e+00
5.777343750000000000e+00
3.583984375000000000e+00
-1.939453125000000000e+00
-6.300781250000000000e+00
-1.956054687500000000e+00
5.808593750000000000e+00
8.281250000000000000e+00
6.136718750000000000e+00
3.533203125000000000e+00
6.242187500000000000e+00
7.894531250000000000e+00
7.250000000000000000e+00
3.341796875000000000e+00
-1.619140625000000000e+00
-9.304687500000000000e+00
-1.261718750000000000e+01
-1.055468750000000000e+01
-1.131250000000000000e+01
-1.007031250000000000e+01
-6.121093750000000000e+00
-3.421875000000000000e+00
-3.177734375000000000e+00
-1.474609375000000000e-01
7.500000000000000000e-01
-5.625000000000000000e-01
-3.447265625000000000e+00
-3.556640625000000000e+00
-4.960937500000000000e-01
4.406250000000000000e+00
1.224218750000000000e+01
1.100000000000000000e+01
5.414062500000000000e+00
-1.644531250000000000e+00
-3.574218750000000000e+00
5.195312500000000000e-01
8.671875000000000000e+00
1.156250000000000000e+01
1.122656250000000000e+01
8.273437500000000000e+00
4.152343750000000000e+00
1.062500000000000000e+00
-7.709960937500000000e-01
-1.358398437500000000e+00
-2.761718750000000000e+00
-2.621093750000000000e+00
-3.050781250000000000e+00
-3.373046875000000000e+00
-5.277343750000000000e+00
-7.449218750000000000e+00
-9.812500000000000000e+00
-7.597656250000000000e+00
1.053710937500000000e+00
6.430664062500000000e-01
-4.121093750000000000e+00
-7.718750000000000000e+00
-8.531250000000000000e+00
-5.226562500000000000e+00
-2.156250000000000000e+00
1.167602539062500000e-01
-2.771484375000000000e+00
-5.890625000000000000e+00
-6.621093750000000000e+00
-9.257812500000000000e+00
-1.426562500000000000e+01
-1.394531250000000000e+01
-1.292187500000000000e+01
-1.556250000000000000e+01
-1.178125000000000000e+01
-8.304687500000000000e+00
-5.605468750000000000e+00
-3.136718750000000000e+00
-5.273437500000000000e-01
4.714965820312500000e-02
8.745117187500000000e-01
1.222656250000000000e+00
1.395507812500000000e+00
1.392578125000000000e+00
5.434570312500000000e-01
-8.813476562500000000e-02
7.192382812500000000e-01
3.193359375000000000e+00
5.570312500000000000e+00
7.355468750000000000e+00
5.136718750000000000e+00
4.367187500000000000e+00
4.015625000000000000e+00
1.705078125000000000e+00
-9.609375000000000000e-01
-2.464843750000000000e+00
-4.015625000000000000e+00
-3.246093750000000000e+00
-3.503906250000000000e+00
-3.880859375000000000e+00
-4.019531250000000000e+00
-2.984375000000000000e+00
-2.824218750000000000e+00
-3.648437500000000000e+00
-5.566406250000000000e+00
-6.488281250000000000e+00
-6.144531250000000000e+00
-4.183593750000000000e+00
-1.782226562500000000e+00
-2.703125000000000000e+00
-5.667968750000000000e+00
-9.242187500000000000e+00
-1.162500000000000000e+01
-7.558593750000000000e+00
2.632812500000000000e+00
3.699218750000000000e+00
1.771240234375000000e-01
-3.167968750000000000e+00
-3.271484375000000000e+00
2.041015625000000000e+00
3.158203125000000000e+00
2.589843750000000000e+00
1.686523437500000000e+00
-2.445068359375000000e-01
1.175781250000000000e+00
3.449218750000000000e+00
6.914062500000000000e+00
9.062500000000000000e+00
9.984375000000000000e+00
6.925781250000000000e+00
5.429687500000000000e+00
5.531250000000000000e+00
5.535156250000000000e+00
4.480468750000000000e+00
4.648437500000000000e+00
4.546875000000000000e+00
7.425781250000000000e+00
6.953125000000000000e+00
5.750000000000000000e+00
5.484375000000000000e+00
8.250000000000000000e+00
8.015625000000000000e+00
7.934570312500000000e-01
2.888671875000000000e+00
9.984375000000000000e+00
1.159375000000000000e+01
9.226562500000000000e+00
9.687500000000000000e+00
9.554687500000000000e+00
9.468750000000000000e+00
9.367187500000000000e+00
7.882812500000000000e+00
6.722656250000000000e+00
6.957031250000000000e+00
4.378906250000000000e+00
6.636718750000000000e+00
9.406250000000000000e+00
1.369531250000000000e+01
1.486718750000000000e+01
1.456250000000000000e+01
1.085156250000000000e+01
7.429687500000000000e+00
3.109375000000000000e+00
8.588867187500000000e-01
-8.544921875000000000e-01
-3.735351562500000000e-01
-5.214843750000000000e-01
1.015625000000000000e+00
4.187500000000000000e+00
5.457031250000000000e+00
5.246093750000000000e+00
6.488281250000000000e+00
1.143750000000000000e+01
1.240625000000000000e+01
5.371093750000000000e+00
-3.833984375000000000e+00
-1.008593750000000000e+01
-8.562500000000000000e+00
-6.824218750000000000e+00
-3.878906250000000000e+00
-1.988281250000000000e+00
5.566406250000000000e-01
-1.139648437500000000e+00
-3.494140625000000000e+00
-3.503906250000000000e+00
-1.247070312500000000e+00
-1.378906250000000000e+00
-2.054687500000000000e+00
-2.726562500000000000e+00
-3.101562500000000000e+00
-2.439453125000000000e+00
-1.502929687500000000e+00
-1.538085937500000000e+00
1.367187500000000000e+00
5.023437500000000000e+00
8.914062500000000000e+00
8.000000000000000000e+00
6.074218750000000000e+00
9.453125000000000000e+00
1.009375000000000000e+01
9.812500000000000000e+00
9.742187500000000000e+00
9.585937500000000000e+00
9.429687500000000000e+00
9.140625000000000000e+00
9.859375000000000000e+00
1.214062500000000000e+01
1.293750000000000000e+01
1.401562500000000000e+01
1.348437500000000000e+01
1.053125000000000000e+01
5.558593750000000000e+00
7.773437500000000000e+00
3.246093750000000000e+00
6.121093750000000000e+00
6.742187500000000000e+00
9.273437500000000000e+00
1.292968750000000000e+01
1.397656250000000000e+01
1.004687500000000000e+01
7.015625000000000000e+00
2.167968750000000000e-01
-4.925781250000000000e+00
-6.886718750000000000e+00
-1.185937500000000000e+01
-6.402343750000000000e+00
-6.179687500000000000e+00
-2.236328125000000000e+00
2.423828125000000000e+00
3.626953125000000000e+00
6.652343750000000000e+00
9.023437500000000000e+00
1.258593750000000000e+01
1.203125000000000000e+01
7.316406250000000000e+00
4.023437500000000000e+00
3.843750000000000000e+00
3.871093750000000000e+00
2.228515625000000000e+00
9.741210937500000000e-01
-1.500000000000000000e+00
-4.726562500000000000e+00
-8.468750000000000000e+00
-1.020312500000000000e+01
-4.171875000000000000e+00
-1.526367187500000000e+00
-5.929687500000000000e+00
-1.097656250000000000e+01
-1.352343750000000000e+01
-1.419531250000000000e+01
-1.238281250000000000e+01
-8.781250000000000000e+00
-5.628906250000000000e+00
-3.126953125000000000e+00
-1.896484375000000000e+00
-1.690429687500000000e+00
-2.609375000000000000e+00
-4.093750000000000000e+00
-5.023437500000000000e+00
-4.535156250000000000e+00
-3.468750000000000000e+00
-2.765625000000000000e+00
-2.498046875000000000e+00
-1.855468750000000000e+00
1.511230468750000000e-01
1.063476562500000000e+00
3.150390625000000000e+00
5.800781250000000000e+00
6.394531250000000000e+00
4.894531250000000000e+00
-2.242431640625000000e-01
-3.747558593750000000e-01
2.416015625000000000e+00
2.779296875000000000e+00
4.968750000000000000e+00
3.910156250000000000e+00
-3.951171875000000000e+00
-1.293750000000000000e+01
-1.544531250000000000e+01
-9.632812500000000000e+00
-8.500000000000000000e+00
-1.380859375000000000e+00
4.808593750000000000e+00
5.523437500000000000e+00
-6.962890625000000000e-01
-1.106250000000000000e+01
-1.673437500000000000e+01
-1.632812500000000000e+01
-1.207812500000000000e+01
-7.914062500000000000e+00
-1.657226562500000000e+00
-1.083007812500000000e+00
-4.370117187500000000e-01
-4.578125000000000000e+00
-1.261718750000000000e+01
-1.428125000000000000e+01
-9.062500000000000000e+00
-6.523437500000000000e+00
-3.988281250000000000e+00
-2.380859375000000000e+00
-3.982421875000000000e+00
-3.064453125000000000e+00
1.276367187500000000e+00
4.632812500000000000e+00
2.089843750000000000e+00
1.851562500000000000e+00
-1.437500000000000000e+00
-3.103027343750000000e-01
2.429199218750000000e-01
3.601562500000000000e+00
6.500000000000000000e+00
6.238281250000000000e+00
5.371093750000000000e+00
5.156250000000000000e+00
5.351562500000000000e+00
3.779296875000000000e+00
1.708984375000000000e+00
-2.714843750000000000e+00
-7.738281250000000000e+00
-1.334375000000000000e+01
-1.302343750000000000e+01
-5.367187500000000000e+00
3.154296875000000000e+00
7.719726562500000000e-01
1.167968750000000000e+00
3.283203125000000000e+00
4.203125000000000000e+00
-1.145507812500000000e+00
-1.301757812500000000e+00
3.371582031250000000e-01
9.653320312500000000e-01
5.011718750000000000e+00
5.484375000000000000e+00
-2.171875000000000000e+00
-1.113281250000000000e+01
-1.170312500000000000e+01
-8.195312500000000000e+00
-1.257812500000000000e+00
5.691406250000000000e+00
3.998046875000000000e+00
-8.492187500000000000e+00
-8.062500000000000000e+00
3.074218750000000000e+00
8.664062500000000000e+00
9.273437500000000000e+00
8.226562500000000000e+00
7.289062500000000000e+00
5.621093750000000000e+00
1.359375000000000000e+00
2.441406250000000000e+00
3.328125000000000000e+00
-2.298828125000000000e+00
-8.140625000000000000e+00
-7.312500000000000000e+00
-2.898437500000000000e+00
3.269531250000000000e+00
6.492187500000000000e+00
8.164062500000000000e+00
6.464843750000000000e+00
2.691406250000000000e+00
1.777343750000000000e+00
7.939453125000000000e-01
-2.496093750000000000e+00
-6.886718750000000000e+00
-1.074218750000000000e+01
-1.150000000000000000e+01
-6.847656250000000000e+00
7.822265625000000000e-01
9.921875000000000000e+00
6.324218750000000000e+00
5.097656250000000000e+00
1.299804687500000000e+00
-7.546875000000000000e+00
-1.571093750000000000e+01
-1.618750000000000000e+01
-9.906250000000000000e+00
-8.679687500000000000e+00
-1.040625000000000000e+01
-7.578125000000000000e+00
-7.078125000000000000e+00
-7.484375000000000000e+00
-2.824218750000000000e+00
4.335937500000000000e+00
7.250000000000000000e+00
5.109375000000000000e+00
1.324218750000000000e+00
-3.650390625000000000e+00
-3.121093750000000000e+00
-4.382812500000000000e+00
-2.523437500000000000e+00
-3.415527343750000000e-01
1.222656250000000000e+00
1.079101562500000000e+00
4.406738281250000000e-01
-4.428710937500000000e-01
-8.242187500000000000e+00
-8.078125000000000000e+00
-6.902343750000000000e+00
-6.117187500000000000e+00
-2.712890625000000000e+00
8.525390625000000000e-01
3.257812500000000000e+00
6.546875000000000000e+00
8.156250000000000000e+00
7.273437500000000000e+00
4.644531250000000000e+00
2.169921875000000000e+00
-1.475585937500000000e+00
-3.451171875000000000e+00
-5.042968750000000000e+00
-6.035156250000000000e+00
-2.996093750000000000e+00
7.045898437500000000e-01
3.121093750000000000e+00
5.113281250000000000e+00
5.390625000000000000e+00
4.812500000000000000e+00
3.662109375000000000e+00
4.050781250000000000e+00
2.279296875000000000e+00
3.576171875000000000e+00
4.074218750000000000e+00
3.376953125000000000e+00
1.412109375000000000e+00
-3.244140625000000000e+00
-7.351562500000000000e+00
-9.632812500000000000e+00
-5.531250000000000000e+00
-1.532226562500000000e+00
2.291015625000000000e+00
4.710937500000000000e+00
5.492187500000000000e+00
6.550781250000000000e+00
9.453125000000000000e+00
9.937500000000000000e+00
3.503906250000000000e+00
-3.142578125000000000e+00
-7.574218750000000000e+00
-4.457031250000000000e+00
-4.101562500000000000e+00
-4.421875000000000000e+00
-5.789062500000000000e+00
-5.878906250000000000e+00
-3.994140625000000000e+00
1.791992187500000000e+00
3.513671875000000000e+00
8.491210937500000000e-01
-5.792968750000000000e+00
-5.531250000000000000e+00
-5.421875000000000000e+00
-6.488281250000000000e+00
-4.699218750000000000e+00
-4.644531250000000000e+00
-6.878906250000000000e+00
-8.148437500000000000e+00
-6.542968750000000000e+00
-1.441406250000000000e+00
2.484375000000000000e+00
5.144531250000000000e+00
4.816406250000000000e+00
1.570312500000000000e+00
-2.431640625000000000e+00
-7.453125000000000000e+00
-5.871093750000000000e+00
6.445312500000000000e-01
2.353515625000000000e+00
3.382812500000000000e+00
3.953125000000000000e+00
2.765625000000000000e+00
2.466796875000000000e+00
2.642578125000000000e+00
4.160156250000000000e+00
5.867187500000000000e+00
6.468750000000000000e+00
9.351562500000000000e+00
9.664062500000000000e+00
7.027343750000000000e+00
4.621093750000000000e+00
1.970703125000000000e+00
-1.830078125000000000e+00
-2.623046875000000000e+00
-4.018554687500000000e-01
1.904296875000000000e+00
6.371093750000000000e+00
7.488281250000000000e+00
5.394531250000000000e+00
1.197265625000000000e+00
-2.062988281250000000e-02
5.893554687500000000e-01
-9.588623046875000000e-02
1.202148437500000000e+00
1.544921875000000000e+00
8.344726562500000000e-01
-1.525390625000000000e+00
-3.173828125000000000e+00
-4.843750000000000000e+00
-6.535156250000000000e+00
-6.187500000000000000e+00
-4.378906250000000000e+00
-5.011718750000000000e+00
-8.312500000000000000e+00
-1.340625000000000000e+01
-1.890625000000000000e+01
-1.998437500000000000e+01
-1.901562500000000000e+01
-1.563281250000000000e+01
-9.023437500000000000e+00
-3.767578125000000000e+00
-5.476562500000000000e+00
-5.992187500000000000e+00
-6.226562500000000000e+00
-5.562500000000000000e+00
-4.390625000000000000e+00
-4.089843750000000000e+00
-5.718750000000000000e+00
-6.343750000000000000e+00
-6.835937500000000000e+00
-6.796875000000000000e+00
-4.289062500000000000e+00
-3.267578125000000000e+00
-9.072265625000000000e-01
-2.878906250000000000e+00
-5.171875000000000000e+00
-5.062500000000000000e+00
-3.664062500000000000e+00
-2.486328125000000000e+00
-5.932617187500000000e-01
1.017578125000000000e+00
3.408203125000000000e+00
2.621093750000000000e+00
6.962890625000000000e-01
-1.409179687500000000e+00
-3.798828125000000000e+00
-6.578125000000000000e+00
-7.898437500000000000e+00
-8.289062500000000000e+00
-5.675781250000000000e+00
-5.183593750000000000e+00
-5.007812500000000000e+00
-4.714843750000000000e+00
-3.373046875000000000e+00
-3.712890625000000000e+00
-3.876953125000000000e+00
-1.449218750000000000e+00
2.044921875000000000e+00
2.853515625000000000e+00
2.927734375000000000e+00
4.015625000000000000e+00
3.960937500000000000e+00
3.886718750000000000e+00
4.285156250000000000e+00
3.712890625000000000e+00
4.480468750000000000e+00
2.646484375000000000e+00
-1.433593750000000000e+00
-2.390625000000000000e+00
1.485351562500000000e+00
3.480468750000000000e+00
5.792968750000000000e+00
6.675781250000000000e+00
3.480468750000000000e+00
-1.723632812500000000e+00
-8.212890625000000000e-01
4.222656250000000000e+00
4.218750000000000000e+00
2.556640625000000000e+00
-4.384765625000000000e-01
-3.933593750000000000e+00
-4.539062500000000000e+00
-3.492187500000000000e+00
-3.748046875000000000e+00
-3.720703125000000000e+00
-4.824218750000000000e+00
-4.679687500000000000e+00
-6.101562500000000000e+00
-4.511718750000000000e+00
-3.238281250000000000e+00
-3.341796875000000000e+00
-3.896484375000000000e+00
-4.347656250000000000e+00
-2.882812500000000000e+00
-3.564453125000000000e+00
-2.904296875000000000e+00
-3.228515625000000000e+00
-1.989257812500000000e+00
-3.015625000000000000e+00
-1.967773437500000000e+00
-3.921875000000000000e+00
-1.000976562500000000e+00
-2.814453125000000000e+00
-2.423828125000000000e+00
-2.640625000000000000e+00
4.018554687500000000e-01
9.995117187500000000e-01
8.891601562500000000e-01
5.078125000000000000e-01
5.273437500000000000e-01
8.605957031250000000e-02
-1.349609375000000000e+00
-7.128906250000000000e-01
1.662109375000000000e+00
2.914062500000000000e+00
3.845703125000000000e+00
1.467773437500000000e+00
-8.850097656250000000e-02
-1.187500000000000000e+00
-2.300781250000000000e+00
-3.091796875000000000e+00
-2.623046875000000000e+00
-4.167968750000000000e+00
-5.386718750000000000e+00
-4.718750000000000000e+00
-7.739257812500000000e-01
6.872558593750000000e-02
2.466796875000000000e+00
3.445312500000000000e+00
4.664062500000000000e+00
4.164062500000000000e+00
4.992187500000000000e+00
1.676757812500000000e+00
-4.652343750000000000e+00
-3.638671875000000000e+00
-3.529296875000000000e+00
-6.800781250000000000e+00
-8.992187500000000000e+00
-8.484375000000000000e+00
-8.351562500000000000e+00
-5.324218750000000000e+00
-6.772460937500000000e-01
3.371582031250000000e-01
4.448242187500000000e-01
3.912109375000000000e+00
6.218750000000000000e+00
5.496093750000000000e+00
3.968750000000000000e+00
2.693359375000000000e+00
3.191406250000000000e+00
1.824218750000000000e+00
7.138671875000000000e-01
-1.480712890625000000e-01
3.745117187500000000e-01
5.317382812500000000e-01
8.349609375000000000e-01
9.136962890625000000e-02
1.554687500000000000e+00
1.796875000000000000e+00
2.128906250000000000e+00
1.224609375000000000e+00
1.653320312500000000e+00
5.229492187500000000e-01
-6.982421875000000000e-01
5.590820312500000000e-01
1.275390625000000000e+00
-2.604980468750000000e-01
-1.239257812500000000e+00
-3.595703125000000000e+00
-2.750000000000000000e+00
-3.566406250000000000e+00
-4.074218750000000000e+00
-3.951171875000000000e+00
-1.831054687500000000e+00
-2.244140625000000000e+00
-4.136718750000000000e+00
-4.851562500000000000e+00
-3.771484375000000000e+00
-3.667968750000000000e+00
-4.445312500000000000e+00
-3.181640625000000000e+00
-1.480468750000000000e+00
-1.022460937500000000e+00
5.126953125000000000e-01
2.443847656250000000e-01
1.436523437500000000e+00
1.090820312500000000e+00
1.323242187500000000e+00
1.705932617187500000e-02
-8.095703125000000000e-01
-1.256835937500000000e+00
-1.452148437500000000e+00
-2.748046875000000000e+00
-1.948242187500000000e+00
-2.037109375000000000e+00
-3.414062500000000000e+00
-3.988281250000000000e+00
-2.912109375000000000e+00
-2.996093750000000000e+00
-3.798828125000000000e+00
-2.935546875000000000e+00
3.076171875000000000e-01
4.797363281250000000e-01
-4.989624023437500000e-02
-1.934814453125000000e-01
1.652343750000000000e+00
-2.456054687500000000e-01
-2.642578125000000000e+00
-3.511718750000000000e+00
-2.326171875000000000e+00
-2.626953125000000000e+00
-3.521484375000000000e+00
