4.191406250000000000e+00
1.210937500000000000e+00
-1.207031250000000000e+00
-6.964843750000000000e+00
-9.804687500000000000e+00
-1.107031250000000000e+01
-1.160156250000000000e+01
-1.618750000000000000e+01
-1.229687500000000000e+01
-8.359375000000000000e+00
-6.710937500000000000e+00
-7.101562500000000000e+00
-3.542968750000000000e+00
-2.101562500000000000e+00
1.232421875000000000e+00
5.820312500000000000e+00
3.138671875000000000e+00
1.533203125000000000e+00
8.416748046875000000e-02
-2.382812500000000000e+00
-4.812500000000000000e+00
-5.578125000000000000e+00
-8.117187500000000000e+00
-9.492187500000000000e+00
-9.054687500000000000e+00
-7.488281250000000000e+00
-6.464843750000000000e+00
-7.796875000000000000e+00
-6.121093750000000000e+00
-5.273437500000000000e+00
-1.085937500000000000e+00
8.579101562500000000e-01
-3.383789062500000000e-01
-2.496093750000000000e+00
-2.791015625000000000e+00
-1.910156250000000000e+00
-9.287109375000000000e-01
7.916259765625000000e-02
-7.768554687500000000e-01
-3.308593750000000000e+00
-5.250000000000000000e+00
-7.460937500000000000e+00
-1.029687500000000000e+01
-1.227343750000000000e+01
-9.804687500000000000e+00
-7.183593750000000000e+00
-4.117187500000000000e+00
6.074218750000000000e-01
3.021484375000000000e+00
4.273437500000000000e+00
2.949218750000000000e+00
2.574218750000000000e+00
-6.435546875000000000e-01
-3.476562500000000000e-01
-7.021484375000000000e-01
-1.428710937500000000e+00
-9.790039062500000000e-01
-2.262115478515625000e-03
-3.264160156250000000e-01
-1.765625000000000000e+00
-1.541992187500000000e+00
-2.880859375000000000e+00
-3.625000000000000000e+00
-5.312500000000000000e+00
-4.656250000000000000e+00
-2.445312500000000000e+00
-9.101562500000000000e-01
-7.016601562500000000e-01
-6.035156250000000000e-01
5.278320312500000000e-01
1.791992187500000000e+00
1.177734375000000000e+00
1.625976562500000000e+00
3.435546875000000000e+00
4.613281250000000000e+00
4.304687500000000000e+00
3.140625000000000000e+00
3.656250000000000000e+00
4.082031250000000000e+00
4.378906250000000000e+00
5.039062500000000000e+00
5.285156250000000000e+00
6.113281250000000000e+00
6.843750000000000000e+00
5.597656250000000000e+00
3.957031250000000000e+00
1.925781250000000000e+00
-4.870605468750000000e-01
-3.007812500000000000e+00
-3.162109375000000000e+00
-3.019531250000000000e+00
-4.148437500000000000e+00
-4.175781250000000000e+00
-3.607421875000000000e+00
-3.427734375000000000e+00
-2.992187500000000000e+00
-4.093750000000000000e+00
-1.926757812500000000e+00
-3.123046875000000000e+00
-4.546875000000000000e+00
-3.857421875000000000e+00
-3.298828125000000000e+00
-3.242187500000000000e+00
-4.136718750000000000e+00
-1.964843750000000000e+00
-1.530273437500000000e+00
-1.529296875000000000e+00
-1.287109375000000000e+00
-1.948242187500000000e+00
-6.704101562500000000e-01
9.409179687500000000e-01
-1.007812500000000000e+00
-1.336914062500000000e+00
1.489257812500000000e+00
1.407226562500000000e+00
1.783203125000000000e+00
3.220703125000000000e+00
3.755859375000000000e+00
4.167968750000000000e+00
5.007812500000000000e+00
4.351562500000000000e+00
2.318359375000000000e+00
-1.815185546875000000e-01
-7.363281250000000000e-01
3.291015625000000000e+00
4.179687500000000000e+00
1.529296875000000000e+00
-1.166015625000000000e+00
4.542968750000000000e+00
5.582031250000000000e+00
5.312500000000000000e+00
6.214843750000000000e+00
4.765625000000000000e+00
2.953125000000000000e+00
2.244140625000000000e+00
1.324218750000000000e+00
2.644042968750000000e-01
1.021484375000000000e+00
9.550781250000000000e-01
-2.603515625000000000e+00
-4.984375000000000000e+00
-4.187500000000000000e+00
-4.535156250000000000e+00
-7.933593750000000000e+00
-6.703125000000000000e+00
-5.234375000000000000e+00
-3.822265625000000000e+00
-4.214843750000000000e+00
-2.060546875000000000e+00
-4.160156250000000000e-01
3.623046875000000000e-01
5.898437500000000000e-01
9.433593750000000000e-01
6.933593750000000000e-01
1.050781250000000000e+00
6.484375000000000000e-01
1.485351562500000000e+00
1.708984375000000000e+00
2.451171875000000000e+00
2.015625000000000000e+00
5.888671875000000000e-01
-5.878906250000000000e-01
-1.585937500000000000e+00
-4.062500000000000000e+00
-4.105468750000000000e+00
-3.207031250000000000e+00
-2.445312500000000000e+00
-2.447265625000000000e+00
-2.931640625000000000e+00
-1.366210937500000000e+00
-1.112304687500000000e+00
-3.083984375000000000e+00
-3.607421875000000000e+00
-1.594726562500000000e+00
-2.792968750000000000e-01
1.325195312500000000e+00
2.421875000000000000e+00
2.357421875000000000e+00
3.332031250000000000e+00
3.949218750000000000e+00
4.386718750000000000e+00
3.484375000000000000e+00
1.374023437500000000e+00
-9.448242187500000000e-01
-3.548828125000000000e+00
-4.722656250000000000e+00
-5.324218750000000000e+00
-6.917968750000000000e+00
-6.218750000000000000e+00
-3.013671875000000000e+00
-2.982421875000000000e+00
-1.795898437500000000e+00
-9.072265625000000000e-01
1.542968750000000000e+00
1.481445312500000000e+00
7.929687500000000000e-01
1.566406250000000000e+00
2.611328125000000000e+00
2.144531250000000000e+00
2.205078125000000000e+00
1.257812500000000000e+00
2.968750000000000000e+00
3.052734375000000000e+00
3.111328125000000000e+00
3.703125000000000000e+00
4.031250000000000000e+00
4.117187500000000000e+00
5.457031250000000000e+00
5.390625000000000000e+00
4.718750000000000000e+00
5.558593750000000000e+00
4.968750000000000000e+00
3.978515625000000000e+00
1.189453125000000000e+00
1.003906250000000000e+00
2.087890625000000000e+00
-1.151367187500000000e+00
-2.408203125000000000e+00
-4.683593750000000000e+00
-2.062500000000000000e+00
3.890625000000000000e+00
6.437500000000000000e+00
5.207031250000000000e+00
4.675781250000000000e+00
-2.251953125000000000e+00
-2.869140625000000000e+00
9.565429687500000000e-01
6.722656250000000000e+00
7.539062500000000000e+00
3.056640625000000000e+00
-8.920898437500000000e-01
-5.078125000000000000e+00
-5.324218750000000000e+00
-1.441406250000000000e+00
-2.123046875000000000e+00
1.478515625000000000e+00
1.422119140625000000e-01
-1.697265625000000000e+00
-5.164062500000000000e+00
-9.515625000000000000e+00
-6.500000000000000000e+00
-1.481445312500000000e+00
-1.841796875000000000e+00
-5.187500000000000000e+00
-8.546875000000000000e+00
-6.707031250000000000e+00
1.482421875000000000e+00
-4.882812500000000000e-01
-1.703125000000000000e+00
-3.748046875000000000e+00
-1.634765625000000000e+00
3.296875000000000000e+00
6.917968750000000000e+00
5.750000000000000000e+00
7.089843750000000000e-01
-3.701171875000000000e+00
-8.304687500000000000e+00
-9.304687500000000000e+00
-3.318359375000000000e+00
3.292968750000000000e+00
5.468750000000000000e+00
2.980468750000000000e+00
-6.242187500000000000e+00
-1.021093750000000000e+01
-5.027343750000000000e+00
-1.090820312500000000e+00
4.477539062500000000e-01
3.310546875000000000e+00
4.203125000000000000e+00
4.738281250000000000e+00
3.316406250000000000e+00
3.552734375000000000e+00
8.188476562500000000e-01
-2.283203125000000000e+00
-5.425781250000000000e+00
-7.359375000000000000e+00
-7.882812500000000000e+00
-6.957031250000000000e+00
-6.617187500000000000e+00
-4.511718750000000000e+00
-2.320312500000000000e+00
7.319335937500000000e-01
3.707031250000000000e+00
5.789062500000000000e+00
6.777343750000000000e+00
7.207031250000000000e+00
7.292968750000000000e+00
5.972656250000000000e+00
2.624511718750000000e-01
9.541015625000000000e-01
5.257812500000000000e+00
6.222656250000000000e+00
1.217773437500000000e+00
-1.631835937500000000e+00
-1.230468750000000000e+00
-3.613281250000000000e-01
-1.013946533203125000e-02
1.269531250000000000e+00
3.051757812500000000e-01
-4.457031250000000000e+00
-5.597656250000000000e+00
-3.128906250000000000e+00
-3.886718750000000000e+00
-2.222656250000000000e+00
-2.162109375000000000e+00
-1.767578125000000000e+00
-1.633789062500000000e+00
-1.713867187500000000e+00
-1.645088195800781250e-03
-2.146484375000000000e+00
-5.394531250000000000e+00
-2.974609375000000000e+00
-2.447265625000000000e+00
-7.621093750000000000e+00
-9.976562500000000000e+00
-1.214062500000000000e+01
-1.406250000000000000e+01
-1.540625000000000000e+01
-6.761718750000000000e+00
2.613281250000000000e+00
2.583984375000000000e+00
7.514648437500000000e-01
4.972656250000000000e+00
8.296875000000000000e+00
8.687500000000000000e+00
6.566406250000000000e+00
2.000000000000000000e+00
-4.445312500000000000e+00
-9.859375000000000000e+00
-1.290625000000000000e+01
-1.526562500000000000e+01
-1.584375000000000000e+01
-1.011718750000000000e+01
-5.628906250000000000e+00
3.074218750000000000e+00
2.664062500000000000e+00
-3.082031250000000000e+00
-5.277343750000000000e+00
-6.171875000000000000e+00
-4.019531250000000000e+00
-1.657226562500000000e+00
-1.501953125000000000e+00
-7.954101562500000000e-01
-4.958496093750000000e-01
7.446289062500000000e-01
2.003906250000000000e+00
3.082031250000000000e+00
3.623046875000000000e+00
3.125000000000000000e+00
2.261718750000000000e+00
2.640625000000000000e+00
1.950195312500000000e+00
-4.245605468750000000e-01
-2.691406250000000000e+00
-4.347656250000000000e+00
-4.539062500000000000e+00
-6.214843750000000000e+00
-6.871093750000000000e+00
-7.156250000000000000e+00
-8.218750000000000000e+00
-9.507812500000000000e+00
-6.449218750000000000e+00
-2.886718750000000000e+00
-3.492187500000000000e+00
-8.007812500000000000e+00
-8.601562500000000000e+00
-6.742187500000000000e+00
-3.787109375000000000e+00
-2.589843750000000000e+00
-2.717590332031250000e-02
-3.550781250000000000e+00
-5.417968750000000000e+00
-6.617187500000000000e+00
-8.007812500000000000e+00
-8.851562500000000000e+00
-7.746093750000000000e+00
-8.531250000000000000e+00
-8.187500000000000000e+00
-8.898437500000000000e+00
-7.812500000000000000e+00
-8.914062500000000000e+00
-1.049218750000000000e+01
-8.375000000000000000e+00
-6.167968750000000000e+00
-5.238281250000000000e+00
-3.837890625000000000e+00
-3.429687500000000000e+00
-1.740234375000000000e+00
-1.344726562500000000e+00
-4.426269531250000000e-01
-1.374023437500000000e+00
-3.900390625000000000e+00
-7.640625000000000000e+00
-8.250000000000000000e+00
-6.765625000000000000e+00
-1.349609375000000000e+00
2.242187500000000000e+00
4.683593750000000000e+00
4.582031250000000000e+00
4.703125000000000000e+00
5.832031250000000000e+00
6.972656250000000000e+00
6.558593750000000000e+00
5.113281250000000000e+00
-1.961669921875000000e-01
-1.266601562500000000e+00
-8.020019531250000000e-02
-4.001464843750000000e-01
-1.762695312500000000e+00
1.378906250000000000e+00
2.517578125000000000e+00
-3.785156250000000000e+00
-1.084375000000000000e+01
-2.800781250000000000e+00
5.609375000000000000e+00
6.562500000000000000e+00
-1.378906250000000000e+00
1.588134765625000000e-01
3.845703125000000000e+00
5.390625000000000000e+00
2.476562500000000000e+00
-3.035156250000000000e+00
-4.832031250000000000e+00
-5.285156250000000000e+00
-7.363281250000000000e+00
-8.562500000000000000e+00
-8.125000000000000000e+00
-3.933593750000000000e+00
1.890869140625000000e-01
5.773437500000000000e+00
8.953125000000000000e+00
1.069531250000000000e+01
5.425781250000000000e+00
-3.960937500000000000e+00
-1.035937500000000000e+01
-6.238281250000000000e+00
6.982421875000000000e-01
6.062500000000000000e+00
7.937500000000000000e+00
9.664062500000000000e+00
1.011718750000000000e+01
6.917968750000000000e+00
-1.553955078125000000e-01
-7.347656250000000000e+00
-7.515625000000000000e+00
-4.015625000000000000e+00
-6.494140625000000000e-02
4.253906250000000000e+00
7.097656250000000000e+00
6.492187500000000000e+00
5.605468750000000000e+00
6.191406250000000000e+00
7.347656250000000000e+00
6.171875000000000000e+00
3.927734375000000000e+00
5.849609375000000000e-01
-4.261718750000000000e+00
-6.191406250000000000e+00
-6.949218750000000000e+00
-8.773437500000000000e+00
-8.703125000000000000e+00
-1.030468750000000000e+01
-1.028906250000000000e+01
-1.040625000000000000e+01
-9.664062500000000000e+00
-8.234375000000000000e+00
-5.851562500000000000e+00
-3.460937500000000000e+00
-1.449218750000000000e+00
5.136718750000000000e-01
2.626953125000000000e+00
5.957031250000000000e+00
7.386718750000000000e+00
7.238281250000000000e+00
5.808593750000000000e+00
7.359375000000000000e+00
6.710937500000000000e+00
5.265625000000000000e+00
2.135009765625000000e-01
-8.242187500000000000e+00
-1.620312500000000000e+01
-1.213281250000000000e+01
-1.933593750000000000e+00
5.747070312500000000e-01
-3.513183593750000000e-01
-2.091796875000000000e+00
-3.570312500000000000e+00
-1.079101562500000000e+00
-1.234130859375000000e-01
2.132812500000000000e+00
2.421875000000000000e+00
-2.131347656250000000e-01
-6.492187500000000000e+00
-1.011718750000000000e+01
-9.875000000000000000e+00
-7.843750000000000000e+00
-7.460937500000000000e+00
-7.808593750000000000e+00
-5.359375000000000000e+00
-1.739257812500000000e+00
1.038085937500000000e+00
4.781250000000000000e+00
4.921875000000000000e+00
4.835937500000000000e+00
1.559570312500000000e+00
3.701782226562500000e-02
-8.159179687500000000e-01
1.473632812500000000e+00
1.420898437500000000e+00
1.648437500000000000e+00
2.563476562500000000e-01
9.277343750000000000e-01
6.347656250000000000e-02
2.502441406250000000e-01
-1.006835937500000000e+00
-8.735351562500000000e-01
-1.473632812500000000e+00
-4.248046875000000000e-01
-4.067382812500000000e-01
-2.005615234375000000e-01
-2.123046875000000000e+00
-2.109375000000000000e+00
-2.410156250000000000e+00
-3.007812500000000000e+00
-4.214843750000000000e+00
-5.613281250000000000e+00
-6.812500000000000000e+00
-9.117187500000000000e+00
-9.007812500000000000e+00
-1.106250000000000000e+01
-8.734375000000000000e+00
-6.472656250000000000e+00
-6.414062500000000000e+00
-6.972656250000000000e+00
-6.781250000000000000e+00
-5.742187500000000000e+00
-5.601562500000000000e+00
-6.488281250000000000e+00
-8.875000000000000000e+00
-1.099218750000000000e+01
-1.266406250000000000e+01
-1.393750000000000000e+01
-1.481250000000000000e+01
-1.505468750000000000e+01
-1.334375000000000000e+01
-1.058593750000000000e+01
-7.226562500000000000e+00
-5.441406250000000000e+00
-5.144531250000000000e+00
-4.105468750000000000e+00
-3.355468750000000000e+00
-2.583984375000000000e+00
-3.267578125000000000e+00
-4.207031250000000000e+00
-6.191406250000000000e+00
-6.453125000000000000e+00
-7.148437500000000000e+00
-5.808593750000000000e+00
-2.714843750000000000e+00
1.386718750000000000e+00
3.988281250000000000e+00
6.023437500000000000e+00
6.218750000000000000e+00
5.511718750000000000e+00
1.910156250000000000e+00
-3.443359375000000000e+00
-8.328125000000000000e+00
-1.135156250000000000e+01
-8.203125000000000000e+00
-2.662109375000000000e+00
1.119140625000000000e+00
1.939453125000000000e+00
1.806640625000000000e-01
-8.085937500000000000e+00
-1.168750000000000000e+01
-6.035156250000000000e+00
3.191406250000000000e+00
7.199218750000000000e+00
6.929687500000000000e+00
4.015625000000000000e+00
-1.749267578125000000e-01
-2.097656250000000000e+00
-4.320312500000000000e+00
-4.460937500000000000e+00
-5.191406250000000000e+00
-3.550781250000000000e+00
-3.781250000000000000e+00
-3.083984375000000000e+00
-4.753906250000000000e+00
-6.691406250000000000e+00
-6.937500000000000000e+00
-5.214843750000000000e+00
-6.324218750000000000e+00
-7.808593750000000000e+00
-7.386718750000000000e+00
-6.710937500000000000e+00
-6.082031250000000000e+00
-2.980468750000000000e+00
-2.164062500000000000e+00
-1.316406250000000000e+00
-3.095703125000000000e+00
-3.791015625000000000e+00
-6.449218750000000000e+00
-6.609375000000000000e+00
-9.312500000000000000e+00
-1.070312500000000000e+01
-8.546875000000000000e+00
-3.029296875000000000e+00
2.625000000000000000e+00
3.578125000000000000e+00
3.650390625000000000e+00
-8.331298828125000000e-02
-2.535156250000000000e+00
1.811523437500000000e+00
4.378906250000000000e+00
4.152343750000000000e+00
2.353515625000000000e+00
2.646484375000000000e+00
5.718750000000000000e+00
6.132812500000000000e+00
2.345703125000000000e+00
3.049316406250000000e-01
2.037109375000000000e+00
2.515625000000000000e+00
2.880859375000000000e-01
-6.574218750000000000e+00
-8.265625000000000000e+00
-9.445312500000000000e+00
-9.687500000000000000e+00
-7.964843750000000000e+00
-6.187500000000000000e+00
-4.257812500000000000e+00
-2.843750000000000000e+00
-2.460937500000000000e+00
-1.706054687500000000e+00
-1.651367187500000000e+00
-2.724609375000000000e+00
-3.228515625000000000e+00
-4.136718750000000000e+00
-5.101562500000000000e+00
-7.296875000000000000e+00
-8.515625000000000000e+00
-9.367187500000000000e+00
-9.289062500000000000e+00
-8.312500000000000000e+00
-7.726562500000000000e+00
-6.929687500000000000e+00
-6.003906250000000000e+00
-6.199218750000000000e+00
-5.765625000000000000e+00
-6.093750000000000000e+00
-7.351562500000000000e+00
-9.203125000000000000e+00
-9.648437500000000000e+00
-9.718750000000000000e+00
-8.085937500000000000e+00
-7.429687500000000000e+00
-6.550781250000000000e+00
-5.562500000000000000e+00
-4.085937500000000000e+00
-3.679687500000000000e+00
-2.443359375000000000e+00
-1.086914062500000000e+00
2.298828125000000000e+00
2.716796875000000000e+00
3.656250000000000000e+00
5.042968750000000000e+00
6.496093750000000000e+00
6.855468750000000000e+00
7.628906250000000000e+00
5.257812500000000000e+00
-1.503906250000000000e+00
-7.281250000000000000e+00
-9.617187500000000000e+00
-9.046875000000000000e+00
-5.898437500000000000e+00
-4.207031250000000000e+00
-3.320312500000000000e+00
-3.333984375000000000e+00
-2.404296875000000000e+00
-4.425781250000000000e+00
-5.296875000000000000e+00
-3.978515625000000000e+00
-3.164062500000000000e+00
-2.429687500000000000e+00
-4.039062500000000000e+00
-6.578125000000000000e+00
-1.151562500000000000e+01
-1.778125000000000000e+01
-1.676562500000000000e+01
-1.445312500000000000e+01
-1.242187500000000000e+01
-9.046875000000000000e+00
-5.453125000000000000e+00
-4.593750000000000000e+00
-2.966796875000000000e+00
-1.679687500000000000e+00
9.868164062500000000e-01
2.748046875000000000e+00
4.636718750000000000e+00
4.230468750000000000e+00
2.818359375000000000e+00
1.106445312500000000e+00
-1.086914062500000000e+00
-7.846679687500000000e-01
-6.655273437500000000e-01
7.333984375000000000e-01
5.029296875000000000e-01
-3.474609375000000000e+00
-5.828125000000000000e+00
-7.027343750000000000e+00
-5.746093750000000000e+00
-7.015625000000000000e+00
-3.923828125000000000e+00
-1.375976562500000000e+00
5.615234375000000000e-01
-1.049804687500000000e+00
-8.891601562500000000e-01
-9.301757812500000000e-01
-2.511718750000000000e+00
-6.070312500000000000e+00
-1.141406250000000000e+01
-1.684375000000000000e+01
-1.690625000000000000e+01
-1.574218750000000000e+01
-1.268750000000000000e+01
-1.120312500000000000e+01
-8.906250000000000000e+00
-7.085937500000000000e+00
-3.087890625000000000e+00
-2.617187500000000000e+00
-2.605468750000000000e+00
-4.472656250000000000e+00
-3.904296875000000000e+00
-4.328125000000000000e+00
-5.824218750000000000e+00
-6.378906250000000000e+00
-6.863281250000000000e+00
-6.386718750000000000e+00
-5.429687500000000000e+00
-4.671875000000000000e+00
-5.464843750000000000e+00
-5.183593750000000000e+00
-3.156250000000000000e+00
-2.662109375000000000e+00
-2.996093750000000000e+00
-3.644531250000000000e+00
-2.871093750000000000e+00
-2.519531250000000000e+00
-2.056640625000000000e+00
7.977294921875000000e-02
9.062500000000000000e-01
1.596679687500000000e+00
3.947753906250000000e-01
-2.261962890625000000e-01
-2.484375000000000000e+00
-2.427734375000000000e+00
-2.757812500000000000e+00
-2.501953125000000000e+00
-4.121093750000000000e+00
-5.562500000000000000e+00
-7.648437500000000000e+00
-8.851562500000000000e+00
-7.292968750000000000e+00
-8.757812500000000000e+00
-8.117187500000000000e+00
-6.808593750000000000e+00
-2.152343750000000000e+00
1.813476562500000000e+00
2.041015625000000000e+00
-1.440429687500000000e+00
-3.037109375000000000e+00
-3.908203125000000000e+00
-5.593750000000000000e+00
-5.472656250000000000e+00
-2.693359375000000000e+00
1.366210937500000000e+00
3.806640625000000000e+00
7.214843750000000000e+00
7.566406250000000000e+00
7.894531250000000000e+00
6.824218750000000000e+00
6.406250000000000000e+00
5.628906250000000000e+00
3.835937500000000000e+00
2.646484375000000000e+00
3.915405273437500000e-02
-3.613281250000000000e-01
-1.304687500000000000e+00
4.265136718750000000e-01
2.199218750000000000e+00
2.119140625000000000e+00
2.895507812500000000e-01
-2.935546875000000000e+00
-4.843750000000000000e+00
-5.933593750000000000e+00
-5.621093750000000000e+00
-4.726562500000000000e+00
-4.007812500000000000e+00
-3.023437500000000000e+00
-1.396484375000000000e+00
-8.623046875000000000e-01
6.503906250000000000e-01
1.676757812500000000e+00
9.125976562500000000e-01
-1.363525390625000000e-01
-3.190917968750000000e-01
-5.219726562500000000e-01
-6.098632812500000000e-01
-7.751464843750000000e-02
2.140625000000000000e+00
2.324218750000000000e+00
4.121093750000000000e+00
4.496093750000000000e+00
5.867187500000000000e+00
5.078125000000000000e+00
3.849609375000000000e+00
1.039062500000000000e+00
-4.031250000000000000e+00
-7.250000000000000000e+00
-8.640625000000000000e+00
-9.625000000000000000e+00
-9.648437500000000000e+00
-7.593750000000000000e+00
-6.496093750000000000e+00
-4.089843750000000000e+00
-8.740234375000000000e-01
5.908203125000000000e-01
-2.199218750000000000e+00
-2.751953125000000000e+00
7.783203125000000000e-01
2.163085937500000000e-01
-4.765625000000000000e+00
3.296875000000000000e+00
1.286132812500000000e+00
2.335937500000000000e+00
3.500000000000000000e+00
2.617187500000000000e+00
4.894531250000000000e+00
4.296875000000000000e+00
3.035156250000000000e+00
2.681640625000000000e+00
1.167602539062500000e-01
-1.204687500000000000e+01
-1.140625000000000000e+01
-5.085937500000000000e+00
1.457031250000000000e+00
7.062500000000000000e+00
7.644531250000000000e+00
6.996093750000000000e+00
6.894531250000000000e+00
5.066406250000000000e+00
3.458984375000000000e+00
3.226562500000000000e+00
4.460937500000000000e+00
7.347656250000000000e+00
8.156250000000000000e+00
6.039062500000000000e+00
2.145996093750000000e-01
-6.097656250000000000e+00
-8.078125000000000000e+00
-8.007812500000000000e+00
-1.182812500000000000e+01
-1.294531250000000000e+01
-1.545312500000000000e+01
-1.013281250000000000e+01
-4.914062500000000000e+00
-2.291015625000000000e+00
-7.871093750000000000e-01
-9.072265625000000000e-01
1.164062500000000000e+00
-1.947265625000000000e+00
-4.312500000000000000e+00
2.392578125000000000e+00
9.414062500000000000e+00
1.230468750000000000e+01
1.291406250000000000e+01
1.095312500000000000e+01
5.648437500000000000e+00
3.773437500000000000e+00
5.011718750000000000e+00
7.152343750000000000e+00
7.523437500000000000e+00
7.726562500000000000e+00
4.566406250000000000e+00
1.921875000000000000e+00
9.848632812500000000e-01
-2.332031250000000000e+00
-5.714843750000000000e+00
3.724609375000000000e+00
1.165625000000000000e+01
1.171875000000000000e+01
8.445312500000000000e+00
-1.792968750000000000e+00
-3.177734375000000000e+00
3.625000000000000000e+00
8.515625000000000000e+00
1.058593750000000000e+01
5.777343750000000000e+00
5.289062500000000000e+00
9.742187500000000000e+00
1.014062500000000000e+01
7.171875000000000000e+00
5.082031250000000000e+00
1.338867187500000000e+00
-6.958007812500000000e-02
4.492187500000000000e+00
6.425781250000000000e+00
5.595703125000000000e-01
-2.195312500000000000e+00
-8.745117187500000000e-01
3.339843750000000000e+00
6.937500000000000000e+00
1.605468750000000000e+00
-6.332031250000000000e+00
-1.063281250000000000e+01
-7.359375000000000000e+00
-5.261718750000000000e+00
-2.767578125000000000e+00
-2.822265625000000000e+00
-2.080078125000000000e+00
-7.241210937500000000e-01
-3.675781250000000000e+00
-4.996093750000000000e+00
-2.648437500000000000e+00
3.789062500000000000e+00
7.570312500000000000e+00
8.210937500000000000e+00
5.855468750000000000e+00
4.238281250000000000e+00
1.812500000000000000e+00
-4.099121093750000000e-01
-4.246093750000000000e+00
-4.960937500000000000e+00
-4.765625000000000000e+00
-4.527343750000000000e+00
-5.437500000000000000e+00
-5.292968750000000000e+00
-4.890625000000000000e+00
-4.808593750000000000e+00
-5.253906250000000000e+00
-6.699218750000000000e+00
-6.085937500000000000e+00
-2.886718750000000000e+00
-1.501953125000000000e+00
4.016113281250000000e-01
-9.980468750000000000e-01
-4.000000000000000000e+00
-5.960937500000000000e+00
-4.605468750000000000e+00
-2.890625000000000000e+00
-1.170898437500000000e+00
-2.111328125000000000e+00
-2.369140625000000000e+00
-1.697265625000000000e+00
-2.427734375000000000e+00
-2.373046875000000000e+00
-3.617187500000000000e+00
-4.222656250000000000e+00
-6.285156250000000000e+00
-7.292968750000000000e+00
-9.234375000000000000e+00
-1.161718750000000000e+01
-6.718750000000000000e+00
-3.333984375000000000e+00
-4.953125000000000000e+00
-6.394531250000000000e+00
-2.199218750000000000e+00
-2.866210937500000000e-01
4.347656250000000000e+00
-1.395507812500000000e+00
-5.050781250000000000e+00
-2.308593750000000000e+00
-4.820312500000000000e+00
-4.242187500000000000e+00
-3.417968750000000000e+00
-1.507812500000000000e+00
3.662109375000000000e+00
7.183593750000000000e+00
6.441406250000000000e+00
4.152343750000000000e+00
2.128906250000000000e+00
1.704101562500000000e+00
4.281250000000000000e+00
3.792968750000000000e+00
4.394531250000000000e+00
5.667968750000000000e+00
6.070312500000000000e+00
5.855468750000000000e+00
4.156250000000000000e+00
4.167968750000000000e+00
6.398437500000000000e+00
8.375000000000000000e+00
6.398437500000000000e+00
4.472656250000000000e+00
4.140625000000000000e+00
7.597656250000000000e+00
1.065625000000000000e+01
1.174218750000000000e+01
1.131250000000000000e+01
6.691406250000000000e+00
7.253906250000000000e+00
9.984375000000000000e+00
1.083593750000000000e+01
8.992187500000000000e+00
5.011718750000000000e+00
-1.264648437500000000e+00
3.943359375000000000e+00
4.570312500000000000e+00
-8.953125000000000000e+00
-5.523437500000000000e+00
6.566406250000000000e+00
7.167968750000000000e+00
7.171875000000000000e+00
1.126562500000000000e+01
1.001562500000000000e+01
9.429687500000000000e+00
9.015625000000000000e+00
7.218750000000000000e+00
7.667968750000000000e+00
5.046875000000000000e+00
5.531250000000000000e+00
5.386718750000000000e+00
9.321289062500000000e-01
-5.597656250000000000e+00
-2.912109375000000000e+00
3.310546875000000000e+00
6.011718750000000000e+00
6.601562500000000000e+00
-3.804687500000000000e+00
-4.699218750000000000e+00
-2.046203613281250000e-02
3.013671875000000000e+00
3.238281250000000000e+00
5.066406250000000000e+00
7.574218750000000000e+00
3.886718750000000000e+00
-9.541015625000000000e-01
-3.613281250000000000e+00
-3.332031250000000000e+00
-4.437500000000000000e+00
-5.250000000000000000e+00
-4.570312500000000000e+00
-2.666015625000000000e+00
-3.251953125000000000e+00
-1.501953125000000000e+00
5.359375000000000000e+00
4.144531250000000000e+00
3.101562500000000000e+00
2.326171875000000000e+00
5.425781250000000000e+00
7.074218750000000000e+00
6.687500000000000000e+00
4.886718750000000000e+00
-1.332031250000000000e+00
-1.121093750000000000e+00
1.104492187500000000e+00
4.660644531250000000e-01
2.154296875000000000e+00
-5.941406250000000000e+00
-1.478125000000000000e+01
-1.352343750000000000e+01
-8.585937500000000000e+00
-7.882812500000000000e+00
-1.343750000000000000e+01
-1.718750000000000000e+01
-1.440625000000000000e+01
-1.121875000000000000e+01
-9.226562500000000000e+00
-7.242187500000000000e+00
-7.105468750000000000e+00
-6.773437500000000000e+00
-6.105468750000000000e+00
-3.123046875000000000e+00
-1.041015625000000000e+00
-8.557128906250000000e-02
5.962371826171875000e-03
-9.747314453125000000e-02
2.199218750000000000e+00
5.062500000000000000e+00
6.292968750000000000e+00
7.703125000000000000e+00
7.941406250000000000e+00
6.093750000000000000e+00
-3.841796875000000000e+00
-1.286718750000000000e+01
-1.596875000000000000e+01
-1.703125000000000000e+01
-1.482812500000000000e+01
-1.319531250000000000e+01
-1.277343750000000000e+01
-1.158593750000000000e+01
-1.035937500000000000e+01
-6.226562500000000000e+00
-5.621093750000000000e+00
-5.929687500000000000e+00
-4.671875000000000000e+00
-4.425781250000000000e+00
-3.603515625000000000e+00
-3.779296875000000000e+00
-3.619140625000000000e+00
-2.806640625000000000e+00
-2.285156250000000000e+00
-2.003906250000000000e+00
-1.303710937500000000e+00
1.103515625000000000e+00
1.047851562500000000e+00
1.596679687500000000e+00
-1.877929687500000000e+00
-5.964843750000000000e+00
-1.106250000000000000e+01
-1.690625000000000000e+01
-1.842187500000000000e+01
-1.514062500000000000e+01
-1.435937500000000000e+01
-1.066406250000000000e+01
-7.851562500000000000e+00
-6.988281250000000000e+00
-5.914062500000000000e+00
-3.671875000000000000e+00
-3.718750000000000000e+00
-1.733398437500000000e+00
3.642578125000000000e+00
5.546875000000000000e+00
3.195312500000000000e+00
1.393554687500000000e+00
4.046875000000000000e+00
4.679687500000000000e+00
7.685546875000000000e-01
-6.757812500000000000e+00
-1.262500000000000000e+01
-9.406250000000000000e+00
-3.853515625000000000e+00
-4.140625000000000000e+00
-8.718750000000000000e+00
-7.484375000000000000e+00
-8.414062500000000000e+00
-8.046875000000000000e+00
-8.843750000000000000e+00
-8.437500000000000000e+00
-5.667968750000000000e+00
-5.093750000000000000e+00
-6.984375000000000000e+00
-9.085937500000000000e+00
-7.457031250000000000e+00
-7.347656250000000000e+00
-9.226562500000000000e+00
-1.131250000000000000e+01
-9.898437500000000000e+00
-7.890625000000000000e+00
-7.253906250000000000e+00
-8.031250000000000000e+00
-7.097656250000000000e+00
-5.855468750000000000e+00
-5.835937500000000000e+00
-7.398437500000000000e+00
-7.464843750000000000e+00
-6.402343750000000000e+00
-5.570312500000000000e+00
-5.027343750000000000e+00
-5.539062500000000000e+00
-6.894531250000000000e+00
-8.593750000000000000e+00
-1.150000000000000000e+01
-1.375781250000000000e+01
-1.247656250000000000e+01
-1.171875000000000000e+01
-1.264062500000000000e+01
-9.789062500000000000e+00
-7.109375000000000000e+00
-5.300781250000000000e+00
-2.265625000000000000e+00
-4.348144531250000000e-01
4.836425781250000000e-01
7.822265625000000000e-01
-1.433105468750000000e-01
-2.195312500000000000e+00
-3.566406250000000000e+00
-3.675781250000000000e+00
-1.862792968750000000e-01
2.080078125000000000e+00
2.494140625000000000e+00
2.570312500000000000e+00
2.082031250000000000e+00
9.736328125000000000e-01
-1.533203125000000000e+00
-5.070312500000000000e+00
-7.609375000000000000e+00
-1.000781250000000000e+01
-1.119531250000000000e+01
-1.111718750000000000e+01
-5.714843750000000000e+00
-4.308593750000000000e+00
-1.748046875000000000e+00
-5.351562500000000000e-01
2.011718750000000000e+00
7.046875000000000000e+00
1.104687500000000000e+01
1.192968750000000000e+01
1.166406250000000000e+01
9.210937500000000000e+00
4.109375000000000000e+00
6.147460937500000000e-01
-6.240234375000000000e-01
-8.627929687500000000e-01
-1.026367187500000000e+00
1.672851562500000000e+00
7.289062500000000000e+00
8.765625000000000000e+00
6.792968750000000000e+00
4.238281250000000000e+00
1.823242187500000000e+00
-4.949218750000000000e+00
-7.933593750000000000e+00
-9.218750000000000000e+00
-8.718750000000000000e+00
-6.984375000000000000e+00
-2.654296875000000000e+00
1.973632812500000000e+00
4.156250000000000000e+00
3.636718750000000000e+00
9.648437500000000000e-01
-1.213867187500000000e+00
-1.412109375000000000e+00
-1.015625000000000000e+00
1.479492187500000000e+00
3.158203125000000000e+00
3.662109375000000000e+00
3.773437500000000000e+00
3.119140625000000000e+00
-2.491455078125000000e-01
-3.574218750000000000e+00
-8.718750000000000000e+00
-1.048437500000000000e+01
-1.301562500000000000e+01
-1.528906250000000000e+01
-1.368750000000000000e+01
-8.218750000000000000e+00
-4.894531250000000000e+00
-4.828125000000000000e+00
-2.271484375000000000e+00
1.792968750000000000e+00
2.724609375000000000e+00
3.535156250000000000e+00
1.688476562500000000e+00
2.011718750000000000e+00
1.904296875000000000e+00
3.910156250000000000e+00
4.242187500000000000e+00
3.896484375000000000e+00
3.369140625000000000e+00
4.144531250000000000e+00
3.564453125000000000e+00
3.685546875000000000e+00
4.308593750000000000e+00
6.925781250000000000e+00
7.070312500000000000e+00
6.851562500000000000e+00
5.242187500000000000e+00
-2.462158203125000000e-01
-4.859375000000000000e+00
-4.367187500000000000e+00
1.760253906250000000e-01
3.082031250000000000e+00
5.109375000000000000e+00
3.708984375000000000e+00
4.765625000000000000e+00
4.746093750000000000e+00
6.191406250000000000e+00
5.820312500000000000e+00
9.054687500000000000e+00
9.937500000000000000e+00
1.050781250000000000e+01
7.683593750000000000e+00
7.683593750000000000e+00
9.156250000000000000e+00
3.697265625000000000e+00
3.304687500000000000e+00
6.792968750000000000e+00
8.046875000000000000e+00
3.500000000000000000e+00
-1.805664062500000000e+00
-3.337890625000000000e+00
-5.000000000000000000e+00
-4.128906250000000000e+00
-4.191406250000000000e+00
-2.906250000000000000e+00
-2.908203125000000000e+00
-7.460937500000000000e-01
-1.298828125000000000e-01
1.050781250000000000e+00
2.757812500000000000e+00
5.371093750000000000e+00
4.644531250000000000e+00
5.507812500000000000e+00
3.613281250000000000e+00
-2.554687500000000000e+00
-5.808593750000000000e+00
-4.738281250000000000e+00
-3.736328125000000000e+00
-5.300781250000000000e+00
-5.781250000000000000e+00
-3.878906250000000000e+00
8.178710937500000000e-01
4.066406250000000000e+00
4.691406250000000000e+00
4.128906250000000000e+00
4.214843750000000000e+00
1.005859375000000000e+00
-3.964843750000000000e+00
-6.007812500000000000e+00
-9.507812500000000000e+00
-8.257812500000000000e+00
-6.359375000000000000e+00
-5.105468750000000000e+00
-7.722656250000000000e+00
-7.082031250000000000e+00
-6.550781250000000000e+00
-2.796875000000000000e+00
-6.235351562500000000e-01
1.233398437500000000e+00
2.556640625000000000e+00
4.722656250000000000e+00
6.683593750000000000e+00
7.218750000000000000e+00
3.261718750000000000e+00
-1.244140625000000000e+00
-9.132812500000000000e+00
-1.014062500000000000e+01
-1.085156250000000000e+01
-1.019531250000000000e+01
-1.041406250000000000e+01
-8.398437500000000000e+00
-7.765625000000000000e+00
-8.726562500000000000e+00
-1.075781250000000000e+01
-8.195312500000000000e+00
-4.308593750000000000e+00
-2.578125000000000000e+00
-2.646484375000000000e+00
-4.785156250000000000e+00
-9.515625000000000000e+00
-1.137500000000000000e+01
-5.652343750000000000e+00
-8.579101562500000000e-01
-9.863281250000000000e-02
1.957031250000000000e+00
5.550781250000000000e+00
5.867187500000000000e+00
4.226562500000000000e+00
3.578125000000000000e+00
1.545898437500000000e+00
-5.141601562500000000e-01
-2.487792968750000000e-01
1.777343750000000000e+00
2.285156250000000000e+00
2.427734375000000000e+00
2.783203125000000000e+00
4.449218750000000000e+00
6.171875000000000000e+00
6.609375000000000000e+00
4.433593750000000000e+00
4.062500000000000000e+00
2.515625000000000000e+00
1.252929687500000000e+00
1.617187500000000000e+00
3.849609375000000000e+00
5.628906250000000000e+00
5.949218750000000000e+00
6.753906250000000000e+00
8.843750000000000000e+00
1.123437500000000000e+01
8.726562500000000000e+00
5.261718750000000000e+00
6.889648437500000000e-01
-6.042968750000000000e+00
-1.332812500000000000e+01
-1.575781250000000000e+01
-1.517187500000000000e+01
-1.481250000000000000e+01
-9.468750000000000000e+00
-5.753906250000000000e+00
-1.955078125000000000e+00
-9.736328125000000000e-01
-4.125000000000000000e+00
-9.531250000000000000e+00
-8.984375000000000000e+00
-1.900390625000000000e+00
-1.148071289062500000e-01
1.128906250000000000e+00
2.363281250000000000e+00
2.636718750000000000e+00
1.884765625000000000e+00
1.568359375000000000e+00
1.259765625000000000e+00
-1.484375000000000000e+00
-5.500000000000000000e+00
-7.476562500000000000e+00
-6.488281250000000000e+00
-6.773437500000000000e+00
-7.585937500000000000e+00
-8.773437500000000000e+00
-8.773437500000000000e+00
-9.570312500000000000e+00
-1.051562500000000000e+01
-1.257031250000000000e+01
-1.270312500000000000e+01
-1.377343750000000000e+01
-9.156250000000000000e+00
-5.621093750000000000e+00
-5.828125000000000000e+00
-6.265625000000000000e+00
-4.882812500000000000e+00
-3.845703125000000000e+00
-3.400390625000000000e+00
-3.505859375000000000e+00
-3.076171875000000000e+00
-2.785156250000000000e+00
-2.798828125000000000e+00
-3.896484375000000000e+00
-2.714843750000000000e+00
-1.436523437500000000e+00
1.595703125000000000e+00
5.285156250000000000e+00
6.218750000000000000e+00
4.710937500000000000e+00
3.658203125000000000e+00
2.111328125000000000e+00
7.485351562500000000e-01
-1.958984375000000000e+00
-1.410156250000000000e+00
4.958496093750000000e-01
1.815429687500000000e+00
1.844726562500000000e+00
2.837890625000000000e+00
3.171875000000000000e+00
2.853515625000000000e+00
8.896484375000000000e-01
1.426757812500000000e+00
2.250000000000000000e+00
2.408203125000000000e+00
1.289062500000000000e+00
2.878417968750000000e-01
-7.094726562500000000e-01
-2.130859375000000000e+00
-2.380859375000000000e+00
-2.115234375000000000e+00
-2.800781250000000000e+00
-1.681640625000000000e+00
-5.214843750000000000e-01
9.521484375000000000e-01
1.125976562500000000e+00
2.871093750000000000e+00
4.046875000000000000e+00
6.683593750000000000e+00
8.578125000000000000e+00
9.007812500000000000e+00
7.398437500000000000e+00
6.941406250000000000e+00
7.566406250000000000e+00
