-1.305468750000000000e+01
-1.221875000000000000e+01
-1.210156250000000000e+01
-1.414062500000000000e+01
-1.063281250000000000e+01
-7.351562500000000000e+00
-5.941406250000000000e+00
-6.792968750000000000e+00
-4.246093750000000000e+00
-1.304687500000000000e+00
-5.463867187500000000e-01
-5.380859375000000000e-01
-1.780273437500000000e+00
-3.533935546875000000e-02
7.607421875000000000e-01
1.916992187500000000e+00
2.403564453125000000e-01
2.091064453125000000e-01
2.087402343750000000e-01
-2.179687500000000000e+00
-1.464843750000000000e+00
-3.031250000000000000e+00
-2.154296875000000000e+00
-3.962890625000000000e+00
-2.714843750000000000e+00
-4.433593750000000000e+00
-5.140625000000000000e+00
-1.065625000000000000e+01
-1.066406250000000000e+01
-1.071875000000000000e+01
-1.071093750000000000e+01
-1.143750000000000000e+01
-6.058593750000000000e+00
-3.029296875000000000e+00
-1.405273437500000000e+00
-2.281250000000000000e+00
-2.505859375000000000e+00
-2.333984375000000000e+00
-1.693359375000000000e+00
-2.185546875000000000e+00
-2.246093750000000000e+00
-6.660156250000000000e-01
2.565917968750000000e-01
1.039062500000000000e+00
1.161132812500000000e+00
2.280273437500000000e-01
4.318237304687500000e-02
-1.687500000000000000e+00
-1.674804687500000000e+00
-1.805664062500000000e+00
-2.001953125000000000e+00
-3.101562500000000000e+00
-2.691406250000000000e+00
-2.820312500000000000e+00
-1.552734375000000000e+00
2.005615234375000000e-01
1.830078125000000000e+00
3.429687500000000000e+00
2.957031250000000000e+00
3.417968750000000000e+00
3.507812500000000000e+00
4.164062500000000000e+00
3.906250000000000000e+00
3.916015625000000000e+00
2.007812500000000000e+00
9.594726562500000000e-01
1.684570312500000000e+00
2.619140625000000000e+00
1.501953125000000000e+00
1.624023437500000000e+00
1.119140625000000000e+00
-1.150390625000000000e+00
-4.222656250000000000e+00
-4.390625000000000000e+00
-3.287109375000000000e+00
-2.851562500000000000e+00
-2.966796875000000000e+00
-1.769531250000000000e+00
-2.083984375000000000e+00
-2.621093750000000000e+00
-3.697265625000000000e+00
-2.478515625000000000e+00
-2.599609375000000000e+00
-5.320312500000000000e+00
-7.433593750000000000e+00
-7.742187500000000000e+00
-8.812500000000000000e+00
-9.593750000000000000e+00
-6.867187500000000000e+00
-5.218750000000000000e+00
-6.453125000000000000e+00
-7.656250000000000000e+00
-4.726562500000000000e+00
-2.281250000000000000e+00
3.215332031250000000e-01
2.207031250000000000e+00
2.802734375000000000e+00
3.154296875000000000e-01
-2.368164062500000000e-02
-2.966796875000000000e+00
-3.564453125000000000e+00
-5.363281250000000000e+00
-5.070312500000000000e+00
-5.121093750000000000e+00
-2.837890625000000000e+00
-6.738281250000000000e-01
3.835449218750000000e-01
-2.673339843750000000e-01
3.823852539062500000e-02
-1.761718750000000000e+00
-1.764648437500000000e+00
-1.318359375000000000e+00
3.505859375000000000e-01
2.021484375000000000e+00
3.054687500000000000e+00
3.728515625000000000e+00
3.070312500000000000e+00
3.267578125000000000e+00
2.066406250000000000e+00
4.836425781250000000e-01
-1.394531250000000000e+00
-6.489257812500000000e-01
-4.968261718750000000e-01
-2.423095703125000000e-01
-4.785156250000000000e-01
6.108398437500000000e-01
1.234375000000000000e+00
2.943359375000000000e+00
3.480468750000000000e+00
4.011718750000000000e+00
4.109375000000000000e+00
1.863281250000000000e+00
-4.501342773437500000e-02
1.400390625000000000e+00
3.199218750000000000e+00
5.414062500000000000e+00
6.507812500000000000e+00
5.046875000000000000e+00
4.113281250000000000e+00
1.174804687500000000e+00
-3.298828125000000000e+00
-7.164062500000000000e+00
-9.976562500000000000e+00
-1.227343750000000000e+01
-8.945312500000000000e+00
-6.605468750000000000e+00
-7.164062500000000000e+00
-7.242187500000000000e+00
-3.271484375000000000e+00
-5.039062500000000000e-01
-2.050781250000000000e+00
-5.984375000000000000e+00
-6.546875000000000000e+00
-6.777343750000000000e+00
-7.835937500000000000e+00
-8.921875000000000000e+00
-6.128906250000000000e+00
-3.429687500000000000e+00
-3.234375000000000000e+00
-2.951171875000000000e+00
-2.375000000000000000e+00
-1.268554687500000000e+00
-1.541992187500000000e+00
-2.535156250000000000e+00
-3.583984375000000000e+00
-3.289062500000000000e+00
-4.937500000000000000e+00
-7.324218750000000000e+00
-7.378906250000000000e+00
-5.917968750000000000e+00
-6.531250000000000000e+00
-7.257812500000000000e+00
-7.070312500000000000e+00
-6.042968750000000000e+00
-6.894531250000000000e+00
-8.882812500000000000e+00
-9.648437500000000000e+00
-8.875000000000000000e+00
-8.164062500000000000e+00
-8.367187500000000000e+00
-6.691406250000000000e+00
-2.974609375000000000e+00
-1.580078125000000000e+00
-8.671875000000000000e-01
-2.625000000000000000e+00
-3.453125000000000000e+00
-4.847656250000000000e+00
-5.851562500000000000e+00
-2.185546875000000000e+00
3.412109375000000000e+00
4.507812500000000000e+00
7.281250000000000000e+00
8.828125000000000000e+00
8.132812500000000000e+00
8.054687500000000000e+00
9.523437500000000000e+00
1.085937500000000000e+01
1.014062500000000000e+01
8.218750000000000000e+00
8.460937500000000000e+00
4.148437500000000000e+00
-1.349609375000000000e+00
-3.031250000000000000e+00
8.198242187500000000e-01
5.312500000000000000e+00
6.937500000000000000e+00
7.863281250000000000e+00
8.382812500000000000e+00
8.585937500000000000e+00
6.726562500000000000e+00
5.382812500000000000e+00
4.906250000000000000e+00
3.042968750000000000e+00
1.253906250000000000e+00
8.184814453125000000e-02
-1.877929687500000000e+00
-3.134765625000000000e-01
3.427734375000000000e+00
4.527343750000000000e+00
6.937500000000000000e+00
7.359375000000000000e+00
6.371093750000000000e+00
6.781250000000000000e+00
7.648437500000000000e+00
2.894531250000000000e+00
-1.203125000000000000e+00
1.860351562500000000e-01
5.171875000000000000e+00
6.386718750000000000e+00
5.454101562500000000e-01
-5.492187500000000000e+00
-6.859375000000000000e+00
-4.363281250000000000e+00
5.883789062500000000e-01
3.748046875000000000e+00
6.378906250000000000e+00
8.062500000000000000e+00
6.941406250000000000e+00
4.750000000000000000e+00
3.806640625000000000e+00
2.980468750000000000e+00
1.623046875000000000e+00
6.367187500000000000e-01
-1.383789062500000000e+00
-3.578125000000000000e+00
-4.917968750000000000e+00
-4.386718750000000000e+00
-2.041015625000000000e+00
-1.072265625000000000e+00
1.062500000000000000e+00
1.237304687500000000e+00
3.494140625000000000e+00
3.394531250000000000e+00
5.000000000000000000e+00
4.921875000000000000e+00
4.382812500000000000e+00
3.658203125000000000e+00
2.574218750000000000e+00
2.757812500000000000e+00
2.248046875000000000e+00
2.234375000000000000e+00
2.385253906250000000e-01
1.087890625000000000e+00
1.260742187500000000e+00
1.926757812500000000e+00
1.895507812500000000e+00
2.783203125000000000e+00
1.210937500000000000e+00
8.559570312500000000e-01
-1.449218750000000000e+00
-3.478515625000000000e+00
-3.964843750000000000e+00
-3.716796875000000000e+00
-2.265625000000000000e+00
-1.144531250000000000e+00
1.684570312500000000e+00
2.501953125000000000e+00
5.000000000000000000e+00
6.386718750000000000e+00
6.750000000000000000e+00
6.570312500000000000e+00
4.843750000000000000e+00
2.521484375000000000e+00
1.250000000000000000e+00
-2.511718750000000000e+00
-3.986328125000000000e+00
-4.890625000000000000e+00
-6.371093750000000000e+00
-8.000000000000000000e+00
-9.718750000000000000e+00
-1.215625000000000000e+01
-1.388281250000000000e+01
-1.270312500000000000e+01
-1.403125000000000000e+01
-1.460156250000000000e+01
-1.435937500000000000e+01
-1.214843750000000000e+01
-8.632812500000000000e+00
-4.820312500000000000e+00
-1.508789062500000000e+00
-1.927185058593750000e-02
-1.064453125000000000e+00
-1.458007812500000000e+00
-1.257812500000000000e+00
-3.244140625000000000e+00
-1.948242187500000000e+00
1.774414062500000000e+00
5.476562500000000000e+00
4.187500000000000000e+00
4.042968750000000000e+00
2.914062500000000000e+00
6.683593750000000000e+00
8.023437500000000000e+00
1.065625000000000000e+01
1.289843750000000000e+01
1.344531250000000000e+01
9.757812500000000000e+00
3.710937500000000000e+00
2.703125000000000000e+00
5.535156250000000000e+00
4.652343750000000000e+00
3.443359375000000000e+00
2.644531250000000000e+00
2.869140625000000000e+00
2.019531250000000000e+00
-3.566894531250000000e-01
-2.250000000000000000e+00
-2.734375000000000000e+00
-3.093750000000000000e+00
-1.835937500000000000e+00
-3.109375000000000000e+00
-3.908203125000000000e+00
-4.734375000000000000e+00
-4.253906250000000000e+00
-3.845703125000000000e+00
1.348632812500000000e+00
3.279296875000000000e+00
4.156250000000000000e+00
3.658203125000000000e+00
6.457031250000000000e+00
7.281250000000000000e+00
8.984375000000000000e+00
9.789062500000000000e+00
1.145312500000000000e+01
9.218750000000000000e+00
4.460937500000000000e+00
1.294921875000000000e+00
-1.371093750000000000e+00
-3.693359375000000000e+00
-3.429687500000000000e+00
-3.970703125000000000e+00
-4.441406250000000000e+00
-6.292968750000000000e+00
-7.316406250000000000e+00
-7.140625000000000000e+00
-6.664062500000000000e+00
-7.441406250000000000e+00
-4.242187500000000000e+00
-4.023437500000000000e+00
-4.371093750000000000e+00
-4.835937500000000000e+00
-4.843750000000000000e+00
-2.988281250000000000e+00
-2.355468750000000000e+00
-1.446289062500000000e+00
3.015136718750000000e-02
7.988281250000000000e-01
2.226562500000000000e+00
9.589843750000000000e-01
3.989257812500000000e-01
-3.250000000000000000e+00
-3.726562500000000000e+00
-6.929687500000000000e+00
-1.000000000000000000e+01
-1.409375000000000000e+01
-1.444531250000000000e+01
-1.314062500000000000e+01
-8.234375000000000000e+00
-5.101562500000000000e+00
4.599609375000000000e-01
2.380859375000000000e+00
5.265625000000000000e+00
5.656250000000000000e+00
7.750000000000000000e+00
5.593750000000000000e+00
1.804687500000000000e+00
-6.281250000000000000e+00
-1.034375000000000000e+01
-8.109375000000000000e+00
-3.400390625000000000e+00
-2.164062500000000000e+00
5.654296875000000000e-01
6.742187500000000000e+00
1.141406250000000000e+01
1.249218750000000000e+01
1.459375000000000000e+01
1.185156250000000000e+01
3.373046875000000000e+00
-3.244140625000000000e+00
-1.961914062500000000e+00
-4.824218750000000000e+00
4.882812500000000000e+00
3.107421875000000000e+00
3.427734375000000000e+00
7.707031250000000000e+00
7.753906250000000000e+00
-8.530273437500000000e-01
-4.085937500000000000e+00
9.208984375000000000e-01
2.388671875000000000e+00
6.417968750000000000e+00
7.703125000000000000e+00
4.773437500000000000e+00
-2.906250000000000000e+00
-9.072265625000000000e-01
8.227539062500000000e-01
-1.622070312500000000e+00
-9.980468750000000000e-01
-2.478515625000000000e+00
-3.730468750000000000e+00
-6.609375000000000000e+00
-8.171875000000000000e+00
-5.746093750000000000e+00
3.558593750000000000e+00
6.714843750000000000e+00
3.910156250000000000e+00
1.019531250000000000e+00
9.233398437500000000e-01
3.498046875000000000e+00
7.023437500000000000e+00
9.859375000000000000e+00
1.101562500000000000e+01
9.203125000000000000e+00
4.867187500000000000e+00
-6.801757812500000000e-01
-2.359375000000000000e+00
8.129882812500000000e-01
2.423828125000000000e+00
-1.449218750000000000e+00
-4.558593750000000000e+00
-5.671875000000000000e+00
-9.057617187500000000e-01
3.058593750000000000e+00
3.341796875000000000e+00
-1.078125000000000000e+00
2.919921875000000000e-01
2.710937500000000000e+00
6.468750000000000000e+00
7.742187500000000000e+00
7.988281250000000000e+00
6.140625000000000000e+00
6.820312500000000000e+00
1.084375000000000000e+01
1.315625000000000000e+01
1.153125000000000000e+01
8.781250000000000000e+00
7.058593750000000000e+00
6.207031250000000000e+00
1.289062500000000000e+00
-1.971679687500000000e+00
-6.031250000000000000e+00
-5.929687500000000000e+00
-3.800781250000000000e+00
-1.309570312500000000e+00
2.031250000000000000e+00
1.374023437500000000e+00
2.617187500000000000e+00
2.482421875000000000e+00
4.027343750000000000e+00
3.404296875000000000e+00
3.267578125000000000e+00
2.201171875000000000e+00
6.582031250000000000e-01
1.214599609375000000e-02
-2.263671875000000000e+00
-6.703125000000000000e+00
-6.347656250000000000e+00
-2.560546875000000000e+00
3.105468750000000000e+00
4.726562500000000000e+00
1.088867187500000000e+00
-1.187500000000000000e+00
7.709960937500000000e-01
1.946289062500000000e+00
-1.867675781250000000e-01
-4.281250000000000000e+00
-1.467773437500000000e+00
4.308593750000000000e+00
5.484375000000000000e+00
4.074218750000000000e+00
3.421875000000000000e+00
2.427734375000000000e+00
1.998046875000000000e+00
1.173095703125000000e-01
-8.027343750000000000e-01
-3.953125000000000000e+00
-1.901367187500000000e+00
1.770507812500000000e+00
2.519531250000000000e+00
3.128906250000000000e+00
3.976562500000000000e+00
5.605468750000000000e+00
3.876953125000000000e+00
2.349609375000000000e+00
2.447265625000000000e+00
2.806640625000000000e+00
3.421875000000000000e+00
2.949218750000000000e+00
6.121093750000000000e+00
5.597656250000000000e+00
3.671875000000000000e+00
3.373046875000000000e+00
2.917968750000000000e+00
4.781250000000000000e+00
7.656250000000000000e+00
4.941406250000000000e+00
1.100781250000000000e+01
1.435156250000000000e+01
1.388281250000000000e+01
1.114062500000000000e+01
9.953125000000000000e+00
9.226562500000000000e+00
8.484375000000000000e+00
5.640625000000000000e+00
2.273437500000000000e+00
1.150390625000000000e+00
-5.922851562500000000e-01
-1.417968750000000000e+00
-1.587890625000000000e+00
-4.105468750000000000e+00
-5.941406250000000000e+00
-5.507812500000000000e+00
-3.820312500000000000e+00
-4.414062500000000000e+00
-5.433593750000000000e+00
-4.953125000000000000e+00
-3.238281250000000000e+00
-5.859375000000000000e+00
-7.566406250000000000e+00
-5.792968750000000000e+00
-5.761718750000000000e+00
-5.714843750000000000e+00
-3.660156250000000000e+00
-6.489257812500000000e-01
1.916992187500000000e+00
-8.789062500000000000e-01
9.197998046875000000e-02
3.171875000000000000e+00
6.777343750000000000e+00
7.050781250000000000e+00
7.312500000000000000e+00
5.753906250000000000e+00
2.156250000000000000e+00
-4.015625000000000000e+00
-5.726562500000000000e+00
-3.765625000000000000e+00
5.625000000000000000e-01
3.107421875000000000e+00
4.578125000000000000e+00
4.714843750000000000e+00
5.792968750000000000e+00
3.923828125000000000e+00
1.197265625000000000e+00
1.815429687500000000e+00
5.023437500000000000e+00
4.773437500000000000e+00
2.164062500000000000e+00
-2.300781250000000000e+00
-7.566406250000000000e+00
-6.382812500000000000e+00
-1.446289062500000000e+00
-2.773437500000000000e+00
2.425781250000000000e+00
7.871093750000000000e-01
-4.886718750000000000e+00
3.484375000000000000e+00
1.089843750000000000e+01
8.140625000000000000e+00
4.773437500000000000e+00
5.039062500000000000e+00
4.484375000000000000e+00
3.447265625000000000e+00
7.441406250000000000e-01
-1.161132812500000000e+00
-3.968750000000000000e+00
-1.331054687500000000e+00
2.802734375000000000e+00
7.289062500000000000e+00
6.343750000000000000e+00
4.171875000000000000e+00
7.827148437500000000e-01
1.956787109375000000e-01
3.609375000000000000e+00
7.726562500000000000e+00
1.021093750000000000e+01
8.296875000000000000e+00
3.966796875000000000e+00
-2.800781250000000000e+00
-9.968750000000000000e+00
-9.406250000000000000e+00
-1.035937500000000000e+01
-7.867187500000000000e+00
-6.347656250000000000e+00
-4.187500000000000000e+00
-3.074218750000000000e+00
-1.564453125000000000e+00
5.302734375000000000e-01
2.709960937500000000e-01
3.479003906250000000e-01
-3.317871093750000000e-01
-6.337890625000000000e-01
-2.433593750000000000e+00
-4.386718750000000000e+00
-4.363281250000000000e+00
-4.414062500000000000e+00
-4.832031250000000000e+00
-4.453125000000000000e+00
-4.894531250000000000e+00
-3.429687500000000000e+00
-2.666015625000000000e+00
2.688598632812500000e-02
1.048828125000000000e+00
2.746093750000000000e+00
6.382812500000000000e+00
8.914062500000000000e+00
8.156250000000000000e+00
5.917968750000000000e+00
4.269531250000000000e+00
4.886718750000000000e+00
7.042968750000000000e+00
7.015625000000000000e+00
6.398437500000000000e+00
4.929687500000000000e+00
3.921875000000000000e+00
3.976562500000000000e+00
1.155273437500000000e+00
1.669921875000000000e+00
4.038085937500000000e-01
6.577148437500000000e-01
5.522460937500000000e-01
2.064453125000000000e+00
2.798828125000000000e+00
2.476562500000000000e+00
9.189453125000000000e-01
1.769531250000000000e+00
8.393554687500000000e-01
2.193359375000000000e+00
3.273437500000000000e+00
4.957031250000000000e+00
3.783203125000000000e+00
4.878906250000000000e+00
4.671875000000000000e+00
-2.003906250000000000e+00
-7.609375000000000000e+00
-4.074218750000000000e+00
2.466796875000000000e+00
8.351562500000000000e+00
1.144531250000000000e+01
4.960937500000000000e+00
1.360351562500000000e+00
-7.768554687500000000e-01
-3.701171875000000000e+00
-6.148437500000000000e+00
-7.308593750000000000e+00
-5.832031250000000000e+00
-1.033203125000000000e+00
3.511718750000000000e+00
4.136718750000000000e+00
4.226562500000000000e+00
2.324218750000000000e+00
-1.585937500000000000e+00
4.089843750000000000e+00
1.362500000000000000e+01
1.345312500000000000e+01
8.570312500000000000e+00
7.386718750000000000e+00
6.527343750000000000e+00
9.753417968750000000e-02
2.089843750000000000e+00
1.063281250000000000e+01
8.757812500000000000e+00
9.078125000000000000e+00
1.114062500000000000e+01
7.074218750000000000e+00
4.316406250000000000e+00
2.435546875000000000e+00
2.166015625000000000e+00
1.243750000000000000e+01
1.890625000000000000e+01
1.527343750000000000e+01
1.247656250000000000e+01
7.789062500000000000e+00
2.492187500000000000e+00
-4.203125000000000000e+00
-1.097656250000000000e+01
-1.289843750000000000e+01
-8.664062500000000000e+00
-5.632812500000000000e+00
-3.171875000000000000e+00
-2.324218750000000000e+00
-4.984375000000000000e+00
-5.273437500000000000e+00
-4.445312500000000000e+00
-4.820312500000000000e+00
-7.386718750000000000e+00
-2.466796875000000000e+00
-4.546875000000000000e+00
-6.753906250000000000e+00
-6.531250000000000000e+00
-5.000000000000000000e+00
-2.187500000000000000e+00
-3.943359375000000000e+00
2.724609375000000000e+00
2.564453125000000000e+00
4.058593750000000000e+00
5.757812500000000000e+00
8.304687500000000000e+00
7.058593750000000000e+00
8.015625000000000000e+00
7.957031250000000000e+00
6.457031250000000000e+00
5.332031250000000000e+00
4.328125000000000000e+00
3.683593750000000000e+00
3.617187500000000000e+00
-1.716308593750000000e-01
4.333496093750000000e-02
2.304687500000000000e+00
4.500000000000000000e+00
8.164062500000000000e+00
9.210937500000000000e+00
8.117187500000000000e+00
7.714843750000000000e+00
8.039062500000000000e+00
9.187500000000000000e+00
7.484375000000000000e+00
6.988281250000000000e+00
5.097656250000000000e+00
4.855468750000000000e+00
4.425781250000000000e+00
4.359375000000000000e+00
3.296875000000000000e+00
3.154296875000000000e+00
1.958984375000000000e+00
3.244628906250000000e-01
-2.511718750000000000e+00
-3.982421875000000000e+00
-7.832031250000000000e+00
-1.013281250000000000e+01
-3.734375000000000000e+00
5.921875000000000000e+00
9.757812500000000000e+00
8.812500000000000000e+00
5.000000000000000000e+00
2.697265625000000000e+00
1.150390625000000000e+00
-3.521484375000000000e+00
-5.292968750000000000e+00
2.396240234375000000e-01
6.371093750000000000e+00
1.059375000000000000e+01
1.019531250000000000e+01
5.808593750000000000e+00
-2.603515625000000000e+00
-4.179687500000000000e+00
-5.292968750000000000e-01
9.824218750000000000e-01
1.157226562500000000e+00
2.015625000000000000e+00
1.312255859375000000e-01
-3.570312500000000000e+00
-7.617187500000000000e+00
-1.107031250000000000e+01
-1.140625000000000000e+01
-1.349218750000000000e+01
-1.548437500000000000e+01
-9.937500000000000000e+00
-1.038085937500000000e+00
-1.351562500000000000e+00
-5.582031250000000000e+00
-1.345312500000000000e+01
-1.158593750000000000e+01
-4.171875000000000000e+00
-3.761718750000000000e+00
-7.328125000000000000e+00
-3.888671875000000000e+00
-2.664062500000000000e+00
-4.824829101562500000e-02
-6.567382812500000000e-01
-2.525390625000000000e+00
-5.476562500000000000e+00
-5.773437500000000000e+00
-5.070312500000000000e+00
-1.974609375000000000e+00
2.425781250000000000e+00
4.867187500000000000e+00
6.675781250000000000e+00
7.464843750000000000e+00
6.968750000000000000e+00
5.613281250000000000e+00
2.602539062500000000e-01
-6.207031250000000000e+00
-1.203125000000000000e+01
-1.404687500000000000e+01
-1.328125000000000000e+01
-1.130468750000000000e+01
-9.359375000000000000e+00
-8.421875000000000000e+00
-8.914062500000000000e+00
-1.161718750000000000e+01
-1.092968750000000000e+01
-4.714843750000000000e+00
-2.816406250000000000e+00
5.981445312500000000e-01
-7.875976562500000000e-01
8.359375000000000000e-01
2.976562500000000000e+00
-1.086914062500000000e+00
-7.457031250000000000e+00
-1.181640625000000000e+00
6.464843750000000000e+00
6.871093750000000000e+00
6.992187500000000000e+00
4.984375000000000000e+00
1.629638671875000000e-01
-1.774414062500000000e+00
-4.378906250000000000e+00
-6.363281250000000000e+00
-5.863281250000000000e+00
-5.140625000000000000e+00
-5.109375000000000000e+00
-6.789062500000000000e+00
-7.011718750000000000e+00
-6.121093750000000000e+00
-5.398437500000000000e+00
-6.117187500000000000e+00
-4.667968750000000000e+00
-3.318359375000000000e+00
-2.531250000000000000e+00
-2.648437500000000000e+00
-6.284179687500000000e-01
2.824218750000000000e+00
2.050781250000000000e+00
-1.144531250000000000e+00
-2.357421875000000000e+00
6.281250000000000000e+00
7.500000000000000000e+00
5.464843750000000000e+00
3.744140625000000000e+00
2.376953125000000000e+00
1.161718750000000000e+01
1.175781250000000000e+01
1.107031250000000000e+01
1.210156250000000000e+01
1.370312500000000000e+01
1.092187500000000000e+01
9.421875000000000000e+00
6.968750000000000000e+00
3.765625000000000000e+00
2.968750000000000000e+00
2.000732421875000000e-01
2.468750000000000000e+00
7.457031250000000000e+00
7.265625000000000000e+00
4.480468750000000000e+00
6.332031250000000000e+00
8.390625000000000000e+00
9.085937500000000000e+00
8.617187500000000000e+00
1.050781250000000000e+01
1.050000000000000000e+01
7.566406250000000000e+00
9.281250000000000000e+00
8.625000000000000000e+00
7.273437500000000000e+00
3.546875000000000000e+00
2.148437500000000000e+00
5.285156250000000000e+00
1.069531250000000000e+01
1.176562500000000000e+01
7.800781250000000000e+00
3.996093750000000000e+00
4.233398437500000000e-01
-5.503906250000000000e+00
-6.398437500000000000e+00
-1.200195312500000000e+00
5.675781250000000000e+00
8.023437500000000000e+00
6.585937500000000000e+00
3.023437500000000000e+00
-3.955078125000000000e-01
6.303710937500000000e-01
7.105468750000000000e+00
2.185546875000000000e+00
-8.187500000000000000e+00
-9.765625000000000000e+00
-4.734375000000000000e+00
-2.285156250000000000e+00
1.243164062500000000e+00
5.500000000000000000e+00
7.121093750000000000e+00
7.132812500000000000e+00
6.785156250000000000e+00
5.355468750000000000e+00
4.726562500000000000e+00
9.291992187500000000e-01
2.585449218750000000e-01
-1.310546875000000000e+00
2.468750000000000000e+00
5.746093750000000000e+00
8.117187500000000000e+00
8.781250000000000000e+00
3.695312500000000000e+00
-1.405273437500000000e+00
-3.583984375000000000e+00
-6.316406250000000000e+00
-7.746093750000000000e+00
-8.554687500000000000e+00
-1.270312500000000000e+01
-1.089843750000000000e+01
-6.753906250000000000e+00
-7.203125000000000000e+00
-9.789062500000000000e+00
-9.914062500000000000e+00
-9.781250000000000000e+00
-8.984375000000000000e+00
-8.921875000000000000e+00
-1.169531250000000000e+01
-6.675781250000000000e+00
-8.617187500000000000e+00
-5.367187500000000000e+00
-1.820312500000000000e+00
1.162109375000000000e+00
3.541015625000000000e+00
3.892578125000000000e+00
4.136718750000000000e+00
3.769531250000000000e+00
4.902343750000000000e+00
5.132812500000000000e+00
4.914062500000000000e+00
9.746093750000000000e-01
-2.160644531250000000e-01
-2.203125000000000000e+00
-4.291992187500000000e-01
3.117187500000000000e+00
3.996093750000000000e+00
5.761718750000000000e+00
1.154687500000000000e+01
8.898437500000000000e+00
8.125000000000000000e+00
7.824218750000000000e+00
6.191406250000000000e+00
2.523437500000000000e+00
-3.068359375000000000e+00
-5.483398437500000000e-01
2.482421875000000000e+00
2.641296386718750000e-02
3.058593750000000000e+00
4.351562500000000000e+00
4.207031250000000000e+00
3.269531250000000000e+00
5.078125000000000000e+00
6.265625000000000000e+00
5.042968750000000000e+00
-3.832031250000000000e+00
-2.853515625000000000e+00
4.855468750000000000e+00
9.054687500000000000e+00
9.007812500000000000e+00
8.937500000000000000e+00
7.671875000000000000e+00
7.546875000000000000e+00
6.000000000000000000e+00
5.253906250000000000e+00
7.109375000000000000e+00
4.203125000000000000e+00
5.312500000000000000e+00
6.246093750000000000e+00
6.148437500000000000e+00
1.038281250000000000e+01
8.273437500000000000e+00
6.074218750000000000e+00
1.469531250000000000e+01
1.371875000000000000e+01
-1.858398437500000000e+00
1.036718750000000000e+01
1.687500000000000000e+01
1.272656250000000000e+01
7.000000000000000000e+00
5.277343750000000000e+00
3.730468750000000000e+00
7.859375000000000000e+00
1.064843750000000000e+01
9.578125000000000000e+00
6.437500000000000000e+00
7.011718750000000000e+00
9.156250000000000000e+00
9.281250000000000000e+00
5.546875000000000000e+00
4.011718750000000000e+00
1.171875000000000000e+01
-3.220214843750000000e-01
-5.242187500000000000e+00
4.902343750000000000e+00
8.710937500000000000e+00
5.761718750000000000e+00
4.964843750000000000e+00
8.281250000000000000e+00
1.110156250000000000e+01
3.816406250000000000e+00
-8.523437500000000000e+00
-3.064453125000000000e+00
3.261718750000000000e+00
6.757812500000000000e+00
6.824218750000000000e+00
1.984375000000000000e+00
-5.808593750000000000e+00
-6.968750000000000000e+00
-9.687500000000000000e+00
-8.843750000000000000e+00
-6.332031250000000000e+00
-1.082031250000000000e+00
-1.671875000000000000e+00
-4.183593750000000000e+00
-4.558593750000000000e+00
-3.060546875000000000e+00
-4.062500000000000000e+00
-5.332031250000000000e+00
-7.406250000000000000e+00
-8.460937500000000000e+00
-9.898437500000000000e+00
-1.106250000000000000e+01
5.371093750000000000e-01
5.546875000000000000e-01
5.500000000000000000e+00
6.214843750000000000e+00
-4.707031250000000000e+00
-4.824218750000000000e+00
8.953125000000000000e+00
-3.957519531250000000e-01
-4.464843750000000000e+00
-5.718750000000000000e+00
-4.136718750000000000e+00
-4.218750000000000000e+00
-6.378906250000000000e+00
-5.152343750000000000e+00
-7.816406250000000000e+00
-9.585937500000000000e+00
-7.609375000000000000e+00
-6.539062500000000000e+00
-6.421875000000000000e+00
-6.765625000000000000e+00
-9.796875000000000000e+00
-1.109375000000000000e+01
-1.128125000000000000e+01
-1.058593750000000000e+01
-9.031250000000000000e+00
-9.945312500000000000e+00
-1.018750000000000000e+01
-7.957031250000000000e+00
-9.023437500000000000e+00
-8.296875000000000000e+00
-8.593750000000000000e+00
-8.242187500000000000e+00
-8.632812500000000000e+00
-7.753906250000000000e+00
-8.070312500000000000e+00
-4.753906250000000000e+00
-3.400878906250000000e-01
2.326171875000000000e+00
1.896484375000000000e+00
-6.365966796875000000e-02
-1.823730468750000000e-01
-1.453125000000000000e+00
-2.306640625000000000e+00
1.045898437500000000e+00
2.529296875000000000e+00
5.757812500000000000e+00
6.468750000000000000e+00
2.951171875000000000e+00
4.998779296875000000e-02
-1.445312500000000000e+00
-3.888671875000000000e+00
-5.312500000000000000e+00
-6.781250000000000000e+00
-6.328125000000000000e+00
-7.359375000000000000e+00
-8.414062500000000000e+00
-1.037500000000000000e+01
-1.008593750000000000e+01
-5.906250000000000000e+00
-3.214843750000000000e+00
-5.307617187500000000e-01
6.337890625000000000e-01
2.861328125000000000e+00
3.458984375000000000e+00
2.742187500000000000e+00
1.663085937500000000e+00
-4.763183593750000000e-01
-3.263671875000000000e+00
-7.066406250000000000e+00
-9.171875000000000000e+00
-1.045312500000000000e+01
-1.044531250000000000e+01
-9.265625000000000000e+00
-7.164062500000000000e+00
-5.417968750000000000e+00
-7.949218750000000000e+00
-1.178906250000000000e+01
-9.507812500000000000e+00
3.158203125000000000e+00
7.398437500000000000e+00
2.521484375000000000e+00
-6.726562500000000000e+00
-1.407812500000000000e+01
-1.612500000000000000e+01
-1.175781250000000000e+01
-5.906250000000000000e+00
-3.949218750000000000e+00
-3.904296875000000000e+00
-4.183593750000000000e+00
-3.503906250000000000e+00
-1.283203125000000000e+00
4.898437500000000000e+00
3.320312500000000000e+00
-6.878906250000000000e+00
-1.036718750000000000e+01
-5.250000000000000000e+00
-3.388671875000000000e+00
-3.193359375000000000e+00
-2.478515625000000000e+00
-1.650390625000000000e+00
4.914550781250000000e-01
2.570312500000000000e+00
4.820312500000000000e+00
5.968750000000000000e+00
7.515625000000000000e+00
7.558593750000000000e+00
7.808593750000000000e+00
7.218750000000000000e+00
4.542968750000000000e+00
-2.358398437500000000e-01
-1.382812500000000000e+00
1.113281250000000000e+00
1.211914062500000000e+00
3.050781250000000000e+00
4.851562500000000000e+00
7.921875000000000000e+00
9.484375000000000000e+00
7.992187500000000000e+00
7.152343750000000000e+00
3.966796875000000000e+00
3.886718750000000000e+00
4.222656250000000000e+00
2.133789062500000000e-01
-8.364257812500000000e-01
3.896484375000000000e+00
6.164062500000000000e+00
1.078906250000000000e+01
1.412500000000000000e+01
1.542187500000000000e+01
8.062500000000000000e+00
-1.270507812500000000e+00
-7.203125000000000000e+00
-1.046875000000000000e+01
-8.539062500000000000e+00
-3.511718750000000000e+00
1.864257812500000000e+00
2.570312500000000000e+00
3.122558593750000000e-01
-1.091796875000000000e+00
1.974609375000000000e+00
4.289062500000000000e+00
4.789062500000000000e+00
3.238281250000000000e+00
4.047851562500000000e-01
3.324218750000000000e+00
5.835937500000000000e+00
4.382812500000000000e+00
3.425781250000000000e+00
1.535156250000000000e+00
2.392578125000000000e+00
4.031250000000000000e+00
5.933593750000000000e+00
8.312500000000000000e+00
7.976562500000000000e+00
6.679687500000000000e+00
5.484375000000000000e+00
6.791992187500000000e-01
-5.332031250000000000e+00
-9.203125000000000000e+00
-1.117187500000000000e+01
-9.945312500000000000e+00
-1.013281250000000000e+01
-9.054687500000000000e+00
-1.108593750000000000e+01
-7.523437500000000000e+00
-3.708984375000000000e+00
-5.664062500000000000e-01
-3.119140625000000000e+00
-9.406250000000000000e+00
-1.358593750000000000e+01
-1.654687500000000000e+01
-1.670312500000000000e+01
-1.457812500000000000e+01
-1.178906250000000000e+01
-6.527343750000000000e+00
-2.351562500000000000e+00
-7.890625000000000000e+00
-7.136718750000000000e+00
-4.445312500000000000e+00
-1.413085937500000000e+00
-9.511718750000000000e-01
-9.897460937500000000e-01
-6.226562500000000000e+00
-1.272656250000000000e+01
-1.078125000000000000e+00
3.939453125000000000e+00
-3.742187500000000000e+00
-1.009375000000000000e+01
-8.585937500000000000e+00
-7.148437500000000000e-01
8.570312500000000000e+00
1.065625000000000000e+01
9.838867187500000000e-02
-6.796875000000000000e+00
-1.024218750000000000e+01
-7.343750000000000000e+00
-8.515625000000000000e+00
-8.383789062500000000e-01
5.000000000000000000e-01
-5.421875000000000000e+00
-9.781250000000000000e+00
-9.468750000000000000e+00
-7.710937500000000000e+00
-4.933593750000000000e+00
-2.832031250000000000e+00
-1.247070312500000000e+00
-2.430419921875000000e-01
2.091796875000000000e+00
2.398437500000000000e+00
6.787109375000000000e-01
-2.470703125000000000e-01
1.206054687500000000e+00
-2.895507812500000000e-01
-3.007812500000000000e+00
-2.566406250000000000e+00
-1.475585937500000000e+00
-1.918945312500000000e-01
-7.016601562500000000e-01
-2.505859375000000000e+00
-7.070312500000000000e+00
-4.816406250000000000e+00
-4.133300781250000000e-01
-2.755859375000000000e+00
-2.214843750000000000e+00
6.355468750000000000e+00
1.264062500000000000e+01
1.405468750000000000e+01
9.984375000000000000e+00
3.349609375000000000e+00
5.835937500000000000e+00
8.664062500000000000e+00
7.652343750000000000e+00
5.085937500000000000e+00
3.525390625000000000e+00
6.894531250000000000e+00
9.101562500000000000e+00
4.035156250000000000e+00
2.044921875000000000e+00
1.710937500000000000e+00
-3.023437500000000000e+00
-4.417968750000000000e+00
-3.958984375000000000e+00
-1.992187500000000000e+00
1.344726562500000000e+00
3.042968750000000000e+00
2.333984375000000000e-01
-3.344726562500000000e-01
-4.199218750000000000e+00
-2.753906250000000000e+00
4.414062500000000000e+00
6.609375000000000000e+00
1.041406250000000000e+01
8.578125000000000000e+00
2.943359375000000000e+00
6.967773437500000000e-01
2.800781250000000000e+00
5.484375000000000000e+00
3.457031250000000000e+00
-2.138671875000000000e+00
-8.734375000000000000e+00
-1.398437500000000000e+01
-1.388281250000000000e+01
-5.277343750000000000e+00
-3.234375000000000000e+00
-5.027343750000000000e+00
-6.765625000000000000e+00
-6.929687500000000000e+00
-7.929687500000000000e+00
-1.220312500000000000e+01
-1.424218750000000000e+01
-1.480468750000000000e+01
-1.467187500000000000e+01
-1.629687500000000000e+01
-1.803125000000000000e+01
-1.684375000000000000e+01
-1.363281250000000000e+01
-9.945312500000000000e+00
-4.937500000000000000e+00
-3.326171875000000000e+00
-1.558593750000000000e+00
1.205078125000000000e+00
-1.136718750000000000e+00
-4.351562500000000000e+00
-2.792968750000000000e+00
-1.851562500000000000e+00
-1.875976562500000000e+00
-1.882812500000000000e+00
-3.354492187500000000e-01
7.436523437500000000e-01
1.103515625000000000e+00
1.176757812500000000e+00
1.541015625000000000e+00
1.765625000000000000e+00
2.341796875000000000e+00
2.302734375000000000e+00
2.968750000000000000e+00
3.058593750000000000e+00
2.654296875000000000e+00
2.566406250000000000e+00
2.375000000000000000e+00
3.556640625000000000e+00
1.003906250000000000e+00
1.007812500000000000e+00
3.361816406250000000e-01
4.533691406250000000e-01
1.866210937500000000e+00
4.671875000000000000e+00
7.933593750000000000e+00
5.988281250000000000e+00
5.550781250000000000e+00
5.726562500000000000e+00
6.066406250000000000e+00
5.593750000000000000e+00
4.792968750000000000e+00
4.046875000000000000e+00
4.042968750000000000e+00
4.757812500000000000e+00
3.146484375000000000e+00
4.820312500000000000e+00
5.703125000000000000e+00
5.007812500000000000e+00
3.492187500000000000e+00
1.578125000000000000e+00
-8.427734375000000000e-01
-3.611328125000000000e+00
-4.523437500000000000e+00
-3.039062500000000000e+00
-7.128906250000000000e-01
7.973632812500000000e-01
2.011718750000000000e+00
1.752929687500000000e+00
1.049804687500000000e+00
9.951171875000000000e-01
1.719726562500000000e+00
7.958984375000000000e-01
-1.800781250000000000e+00
-1.365234375000000000e+00
-4.101562500000000000e-01
1.716308593750000000e-01
-1.057617187500000000e+00
-3.266601562500000000e-01
-2.128906250000000000e+00
-2.923828125000000000e+00
-5.218750000000000000e+00
-6.941406250000000000e+00
-8.023437500000000000e+00
-8.351562500000000000e+00
-8.421875000000000000e+00
-5.507812500000000000e+00
-6.886718750000000000e+00
-9.843750000000000000e+00
-3.535156250000000000e+00
-1.448242187500000000e+00
-6.222656250000000000e+00
-9.687500000000000000e+00
-1.509375000000000000e+01
-1.364843750000000000e+01
-1.209375000000000000e+01
-1.010156250000000000e+01
-9.765625000000000000e+00
-6.644531250000000000e+00
-5.527343750000000000e+00
-5.605468750000000000e+00
-7.777343750000000000e+00
-9.257812500000000000e+00
-9.507812500000000000e+00
-9.281250000000000000e+00
-9.656250000000000000e+00
-7.921875000000000000e+00
-4.011718750000000000e+00
-1.728515625000000000e+00
-8.647460937500000000e-01
-2.228515625000000000e+00
-1.762695312500000000e+00
-3.808593750000000000e+00
-4.531250000000000000e+00
-4.246093750000000000e+00
-2.197265625000000000e+00
-4.988281250000000000e+00
-7.136718750000000000e+00
-6.531250000000000000e+00
-3.535156250000000000e+00
-3.593750000000000000e+00
-2.566406250000000000e+00
-1.765625000000000000e+00
-3.461914062500000000e-01
-4.990234375000000000e-01
2.244140625000000000e+00
2.335937500000000000e+00
3.398437500000000000e+00
3.679687500000000000e+00
3.763671875000000000e+00
2.525390625000000000e+00
-6.948242187500000000e-01
-2.537109375000000000e+00
-7.132812500000000000e+00
-6.964843750000000000e+00
-4.621093750000000000e+00
-4.656250000000000000e+00
-4.929687500000000000e+00
-2.685546875000000000e+00
-2.505859375000000000e+00
-3.605468750000000000e+00
-6.363281250000000000e+00
-7.941406250000000000e+00
-8.187500000000000000e+00
-6.781250000000000000e+00
-7.746093750000000000e+00
-5.460937500000000000e+00
-6.558593750000000000e+00
-6.277343750000000000e+00
-9.070312500000000000e+00
-8.156250000000000000e+00
-8.171875000000000000e+00
-8.828125000000000000e+00
-1.087500000000000000e+01
-8.984375000000000000e+00
-7.574218750000000000e+00
-7.332031250000000000e+00
-8.937500000000000000e+00
-7.773437500000000000e+00
-7.906250000000000000e+00
-8.453125000000000000e+00
-1.038281250000000000e+01
-1.021875000000000000e+01
-8.765625000000000000e+00
-8.757812500000000000e+00
-1.047656250000000000e+01
