-1.944335937500000000e+00
-1.574218750000000000e+00
-1.771484375000000000e+00
-2.619140625000000000e+00
-2.853515625000000000e+00
-8.305664062500000000e-01
8.435058593750000000e-02
1.796875000000000000e+00
2.931640625000000000e+00
4.308593750000000000e+00
4.101562500000000000e+00
3.083984375000000000e+00
-4.741210937500000000e-01
-1.678710937500000000e+00
-2.603515625000000000e+00
-2.822265625000000000e+00
-2.595703125000000000e+00
-1.257812500000000000e+00
-1.668945312500000000e+00
-2.736328125000000000e+00
-2.027343750000000000e+00
-1.560546875000000000e+00
-2.988281250000000000e+00
-5.890625000000000000e+00
-6.457031250000000000e+00
-7.007812500000000000e+00
-7.191406250000000000e+00
-4.480468750000000000e+00
6.374359130859375000e-03
3.318359375000000000e+00
4.136718750000000000e+00
4.347656250000000000e+00
2.626953125000000000e+00
1.574218750000000000e+00
1.021484375000000000e+00
5.478515625000000000e-01
-8.354492187500000000e-01
-2.226562500000000000e+00
-3.462890625000000000e+00
2.135009765625000000e-01
6.859375000000000000e+00
4.632812500000000000e+00
4.863281250000000000e+00
3.003906250000000000e+00
-2.677734375000000000e+00
-7.503906250000000000e+00
-1.107031250000000000e+01
-1.363281250000000000e+01
-1.277343750000000000e+01
-1.043750000000000000e+01
3.476562500000000000e-01
-3.167968750000000000e+00
-8.664062500000000000e+00
-7.558593750000000000e+00
-6.148437500000000000e+00
-5.992187500000000000e+00
-3.158203125000000000e+00
-1.750976562500000000e+00
-4.196777343750000000e-01
1.200195312500000000e+00
1.110351562500000000e+00
7.167968750000000000e-01
7.539062500000000000e-01
-1.614257812500000000e+00
-2.835937500000000000e+00
-3.947265625000000000e+00
-6.324218750000000000e+00
-8.148437500000000000e+00
-7.515625000000000000e+00
-6.742187500000000000e+00
-6.937500000000000000e+00
-6.320312500000000000e+00
-6.148437500000000000e+00
-5.175781250000000000e+00
-4.773437500000000000e+00
-4.566406250000000000e+00
-3.832031250000000000e+00
-2.566406250000000000e+00
-1.703125000000000000e+00
-2.835937500000000000e+00
-2.416015625000000000e+00
-2.269531250000000000e+00
-2.814453125000000000e+00
-3.482421875000000000e+00
-2.953125000000000000e+00
-8.554687500000000000e-01
-1.854248046875000000e-01
-9.025573730468750000e-03
-5.849609375000000000e-01
1.630859375000000000e-01
-1.212890625000000000e+00
-1.958007812500000000e+00
-2.746093750000000000e+00
-2.279296875000000000e+00
-1.474609375000000000e+00
-2.281250000000000000e+00
-2.951171875000000000e+00
-3.736328125000000000e+00
-2.773437500000000000e+00
-3.992187500000000000e+00
-1.969726562500000000e+00
-1.958984375000000000e+00
-1.606445312500000000e+00
-2.285156250000000000e+00
-2.126953125000000000e+00
-5.761718750000000000e+00
-4.148437500000000000e+00
5.472656250000000000e+00
5.492187500000000000e+00
1.644531250000000000e+00
-2.156250000000000000e+00
-6.613281250000000000e+00
-4.976562500000000000e+00
8.730468750000000000e-01
7.667968750000000000e+00
1.385937500000000000e+01
1.299218750000000000e+01
9.835937500000000000e+00
2.601562500000000000e+00
-3.609375000000000000e+00
-8.364257812500000000e-01
3.611328125000000000e+00
3.140625000000000000e+00
2.269531250000000000e+00
8.041992187500000000e-01
-2.332031250000000000e+00
-4.582031250000000000e+00
-7.492187500000000000e+00
-9.351562500000000000e+00
-8.476562500000000000e+00
-8.429687500000000000e+00
-9.453125000000000000e+00
-6.382812500000000000e+00
-5.937500000000000000e+00
-6.105468750000000000e+00
-7.292968750000000000e+00
-6.851562500000000000e+00
-6.972656250000000000e+00
-8.171875000000000000e+00
-1.096875000000000000e+01
-9.804687500000000000e+00
-9.914062500000000000e+00
-1.060156250000000000e+01
-1.030468750000000000e+01
-1.035156250000000000e+01
-9.078125000000000000e+00
-7.640625000000000000e+00
-6.539062500000000000e+00
-3.302734375000000000e+00
-1.220703125000000000e+00
-7.250976562500000000e-01
6.401367187500000000e-01
1.450195312500000000e+00
1.588867187500000000e+00
1.541992187500000000e+00
2.017578125000000000e+00
1.122070312500000000e+00
3.029785156250000000e-01
-4.589843750000000000e-01
-1.485351562500000000e+00
-1.079101562500000000e+00
-3.854980468750000000e-01
8.730468750000000000e-01
3.625000000000000000e+00
5.351562500000000000e+00
4.539062500000000000e+00
2.816406250000000000e+00
4.566406250000000000e+00
6.964843750000000000e+00
7.843750000000000000e+00
7.097656250000000000e+00
5.582031250000000000e+00
4.183593750000000000e+00
2.474609375000000000e+00
2.474609375000000000e+00
2.398437500000000000e+00
4.230468750000000000e+00
2.119140625000000000e+00
7.148437500000000000e-01
6.329345703125000000e-02
1.416015625000000000e+00
1.318359375000000000e-01
3.835449218750000000e-01
-4.057617187500000000e-01
-3.871093750000000000e+00
-6.210937500000000000e+00
-7.656250000000000000e+00
-1.059375000000000000e+01
-7.742187500000000000e+00
-6.542968750000000000e+00
-5.617187500000000000e+00
-3.750000000000000000e+00
-1.234130859375000000e-01
1.484375000000000000e+00
2.162109375000000000e+00
1.229492187500000000e+00
-1.374023437500000000e+00
-3.019531250000000000e+00
-3.068359375000000000e+00
-2.767578125000000000e+00
-8.886718750000000000e-01
-8.380126953125000000e-02
6.347656250000000000e-01
3.544921875000000000e-01
5.415039062500000000e-01
-2.292968750000000000e+00
-4.972656250000000000e+00
-9.195312500000000000e+00
-1.166406250000000000e+01
-1.262500000000000000e+01
-9.640625000000000000e+00
-4.843750000000000000e+00
-3.376464843750000000e-01
2.703125000000000000e+00
1.069946289062500000e-01
-4.570312500000000000e+00
-7.593750000000000000e+00
-1.867187500000000000e+00
5.035156250000000000e+00
9.046875000000000000e+00
2.433593750000000000e+00
-2.007812500000000000e+00
6.453125000000000000e+00
1.025781250000000000e+01
1.024218750000000000e+01
9.476562500000000000e+00
1.065625000000000000e+01
1.134375000000000000e+01
6.371093750000000000e+00
-4.199218750000000000e-01
-6.351562500000000000e+00
-1.131250000000000000e+01
-8.781250000000000000e+00
-5.738281250000000000e+00
-4.796875000000000000e+00
-4.207031250000000000e+00
-1.840820312500000000e+00
2.505859375000000000e+00
5.312500000000000000e+00
7.667968750000000000e+00
7.449218750000000000e+00
5.949218750000000000e+00
5.011718750000000000e+00
5.937500000000000000e+00
5.335937500000000000e+00
3.308593750000000000e+00
3.761718750000000000e+00
3.925781250000000000e+00
4.230468750000000000e+00
2.251953125000000000e+00
1.768554687500000000e+00
2.681640625000000000e+00
9.301757812500000000e-01
-5.335937500000000000e+00
-7.417968750000000000e+00
-5.246093750000000000e+00
-1.487304687500000000e+00
-1.462890625000000000e+00
-6.108398437500000000e-01
4.457031250000000000e+00
5.183593750000000000e+00
6.406250000000000000e+00
5.378906250000000000e+00
3.783203125000000000e+00
2.560546875000000000e+00
-1.111328125000000000e+00
-2.947265625000000000e+00
-1.841796875000000000e+00
-2.238281250000000000e+00
-2.878906250000000000e+00
-2.906250000000000000e+00
-5.320312500000000000e+00
-3.791015625000000000e+00
-3.392578125000000000e+00
-2.388671875000000000e+00
-7.587890625000000000e-01
1.649414062500000000e+00
8.930664062500000000e-01
6.824218750000000000e+00
9.734375000000000000e+00
8.921875000000000000e+00
6.941406250000000000e+00
5.042968750000000000e+00
3.658203125000000000e+00
1.645507812500000000e+00
3.435546875000000000e+00
3.439453125000000000e+00
4.585937500000000000e+00
6.656250000000000000e+00
5.316406250000000000e+00
4.062500000000000000e+00
1.604492187500000000e+00
-1.954101562500000000e+00
-5.191406250000000000e+00
-5.890625000000000000e+00
-7.550781250000000000e+00
-7.707031250000000000e+00
-8.453125000000000000e+00
-9.171875000000000000e+00
-9.835937500000000000e+00
-8.820312500000000000e+00
-8.742187500000000000e+00
-8.898437500000000000e+00
-8.382812500000000000e+00
-8.445312500000000000e+00
-6.937500000000000000e+00
-6.832031250000000000e+00
-6.414062500000000000e+00
-6.207031250000000000e+00
-6.191406250000000000e+00
-6.078125000000000000e+00
-6.621093750000000000e+00
-6.265625000000000000e+00
-6.394531250000000000e+00
-7.214843750000000000e+00
-7.949218750000000000e+00
-7.781250000000000000e+00
-7.640625000000000000e+00
-6.558593750000000000e+00
-6.335937500000000000e+00
-4.679687500000000000e+00
-3.625000000000000000e+00
-3.333984375000000000e+00
-3.488281250000000000e+00
-1.319335937500000000e+00
1.184082031250000000e-01
2.158203125000000000e+00
-4.885253906250000000e-01
2.261718750000000000e+00
3.050781250000000000e+00
3.789062500000000000e+00
4.007812500000000000e+00
4.656250000000000000e+00
7.257812500000000000e+00
4.425781250000000000e+00
-1.562500000000000000e-01
-2.281250000000000000e+00
-2.091796875000000000e+00
-1.372070312500000000e+00
-1.853515625000000000e+00
-4.207031250000000000e+00
-7.992187500000000000e+00
-1.108593750000000000e+01
-9.703125000000000000e+00
-1.016406250000000000e+01
-8.562500000000000000e+00
-8.226562500000000000e+00
-7.328125000000000000e+00
-7.605468750000000000e+00
-7.101562500000000000e+00
-7.277343750000000000e+00
-8.351562500000000000e+00
-7.640625000000000000e+00
-7.757812500000000000e+00
-7.675781250000000000e+00
-7.531250000000000000e+00
-6.152343750000000000e+00
-5.812500000000000000e+00
-4.726562500000000000e+00
-3.685546875000000000e+00
-2.375000000000000000e+00
-2.025390625000000000e+00
-2.859375000000000000e+00
-4.566406250000000000e+00
-7.191406250000000000e+00
-8.359375000000000000e+00
-8.578125000000000000e+00
-7.816406250000000000e+00
-8.320312500000000000e+00
-9.312500000000000000e+00
-1.059375000000000000e+01
-1.061718750000000000e+01
-1.145312500000000000e+01
-1.149218750000000000e+01
-1.056250000000000000e+01
-8.921875000000000000e+00
-8.820312500000000000e+00
-7.750000000000000000e+00
-7.667968750000000000e+00
-7.750000000000000000e+00
-7.960937500000000000e+00
-8.281250000000000000e+00
-9.054687500000000000e+00
-9.414062500000000000e+00
-9.843750000000000000e+00
-9.273437500000000000e+00
-9.304687500000000000e+00
-8.367187500000000000e+00
-8.101562500000000000e+00
-7.132812500000000000e+00
-6.734375000000000000e+00
-5.492187500000000000e+00
-4.917968750000000000e+00
-4.113281250000000000e+00
-2.949218750000000000e+00
-2.923828125000000000e+00
-3.185546875000000000e+00
-3.248046875000000000e+00
-3.406250000000000000e+00
-2.619140625000000000e+00
-2.875000000000000000e+00
-2.980468750000000000e+00
-2.074218750000000000e+00
-1.607421875000000000e+00
-8.588867187500000000e-01
5.996093750000000000e-01
1.541015625000000000e+00
1.661132812500000000e+00
-7.573242187500000000e-01
-1.097656250000000000e+00
-2.046875000000000000e+00
-4.616699218750000000e-01
-1.496582031250000000e-01
1.057617187500000000e+00
1.582031250000000000e+00
2.308593750000000000e+00
3.840332031250000000e-01
-1.810546875000000000e+00
-4.515625000000000000e+00
-6.500000000000000000e+00
-8.460937500000000000e+00
-9.773437500000000000e+00
-1.000781250000000000e+01
-9.046875000000000000e+00
-8.437500000000000000e+00
-6.011718750000000000e+00
-3.103515625000000000e+00
-3.238281250000000000e+00
-3.767578125000000000e+00
-5.031250000000000000e+00
-5.628906250000000000e+00
-5.597656250000000000e+00
-5.460937500000000000e+00
-5.273437500000000000e+00
-4.941406250000000000e+00
-4.898437500000000000e+00
-6.507812500000000000e+00
-6.593750000000000000e+00
-5.753906250000000000e+00
-4.031250000000000000e+00
-2.343750000000000000e+00
-6.230468750000000000e-01
1.297851562500000000e+00
9.628906250000000000e-01
2.185546875000000000e+00
2.166015625000000000e+00
2.533203125000000000e+00
1.019531250000000000e+00
5.668945312500000000e-01
4.156250000000000000e+00
4.761718750000000000e+00
1.989257812500000000e+00
-2.339843750000000000e+00
-3.324218750000000000e+00
-3.579101562500000000e-01
2.273437500000000000e+00
2.380859375000000000e+00
2.287109375000000000e+00
4.171875000000000000e+00
6.496093750000000000e+00
6.328125000000000000e+00
6.691406250000000000e+00
6.511718750000000000e+00
5.921875000000000000e+00
5.238281250000000000e+00
4.781250000000000000e+00
4.347656250000000000e+00
4.890625000000000000e+00
3.541015625000000000e+00
8.666992187500000000e-01
8.945312500000000000e-01
5.781250000000000000e+00
1.195312500000000000e+01
1.323437500000000000e+01
8.968750000000000000e+00
4.710937500000000000e+00
2.523437500000000000e+00
1.688476562500000000e+00
-1.515625000000000000e+00
-4.628906250000000000e+00
-6.835937500000000000e+00
-9.054687500000000000e+00
-7.320312500000000000e+00
-2.291015625000000000e+00
1.560546875000000000e+00
1.475585937500000000e+00
-1.187500000000000000e+00
-3.267578125000000000e+00
-5.472656250000000000e+00
-6.953125000000000000e+00
-9.031250000000000000e+00
-1.035156250000000000e+01
-1.202343750000000000e+01
-1.328125000000000000e+01
-1.271093750000000000e+01
-1.209375000000000000e+01
-1.218750000000000000e+01
-1.024218750000000000e+01
-4.460937500000000000e+00
-5.185546875000000000e-01
7.592773437500000000e-01
-1.773437500000000000e+00
-3.732421875000000000e+00
1.068359375000000000e+00
-2.101562500000000000e+00
-5.878906250000000000e+00
-2.980468750000000000e+00
-2.031250000000000000e+00
-7.582031250000000000e+00
-1.093750000000000000e+01
-6.468750000000000000e+00
-7.867187500000000000e+00
-4.375000000000000000e+00
-7.281250000000000000e+00
-7.472656250000000000e+00
-5.609375000000000000e+00
-5.437500000000000000e+00
-6.011718750000000000e+00
-6.203125000000000000e+00
-6.187500000000000000e+00
-6.464843750000000000e+00
-1.299218750000000000e+01
-8.429687500000000000e+00
-1.076562500000000000e+01
-7.550781250000000000e+00
-3.335937500000000000e+00
-1.374023437500000000e+00
-9.067382812500000000e-01
-1.118164062500000000e+00
-3.015625000000000000e+00
-3.324218750000000000e+00
-6.453125000000000000e+00
2.900390625000000000e-01
6.109375000000000000e+00
2.960937500000000000e+00
-1.498046875000000000e+00
-8.222656250000000000e-01
8.784179687500000000e-01
2.980468750000000000e+00
4.710937500000000000e+00
6.699218750000000000e+00
9.453125000000000000e+00
1.015625000000000000e+01
8.625000000000000000e+00
7.550781250000000000e+00
3.357421875000000000e+00
2.677734375000000000e+00
2.833984375000000000e+00
5.207031250000000000e+00
5.000000000000000000e+00
3.828125000000000000e+00
3.013671875000000000e+00
8.730468750000000000e-01
-5.585937500000000000e-01
-8.349609375000000000e-01
7.539062500000000000e-01
1.681640625000000000e+00
2.970703125000000000e+00
2.273437500000000000e+00
8.071289062500000000e-01
-8.046875000000000000e-01
-2.560546875000000000e+00
-4.296875000000000000e+00
-6.265625000000000000e+00
-9.578125000000000000e+00
-1.212500000000000000e+01
-1.478125000000000000e+01
-1.324218750000000000e+01
-1.241406250000000000e+01
-1.164062500000000000e+01
-1.151562500000000000e+01
-9.812500000000000000e+00
-9.781250000000000000e+00
-9.187500000000000000e+00
-1.039843750000000000e+01
-1.021093750000000000e+01
-1.184375000000000000e+01
-1.369531250000000000e+01
-1.475781250000000000e+01
-1.400781250000000000e+01
-1.257812500000000000e+01
-1.288281250000000000e+01
-1.204687500000000000e+01
-1.091406250000000000e+01
-7.859375000000000000e+00
-5.925781250000000000e+00
-2.921875000000000000e+00
-5.585937500000000000e-01
1.616210937500000000e+00
1.532226562500000000e+00
6.279296875000000000e-01
-7.934570312500000000e-01
-1.453125000000000000e+00
-9.062500000000000000e-01
-2.359375000000000000e+00
-1.910156250000000000e+00
-4.773437500000000000e+00
-6.011718750000000000e+00
-8.593750000000000000e+00
-1.028906250000000000e+01
-8.812500000000000000e+00
-3.967285156250000000e-01
-2.171875000000000000e+00
-7.503906250000000000e+00
-8.062500000000000000e+00
-1.825195312500000000e+00
6.103515625000000000e-01
-5.542968750000000000e+00
-6.761718750000000000e+00
-5.468750000000000000e+00
8.664062500000000000e+00
3.808593750000000000e+00
-5.386718750000000000e+00
-4.152343750000000000e+00
-6.164062500000000000e+00
-1.277343750000000000e+00
3.195312500000000000e+00
7.183593750000000000e+00
4.644531250000000000e+00
-1.945312500000000000e+00
-3.726562500000000000e+00
-2.607421875000000000e+00
4.343750000000000000e+00
8.632812500000000000e+00
8.851562500000000000e+00
9.062500000000000000e+00
1.017187500000000000e+01
7.988281250000000000e+00
5.957031250000000000e+00
4.898437500000000000e+00
3.980468750000000000e+00
2.695312500000000000e+00
2.871093750000000000e-01
-2.958984375000000000e+00
-2.693359375000000000e+00
-2.339843750000000000e+00
1.563476562500000000e+00
3.265625000000000000e+00
3.849609375000000000e+00
4.828125000000000000e+00
3.986328125000000000e+00
3.761718750000000000e+00
2.648437500000000000e+00
1.366210937500000000e+00
-3.828125000000000000e+00
-1.173437500000000000e+01
-1.544531250000000000e+01
-1.522656250000000000e+01
-4.023437500000000000e+00
-6.992187500000000000e+00
-7.722656250000000000e+00
-8.703125000000000000e+00
-5.761718750000000000e+00
-5.922851562500000000e-01
3.103515625000000000e+00
5.156250000000000000e+00
4.550781250000000000e+00
4.148437500000000000e+00
1.734375000000000000e+00
-1.813476562500000000e+00
-4.871093750000000000e+00
-8.703125000000000000e+00
-6.941406250000000000e+00
2.238281250000000000e+00
1.092187500000000000e+01
1.161718750000000000e+01
1.226562500000000000e+01
9.914062500000000000e+00
2.765625000000000000e+00
-2.292968750000000000e+00
-3.366699218750000000e-01
-1.916992187500000000e+00
-3.939453125000000000e+00
1.127929687500000000e+00
8.484375000000000000e+00
4.042968750000000000e+00
7.871093750000000000e+00
7.003906250000000000e+00
3.404296875000000000e+00
-1.112304687500000000e+00
-3.519531250000000000e+00
-5.394531250000000000e+00
-4.500000000000000000e+00
-1.402343750000000000e+00
1.794921875000000000e+00
3.111328125000000000e+00
3.847656250000000000e-01
-4.546875000000000000e+00
1.645507812500000000e+00
3.138671875000000000e+00
3.517578125000000000e+00
2.962890625000000000e+00
2.376953125000000000e+00
2.185546875000000000e+00
2.671875000000000000e+00
4.273437500000000000e+00
3.791015625000000000e+00
2.265625000000000000e+00
8.569335937500000000e-01
2.089843750000000000e+00
2.423828125000000000e+00
1.877929687500000000e+00
9.672851562500000000e-01
3.183593750000000000e-01
2.105468750000000000e+00
1.559570312500000000e+00
-1.342773437500000000e-01
-1.689453125000000000e+00
-9.008789062500000000e-01
-3.126953125000000000e+00
-5.855468750000000000e+00
-9.265625000000000000e+00
-9.468750000000000000e+00
-1.623046875000000000e+00
8.664062500000000000e+00
1.068750000000000000e+01
5.738281250000000000e+00
1.691406250000000000e+00
1.976562500000000000e+00
4.953125000000000000e+00
6.960937500000000000e+00
6.757812500000000000e+00
6.398437500000000000e+00
5.082031250000000000e+00
3.078125000000000000e+00
9.311523437500000000e-01
1.187500000000000000e+00
2.029296875000000000e+00
3.609375000000000000e+00
6.605468750000000000e+00
8.835937500000000000e+00
7.855468750000000000e+00
8.710937500000000000e+00
6.789062500000000000e+00
7.394531250000000000e+00
6.105468750000000000e+00
6.378906250000000000e+00
8.281250000000000000e+00
1.161718750000000000e+01
1.288281250000000000e+01
9.304687500000000000e+00
7.738281250000000000e+00
8.531250000000000000e+00
8.835937500000000000e+00
1.046875000000000000e+01
1.028906250000000000e+01
8.937500000000000000e+00
4.238281250000000000e+00
1.586914062500000000e+00
1.485351562500000000e+00
-6.782226562500000000e-01
-2.039062500000000000e+00
-5.441406250000000000e+00
-1.528167724609375000e-02
5.199218750000000000e+00
6.937500000000000000e+00
1.098437500000000000e+01
1.437500000000000000e+01
1.496875000000000000e+01
7.816406250000000000e+00
1.832031250000000000e+00
3.283203125000000000e+00
2.093750000000000000e+00
5.004882812500000000e-01
4.709472656250000000e-01
1.640625000000000000e+00
1.881835937500000000e+00
-6.176757812500000000e-01
-2.345703125000000000e+00
-5.597656250000000000e+00
-5.898437500000000000e+00
-5.671875000000000000e+00
-1.975585937500000000e+00
-6.903076171875000000e-02
4.015625000000000000e+00
4.656250000000000000e+00
5.492187500000000000e+00
8.562500000000000000e+00
1.140625000000000000e+01
1.130468750000000000e+01
9.757812500000000000e+00
9.703125000000000000e+00
8.343750000000000000e+00
6.296875000000000000e+00
5.882812500000000000e+00
7.367187500000000000e+00
7.187500000000000000e+00
6.761718750000000000e+00
6.714843750000000000e+00
7.015625000000000000e+00
5.351562500000000000e+00
-6.381835937500000000e-01
-3.650390625000000000e+00
4.828125000000000000e+00
6.191406250000000000e+00
4.476562500000000000e+00
2.810546875000000000e+00
1.291015625000000000e+00
2.763671875000000000e-01
-2.296875000000000000e+00
-4.933593750000000000e+00
-7.140625000000000000e+00
-8.531250000000000000e+00
-8.906250000000000000e+00
-9.859375000000000000e+00
-9.882812500000000000e+00
-1.075781250000000000e+01
-1.100781250000000000e+01
-1.090625000000000000e+01
-9.007812500000000000e+00
-6.976562500000000000e+00
-8.679687500000000000e+00
-1.153125000000000000e+01
-1.428906250000000000e+01
-1.572656250000000000e+01
-1.592187500000000000e+01
-1.568750000000000000e+01
-3.935546875000000000e+00
1.330566406250000000e-01
-7.910156250000000000e-01
-3.210937500000000000e+00
-5.007812500000000000e+00
-5.035156250000000000e+00
-4.214843750000000000e+00
-3.878906250000000000e+00
-2.867187500000000000e+00
-2.285156250000000000e+00
-2.503906250000000000e+00
-2.396484375000000000e+00
-2.943359375000000000e+00
-6.230468750000000000e-01
1.400390625000000000e+00
2.513671875000000000e+00
3.273437500000000000e+00
2.136718750000000000e+00
1.921875000000000000e+00
1.092773437500000000e+00
-1.772460937500000000e-01
-6.787109375000000000e-01
-1.246093750000000000e+00
2.038574218750000000e-01
4.216308593750000000e-01
2.316406250000000000e+00
1.825195312500000000e+00
2.574218750000000000e+00
1.660156250000000000e+00
3.111328125000000000e+00
2.787109375000000000e+00
2.699218750000000000e+00
4.632812500000000000e+00
7.429687500000000000e+00
2.701171875000000000e+00
2.398681640625000000e-01
-1.467773437500000000e+00
-2.890625000000000000e+00
-3.857421875000000000e+00
-3.492187500000000000e+00
-3.207031250000000000e+00
-3.001953125000000000e+00
-2.861328125000000000e+00
-4.058593750000000000e+00
-4.089843750000000000e+00
-3.214843750000000000e+00
-2.250000000000000000e+00
-3.355468750000000000e+00
-3.595703125000000000e+00
-4.503906250000000000e+00
-2.511718750000000000e+00
-6.259765625000000000e-01
-1.185607910156250000e-02
2.648925781250000000e-01
1.883789062500000000e+00
1.244140625000000000e+00
7.900390625000000000e-01
-1.285156250000000000e+00
-1.891601562500000000e+00
-4.609375000000000000e+00
-3.839843750000000000e+00
-1.592773437500000000e+00
1.188476562500000000e+00
2.355468750000000000e+00
3.478515625000000000e+00
3.146484375000000000e+00
2.623046875000000000e+00
2.587890625000000000e+00
2.228515625000000000e+00
1.133789062500000000e+00
-5.297851562500000000e-01
-3.107421875000000000e+00
-3.451171875000000000e+00
-3.941406250000000000e+00
-5.097656250000000000e+00
-5.398437500000000000e+00
-5.226562500000000000e+00
-3.724609375000000000e+00
-1.654296875000000000e+00
-2.576171875000000000e+00
-3.064453125000000000e+00
1.170898437500000000e+00
5.218750000000000000e+00
7.179687500000000000e+00
5.617187500000000000e+00
4.066406250000000000e+00
7.246093750000000000e+00
6.574218750000000000e+00
4.394531250000000000e+00
3.048828125000000000e+00
2.564453125000000000e+00
4.851562500000000000e+00
8.054687500000000000e+00
9.906250000000000000e+00
1.020312500000000000e+01
8.953125000000000000e+00
6.949218750000000000e+00
3.369140625000000000e+00
5.605468750000000000e-01
3.074218750000000000e+00
3.427734375000000000e+00
4.132812500000000000e+00
2.869140625000000000e+00
1.001953125000000000e+00
-2.070312500000000000e+00
-2.218750000000000000e+00
3.900146484375000000e-02
2.082031250000000000e+00
1.713867187500000000e+00
4.246093750000000000e+00
8.054687500000000000e+00
7.363281250000000000e+00
6.949218750000000000e+00
5.289062500000000000e+00
2.644531250000000000e+00
1.635742187500000000e+00
2.894531250000000000e+00
4.425781250000000000e+00
-8.574218750000000000e-01
-2.890625000000000000e+00
-5.601562500000000000e+00
-3.078125000000000000e+00
-6.704101562500000000e-01
-1.603515625000000000e+00
3.144531250000000000e-01
5.878906250000000000e+00
7.285156250000000000e+00
5.035156250000000000e+00
3.138671875000000000e+00
3.119140625000000000e+00
6.148437500000000000e+00
8.671875000000000000e+00
4.265625000000000000e+00
-9.780273437500000000e-01
-1.970703125000000000e+00
-3.816406250000000000e+00
-3.839843750000000000e+00
-3.873046875000000000e+00
-7.402343750000000000e-01
2.341796875000000000e+00
5.285156250000000000e+00
4.269531250000000000e+00
1.568359375000000000e+00
-4.152343750000000000e+00
-5.796875000000000000e+00
-2.631835937500000000e-01
3.031250000000000000e+00
3.787109375000000000e+00
3.107421875000000000e+00
-1.583007812500000000e+00
-7.800781250000000000e+00
-1.121093750000000000e+01
-1.581250000000000000e+01
-1.910937500000000000e+01
-1.856250000000000000e+01
-1.729687500000000000e+01
-1.550781250000000000e+01
-1.330468750000000000e+01
-1.090625000000000000e+01
-1.062500000000000000e+01
-9.718750000000000000e+00
-9.773437500000000000e+00
-1.062500000000000000e+01
-1.025781250000000000e+01
-9.687500000000000000e+00
-9.804687500000000000e+00
-1.085156250000000000e+01
-1.200781250000000000e+01
-1.310156250000000000e+01
-1.318750000000000000e+01
-1.312500000000000000e+01
-1.021875000000000000e+01
-7.687500000000000000e+00
-7.679687500000000000e+00
-7.757812500000000000e+00
-7.867187500000000000e+00
-7.394531250000000000e+00
-6.679687500000000000e+00
-4.890625000000000000e+00
-3.025390625000000000e+00
-1.541748046875000000e-01
4.692382812500000000e-01
1.123046875000000000e+00
-6.494140625000000000e-02
-4.449218750000000000e+00
-4.921875000000000000e+00
-2.525390625000000000e+00
-1.497070312500000000e+00
7.623291015625000000e-02
6.166992187500000000e-01
1.958984375000000000e+00
2.453125000000000000e+00
2.128906250000000000e+00
9.980468750000000000e-01
8.905029296875000000e-02
-1.612304687500000000e+00
-2.701171875000000000e+00
-3.328125000000000000e+00
-5.535156250000000000e+00
-6.144531250000000000e+00
-8.242187500000000000e+00
-1.211718750000000000e+01
-1.491406250000000000e+01
-1.183593750000000000e+01
-2.589843750000000000e+00
-3.683593750000000000e+00
-3.960937500000000000e+00
9.882812500000000000e-01
5.707031250000000000e+00
5.382812500000000000e+00
-1.789062500000000000e+00
-2.677734375000000000e+00
-3.322265625000000000e+00
-2.894531250000000000e+00
4.531250000000000000e+00
6.714843750000000000e+00
1.083984375000000000e+00
-3.314453125000000000e+00
-2.279296875000000000e+00
3.398437500000000000e+00
6.101562500000000000e+00
1.214843750000000000e+00
-9.906250000000000000e+00
-8.945312500000000000e+00
-3.707031250000000000e+00
1.578125000000000000e+00
2.412109375000000000e+00
2.750000000000000000e+00
2.796875000000000000e+00
-9.686279296875000000e-02
-1.734375000000000000e+00
-7.406250000000000000e+00
-1.064062500000000000e+01
-8.250000000000000000e+00
-2.650390625000000000e+00
-5.128906250000000000e+00
2.146484375000000000e+00
4.613281250000000000e+00
5.832031250000000000e+00
7.171875000000000000e+00
7.632812500000000000e+00
7.199218750000000000e+00
6.132812500000000000e+00
9.204101562500000000e-01
-7.953125000000000000e+00
-1.585937500000000000e+01
-1.291406250000000000e+01
-9.070312500000000000e+00
-5.312500000000000000e+00
-1.633789062500000000e+00
-2.343750000000000000e+00
-8.847656250000000000e-01
-1.913085937500000000e+00
-2.265625000000000000e+00
-1.644531250000000000e+00
1.740234375000000000e+00
6.121093750000000000e+00
9.375000000000000000e+00
7.816406250000000000e+00
1.719726562500000000e+00
-2.806640625000000000e+00
7.687500000000000000e+00
8.585937500000000000e+00
1.087500000000000000e+01
1.091406250000000000e+01
8.523437500000000000e+00
1.717773437500000000e+00
-6.320312500000000000e+00
-1.178906250000000000e+01
-1.026562500000000000e+01
-7.207031250000000000e+00
-5.210937500000000000e+00
-5.671875000000000000e+00
-7.132812500000000000e+00
-7.527343750000000000e+00
-9.757812500000000000e+00
-1.378906250000000000e+01
-1.456250000000000000e+01
-1.431250000000000000e+01
-1.266406250000000000e+01
-1.119531250000000000e+01
-8.914062500000000000e+00
-8.562500000000000000e+00
-8.867187500000000000e+00
-8.351562500000000000e+00
-6.746093750000000000e+00
-5.566406250000000000e+00
-5.363281250000000000e+00
-6.394531250000000000e+00
-8.085937500000000000e+00
-8.453125000000000000e+00
-8.882812500000000000e+00
-9.695312500000000000e+00
-1.005468750000000000e+01
-9.671875000000000000e+00
-5.484375000000000000e+00
-2.855468750000000000e+00
-2.541015625000000000e+00
-2.474609375000000000e+00
-2.441406250000000000e+00
-1.413085937500000000e+00
-3.818359375000000000e+00
-6.503906250000000000e+00
-7.574218750000000000e+00
-7.355468750000000000e+00
-7.984375000000000000e+00
-5.437500000000000000e+00
-4.289062500000000000e+00
-1.065429687500000000e+00
-6.342773437500000000e-01
6.582031250000000000e-01
6.577148437500000000e-01
2.807617187500000000e-01
-5.751953125000000000e-01
-1.416992187500000000e+00
-3.880859375000000000e+00
-5.640625000000000000e+00
1.064062500000000000e+01
1.033593750000000000e+01
2.205078125000000000e+00
-6.179687500000000000e+00
3.238281250000000000e+00
1.292187500000000000e+01
1.198437500000000000e+01
1.442187500000000000e+01
1.496875000000000000e+01
1.454687500000000000e+01
1.546875000000000000e+01
1.383593750000000000e+01
9.445312500000000000e+00
7.808593750000000000e+00
8.101562500000000000e+00
6.824218750000000000e+00
5.539062500000000000e+00
2.001953125000000000e+00
4.269531250000000000e+00
7.902343750000000000e+00
6.984375000000000000e+00
1.050000000000000000e+01
1.121093750000000000e+01
7.394531250000000000e+00
6.097656250000000000e+00
6.687500000000000000e+00
8.507812500000000000e+00
7.992187500000000000e+00
9.257812500000000000e+00
4.714843750000000000e+00
-4.536132812500000000e-01
-2.894531250000000000e+00
-3.095703125000000000e+00
-4.656250000000000000e+00
-8.140625000000000000e+00
-1.035156250000000000e+01
-1.088281250000000000e+01
-1.090625000000000000e+01
-8.265625000000000000e+00
-6.136718750000000000e+00
-2.443359375000000000e+00
-9.199218750000000000e-01
1.471679687500000000e+00
1.043945312500000000e+00
-3.078125000000000000e+00
-7.273437500000000000e+00
-5.234375000000000000e+00
-3.630859375000000000e+00
-1.901367187500000000e+00
-3.255859375000000000e+00
-6.511718750000000000e+00
-1.128125000000000000e+01
-1.645312500000000000e+01
-1.615625000000000000e+01
-1.092187500000000000e+01
-1.768554687500000000e+00
1.818359375000000000e+00
-5.957031250000000000e-01
-1.938476562500000000e-01
-5.678710937500000000e-01
-1.289062500000000000e+00
-2.824218750000000000e+00
-3.771484375000000000e+00
-4.828125000000000000e+00
-6.835937500000000000e+00
-7.546875000000000000e+00
-8.726562500000000000e+00
-9.140625000000000000e+00
-8.351562500000000000e+00
-7.832031250000000000e+00
-6.824218750000000000e+00
-6.058593750000000000e+00
-4.476562500000000000e+00
-3.613281250000000000e+00
-2.677734375000000000e+00
-1.892578125000000000e+00
-1.886718750000000000e+00
-3.210937500000000000e+00
-3.841796875000000000e+00
-3.792968750000000000e+00
-2.425781250000000000e+00
-1.833984375000000000e+00
6.958007812500000000e-02
2.076416015625000000e-01
6.044921875000000000e-01
1.890625000000000000e+00
3.070312500000000000e+00
2.798828125000000000e+00
3.042968750000000000e+00
2.806640625000000000e+00
3.667968750000000000e+00
2.498046875000000000e+00
5.082031250000000000e+00
5.894531250000000000e+00
4.757812500000000000e+00
3.478515625000000000e+00
3.121093750000000000e+00
5.659179687500000000e-01
-5.834960937500000000e-01
-5.166015625000000000e-01
-8.583984375000000000e-01
-4.392089843750000000e-01
-8.486328125000000000e-01
5.688476562500000000e-01
1.094726562500000000e+00
2.568359375000000000e-01
-1.515625000000000000e+00
-6.787109375000000000e-01
1.467773437500000000e+00
2.875000000000000000e+00
3.630859375000000000e+00
3.328125000000000000e+00
4.187500000000000000e+00
4.351562500000000000e+00
4.937500000000000000e+00
4.199218750000000000e+00
4.160156250000000000e+00
1.725585937500000000e+00
-1.117187500000000000e+00
-4.128906250000000000e+00
-5.636718750000000000e+00
-5.250000000000000000e+00
-4.781250000000000000e+00
-1.347656250000000000e+00
4.521484375000000000e-01
1.101562500000000000e+00
2.717285156250000000e-01
5.844726562500000000e-01
2.093750000000000000e+00
2.841796875000000000e+00
3.693359375000000000e+00
4.000000000000000000e+00
3.101562500000000000e+00
3.457031250000000000e-01
-4.101562500000000000e+00
-4.507812500000000000e+00
-5.472656250000000000e+00
-1.048437500000000000e+01
-1.180468750000000000e+01
-1.097656250000000000e+01
-6.691406250000000000e+00
-3.003906250000000000e+00
3.820800781250000000e-01
-1.180664062500000000e+00
-2.814453125000000000e+00
-1.438476562500000000e+00
2.738281250000000000e+00
3.261718750000000000e+00
1.193359375000000000e+00
-1.435546875000000000e+00
-5.082031250000000000e+00
-6.644531250000000000e+00
-9.718750000000000000e+00
-6.640625000000000000e+00
-2.785156250000000000e+00
-6.121093750000000000e+00
-7.296875000000000000e+00
2.894531250000000000e+00
8.554687500000000000e+00
2.222656250000000000e+00
-2.251953125000000000e+00
-3.517578125000000000e+00
-3.349609375000000000e+00
-4.941406250000000000e+00
-5.457031250000000000e+00
-5.871093750000000000e+00
-2.986328125000000000e+00
1.049804687500000000e+00
3.767578125000000000e+00
4.664062500000000000e+00
3.179687500000000000e+00
2.250000000000000000e+00
2.386718750000000000e+00
4.632812500000000000e+00
5.386718750000000000e+00
5.851562500000000000e+00
5.937500000000000000e+00
7.386718750000000000e+00
5.074218750000000000e+00
3.626953125000000000e+00
2.925781250000000000e+00
3.031250000000000000e+00
1.176757812500000000e+00
-5.854492187500000000e-01
-6.821289062500000000e-01
-1.553955078125000000e-01
1.282226562500000000e+00
1.541015625000000000e+00
2.400390625000000000e+00
5.791015625000000000e-01
3.095703125000000000e-01
-2.113281250000000000e+00
-4.433593750000000000e+00
-8.648437500000000000e+00
-8.906250000000000000e+00
-7.191406250000000000e+00
-6.144531250000000000e+00
-6.386718750000000000e+00
-4.343750000000000000e+00
-2.459716796875000000e-02
2.246093750000000000e+00
5.640625000000000000e+00
5.726562500000000000e+00
4.816406250000000000e+00
2.673828125000000000e+00
-2.080078125000000000e-01
-2.935546875000000000e+00
-3.423828125000000000e+00
-3.423828125000000000e+00
-2.203125000000000000e+00
2.082031250000000000e+00
6.113281250000000000e+00
8.406250000000000000e+00
1.051562500000000000e+01
7.699218750000000000e+00
2.515625000000000000e+00
1.365966796875000000e-01
-1.780273437500000000e+00
-4.117187500000000000e+00
-4.562500000000000000e+00
-4.894531250000000000e+00
-5.335937500000000000e+00
-4.417968750000000000e+00
-4.976562500000000000e+00
-5.062500000000000000e+00
-7.765625000000000000e+00
-7.187500000000000000e+00
-7.140625000000000000e+00
-6.484375000000000000e+00
-7.359375000000000000e+00
-5.777343750000000000e+00
-3.425781250000000000e+00
-3.542968750000000000e+00
-2.394531250000000000e+00
-1.188476562500000000e+00
-3.117675781250000000e-01
-2.025390625000000000e+00
-3.621093750000000000e+00
2.957031250000000000e+00
4.281250000000000000e+00
5.171875000000000000e+00
7.234375000000000000e+00
4.515625000000000000e+00
8.354492187500000000e-01
-4.925781250000000000e+00
-1.181250000000000000e+01
-1.238281250000000000e+01
-3.675781250000000000e+00
2.740859985351562500e-03
2.480468750000000000e+00
6.050781250000000000e+00
9.523437500000000000e+00
1.066406250000000000e+01
1.130468750000000000e+01
7.140625000000000000e+00
2.703125000000000000e+00
4.867553710937500000e-03
1.023437500000000000e+00
-8.764648437500000000e-01
-1.507812500000000000e+00
1.984375000000000000e+00
1.071875000000000000e+01
1.140625000000000000e+01
8.515625000000000000e+00
6.050781250000000000e+00
5.675781250000000000e+00
5.472656250000000000e+00
5.371093750000000000e+00
6.113281250000000000e+00
5.421875000000000000e+00
4.738281250000000000e+00
3.546875000000000000e+00
3.531250000000000000e+00
3.025390625000000000e+00
-3.891601562500000000e-01
-6.492187500000000000e+00
-1.167187500000000000e+01
-1.501562500000000000e+01
-1.449218750000000000e+01
-8.726562500000000000e+00
-5.140625000000000000e+00
-2.470703125000000000e+00
1.865234375000000000e+00
9.702148437500000000e-01
2.638671875000000000e+00
4.894531250000000000e+00
8.445312500000000000e+00
4.972656250000000000e+00
1.199218750000000000e+00
-3.474609375000000000e+00
-6.539062500000000000e+00
-8.796875000000000000e+00
-7.621093750000000000e+00
-5.136718750000000000e+00
-9.734375000000000000e+00
-1.285156250000000000e+01
-1.478906250000000000e+01
-1.040625000000000000e+01
-4.960937500000000000e+00
-8.421875000000000000e+00
-9.976562500000000000e+00
-6.796875000000000000e+00
6.492187500000000000e+00
1.603515625000000000e+00
8.676757812500000000e-01
-5.190429687500000000e-01
-1.909179687500000000e+00
-2.253906250000000000e+00
-3.630859375000000000e+00
-6.296875000000000000e+00
-4.800781250000000000e+00
-4.214843750000000000e+00
-2.849609375000000000e+00
-2.554687500000000000e+00
-1.033203125000000000e+00
-1.107421875000000000e+00
-3.173828125000000000e-01
2.707519531250000000e-01
2.592773437500000000e-01
1.494140625000000000e+00
7.739257812500000000e-01
1.961914062500000000e+00
4.560546875000000000e-01
2.109375000000000000e+00
2.712890625000000000e+00
3.992187500000000000e+00
