9.232759475708007812e-05
1.696348190307617188e-04
2.038478851318359375e-05
7.331371307373046875e-06
7.331371307373046875e-06
1.871585845947265625e-05
2.920627593994140625e-06
4.351139068603515625e-06
2.443790435791015625e-06
8.761882781982421875e-06
3.993511199951171875e-06
1.072883605957031250e-05
3.516674041748046875e-06
7.390975952148437500e-06
8.344650268554687500e-07
3.695487976074218750e-06
2.145767211914062500e-06
1.972913742065429688e-05
1.978874206542968750e-05
7.748603820800781250e-06
4.231929779052734375e-06
4.649162292480468750e-06
7.152557373046875000e-07
1.192092895507812500e-07
2.384185791015625000e-07
2.145767211914062500e-06
1.192092895507812500e-07
2.801418304443359375e-06
2.384185791015625000e-07
2.741813659667968750e-06
2.384185791015625000e-07
4.053115844726562500e-06
3.576278686523437500e-05
2.938508987426757812e-05
7.897615432739257812e-05
1.102685928344726562e-05
2.980232238769531250e-07
5.471706390380859375e-05
1.571178436279296875e-04
4.535913467407226562e-05
2.110004425048828125e-05
3.397464752197265625e-06
1.466274261474609375e-05
4.708766937255859375e-06
9.477138519287109375e-06
4.768371582031250000e-05
7.379055023193359375e-05
3.969669342041015625e-05
1.567602157592773438e-05
5.424022674560546875e-06
2.562999725341796875e-06
8.106231689453125000e-06
2.980232238769531250e-07
6.139278411865234375e-06
4.708766937255859375e-06
4.351139068603515625e-06
3.814697265625000000e-06
4.291534423828125000e-06
3.397464752197265625e-06
5.066394805908203125e-06
2.682209014892578125e-06
9.953975677490234375e-06
3.218650817871093750e-06
4.529953002929687500e-06
0.000000000000000000e+00
1.192092895507812500e-07
0.000000000000000000e+00
4.768371582031250000e-07
1.192092895507812500e-07
1.966953277587890625e-06
8.344650268554687500e-07
7.748603820800781250e-07
0.000000000000000000e+00
0.000000000000000000e+00
5.960464477539062500e-08
0.000000000000000000e+00
0.000000000000000000e+00
0.000000000000000000e+00
5.960464477539062500e-08
1.072883605957031250e-06
7.152557373046875000e-07
0.000000000000000000e+00
0.000000000000000000e+00
0.000000000000000000e+00
0.000000000000000000e+00
2.384185791015625000e-07
5.125999450683593750e-06
1.728534698486328125e-06
2.145767211914062500e-06
3.814697265625000000e-06
3.576278686523437500e-07
3.397464752197265625e-06
3.218650817871093750e-06
2.324581146240234375e-06
1.370906829833984375e-06
7.748603820800781250e-07
9.536743164062500000e-07
1.788139343261718750e-07
0.000000000000000000e+00
3.933906555175781250e-06
5.984306335449218750e-05
2.264976501464843750e-05
5.960464477539062500e-08
4.291534423828125000e-06
3.039836883544921875e-06
4.172325134277343750e-07
3.576278686523437500e-07
5.960464477539062500e-08
2.443790435791015625e-06
1.341104507446289062e-05
3.337860107421875000e-06
7.927417755126953125e-06
2.562999725341796875e-06
2.622604370117187500e-06
4.112720489501953125e-06
4.768371582031250000e-06
6.616115570068359375e-06
7.748603820800781250e-06
3.755092620849609375e-06
9.596347808837890625e-06
1.347064971923828125e-05
7.629394531250000000e-06
6.771087646484375000e-05
6.300210952758789062e-05
1.000761985778808594e-04
4.780292510986328125e-05
8.511543273925781250e-05
3.027915954589843750e-05
1.323223114013671875e-05
9.059906005859375000e-06
8.583068847656250000e-06
2.384185791015625000e-06
3.814697265625000000e-06
3.635883331298828125e-06
1.490116119384765625e-06
2.026557922363281250e-06
6.556510925292968750e-07
1.430511474609375000e-06
9.536743164062500000e-07
2.622604370117187500e-06
1.474618911743164062e-04
1.142621040344238281e-04
1.300573348999023438e-04
1.621246337890625000e-05
1.138448715209960938e-05
2.783536911010742188e-05
3.707408905029296875e-05
1.364946365356445312e-05
2.503395080566406250e-06
1.251697540283203125e-06
1.430511474609375000e-06
1.132488250732421875e-06
1.192092895507812500e-07
5.960464477539062500e-08
2.384185791015625000e-07
4.172325134277343750e-07
0.000000000000000000e+00
5.960464477539062500e-08
7.081031799316406250e-05
1.348257064819335938e-04
2.241134643554687500e-05
1.055002212524414062e-05
4.827976226806640625e-06
6.973743438720703125e-06
3.635883331298828125e-06
5.066394805908203125e-06
2.008676528930664062e-05
5.185604095458984375e-06
1.549720764160156250e-06
8.344650268554687500e-07
6.556510925292968750e-07
3.695487976074218750e-06
8.141994476318359375e-05
4.726648330688476562e-05
3.397464752197265625e-06
4.881620407104492188e-05
6.437301635742187500e-05
5.501508712768554688e-05
3.695487976074218750e-05
3.027915954589843750e-05
3.749132156372070312e-05
2.098083496093750000e-05
8.821487426757812500e-06
4.976987838745117188e-05
5.543231964111328125e-05
1.037120819091796875e-05
5.781650543212890625e-06
5.364418029785156250e-06
4.112720489501953125e-06
3.516674041748046875e-06
3.576278686523437500e-06
3.397464752197265625e-06
3.337860107421875000e-06
3.397464752197265625e-06
3.695487976074218750e-06
2.205371856689453125e-06
3.218650817871093750e-06
1.382827758789062500e-05
1.770257949829101562e-05
3.635883331298828125e-06
1.490116119384765625e-06
3.576278686523437500e-07
1.788139343261718750e-07
4.172325134277343750e-07
1.490116119384765625e-06
4.112720489501953125e-06
6.616115570068359375e-06
1.460313796997070312e-05
2.384185791015625000e-07
2.384185791015625000e-07
4.768371582031250000e-07
0.000000000000000000e+00
0.000000000000000000e+00
5.006790161132812500e-06
2.443790435791015625e-05
6.735324859619140625e-06
1.430511474609375000e-06
3.230571746826171875e-05
1.311302185058593750e-06
3.218650817871093750e-06
8.946657180786132812e-05
8.738040924072265625e-05
0.000000000000000000e+00
3.504753112792968750e-05
2.950429916381835938e-05
9.119510650634765625e-06
5.722045898437500000e-06
5.209445953369140625e-05
2.765655517578125000e-05
2.920627593994140625e-05
5.400180816650390625e-05
3.474950790405273438e-05
3.999471664428710938e-05
3.355741500854492188e-05
6.866455078125000000e-05
4.237890243530273438e-05
2.098083496093750000e-05
5.483627319335937500e-06
8.225440979003906250e-06
6.711483001708984375e-05
9.423494338989257812e-05
4.285573959350585938e-05
1.490116119384765625e-06
0.000000000000000000e+00
0.000000000000000000e+00
0.000000000000000000e+00
0.000000000000000000e+00
9.655952453613281250e-06
9.155273437500000000e-05
2.044439315795898438e-05
2.562999725341796875e-06
1.013278961181640625e-06
1.192092895507812500e-07
1.502037048339843750e-05
1.462697982788085938e-04
8.457899093627929688e-05
2.443790435791015625e-06
0.000000000000000000e+00
2.801418304443359375e-06
1.089572906494140625e-04
8.678436279296875000e-05
4.470348358154296875e-06
1.907348632812500000e-06
7.092952728271484375e-06
1.573562622070312500e-05
1.084804534912109375e-05
4.172325134277343750e-07
1.788139343261718750e-07
3.099441528320312500e-06
0.000000000000000000e+00
1.072883605957031250e-06
2.980232238769531250e-07
1.311302185058593750e-06
4.589557647705078125e-06
3.874301910400390625e-06
2.562999725341796875e-06
6.556510925292968750e-07
3.755092620849609375e-06
4.053115844726562500e-06
4.768371582031250000e-07
0.000000000000000000e+00
0.000000000000000000e+00
4.827976226806640625e-06
8.642673492431640625e-06
7.152557373046875000e-07
3.707408905029296875e-05
9.202957153320312500e-05
2.324581146240234375e-06
8.440017700195312500e-05
9.953975677490234375e-06
4.768371582031250000e-07
6.031990051269531250e-05
7.158517837524414062e-05
9.596347808837890625e-06
2.801418304443359375e-06
1.031160354614257812e-05
5.739927291870117188e-05
3.910064697265625000e-05
5.710124969482421875e-05
1.662969589233398438e-05
5.251169204711914062e-05
6.318092346191406250e-05
1.102685928344726562e-05
8.463859558105468750e-06
1.236200332641601562e-04
6.854534149169921875e-06
5.662441253662109375e-06
1.788139343261718750e-07
8.958578109741210938e-05
1.474618911743164062e-04
1.925230026245117188e-05
5.698204040527343750e-05
3.457069396972656250e-05
7.808208465576171875e-06
7.641315460205078125e-05
3.224611282348632812e-05
3.474950790405273438e-05
1.114606857299804688e-05
2.187490463256835938e-05
5.787611007690429688e-05
5.215406417846679688e-05
6.395578384399414062e-05
3.600120544433593750e-05
4.285573959350585938e-05
6.014108657836914062e-05
2.759695053100585938e-05
5.161762237548828125e-05
4.112720489501953125e-06
3.862380981445312500e-05
3.021955490112304688e-05
3.600120544433593750e-05
2.253055572509765625e-05
3.606081008911132812e-05
1.758337020874023438e-05
6.675720214843750000e-06
3.695487976074218750e-06
2.682209014892578125e-06
4.470348358154296875e-06
4.053115844726562500e-06
1.132488250732421875e-05
1.740455627441406250e-05
2.014636993408203125e-05
1.490116119384765625e-06
1.192092895507812500e-07
7.748603820800781250e-07
1.668930053710937500e-06
8.344650268554687500e-07
3.278255462646484375e-06
5.006790161132812500e-06
1.788139343261718750e-06
1.317262649536132812e-05
1.320838928222656250e-04
1.860857009887695312e-04
5.304813385009765625e-06
2.384185791015625000e-06
1.311302185058593750e-06
1.430511474609375000e-06
1.728534698486328125e-06
1.490116119384765625e-06
1.490116119384765625e-06
1.490116119384765625e-06
9.477138519287109375e-06
4.297494888305664062e-05
5.382299423217773438e-05
1.806020736694335938e-05
1.788139343261718750e-07
1.192092895507812500e-07
1.192092895507812500e-07
0.000000000000000000e+00
0.000000000000000000e+00
2.980232238769531250e-06
1.639127731323242188e-05
7.170438766479492188e-05
7.152557373046875000e-06
5.364418029785156250e-07
1.192092895507812500e-07
2.324581146240234375e-06
3.695487976074218750e-06
2.980232238769531250e-06
2.384185791015625000e-07
0.000000000000000000e+00
6.616115570068359375e-06
4.786252975463867188e-05
7.265806198120117188e-05
6.061792373657226562e-05
4.124641418457031250e-05
2.276897430419921875e-05
2.688169479370117188e-05
9.119510650634765625e-06
1.186132431030273438e-05
1.472234725952148438e-05
2.044439315795898438e-05
1.072287559509277344e-04
5.906820297241210938e-05
1.448392868041992188e-05
9.953975677490234375e-06
3.397464752197265625e-06
8.463859558105468750e-06
7.092952728271484375e-06
2.425909042358398438e-05
3.027915954589843750e-05
3.820657730102539062e-05
1.662969589233398438e-05
1.001358032226562500e-05
1.549720764160156250e-06
5.006790161132812500e-06
2.026557922363281250e-06
8.940696716308593750e-06
1.370906829833984375e-05
2.378225326538085938e-05
6.753206253051757812e-05
1.028776168823242188e-04
9.179115295410156250e-05
7.182359695434570312e-05
4.297494888305664062e-05
3.212690353393554688e-05
8.344650268554687500e-07
1.603364944458007812e-05
2.157688140869140625e-05
1.800060272216796875e-05
1.782178878784179688e-05
1.436471939086914062e-05
1.579523086547851562e-05
3.159046173095703125e-06
6.556510925292968750e-07
3.397464752197265625e-06
3.069639205932617188e-05
8.463859558105468750e-06
1.072883605957031250e-06
1.788139343261718750e-07
4.172325134277343750e-07
7.748603820800781250e-07
5.984306335449218750e-05
3.111362457275390625e-05
2.503395080566406250e-06
2.503395080566406250e-06
1.311302185058593750e-05
1.168251037597656250e-05
1.609325408935546875e-06
4.768371582031250000e-07
3.278255462646484375e-06
4.887580871582031250e-06
8.642673492431640625e-06
5.722045898437500000e-06
8.702278137207031250e-06
6.735324859619140625e-06
1.072883605957031250e-05
2.920627593994140625e-06
5.364418029785156250e-06
3.337860107421875000e-06
1.311302185058593750e-06
5.364418029785156250e-07
2.384185791015625000e-06
5.960464477539062500e-08
5.960464477539062500e-08
1.966953277587890625e-06
2.264976501464843750e-06
1.788139343261718750e-07
1.788139343261718750e-07
1.192092895507812500e-07
5.960464477539062500e-08
5.960464477539062500e-08
1.788139343261718750e-07
4.768371582031250000e-07
1.078844070434570312e-05
4.172325134277343750e-07
3.576278686523437500e-07
8.344650268554687500e-07
5.960464477539062500e-08
0.000000000000000000e+00
1.072883605957031250e-06
5.960464477539062500e-08
5.960464477539062500e-08
4.696846008300781250e-05
3.224611282348632812e-05
1.609325408935546875e-05
3.695487976074218750e-05
1.448392868041992188e-05
9.655952453613281250e-06
5.364418029785156250e-07
2.735853195190429688e-05
7.748603820800781250e-06
3.576278686523437500e-07
7.331371307373046875e-06
6.675720214843750000e-06
9.536743164062500000e-07
5.364418029785156250e-07
1.788139343261718750e-07
1.788139343261718750e-07
3.576278686523437500e-07
1.311302185058593750e-06
2.980232238769531250e-07
4.053115844726562500e-06
1.132488250732421875e-06
1.192092895507812500e-07
1.686811447143554688e-05
2.217292785644531250e-05
2.145767211914062500e-05
2.384185791015625000e-06
1.543760299682617188e-05
4.947185516357421875e-05
4.690885543823242188e-05
2.652406692504882812e-05
1.549720764160156250e-06
1.335144042968750000e-05
4.142522811889648438e-05
5.406141281127929688e-05
3.451108932495117188e-05
4.637241363525390625e-05
3.850460052490234375e-05
6.854534149169921875e-06
1.171827316284179688e-04
7.510185241699218750e-05
3.796815872192382812e-05
4.160404205322265625e-05
5.245208740234375000e-06
1.788139343261718750e-07
2.443790435791015625e-06
1.925230026245117188e-05
1.078844070434570312e-05
4.470348358154296875e-06
5.900859832763671875e-06
2.038478851318359375e-05
4.649162292480468750e-05
2.580881118774414062e-05
2.920627593994140625e-06
8.344650268554687500e-07
0.000000000000000000e+00
1.192092895507812500e-07
3.600120544433593750e-05
1.126527786254882812e-05
1.192092895507812500e-07
3.814697265625000000e-06
1.293420791625976562e-05
6.437301635742187500e-06
4.231929779052734375e-06
2.682209014892578125e-06
7.748603820800781250e-07
5.960464477539062500e-08
1.734495162963867188e-05
8.970499038696289062e-05
1.454353332519531250e-05
1.424551010131835938e-05
7.212162017822265625e-06
1.370906829833984375e-06
4.768371582031250000e-07
0.000000000000000000e+00
0.000000000000000000e+00
5.960464477539062500e-08
3.069639205932617188e-05
1.055002212524414062e-04
7.998943328857421875e-05
9.077787399291992188e-05
3.165006637573242188e-05
1.859664916992187500e-05
6.794929504394531250e-06
5.245208740234375000e-06
1.072883605957031250e-05
4.464387893676757812e-05
6.753206253051757812e-05
1.534223556518554688e-04
7.098913192749023438e-05
2.509355545043945312e-05
2.455711364746093750e-05
1.072883605957031250e-06
1.370906829833984375e-06
1.132488250732421875e-06
2.384185791015625000e-07
7.152557373046875000e-07
1.192092895507812500e-07
2.980232238769531250e-07
3.933906555175781250e-06
6.079673767089843750e-06
4.589557647705078125e-06
1.966953277587890625e-06
1.966953277587890625e-06
3.510713577270507812e-05
3.576278686523437500e-05
4.708766937255859375e-06
0.000000000000000000e+00
0.000000000000000000e+00
7.390975952148437500e-06
6.502866744995117188e-05
5.728006362915039062e-05
3.695487976074218750e-05
3.236532211303710938e-05
3.373622894287109375e-05
2.032518386840820312e-05
8.821487426757812500e-06
2.443790435791015625e-06
8.344650268554687500e-07
4.768371582031250000e-07
3.814697265625000000e-06
2.861022949218750000e-06
3.576278686523437500e-06
6.377696990966796875e-06
1.788139343261718750e-05
4.529953002929687500e-06
1.549720764160156250e-06
5.960464477539062500e-08
5.960464477539062500e-08
1.430511474609375000e-06
9.715557098388671875e-06
8.881092071533203125e-06
1.847743988037109375e-06
0.000000000000000000e+00
0.000000000000000000e+00
0.000000000000000000e+00
5.960464477539062500e-07
1.251697540283203125e-06
1.668930053710937500e-06
1.001358032226562500e-05
3.254413604736328125e-05
3.612041473388671875e-05
3.635883331298828125e-06
1.013278961181640625e-06
3.457069396972656250e-06
1.102685928344726562e-05
9.536743164062500000e-07
0.000000000000000000e+00
5.185604095458984375e-06
5.489587783813476562e-05
8.338689804077148438e-05
9.471178054809570312e-05
7.176399230957031250e-05
4.267692565917968750e-05
4.416704177856445312e-05
3.558397293090820312e-05
1.865625381469726562e-05
2.044439315795898438e-05
1.776218414306640625e-05
5.722045898437500000e-06
1.013278961181640625e-06
2.384185791015625000e-07
1.788139343261718750e-07
2.682209014892578125e-06
1.668930053710937500e-06
2.503395080566406250e-06
2.503395080566406250e-06
3.159046173095703125e-06
8.404254913330078125e-06
3.248453140258789062e-05
4.053115844726562500e-06
1.609325408935546875e-06
0.000000000000000000e+00
1.192092895507812500e-07
0.000000000000000000e+00
0.000000000000000000e+00
0.000000000000000000e+00
1.192092895507812500e-07
2.920627593994140625e-06
7.152557373046875000e-06
2.324581146240234375e-06
2.253055572509765625e-05
1.883506774902343750e-05
8.165836334228515625e-06
6.616115570068359375e-06
1.120567321777343750e-05
9.894371032714843750e-06
2.920627593994140625e-06
2.384185791015625000e-06
4.351139068603515625e-06
8.940696716308593750e-07
6.735324859619140625e-06
9.036064147949218750e-05
7.390975952148437500e-05
5.841255187988281250e-06
7.557868957519531250e-05
2.080202102661132812e-05
2.169609069824218750e-05
2.300739288330078125e-05
1.204013824462890625e-05
3.695487976074218750e-06
8.106231689453125000e-06
0.000000000000000000e+00
3.218650817871093750e-06
1.609325408935546875e-06
1.012682914733886719e-04
1.517534255981445312e-04
2.789497375488281250e-05
1.078844070434570312e-05
3.856420516967773438e-05
1.126527786254882812e-05
1.400709152221679688e-05
1.072883605957031250e-06
9.238719940185546875e-06
1.370906829833984375e-06
1.847743988037109375e-06
0.000000000000000000e+00
8.225440979003906250e-06
2.384185791015625000e-06
5.960464477539062500e-07
1.192092895507812500e-07
0.000000000000000000e+00
7.212162017822265625e-06
1.019239425659179688e-05
1.263618469238281250e-05
1.043081283569335938e-05
2.825260162353515625e-05
3.618001937866210938e-05
2.807378768920898438e-05
6.079673767089843750e-06
6.794929504394531250e-06
2.980232238769531250e-06
4.726648330688476562e-05
2.539157867431640625e-05
1.331567764282226562e-04
8.672475814819335938e-05
5.626678466796875000e-05
2.843141555786132812e-05
2.282857894897460938e-05
1.055002212524414062e-05
3.516674041748046875e-06
8.642673492431640625e-06
3.457069396972656250e-06
5.125999450683593750e-06
5.364418029785156250e-07
0.000000000000000000e+00
5.364418029785156250e-07
3.218650817871093750e-06
1.668930053710937500e-06
5.424022674560546875e-06
6.556510925292968750e-07
5.602836608886718750e-06
3.159046173095703125e-06
2.568960189819335938e-05
1.531839370727539062e-05
2.342462539672851562e-05
1.484155654907226562e-05
1.204013824462890625e-05
