1.001358032226562500e-05
1.567602157592773438e-05
1.180171966552734375e-05
1.084804534912109375e-05
7.510185241699218750e-06
1.239776611328125000e-05
2.145767211914062500e-06
9.536743164062500000e-06
1.728534698486328125e-06
4.708766937255859375e-06
1.192092895507812500e-06
5.424022674560546875e-06
8.940696716308593750e-06
2.199411392211914062e-05
7.390975952148437500e-06
1.132488250732421875e-06
1.788139343261718750e-07
4.470348358154296875e-06
2.205371856689453125e-06
3.159046173095703125e-06
1.430511474609375000e-06
5.841255187988281250e-06
7.152557373046875000e-07
7.629394531250000000e-06
5.364418029785156250e-07
4.708766937255859375e-06
1.072883605957031250e-06
6.794929504394531250e-06
4.768371582031250000e-07
2.086162567138671875e-06
4.172325134277343750e-07
9.536743164062500000e-07
0.000000000000000000e+00
5.364418029785156250e-07
2.741813659667968750e-06
1.251697540283203125e-06
4.827976226806640625e-06
1.096725463867187500e-05
1.621246337890625000e-05
3.099441528320312500e-05
2.217292785644531250e-05
9.715557098388671875e-06
1.311302185058593750e-06
5.185604095458984375e-06
2.050399780273437500e-05
2.241134643554687500e-05
5.960464477539062500e-08
8.344650268554687500e-07
0.000000000000000000e+00
1.788139343261718750e-07
5.960464477539062500e-08
9.536743164062500000e-07
2.861022949218750000e-06
4.291534423828125000e-06
0.000000000000000000e+00
8.344650268554687500e-07
7.748603820800781250e-07
5.960464477539062500e-08
1.788139343261718750e-07
0.000000000000000000e+00
4.172325134277343750e-07
2.503395080566406250e-06
2.205371856689453125e-06
6.377696990966796875e-06
2.026557922363281250e-06
4.470348358154296875e-06
1.847743988037109375e-06
3.635883331298828125e-06
1.668930053710937500e-06
2.741813659667968750e-06
5.960464477539062500e-08
5.960464477539062500e-08
5.960464477539062500e-08
2.384185791015625000e-07
5.722045898437500000e-06
2.455711364746093750e-05
5.930662155151367188e-05
1.674890518188476562e-05
1.466274261474609375e-05
7.212162017822265625e-06
5.722045898437500000e-06
1.966953277587890625e-06
2.503395080566406250e-06
2.562999725341796875e-06
5.364418029785156250e-07
1.490116119384765625e-06
5.602836608886718750e-06
6.794929504394531250e-06
4.887580871582031250e-06
3.576278686523437500e-06
3.695487976074218750e-06
6.258487701416015625e-06
1.102685928344726562e-05
5.602836608886718750e-06
1.204013824462890625e-05
8.285045623779296875e-06
1.388788223266601562e-05
1.299381256103515625e-05
4.768371582031250000e-07
6.556510925292968750e-07
5.304813385009765625e-06
6.258487701416015625e-06
4.827976226806640625e-06
3.755092620849609375e-06
3.218650817871093750e-06
8.404254913330078125e-06
9.238719940185546875e-06
1.043081283569335938e-05
2.741813659667968750e-06
1.013278961181640625e-06
2.682209014892578125e-06
0.000000000000000000e+00
0.000000000000000000e+00
0.000000000000000000e+00
0.000000000000000000e+00
1.013278961181640625e-06
6.735324859619140625e-06
1.627206802368164062e-05
2.998113632202148438e-05
4.345178604125976562e-05
3.218650817871093750e-05
1.573562622070312500e-05
1.066923141479492188e-05
2.080202102661132812e-05
1.776218414306640625e-05
6.794929504394531250e-06
3.218650817871093750e-06
6.878376007080078125e-05
5.739927291870117188e-05
2.652406692504882812e-05
4.231929779052734375e-06
0.000000000000000000e+00
3.278255462646484375e-06
1.639127731323242188e-05
5.185604095458984375e-05
1.851320266723632812e-04
1.299381256103515625e-05
4.172325134277343750e-06
1.919269561767578125e-05
8.702278137207031250e-06
1.269578933715820312e-05
1.859664916992187500e-05
5.257129669189453125e-05
4.965066909790039062e-05
1.621246337890625000e-05
7.271766662597656250e-06
3.874301910400390625e-06
3.486871719360351562e-05
8.457899093627929688e-05
3.361701965332031250e-05
2.706050872802734375e-05
2.068281173706054688e-05
1.180171966552734375e-05
4.768371582031250000e-06
1.907348632812500000e-06
7.283687591552734375e-05
1.834630966186523438e-04
2.950429916381835938e-05
2.026557922363281250e-05
3.755092620849609375e-06
1.126527786254882812e-05
1.615285873413085938e-05
7.212162017822265625e-06
1.192092895507812500e-07
2.920627593994140625e-06
2.205371856689453125e-06
1.013278961181640625e-06
1.192092895507812500e-07
1.192092895507812500e-07
6.556510925292968750e-07
2.622604370117187500e-06
1.728534698486328125e-06
2.205371856689453125e-06
1.454353332519531250e-05
2.390146255493164062e-05
7.569789886474609375e-06
7.629394531250000000e-06
2.741813659667968750e-06
5.960464477539062500e-08
1.549720764160156250e-06
6.735324859619140625e-06
3.528594970703125000e-05
6.264448165893554688e-05
1.865625381469726562e-05
2.235174179077148438e-05
7.390975952148437500e-06
1.966953277587890625e-06
7.867813110351562500e-06
4.684925079345703125e-05
1.424551010131835938e-05
1.609325408935546875e-05
2.008676528930664062e-05
8.928775787353515625e-05
4.929304122924804688e-05
3.033876419067382812e-05
1.053810119628906250e-04
2.056360244750976562e-05
7.450580596923828125e-06
4.291534423828125000e-06
1.335144042968750000e-05
5.006790161132812500e-06
4.589557647705078125e-06
2.443790435791015625e-06
3.695487976074218750e-06
6.973743438720703125e-06
4.112720489501953125e-06
4.172325134277343750e-06
1.311302185058593750e-06
9.953975677490234375e-06
1.275539398193359375e-05
1.353025436401367188e-05
3.796815872192382812e-05
5.304813385009765625e-06
2.562999725341796875e-06
1.966953277587890625e-06
1.496076583862304688e-05
2.354383468627929688e-05
1.430511474609375000e-06
1.370906829833984375e-06
1.072883605957031250e-06
2.980232238769531250e-07
1.490116119384765625e-06
2.503395080566406250e-06
2.622604370117187500e-06
1.966953277587890625e-06
1.788139343261718750e-06
2.086162567138671875e-06
2.801418304443359375e-06
1.370906829833984375e-06
5.364418029785156250e-07
1.013278961181640625e-06
8.940696716308593750e-07
4.172325134277343750e-07
0.000000000000000000e+00
0.000000000000000000e+00
0.000000000000000000e+00
1.311302185058593750e-06
1.192092895507812500e-06
5.364418029785156250e-07
5.662441253662109375e-06
1.466274261474609375e-05
1.788139343261718750e-05
4.643201828002929688e-05
3.874301910400390625e-06
4.112720489501953125e-05
1.019835472106933594e-04
3.755092620849609375e-05
3.361701965332031250e-05
1.084804534912109375e-04
4.309415817260742188e-05
1.609325408935546875e-05
1.370906829833984375e-06
9.655952453613281250e-06
8.642673492431640625e-06
3.778934478759765625e-05
5.400180816650390625e-05
7.569789886474609375e-05
2.199411392211914062e-05
1.674890518188476562e-05
7.808208465576171875e-06
2.264976501464843750e-06
1.877546310424804688e-05
3.176927566528320312e-05
1.490116119384765625e-06
4.291534423828125000e-06
2.521276473999023438e-05
4.649162292480468750e-06
7.152557373046875000e-06
4.887580871582031250e-06
3.576278686523437500e-06
6.628036499023437500e-05
5.185604095458984375e-05
8.523464202880859375e-06
4.172325134277343750e-07
0.000000000000000000e+00
2.384185791015625000e-07
0.000000000000000000e+00
0.000000000000000000e+00
3.647804260253906250e-05
3.331899642944335938e-05
7.289648056030273438e-05
1.332759857177734375e-04
4.529953002929687500e-06
1.075267791748046875e-04
5.030632019042968750e-05
1.165270805358886719e-04
3.582239151000976562e-05
1.335144042968750000e-05
8.940696716308593750e-07
6.538629531860351562e-05
8.058547973632812500e-05
9.298324584960937500e-06
1.974105834960937500e-04
5.877017974853515625e-05
1.287460327148437500e-05
1.513957977294921875e-05
3.826618194580078125e-05
2.807378768920898438e-05
6.723403930664062500e-05
1.740455627441406250e-05
7.081031799316406250e-05
1.257658004760742188e-05
9.375810623168945312e-05
4.184246063232421875e-05
1.028776168823242188e-04
1.144409179687500000e-05
1.144409179687500000e-05
9.953975677490234375e-06
5.364418029785156250e-06
5.722045898437500000e-06
7.212162017822265625e-05
1.093149185180664062e-04
5.608797073364257812e-05
4.601478576660156250e-05
1.299381256103515625e-05
1.519918441772460938e-05
1.347064971923828125e-05
5.072355270385742188e-05
4.130601882934570312e-05
4.124641418457031250e-05
1.543760299682617188e-05
2.801418304443359375e-06
7.623434066772460938e-05
1.124143600463867188e-04
7.510185241699218750e-05
5.102157592773437500e-05
3.612041473388671875e-05
9.250640869140625000e-05
1.674890518188476562e-05
1.549720764160156250e-06
1.108646392822265625e-05
8.010864257812500000e-05
2.664327621459960938e-05
4.899501800537109375e-05
1.502037048339843750e-05
6.222724914550781250e-05
4.243850708007812500e-05
4.339218139648437500e-05
6.318092346191406250e-06
3.814697265625000000e-06
2.801418304443359375e-06
3.099441528320312500e-06
2.384185791015625000e-06
6.318092346191406250e-06
9.536743164062500000e-06
7.152557373046875000e-06
6.437301635742187500e-06
5.364418029785156250e-06
1.907348632812500000e-06
2.205371856689453125e-06
5.424022674560546875e-06
3.790855407714843750e-05
3.039836883544921875e-05
1.806020736694335938e-05
1.603364944458007812e-05
6.669759750366210938e-05
6.377696990966796875e-05
7.116794586181640625e-05
1.072883605957031250e-06
2.384185791015625000e-06
3.397464752197265625e-05
5.608797073364257812e-05
5.823373794555664062e-05
3.427267074584960938e-05
8.749961853027343750e-05
4.148483276367187500e-05
5.483627319335937500e-06
3.576278686523437500e-06
5.960464477539062500e-08
1.728534698486328125e-06
3.582239151000976562e-05
1.233816146850585938e-05
4.786252975463867188e-05
2.592802047729492188e-05
2.342462539672851562e-05
8.082389831542968750e-05
4.738569259643554688e-05
1.251697540283203125e-06
1.164674758911132812e-04
8.714199066162109375e-05
5.346536636352539062e-05
7.629394531250000000e-06
1.984834671020507812e-05
3.832578659057617188e-05
1.668930053710937500e-05
1.364946365356445312e-05
3.874301910400390625e-05
6.973743438720703125e-06
9.477138519287109375e-06
2.288818359375000000e-05
7.688999176025390625e-06
8.881092071533203125e-06
8.356571197509765625e-05
1.144409179687500000e-05
6.973743438720703125e-06
4.470348358154296875e-06
0.000000000000000000e+00
5.084276199340820312e-05
6.139278411865234375e-05
8.165836334228515625e-06
2.443790435791015625e-06
2.741813659667968750e-05
3.015995025634765625e-05
2.050399780273437500e-05
8.332729339599609375e-05
1.281499862670898438e-05
6.198883056640625000e-06
3.039836883544921875e-06
2.026557922363281250e-06
1.728534698486328125e-06
1.549720764160156250e-06
2.205371856689453125e-06
1.066923141479492188e-05
2.378225326538085938e-05
2.205371856689453125e-05
3.039836883544921875e-06
2.241134643554687500e-05
1.949071884155273438e-05
1.907348632812500000e-06
1.490116119384765625e-06
6.735324859619140625e-06
2.044439315795898438e-05
2.044439315795898438e-05
7.206201553344726562e-05
2.306699752807617188e-05
2.270936965942382812e-05
9.953975677490234375e-06
2.026557922363281250e-06
7.152557373046875000e-06
4.023313522338867188e-05
3.498792648315429688e-05
4.291534423828125000e-06
3.910064697265625000e-05
2.664327621459960938e-05
1.049041748046875000e-05
8.469820022583007812e-05
1.972913742065429688e-05
3.528594970703125000e-05
4.708766937255859375e-06
1.114606857299804688e-05
2.324581146240234375e-05
1.502037048339843750e-05
2.580881118774414062e-05
5.400180816650390625e-05
1.114606857299804688e-05
2.312660217285156250e-05
7.271766662597656250e-06
1.021027565002441406e-04
2.270936965942382812e-05
3.516674041748046875e-06
1.052618026733398438e-04
1.764297485351562500e-05
2.861022949218750000e-06
2.026557922363281250e-06
1.370906829833984375e-06
1.490116119384765625e-06
2.741813659667968750e-06
5.418062210083007812e-05
5.990266799926757812e-05
1.442432403564453125e-05
1.168251037597656250e-05
6.914138793945312500e-06
6.753206253051757812e-05
4.005432128906250000e-05
8.106231689453125000e-06
4.386901855468750000e-05
3.814697265625000000e-06
1.770257949829101562e-05
1.279115676879882812e-04
3.492832183837890625e-05
1.668930053710937500e-05
2.980232238769531250e-06
1.037120819091796875e-05
2.139806747436523438e-05
5.543231964111328125e-06
1.311302185058593750e-06
1.788139343261718750e-07
6.556510925292968750e-07
7.152557373046875000e-07
2.235174179077148438e-05
8.285045623779296875e-06
1.192092895507812500e-06
6.556510925292968750e-07
1.740455627441406250e-05
2.944469451904296875e-05
1.031160354614257812e-05
1.907348632812500000e-06
1.013278961181640625e-06
8.940696716308593750e-07
3.576278686523437500e-07
1.788139343261718750e-07
2.384185791015625000e-07
0.000000000000000000e+00
1.221895217895507812e-05
4.500150680541992188e-05
3.647804260253906250e-05
1.204013824462890625e-05
4.690885543823242188e-05
9.685754776000976562e-05
5.167722702026367188e-05
2.712011337280273438e-05
1.597404479980468750e-05
6.437301635742187500e-06
7.927417755126953125e-06
1.329183578491210938e-05
5.185604095458984375e-06
3.457069396972656250e-06
4.529953002929687500e-06
3.260374069213867188e-05
4.613399505615234375e-05
1.382827758789062500e-05
1.279115676879882812e-04
2.425909042358398438e-05
6.079673767089843750e-06
3.755092620849609375e-06
6.604194641113281250e-05
7.688999176025390625e-06
3.159046173095703125e-06
1.192092895507812500e-07
8.106231689453125000e-06
9.149312973022460938e-05
1.549720764160156250e-06
2.336502075195312500e-05
6.425380706787109375e-05
3.790855407714843750e-05
3.051757812500000000e-05
3.570318222045898438e-05
1.317262649536132812e-05
4.231929779052734375e-06
0.000000000000000000e+00
1.192092895507812500e-07
4.887580871582031250e-06
4.339218139648437500e-05
3.349781036376953125e-05
1.913309097290039062e-05
2.264976501464843750e-05
1.120567321777343750e-04
1.001358032226562500e-04
1.178383827209472656e-04
4.810094833374023438e-05
5.352497100830078125e-05
1.314878463745117188e-04
1.196861267089843750e-04
4.732608795166015625e-05
2.282857894897460938e-05
9.876489639282226562e-05
4.172325134277343750e-06
2.622604370117187500e-06
3.051757812500000000e-05
1.466274261474609375e-05
3.218650817871093750e-06
7.331371307373046875e-06
9.340047836303710938e-05
5.042552947998046875e-05
1.096725463867187500e-05
2.241134643554687500e-05
3.004074096679687500e-05
3.945827484130859375e-05
2.413988113403320312e-05
1.180171966552734375e-05
8.106231689453125000e-06
2.586841583251953125e-05
8.714199066162109375e-05
1.264810562133789062e-04
2.700090408325195312e-05
9.298324584960937500e-06
5.227327346801757812e-05
2.145767211914062500e-05
1.072883605957031250e-05
3.695487976074218750e-06
2.324581146240234375e-06
3.576278686523437500e-07
1.817941665649414062e-05
1.350641250610351562e-04
2.634525299072265625e-05
5.960464477539062500e-07
5.662441253662109375e-06
1.442432403564453125e-04
1.635551452636718750e-04
4.178285598754882812e-05
7.867813110351562500e-06
1.549720764160156250e-05
9.167194366455078125e-05
1.049041748046875000e-05
2.539157867431640625e-05
3.695487976074218750e-05
2.294778823852539062e-05
1.144409179687500000e-05
1.847743988037109375e-06
5.960464477539062500e-08
0.000000000000000000e+00
5.960464477539062500e-08
4.768371582031250000e-07
1.192092895507812500e-06
2.622604370117187500e-06
3.635883331298828125e-06
5.364418029785156250e-07
1.132488250732421875e-06
6.735324859619140625e-06
5.483627319335937500e-06
1.090764999389648438e-05
2.592802047729492188e-05
1.907348632812500000e-05
5.006790161132812500e-05
2.115964889526367188e-05
1.019835472106933594e-04
1.525878906250000000e-05
2.717971801757812500e-05
1.037120819091796875e-05
2.926588058471679688e-05
4.744529724121093750e-05
2.247095108032226562e-05
3.874301910400390625e-05
2.050399780273437500e-05
2.682209014892578125e-06
3.576278686523437500e-07
2.908706665039062500e-05
1.484155654907226562e-05
4.452466964721679688e-05
3.004074096679687500e-05
6.437301635742187500e-06
6.377696990966796875e-06
3.218650817871093750e-06
9.536743164062500000e-07
8.940696716308593750e-07
1.269578933715820312e-05
1.257658004760742188e-05
4.971027374267578125e-05
4.595518112182617188e-05
4.994869232177734375e-05
6.139278411865234375e-05
5.173683166503906250e-05
1.106262207031250000e-04
1.015067100524902344e-04
6.741285324096679688e-05
9.137392044067382812e-05
9.840726852416992188e-05
3.993511199951171875e-05
7.021427154541015625e-05
2.300739288330078125e-05
2.944469451904296875e-05
2.413988113403320312e-05
3.302097320556640625e-05
4.369020462036132812e-05
5.966424942016601562e-05
4.673004150390625000e-05
1.007318496704101562e-05
7.092952728271484375e-06
8.726119995117187500e-05
7.867813110351562500e-05
7.474422454833984375e-05
7.444620132446289062e-05
3.814697265625000000e-05
3.391504287719726562e-05
3.117322921752929688e-05
5.316734313964843750e-05
4.625320434570312500e-05
1.949071884155273438e-05
1.293420791625976562e-05
8.523464202880859375e-06
4.529953002929687500e-06
7.808208465576171875e-06
4.768371582031250000e-07
1.251697540283203125e-06
0.000000000000000000e+00
1.013278961181640625e-06
1.013278961181640625e-06
2.980232238769531250e-07
0.000000000000000000e+00
7.748603820800781250e-06
6.556510925292968750e-07
5.245208740234375000e-06
2.026557922363281250e-06
6.139278411865234375e-06
8.344650268554687500e-07
8.285045623779296875e-06
3.576278686523437500e-07
3.278255462646484375e-06
9.655952453613281250e-06
3.612041473388671875e-05
2.926588058471679688e-05
6.079673767089843750e-06
1.311302185058593750e-06
1.454353332519531250e-05
5.406141281127929688e-05
1.245737075805664062e-05
1.871585845947265625e-05
2.342462539672851562e-05
3.111362457275390625e-05
1.442432403564453125e-05
2.300739288330078125e-05
1.311302185058593750e-05
1.782178878784179688e-05
1.305341720581054688e-05
7.867813110351562500e-06
2.175569534301757812e-05
2.020597457885742188e-05
1.794099807739257812e-05
1.376867294311523438e-05
1.710653305053710938e-05
8.463859558105468750e-06
2.241134643554687500e-05
1.728534698486328125e-05
3.755092620849609375e-05
2.026557922363281250e-06
1.728534698486328125e-06
0.000000000000000000e+00
3.099441528320312500e-06
1.013278961181640625e-06
1.728534698486328125e-05
1.633167266845703125e-05
7.510185241699218750e-06
4.351139068603515625e-06
7.748603820800781250e-05
1.013278961181640625e-05
1.394748687744140625e-05
1.311302185058593750e-06
0.000000000000000000e+00
3.337860107421875000e-06
4.589557647705078125e-06
2.980232238769531250e-06
8.344650268554687500e-07
1.132488250732421875e-06
1.907348632812500000e-06
3.576278686523437500e-06
3.159046173095703125e-06
0.000000000000000000e+00
0.000000000000000000e+00
4.053115844726562500e-06
5.698204040527343750e-05
