5.841255187988281250e-06
1.502037048339843750e-05
2.145767211914062500e-06
1.239776611328125000e-05
1.037120819091796875e-05
2.110004425048828125e-05
1.609325408935546875e-05
2.408027648925781250e-05
7.152557373046875000e-06
1.430511474609375000e-05
1.966953277587890625e-05
1.710653305053710938e-05
1.907348632812500000e-06
1.066923141479492188e-05
3.635883331298828125e-06
9.417533874511718750e-06
2.026557922363281250e-05
7.510185241699218750e-06
1.132488250732421875e-06
3.695487976074218750e-06
1.311302185058593750e-06
6.431341171264648438e-05
8.600950241088867188e-05
1.871585845947265625e-05
2.384185791015625000e-06
2.682209014892578125e-06
0.000000000000000000e+00
0.000000000000000000e+00
1.311302185058593750e-06
4.768371582031250000e-07
1.728534698486328125e-06
9.477138519287109375e-06
6.139278411865234375e-06
8.523464202880859375e-06
2.980232238769531250e-06
4.887580871582031250e-06
2.980232238769531250e-07
6.198883056640625000e-06
0.000000000000000000e+00
0.000000000000000000e+00
1.788139343261718750e-07
1.668930053710937500e-06
2.801418304443359375e-06
1.430511474609375000e-06
2.980232238769531250e-07
2.861022949218750000e-06
4.768371582031250000e-07
7.212162017822265625e-06
1.138448715209960938e-05
1.186132431030273438e-05
2.521276473999023438e-05
1.132488250732421875e-05
1.257658004760742188e-05
2.110004425048828125e-05
2.890825271606445312e-05
3.951787948608398438e-05
2.074241638183593750e-05
6.735324859619140625e-06
4.768371582031250000e-06
9.238719940185546875e-06
3.457069396972656250e-06
1.311302185058593750e-05
9.179115295410156250e-06
1.287460327148437500e-05
5.483627319335937500e-06
1.043081283569335938e-05
5.364418029785156250e-06
1.382827758789062500e-05
6.914138793945312500e-06
3.957748413085937500e-05
4.959106445312500000e-05
2.688169479370117188e-05
4.887580871582031250e-06
6.556510925292968750e-07
5.960464477539062500e-08
4.410743713378906250e-06
1.126527786254882812e-05
2.121925354003906250e-05
3.063678741455078125e-05
2.491474151611328125e-05
1.931190490722656250e-05
1.025199890136718750e-05
1.370906829833984375e-06
3.814697265625000000e-06
4.172325134277343750e-07
3.576278686523437500e-07
0.000000000000000000e+00
2.384185791015625000e-07
5.960464477539062500e-07
9.536743164062500000e-07
4.768371582031250000e-07
4.291534423828125000e-06
1.549720764160156250e-06
5.781650543212890625e-06
5.364418029785156250e-07
4.112720489501953125e-06
8.940696716308593750e-07
6.556510925292968750e-06
1.192092895507812500e-06
6.258487701416015625e-06
7.390975952148437500e-06
6.854534149169921875e-06
3.218650817871093750e-06
7.688999176025390625e-06
1.561641693115234375e-05
9.655952453613281250e-06
9.894371032714843750e-06
8.106231689453125000e-06
7.748603820800781250e-06
4.529953002929687500e-06
4.827976226806640625e-06
6.675720214843750000e-06
3.576278686523437500e-06
2.861022949218750000e-06
1.251697540283203125e-05
1.047253608703613281e-04
2.968311309814453125e-05
5.424022674560546875e-06
2.443790435791015625e-06
4.172325134277343750e-06
6.735324859619140625e-06
4.053115844726562500e-06
2.068281173706054688e-05
1.534223556518554688e-04
1.682043075561523438e-04
1.615285873413085938e-05
1.108646392822265625e-05
4.887580871582031250e-06
4.351139068603515625e-06
5.781650543212890625e-06
1.072883605957031250e-06
1.907348632812500000e-06
2.980232238769531250e-07
3.576278686523437500e-06
3.659725189208984375e-05
2.264976501464843750e-05
6.258487701416015625e-06
3.576278686523437500e-07
0.000000000000000000e+00
4.172325134277343750e-07
5.960464477539062500e-08
2.622604370117187500e-06
5.722045898437500000e-06
5.662441253662109375e-06
1.603364944458007812e-05
1.078844070434570312e-05
3.099441528320312500e-06
2.324581146240234375e-06
1.108646392822265625e-05
2.855062484741210938e-05
9.834766387939453125e-06
2.086162567138671875e-06
4.947185516357421875e-06
7.444620132446289062e-05
2.086162567138671875e-06
0.000000000000000000e+00
6.616115570068359375e-06
6.902217864990234375e-05
2.789497375488281250e-05
6.860494613647460938e-05
7.510185241699218750e-06
2.682209014892578125e-06
3.099441528320312500e-06
2.652406692504882812e-05
7.212162017822265625e-06
0.000000000000000000e+00
3.576278686523437500e-07
4.947185516357421875e-06
2.324581146240234375e-06
0.000000000000000000e+00
0.000000000000000000e+00
1.680850982666015625e-05
9.495019912719726562e-05
1.156330108642578125e-04
9.334087371826171875e-05
3.665685653686523438e-05
1.406669616699218750e-04
5.871057510375976562e-05
9.059906005859375000e-06
3.755092620849609375e-05
5.596876144409179688e-05
5.477666854858398438e-05
4.768371582031250000e-06
6.198883056640625000e-06
6.616115570068359375e-06
6.198883056640625000e-06
3.814697265625000000e-06
2.503395080566406250e-06
4.470348358154296875e-06
1.430511474609375000e-06
8.225440979003906250e-06
1.472234725952148438e-05
2.068281173706054688e-05
8.583068847656250000e-06
8.642673492431640625e-06
1.066923141479492188e-05
1.841783523559570312e-05
1.549720764160156250e-05
1.037120819091796875e-05
4.947185516357421875e-06
4.291534423828125000e-06
4.947185516357421875e-06
4.351139068603515625e-06
1.370906829833984375e-06
1.788139343261718750e-07
0.000000000000000000e+00
0.000000000000000000e+00
0.000000000000000000e+00
4.172325134277343750e-07
5.960464477539062500e-07
3.218650817871093750e-06
1.758337020874023438e-05
6.198883056640625000e-06
1.013278961181640625e-06
3.576278686523437500e-07
5.960464477539062500e-08
5.960464477539062500e-08
4.172325134277343750e-07
1.549720764160156250e-06
4.529953002929687500e-06
3.814697265625000000e-06
5.960464477539062500e-08
5.960464477539062500e-08
5.960464477539062500e-08
1.311302185058593750e-06
1.215934753417968750e-05
3.004074096679687500e-05
1.186132431030273438e-05
3.576278686523437500e-07
1.072883605957031250e-06
1.072883605957031250e-06
4.172325134277343750e-07
1.370906829833984375e-06
4.172325134277343750e-07
0.000000000000000000e+00
1.192092895507812500e-07
1.192092895507812500e-07
0.000000000000000000e+00
0.000000000000000000e+00
0.000000000000000000e+00
0.000000000000000000e+00
0.000000000000000000e+00
5.960464477539062500e-08
1.788139343261718750e-07
2.861022949218750000e-06
1.418590545654296875e-05
1.972913742065429688e-05
7.569789886474609375e-06
1.847743988037109375e-06
7.939338684082031250e-05
1.165866851806640625e-04
5.209445953369140625e-05
6.258487701416015625e-06
0.000000000000000000e+00
1.370906829833984375e-06
2.360343933105468750e-05
1.108646392822265625e-04
1.426935195922851562e-04
5.096197128295898438e-05
4.982948303222656250e-05
3.337860107421875000e-05
6.198883056640625000e-05
2.503395080566406250e-05
1.221895217895507812e-05
1.567602157592773438e-05
1.442432403564453125e-05
2.980232238769531250e-06
5.960464477539062500e-07
1.609325408935546875e-06
5.936622619628906250e-05
2.640485763549804688e-05
2.843141555786132812e-05
1.788139343261718750e-05
3.576278686523437500e-07
3.635883331298828125e-06
6.633996963500976562e-05
4.923343658447265625e-05
5.561113357543945312e-05
2.503395080566406250e-06
5.364418029785156250e-07
1.615285873413085938e-05
3.755092620849609375e-05
8.499622344970703125e-05
1.853704452514648438e-05
4.839897155761718750e-05
7.361173629760742188e-05
6.252527236938476562e-05
4.291534423828125000e-05
2.998113632202148438e-05
2.169609069824218750e-05
1.215934753417968750e-05
5.191564559936523438e-05
6.818771362304687500e-05
4.780292510986328125e-05
1.543760299682617188e-05
1.460313796997070312e-05
3.099441528320312500e-05
8.541345596313476562e-05
1.782178878784179688e-05
1.072883605957031250e-05
1.603364944458007812e-05
1.049041748046875000e-05
3.218650817871093750e-06
2.026557922363281250e-06
1.031160354614257812e-05
4.237890243530273438e-05
3.850460052490234375e-05
1.084804534912109375e-04
1.484155654907226562e-05
2.497434616088867188e-05
5.000829696655273438e-05
7.855892181396484375e-05
3.129243850708007812e-05
1.400709152221679688e-05
2.104043960571289062e-05
5.000829696655273438e-05
2.217292785644531250e-05
7.343292236328125000e-05
7.319450378417968750e-05
5.358457565307617188e-05
2.300739288330078125e-05
3.159046173095703125e-05
8.285045623779296875e-06
1.490116119384765625e-05
9.697675704956054688e-05
5.066394805908203125e-06
5.662441253662109375e-06
4.529953002929687500e-06
2.980232238769531250e-06
3.814697265625000000e-06
1.072883605957031250e-05
1.049041748046875000e-05
1.651048660278320312e-05
2.217292785644531250e-05
7.152557373046875000e-06
2.145767211914062500e-06
1.907348632812500000e-06
2.801418304443359375e-06
7.808208465576171875e-06
1.531839370727539062e-05
2.425909042358398438e-05
4.154443740844726562e-05
4.434585571289062500e-05
8.898973464965820312e-05
5.024671554565429688e-05
5.823373794555664062e-05
4.214048385620117188e-05
4.613399505615234375e-05
3.689527511596679688e-05
2.211332321166992188e-05
1.156330108642578125e-05
4.351139068603515625e-06
2.264976501464843750e-06
2.861022949218750000e-06
1.311302185058593750e-06
1.251697540283203125e-06
8.344650268554687500e-07
1.728534698486328125e-06
3.910064697265625000e-05
7.009506225585937500e-05
3.379583358764648438e-05
7.927417755126953125e-06
1.853704452514648438e-05
2.729892730712890625e-05
3.224611282348632812e-05
4.124641418457031250e-05
2.431869506835937500e-05
5.245208740234375000e-06
9.196996688842773438e-05
4.726648330688476562e-05
1.311302185058593750e-05
1.788139343261718750e-06
1.490116119384765625e-06
1.609325408935546875e-06
5.191564559936523438e-05
2.223253250122070312e-05
2.384185791015625000e-07
3.576278686523437500e-07
1.788139343261718750e-07
7.152557373046875000e-07
0.000000000000000000e+00
0.000000000000000000e+00
0.000000000000000000e+00
0.000000000000000000e+00
1.192092895507812500e-07
2.086162567138671875e-06
1.472234725952148438e-05
2.354383468627929688e-05
1.853704452514648438e-05
1.579523086547851562e-05
6.794929504394531250e-06
3.755092620849609375e-06
2.247095108032226562e-05
6.437301635742187500e-06
3.457069396972656250e-06
1.662969589233398438e-05
1.007318496704101562e-05
3.099441528320312500e-06
1.370906829833984375e-06
1.728534698486328125e-06
6.496906280517578125e-06
1.013278961181640625e-06
2.342462539672851562e-05
3.141164779663085938e-05
1.305341720581054688e-05
5.376338958740234375e-05
5.650520324707031250e-05
2.151727676391601562e-05
2.402067184448242188e-05
6.484985351562500000e-05
3.278255462646484375e-06
4.673004150390625000e-05
1.829862594604492188e-05
4.172325134277343750e-07
2.324581146240234375e-06
2.145767211914062500e-06
1.072883605957031250e-06
5.066394805908203125e-06
1.215934753417968750e-05
5.096197128295898438e-05
7.188320159912109375e-05
7.092952728271484375e-05
4.202127456665039062e-05
1.853704452514648438e-05
1.239776611328125000e-05
7.808208465576171875e-06
4.172325134277343750e-07
1.907348632812500000e-06
1.168251037597656250e-05
8.106231689453125000e-06
2.026557922363281250e-06
1.490116119384765625e-06
1.901388168334960938e-05
9.894371032714843750e-06
2.026557922363281250e-06
9.536743164062500000e-07
6.616115570068359375e-06
4.512071609497070312e-05
6.794929504394531250e-06
4.112720489501953125e-06
1.490116119384765625e-06
1.311302185058593750e-06
2.086162567138671875e-06
1.728534698486328125e-06
1.847743988037109375e-06
3.737211227416992188e-05
7.510185241699218750e-06
1.192092895507812500e-06
8.344650268554687500e-07
2.980232238769531250e-07
0.000000000000000000e+00
0.000000000000000000e+00
0.000000000000000000e+00
2.384185791015625000e-06
6.973743438720703125e-06
2.062320709228515625e-05
7.623434066772460938e-05
3.457069396972656250e-06
5.602836608886718750e-06
3.576278686523437500e-05
5.543231964111328125e-05
5.429983139038085938e-05
1.925230026245117188e-05
1.615285873413085938e-05
2.330541610717773438e-05
2.580881118774414062e-05
8.463859558105468750e-06
8.940696716308593750e-07
2.932548522949218750e-05
2.264976501464843750e-06
6.490945816040039062e-05
9.208917617797851562e-05
2.187490463256835938e-05
3.218650817871093750e-06
3.093481063842773438e-05
5.567073822021484375e-05
1.174211502075195312e-05
4.172325134277343750e-06
2.551078796386718750e-05
4.875659942626953125e-05
1.835823059082031250e-05
6.973743438720703125e-06
1.037120819091796875e-05
5.781650543212890625e-06
1.907348632812500000e-06
8.940696716308593750e-07
1.847743988037109375e-06
7.450580596923828125e-06
7.152557373046875000e-07
3.576278686523437500e-07
7.748603820800781250e-07
1.072883605957031250e-06
5.722045898437500000e-06
1.966953277587890625e-05
4.017353057861328125e-05
8.881092071533203125e-06
6.556510925292968750e-07
1.871585845947265625e-05
3.224611282348632812e-05
1.585483551025390625e-05
1.561641693115234375e-05
3.695487976074218750e-06
0.000000000000000000e+00
0.000000000000000000e+00
1.192092895507812500e-06
1.609325408935546875e-06
2.384185791015625000e-07
3.218650817871093750e-06
5.841255187988281250e-06
7.688999176025390625e-06
4.988908767700195312e-05
2.366304397583007812e-05
2.098083496093750000e-05
5.894899368286132812e-05
4.410743713378906250e-05
7.450580596923828125e-06
7.748603820800781250e-07
2.980232238769531250e-06
5.435943603515625000e-05
3.659725189208984375e-05
6.377696990966796875e-06
1.728534698486328125e-06
1.192092895507812500e-07
4.351139068603515625e-06
5.489587783813476562e-05
6.240606307983398438e-05
2.086162567138671875e-05
2.980232238769531250e-06
1.662969589233398438e-05
6.014108657836914062e-05
3.665685653686523438e-05
2.980232238769531250e-06
1.591444015502929688e-05
6.914138793945312500e-05
5.960464477539062500e-05
1.031160354614257812e-05
7.390975952148437500e-06
1.486539840698242188e-04
4.196166992187500000e-05
5.483627319335937500e-06
3.039836883544921875e-06
2.908706665039062500e-05
1.621246337890625000e-05
1.549720764160156250e-06
1.198053359985351562e-05
2.413988113403320312e-05
2.026557922363281250e-06
4.291534423828125000e-06
1.139044761657714844e-04
4.065036773681640625e-05
5.781650543212890625e-06
7.563829421997070312e-05
2.652406692504882812e-05
6.318092346191406250e-06
1.311302185058593750e-06
5.364418029785156250e-07
2.801418304443359375e-06
2.747774124145507812e-05
9.757280349731445312e-05
4.017353057861328125e-05
1.466274261474609375e-05
6.496906280517578125e-06
1.609325408935546875e-06
2.503395080566406250e-06
1.549720764160156250e-06
6.556510925292968750e-07
0.000000000000000000e+00
0.000000000000000000e+00
5.960464477539062500e-08
2.384185791015625000e-07
4.768371582031250000e-07
8.940696716308593750e-07
3.099441528320312500e-06
6.377696990966796875e-06
2.384185791015625000e-07
8.702278137207031250e-06
3.248453140258789062e-05
5.304813385009765625e-06
2.384185791015625000e-07
2.217292785644531250e-05
9.268522262573242188e-05
6.890296936035156250e-05
6.449222564697265625e-05
3.290176391601562500e-05
1.800060272216796875e-05
6.318092346191406250e-06
2.491474151611328125e-05
1.358985900878906250e-05
2.074241638183593750e-05
2.712011337280273438e-05
2.866983413696289062e-05
2.235174179077148438e-05
1.400709152221679688e-05
4.351139068603515625e-06
3.039836883544921875e-06
4.726648330688476562e-05
1.012086868286132812e-04
7.808208465576171875e-06
8.285045623779296875e-06
5.006790161132812500e-06
9.042024612426757812e-05
4.154443740844726562e-05
5.483627319335937500e-06
1.549720764160156250e-06
0.000000000000000000e+00
0.000000000000000000e+00
1.281499862670898438e-05
3.939867019653320312e-05
1.615285873413085938e-05
1.794099807739257812e-05
1.132488250732421875e-05
7.808208465576171875e-06
3.576278686523437500e-07
0.000000000000000000e+00
7.748603820800781250e-07
1.847743988037109375e-06
2.801418304443359375e-06
8.583068847656250000e-06
3.993511199951171875e-06
4.529953002929687500e-06
2.443790435791015625e-06
1.162290573120117188e-05
1.013278961181640625e-05
7.903575897216796875e-05
2.562999725341796875e-05
3.576278686523437500e-06
5.960464477539062500e-07
5.960464477539062500e-08
2.551078796386718750e-05
8.642673492431640625e-06
9.226799011230468750e-05
9.459257125854492188e-05
3.468990325927734375e-05
6.538629531860351562e-05
7.665157318115234375e-05
3.916025161743164062e-05
3.337860107421875000e-05
1.533031463623046875e-04
2.086162567138671875e-05
9.775161743164062500e-06
1.192092895507812500e-07
1.454353332519531250e-05
3.713369369506835938e-05
4.082918167114257812e-05
2.098083496093750000e-05
8.761882781982421875e-06
3.576278686523437500e-07
8.940696716308593750e-07
0.000000000000000000e+00
2.980232238769531250e-07
1.430511474609375000e-06
5.304813385009765625e-05
4.494190216064453125e-05
9.715557098388671875e-06
2.658367156982421875e-05
2.062320709228515625e-05
2.622604370117187500e-06
3.039836883544921875e-06
3.635883331298828125e-06
4.529953002929687500e-06
2.801418304443359375e-06
5.424022674560546875e-06
9.357929229736328125e-06
9.298324584960937500e-06
3.337860107421875000e-06
1.716613769531250000e-05
6.556510925292968750e-06
5.304813385009765625e-06
2.384185791015625000e-07
2.324581146240234375e-06
2.980232238769531250e-07
2.562999725341796875e-06
5.960464477539062500e-08
0.000000000000000000e+00
1.275539398193359375e-05
6.663799285888671875e-05
1.072883605957031250e-06
2.443790435791015625e-06
8.940696716308593750e-07
0.000000000000000000e+00
0.000000000000000000e+00
0.000000000000000000e+00
0.000000000000000000e+00
1.609325408935546875e-06
5.125999450683593750e-06
2.861022949218750000e-06
6.198883056640625000e-06
1.561641693115234375e-05
2.068281173706054688e-05
2.515316009521484375e-05
2.163648605346679688e-05
2.616643905639648438e-05
1.770257949829101562e-05
1.627206802368164062e-05
1.180171966552734375e-05
1.364946365356445312e-05
4.070997238159179688e-05
9.810924530029296875e-05
2.557039260864257812e-05
5.722045898437500000e-06
1.585483551025390625e-05
3.814697265625000000e-06
5.006790161132812500e-06
1.496076583862304688e-05
4.482269287109375000e-05
7.629394531250000000e-06
4.351139068603515625e-06
5.960464477539062500e-07
0.000000000000000000e+00
5.960464477539062500e-08
0.000000000000000000e+00
1.430511474609375000e-06
2.145767211914062500e-06
2.825260162353515625e-05
3.153085708618164062e-05
1.275539398193359375e-05
0.000000000000000000e+00
0.000000000000000000e+00
2.384185791015625000e-07
3.457069396972656250e-06
2.384185791015625000e-07
0.000000000000000000e+00
0.000000000000000000e+00
5.960464477539062500e-08
6.556510925292968750e-07
4.172325134277343750e-07
2.622604370117187500e-06
9.357929229736328125e-06
9.953975677490234375e-06
1.889467239379882812e-05
