2.086162567138671875e-06
2.622604370117187500e-06
3.683567047119140625e-05
3.111362457275390625e-05
2.956390380859375000e-05
8.666515350341796875e-05
4.142522811889648438e-05
1.192092895507812500e-06
1.037120819091796875e-05
1.633167266845703125e-05
4.470348358154296875e-06
6.616115570068359375e-06
2.920627593994140625e-06
2.086162567138671875e-06
8.225440979003906250e-06
1.364946365356445312e-05
3.331899642944335938e-05
1.919269561767578125e-05
1.072883605957031250e-05
5.483627319335937500e-06
4.351139068603515625e-06
4.947185516357421875e-06
5.602836608886718750e-06
7.510185241699218750e-06
3.635883331298828125e-06
1.847743988037109375e-06
1.788139343261718750e-07
0.000000000000000000e+00
1.728534698486328125e-06
4.947185516357421875e-06
8.404254913330078125e-06
4.768371582031250000e-07
1.716613769531250000e-05
2.157688140869140625e-05
8.344650268554687500e-06
2.980232238769531250e-06
8.225440979003906250e-06
6.973743438720703125e-06
7.987022399902343750e-06
2.443790435791015625e-06
5.841255187988281250e-06
4.351139068603515625e-06
6.198883056640625000e-06
3.695487976074218750e-06
6.556510925292968750e-06
2.920627593994140625e-06
2.264976501464843750e-06
3.278255462646484375e-06
6.854534149169921875e-06
7.867813110351562500e-06
8.404254913330078125e-06
2.562999725341796875e-06
1.370906829833984375e-06
6.526708602905273438e-05
3.331899642944335938e-05
2.179145812988281250e-04
2.282857894897460938e-05
4.053115844726562500e-06
2.443790435791015625e-06
1.168251037597656250e-05
1.096725463867187500e-05
4.327297210693359375e-05
3.772974014282226562e-05
3.117322921752929688e-05
3.695487976074218750e-06
1.966953277587890625e-06
4.887580871582031250e-06
2.920627593994140625e-06
3.755092620849609375e-06
5.185604095458984375e-06
3.516674041748046875e-06
4.351139068603515625e-06
9.775161743164062500e-06
2.324581146240234375e-05
8.291006088256835938e-05
4.786252975463867188e-05
1.788139343261718750e-06
1.192092895507812500e-07
1.907348632812500000e-06
1.251697540283203125e-06
2.324581146240234375e-06
6.556510925292968750e-07
1.668930053710937500e-06
1.132488250732421875e-06
8.940696716308593750e-07
1.192092895507812500e-06
2.145767211914062500e-06
5.185604095458984375e-06
9.059906005859375000e-06
8.463859558105468750e-06
1.466274261474609375e-05
3.534555435180664062e-05
6.383657455444335938e-05
9.423494338989257812e-05
5.733966827392578125e-05
2.646446228027343750e-05
4.291534423828125000e-06
1.907348632812500000e-06
4.708766937255859375e-06
5.602836608886718750e-06
3.039836883544921875e-06
3.576278686523437500e-07
4.768371582031250000e-07
2.980232238769531250e-07
0.000000000000000000e+00
0.000000000000000000e+00
0.000000000000000000e+00
0.000000000000000000e+00
0.000000000000000000e+00
1.788139343261718750e-07
7.748603820800781250e-07
1.728534698486328125e-06
1.609325408935546875e-06
1.400709152221679688e-05
2.193450927734375000e-05
3.945827484130859375e-05
2.968311309814453125e-05
3.439188003540039062e-05
4.887580871582031250e-05
1.806020736694335938e-05
9.834766387939453125e-06
6.496906280517578125e-06
1.080632209777832031e-04
1.353025436401367188e-05
4.172325134277343750e-06
2.217292785644531250e-05
6.139278411865234375e-05
1.698732376098632812e-05
1.901388168334960938e-05
2.384185791015625000e-07
6.556510925292968750e-07
0.000000000000000000e+00
0.000000000000000000e+00
0.000000000000000000e+00
2.980232238769531250e-07
5.960464477539062500e-08
2.384185791015625000e-06
4.702806472778320312e-05
1.096129417419433594e-04
6.955862045288085938e-05
8.881092071533203125e-06
3.635883331298828125e-06
2.115964889526367188e-05
1.752376556396484375e-05
5.918741226196289062e-05
1.915693283081054688e-04
9.655952453613281250e-06
2.378225326538085938e-05
1.996755599975585938e-05
5.900859832763671875e-06
7.987022399902343750e-06
5.066394805908203125e-06
4.112720489501953125e-06
2.324581146240234375e-06
9.536743164062500000e-07
7.152557373046875000e-07
3.039836883544921875e-06
7.092952728271484375e-06
2.503395080566406250e-05
4.231929779052734375e-05
3.421306610107421875e-05
4.291534423828125000e-05
3.838539123535156250e-05
1.364946365356445312e-05
2.002716064453125000e-05
4.965066909790039062e-05
5.000829696655273438e-05
2.682209014892578125e-05
6.377696990966796875e-06
8.940696716308593750e-07
1.192092895507812500e-07
4.172325134277343750e-07
2.324581146240234375e-06
4.053115844726562500e-06
4.410743713378906250e-06
2.682209014892578125e-06
9.536743164062500000e-07
8.344650268554687500e-07
8.660554885864257812e-05
2.567768096923828125e-04
6.365776062011718750e-05
4.720687866210937500e-05
1.114606857299804688e-05
2.980232238769531250e-06
2.938508987426757812e-05
6.550550460815429688e-05
6.330013275146484375e-05
2.878904342651367188e-05
1.448392868041992188e-05
2.682209014892578125e-06
2.485513687133789062e-05
4.309415817260742188e-05
7.247924804687500000e-05
7.450580596923828125e-05
3.290176391601562500e-05
7.075071334838867188e-05
8.511543273925781250e-05
1.657009124755859375e-04
4.982948303222656250e-05
2.229213714599609375e-05
1.621246337890625000e-05
3.039836883544921875e-05
1.484155654907226562e-05
1.370906829833984375e-05
7.927417755126953125e-06
9.894371032714843750e-06
7.927417755126953125e-06
1.865625381469726562e-05
1.728534698486328125e-05
2.473592758178710938e-05
8.344650268554687500e-07
0.000000000000000000e+00
4.172325134277343750e-07
1.788139343261718750e-07
3.576278686523437500e-07
5.662441253662109375e-06
5.602836608886718750e-06
6.258487701416015625e-06
3.856420516967773438e-05
1.394748687744140625e-05
1.192092895507812500e-06
5.960464477539062500e-08
0.000000000000000000e+00
2.068281173706054688e-05
3.361701965332031250e-05
2.521276473999023438e-05
3.248453140258789062e-05
1.329183578491210938e-05
1.569986343383789062e-04
1.096725463867187500e-04
6.550550460815429688e-05
2.241134643554687500e-05
3.516674041748046875e-06
8.344650268554687500e-07
2.920627593994140625e-06
1.033544540405273438e-04
5.674362182617187500e-05
1.652240753173828125e-04
9.024143218994140625e-05
9.810924530029296875e-05
2.771615982055664062e-05
8.523464202880859375e-06
2.205371856689453125e-06
9.834766387939453125e-06
3.373622894287109375e-05
1.305341720581054688e-05
6.198883056640625000e-06
4.589557647705078125e-06
1.966953277587890625e-06
5.364418029785156250e-07
5.960464477539062500e-08
4.529953002929687500e-06
5.829334259033203125e-05
3.564357757568359375e-05
7.539987564086914062e-05
1.789331436157226562e-04
2.038478851318359375e-05
1.889467239379882812e-05
3.576278686523437500e-06
1.132488250732421875e-06
1.907348632812500000e-06
5.364418029785156250e-07
3.933906555175781250e-06
6.198883056640625000e-06
6.616115570068359375e-06
7.987022399902343750e-06
6.318092346191406250e-06
2.026557922363281250e-06
6.794929504394531250e-06
6.318092346191406250e-06
6.675720214843750000e-06
2.729892730712890625e-05
2.664327621459960938e-05
2.419948577880859375e-05
4.899501800537109375e-05
2.795457839965820312e-05
1.728534698486328125e-06
0.000000000000000000e+00
0.000000000000000000e+00
1.788139343261718750e-07
1.847743988037109375e-06
2.384185791015625000e-06
2.980232238769531250e-06
5.245208740234375000e-06
3.826618194580078125e-05
1.627206802368164062e-04
1.255273818969726562e-04
7.081031799316406250e-05
2.562999725341796875e-05
1.621246337890625000e-05
5.781650543212890625e-06
4.321336746215820312e-05
8.487701416015625000e-05
6.985664367675781250e-05
3.898143768310546875e-05
2.557039260864257812e-05
7.927417755126953125e-06
1.698732376098632812e-05
3.278255462646484375e-06
2.086162567138671875e-06
2.682209014892578125e-05
1.788139343261718750e-05
3.397464752197265625e-06
1.609325408935546875e-06
6.556510925292968750e-07
4.649162292480468750e-06
2.241134643554687500e-05
1.907348632812500000e-06
0.000000000000000000e+00
2.384185791015625000e-07
1.275539398193359375e-05
4.112720489501953125e-06
1.788139343261718750e-06
1.418590545654296875e-05
6.258487701416015625e-05
2.253055572509765625e-05
8.285045623779296875e-06
1.043081283569335938e-04
1.192092895507812500e-05
1.236200332641601562e-04
4.500150680541992188e-05
7.152557373046875000e-07
3.606081008911132812e-05
5.769729614257812500e-05
6.914138793945312500e-06
2.402067184448242188e-05
6.669759750366210938e-05
2.551078796386718750e-05
5.549192428588867188e-05
1.126527786254882812e-05
8.642673492431640625e-06
2.562999725341796875e-06
7.152557373046875000e-07
1.430511474609375000e-06
2.443790435791015625e-06
1.019239425659179688e-05
3.528594970703125000e-05
4.053115844726562500e-05
4.172325134277343750e-05
5.853176116943359375e-05
1.407861709594726562e-04
5.918741226196289062e-05
4.410743713378906250e-06
5.888938903808593750e-05
1.107454299926757812e-04
5.155801773071289062e-05
1.960992813110351562e-05
1.847743988037109375e-05
4.947185516357421875e-05
2.324581146240234375e-05
1.126527786254882812e-05
9.596347808837890625e-06
8.046627044677734375e-06
2.002716064453125000e-05
4.029273986816406250e-05
1.017451286315917969e-04
2.479553222656250000e-05
1.859664916992187500e-05
1.239776611328125000e-05
1.788139343261718750e-07
0.000000000000000000e+00
2.980232238769531250e-07
2.205371856689453125e-06
2.527236938476562500e-05
4.428625106811523438e-05
4.434585571289062500e-05
1.138448715209960938e-04
1.834630966186523438e-04
1.800060272216796875e-04
3.749132156372070312e-05
5.209445953369140625e-05
6.854534149169921875e-06
1.406669616699218750e-05
2.473592758178710938e-05
2.998113632202148438e-05
1.776218414306640625e-05
2.861022949218750000e-06
0.000000000000000000e+00
0.000000000000000000e+00
9.000301361083984375e-06
1.140236854553222656e-04
3.468990325927734375e-05
1.341104507446289062e-05
3.916025161743164062e-05
2.509355545043945312e-05
3.218650817871093750e-05
6.026029586791992188e-05
2.771615982055664062e-05
1.686811447143554688e-05
8.583068847656250000e-06
4.529953002929687500e-06
1.430511474609375000e-06
1.132488250732421875e-06
1.013278961181640625e-06
7.450580596923828125e-06
5.006790161132812500e-06
1.800060272216796875e-05
3.015995025634765625e-05
5.507469177246093750e-05
4.947185516357421875e-06
6.377696990966796875e-06
1.239776611328125000e-05
2.634525299072265625e-05
2.437829971313476562e-05
1.972913742065429688e-05
2.706050872802734375e-05
1.746416091918945312e-05
2.288818359375000000e-05
2.813339233398437500e-05
1.716613769531250000e-05
4.923343658447265625e-05
4.285573959350585938e-05
3.999471664428710938e-05
3.671646118164062500e-05
1.710653305053710938e-05
2.145767211914062500e-06
2.384185791015625000e-07
1.788139343261718750e-07
3.576278686523437500e-07
4.172325134277343750e-07
8.940696716308593750e-07
1.370906829833984375e-06
1.549720764160156250e-06
2.086162567138671875e-06
1.502037048339843750e-05
2.121925354003906250e-05
1.561641693115234375e-05
2.831220626831054688e-05
3.898143768310546875e-05
1.966953277587890625e-05
1.496076583862304688e-05
1.114606857299804688e-05
3.355741500854492188e-05
1.645088195800781250e-05
2.241134643554687500e-05
1.269578933715820312e-05
1.072883605957031250e-05
2.157688140869140625e-05
1.096725463867187500e-05
3.159046173095703125e-06
1.192092895507812500e-07
5.960464477539062500e-08
1.549720764160156250e-06
8.106231689453125000e-06
9.059906005859375000e-06
1.251697540283203125e-05
5.304813385009765625e-06
2.980232238769531250e-07
8.344650268554687500e-07
1.192092895507812500e-07
0.000000000000000000e+00
0.000000000000000000e+00
2.384185791015625000e-07
2.443790435791015625e-06
8.523464202880859375e-06
8.046627044677734375e-06
8.445978164672851562e-05
3.546476364135742188e-05
0.000000000000000000e+00
1.102685928344726562e-05
9.357929229736328125e-06
3.337860107421875000e-06
9.775161743164062500e-05
1.007914543151855469e-04
8.374452590942382812e-05
5.704164505004882812e-05
9.536743164062500000e-06
4.708766937255859375e-06
5.960464477539062500e-08
1.788139343261718750e-07
1.782178878784179688e-05
1.019239425659179688e-05
4.774332046508789062e-05
9.179115295410156250e-06
2.980232238769531250e-06
7.748603820800781250e-07
2.086162567138671875e-06
2.026557922363281250e-05
5.483627319335937500e-05
7.450580596923828125e-05
1.397132873535156250e-04
2.622604370117187500e-06
2.425909042358398438e-05
6.985664367675781250e-05
1.263618469238281250e-05
1.305341720581054688e-05
2.747774124145507812e-05
1.251697540283203125e-05
2.264976501464843750e-06
1.192092895507812500e-07
1.370906829833984375e-06
1.668930053710937500e-06
6.556510925292968750e-07
1.788139343261718750e-07
2.926588058471679688e-05
2.384185791015625000e-05
2.676248550415039062e-05
7.331371307373046875e-06
1.335144042968750000e-05
4.529953002929687500e-06
6.008148193359375000e-05
6.091594696044921875e-05
3.111362457275390625e-05
1.072883605957031250e-05
2.026557922363281250e-06
4.172325134277343750e-07
5.364418029785156250e-07
0.000000000000000000e+00
2.205371856689453125e-06
6.377696990966796875e-06
9.775161743164062500e-06
6.675720214843750000e-06
6.616115570068359375e-06
2.270936965942382812e-05
2.121925354003906250e-05
1.168251037597656250e-05
3.945827484130859375e-05
1.782178878784179688e-05
1.543760299682617188e-05
7.212162017822265625e-06
2.348423004150390625e-05
4.178285598754882812e-05
1.288652420043945312e-04
1.710653305053710938e-05
7.212162017822265625e-06
7.510185241699218750e-05
3.534555435180664062e-05
1.156330108642578125e-05
2.086162567138671875e-06
1.668930053710937500e-06
1.728534698486328125e-06
1.788139343261718750e-06
1.549720764160156250e-06
1.609325408935546875e-06
1.126527786254882812e-05
6.049871444702148438e-05
4.190206527709960938e-05
1.264810562133789062e-04
1.168251037597656250e-04
9.143352508544921875e-05
7.832050323486328125e-05
1.041293144226074219e-04
9.167194366455078125e-05
6.073713302612304688e-05
4.929304122924804688e-05
3.373622894287109375e-05
3.480911254882812500e-05
1.603364944458007812e-05
1.227855682373046875e-05
1.311302185058593750e-05
1.275539398193359375e-05
1.907348632812500000e-06
8.344650268554687500e-07
9.596347808837890625e-06
1.704692840576171875e-05
4.887580871582031250e-06
7.748603820800781250e-07
1.251697540283203125e-06
5.483627319335937500e-06
8.642673492431640625e-06
8.523464202880859375e-06
5.602836608886718750e-06
1.913309097290039062e-05
8.606910705566406250e-05
6.198883056640625000e-05
3.427267074584960938e-05
3.546476364135742188e-05
3.015995025634765625e-05
1.400709152221679688e-05
4.470348358154296875e-06
1.132488250732421875e-06
2.861022949218750000e-06
1.907348632812500000e-06
1.788139343261718750e-07
4.768371582031250000e-07
0.000000000000000000e+00
0.000000000000000000e+00
0.000000000000000000e+00
8.940696716308593750e-07
2.562999725341796875e-06
9.536743164062500000e-07
7.331371307373046875e-06
3.427267074584960938e-05
3.695487976074218750e-05
7.569789886474609375e-05
1.180171966552734375e-05
2.622604370117187500e-06
1.013278961181640625e-06
4.172325134277343750e-06
1.364946365356445312e-05
7.569789886474609375e-06
6.616115570068359375e-06
8.344650268554687500e-07
1.907348632812500000e-06
4.172325134277343750e-07
1.192092895507812500e-07
0.000000000000000000e+00
0.000000000000000000e+00
0.000000000000000000e+00
0.000000000000000000e+00
1.966953277587890625e-06
1.788139343261718750e-06
3.814697265625000000e-06
7.092952728271484375e-06
4.398822784423828125e-05
6.419420242309570312e-05
3.361701965332031250e-05
5.519390106201171875e-05
7.313489913940429688e-05
6.192922592163085938e-05
2.914667129516601562e-05
9.894371032714843750e-06
8.225440979003906250e-06
1.120567321777343750e-05
1.150369644165039062e-05
2.646446228027343750e-05
1.311302185058593750e-05
1.084804534912109375e-05
4.947185516357421875e-06
7.808208465576171875e-06
4.273653030395507812e-05
1.788139343261718750e-06
5.722045898437500000e-06
1.478195190429687500e-05
5.781650543212890625e-06
1.430511474609375000e-05
3.278255462646484375e-05
2.038478851318359375e-05
1.150369644165039062e-05
6.890296936035156250e-05
4.339218139648437500e-05
2.056360244750976562e-05
6.973743438720703125e-06
1.102685928344726562e-05
4.172325134277343750e-07
8.702278137207031250e-06
1.549720764160156250e-06
3.814697265625000000e-06
0.000000000000000000e+00
6.735324859619140625e-06
5.960464477539062500e-08
1.013278961181640625e-06
0.000000000000000000e+00
2.682209014892578125e-06
1.251697540283203125e-06
1.043081283569335938e-05
7.390975952148437500e-06
7.688999176025390625e-06
5.364418029785156250e-07
2.861022949218750000e-06
1.072883605957031250e-06
4.172325134277343750e-06
5.543231964111328125e-06
1.198053359985351562e-05
1.209974288940429688e-05
6.914138793945312500e-06
1.847743988037109375e-06
1.549720764160156250e-05
8.344650268554687500e-06
1.978874206542968750e-05
1.156330108642578125e-05
3.325939178466796875e-05
3.427267074584960938e-05
1.597404479980468750e-05
8.165836334228515625e-06
8.642673492431640625e-06
6.854534149169921875e-06
1.859664916992187500e-05
3.755092620849609375e-06
7.510185241699218750e-06
0.000000000000000000e+00
2.801418304443359375e-06
0.000000000000000000e+00
4.172325134277343750e-06
1.072883605957031250e-06
1.388788223266601562e-05
4.172325134277343750e-07
5.245208740234375000e-06
4.768371582031250000e-07
1.090764999389648438e-05
2.145767211914062500e-06
1.120567321777343750e-05
1.370906829833984375e-06
4.053115844726562500e-06
4.172325134277343750e-07
1.430511474609375000e-06
1.788139343261718750e-07
1.966953277587890625e-06
3.576278686523437500e-07
5.960464477539062500e-06
2.861022949218750000e-06
1.245737075805664062e-05
4.172325134277343750e-07
2.682209014892578125e-06
0.000000000000000000e+00
0.000000000000000000e+00
0.000000000000000000e+00
0.000000000000000000e+00
6.616115570068359375e-06
1.966953277587890625e-06
4.768371582031250000e-06
7.885694503784179688e-05
1.579523086547851562e-05
1.740455627441406250e-05
4.768371582031250000e-06
3.856420516967773438e-05
1.943111419677734375e-05
1.096725463867187500e-05
1.454353332519531250e-05
3.015995025634765625e-05
5.435943603515625000e-05
3.355741500854492188e-05
1.657009124755859375e-05
1.394748687744140625e-05
3.522634506225585938e-05
3.689527511596679688e-05
1.734495162963867188e-05
5.960464477539062500e-06
1.317262649536132812e-05
1.603364944458007812e-05
2.247095108032226562e-05
3.576278686523437500e-05
2.938508987426757812e-05
1.037120819091796875e-05
3.159046173095703125e-06
1.835823059082031250e-05
2.789497375488281250e-05
1.246929168701171875e-04
1.089572906494140625e-04
6.550550460815429688e-05
6.598234176635742188e-05
7.510185241699218750e-05
