2.568960189819335938e-05
6.109476089477539062e-05
8.285045623779296875e-06
5.960464477539062500e-06
0.000000000000000000e+00
1.668930053710937500e-06
4.470348358154296875e-06
1.245737075805664062e-05
1.430511474609375000e-05
2.634525299072265625e-05
3.480911254882812500e-05
1.204013824462890625e-05
1.138448715209960938e-05
2.503395080566406250e-05
5.078315734863281250e-05
8.839368820190429688e-05
8.761882781982421875e-06
2.205371856689453125e-06
3.159046173095703125e-06
5.900859832763671875e-06
1.698732376098632812e-05
1.126527786254882812e-05
7.152557373046875000e-07
7.748603820800781250e-07
0.000000000000000000e+00
0.000000000000000000e+00
0.000000000000000000e+00
1.192092895507812500e-06
4.768371582031250000e-07
2.980232238769531250e-07
5.960464477539062500e-08
9.536743164062500000e-07
1.847743988037109375e-06
5.960464477539062500e-08
5.960464477539062500e-08
1.311302185058593750e-06
0.000000000000000000e+00
2.086162567138671875e-06
0.000000000000000000e+00
1.788139343261718750e-07
3.576278686523437500e-07
1.132488250732421875e-06
0.000000000000000000e+00
4.768371582031250000e-07
7.152557373046875000e-07
1.728534698486328125e-06
1.788139343261718750e-06
6.020069122314453125e-06
3.218650817871093750e-06
9.477138519287109375e-06
7.152557373046875000e-07
1.788139343261718750e-06
0.000000000000000000e+00
0.000000000000000000e+00
2.026557922363281250e-06
1.221895217895507812e-05
3.194808959960937500e-05
5.781650543212890625e-06
8.940696716308593750e-06
1.728534698486328125e-06
1.293420791625976562e-05
8.660554885864257812e-05
6.800889968872070312e-05
1.478195190429687500e-05
1.144409179687500000e-05
9.775161743164062500e-06
1.132488250732421875e-05
5.030632019042968750e-05
2.837181091308593750e-05
1.156330108642578125e-05
1.299381256103515625e-05
1.686811447143554688e-05
1.341104507446289062e-05
1.955032348632812500e-05
2.348423004150390625e-05
1.406669616699218750e-05
2.747774124145507812e-05
2.348423004150390625e-05
9.715557098388671875e-06
1.174211502075195312e-05
2.723932266235351562e-05
4.100799560546875000e-05
1.019239425659179688e-05
1.013278961181640625e-05
4.351139068603515625e-06
1.192092895507812500e-05
1.740455627441406250e-05
6.616115570068359375e-06
1.019239425659179688e-05
1.496076583862304688e-05
1.502037048339843750e-05
2.729892730712890625e-05
1.245737075805664062e-05
1.686811447143554688e-05
8.404254913330078125e-06
1.424551010131835938e-05
6.258487701416015625e-06
8.940696716308593750e-06
7.748603820800781250e-07
7.033348083496093750e-06
6.556510925292968750e-07
9.238719940185546875e-06
4.589557647705078125e-06
2.801418304443359375e-06
3.886222839355468750e-05
1.398324966430664062e-04
1.073479652404785156e-04
1.008510589599609375e-04
9.894371032714843750e-05
2.199411392211914062e-05
1.138448715209960938e-05
5.543231964111328125e-06
1.436471939086914062e-05
1.996755599975585938e-05
2.861022949218750000e-05
1.561641693115234375e-05
1.770257949829101562e-05
1.597404479980468750e-05
1.418590545654296875e-05
1.895427703857421875e-05
9.000301361083984375e-06
1.448392868041992188e-05
9.238719940185546875e-06
5.245208740234375000e-06
3.218650817871093750e-06
3.099441528320312500e-06
1.490116119384765625e-06
4.410743713378906250e-06
2.026557922363281250e-06
1.043081283569335938e-05
4.649162292480468750e-06
5.960464477539062500e-08
0.000000000000000000e+00
7.748603820800781250e-07
7.152557373046875000e-07
0.000000000000000000e+00
1.192092895507812500e-07
3.755092620849609375e-06
3.218650817871093750e-06
2.622604370117187500e-06
0.000000000000000000e+00
5.960464477539062500e-08
4.589557647705078125e-06
3.355741500854492188e-05
8.320808410644531250e-05
8.672475814819335938e-05
5.644559860229492188e-05
2.843141555786132812e-05
5.453824996948242188e-05
9.411573410034179688e-05
8.642673492431640625e-06
2.086162567138671875e-06
1.847743988037109375e-06
1.966953277587890625e-06
4.768371582031250000e-06
1.788139343261718750e-06
0.000000000000000000e+00
6.139278411865234375e-06
2.920627593994140625e-06
7.152557373046875000e-07
1.788139343261718750e-07
1.192092895507812500e-07
4.172325134277343750e-07
4.172325134277343750e-07
5.662441253662109375e-06
2.294778823852539062e-05
1.609325408935546875e-05
2.980232238769531250e-06
1.847743988037109375e-06
2.324581146240234375e-06
2.503395080566406250e-06
5.066394805908203125e-06
2.634525299072265625e-05
7.045269012451171875e-05
4.446506500244140625e-05
4.649162292480468750e-06
0.000000000000000000e+00
0.000000000000000000e+00
1.788139343261718750e-07
2.980232238769531250e-07
2.384185791015625000e-07
8.940696716308593750e-07
4.029273986816406250e-05
6.741285324096679688e-05
4.374980926513671875e-05
1.442432403564453125e-05
4.887580871582031250e-06
1.025199890136718750e-05
1.072883605957031250e-05
2.324581146240234375e-05
1.072883605957031250e-06
1.192092895507812500e-07
2.443790435791015625e-06
6.735324859619140625e-06
1.454353332519531250e-05
1.412630081176757812e-05
4.589557647705078125e-06
1.490116119384765625e-06
1.013278961181640625e-06
3.576278686523437500e-07
3.218650817871093750e-06
1.549720764160156250e-06
1.549720764160156250e-06
3.635883331298828125e-06
1.311302185058593750e-05
6.526708602905273438e-05
1.122355461120605469e-04
3.999471664428710938e-05
4.649162292480468750e-06
5.543231964111328125e-06
8.523464202880859375e-06
4.708766937255859375e-06
5.072355270385742188e-05
4.029273986816406250e-05
4.047155380249023438e-05
4.422664642333984375e-05
6.109476089477539062e-05
1.150369644165039062e-05
1.013278961181640625e-05
5.125999450683593750e-06
4.327297210693359375e-05
1.353025436401367188e-05
5.424022674560546875e-06
4.708766937255859375e-06
4.172325134277343750e-06
1.937150955200195312e-05
7.373094558715820312e-05
3.063678741455078125e-05
5.602836608886718750e-05
1.627206802368164062e-05
4.410743713378906250e-06
4.297494888305664062e-05
3.635883331298828125e-06
5.763769149780273438e-05
1.788139343261718750e-05
7.629394531250000000e-06
1.847743988037109375e-06
1.132488250732421875e-06
2.384185791015625000e-07
0.000000000000000000e+00
5.364418029785156250e-07
0.000000000000000000e+00
2.384185791015625000e-07
1.788139343261718750e-07
1.132488250732421875e-06
3.755092620849609375e-06
5.900859832763671875e-06
3.027915954589843750e-05
6.723403930664062500e-05
8.708238601684570312e-05
3.230571746826171875e-05
2.658367156982421875e-05
6.866455078125000000e-05
9.757280349731445312e-05
5.000829696655273438e-05
2.121925354003906250e-05
7.629394531250000000e-06
5.364418029785156250e-06
1.674890518188476562e-05
1.502037048339843750e-05
3.457069396972656250e-05
1.788139343261718750e-05
2.300739288330078125e-05
3.951787948608398438e-05
7.629394531250000000e-05
5.823373794555664062e-05
2.813339233398437500e-05
5.346536636352539062e-05
3.415346145629882812e-05
2.187490463256835938e-05
1.139640808105468750e-04
3.749132156372070312e-05
1.621246337890625000e-05
1.740455627441406250e-05
1.376867294311523438e-05
3.278255462646484375e-05
1.257658004760742188e-05
1.788139343261718750e-06
1.257658004760742188e-05
2.866983413696289062e-05
1.996755599975585938e-05
2.229213714599609375e-05
5.304813385009765625e-06
1.013278961181640625e-05
2.908706665039062500e-05
5.334615707397460938e-05
5.555152893066406250e-05
3.254413604736328125e-05
1.186132431030273438e-05
3.814697265625000000e-06
3.409385681152343750e-05
8.445978164672851562e-05
8.356571197509765625e-05
5.972385406494140625e-05
2.539157867431640625e-05
1.156330108642578125e-05
5.191564559936523438e-05
1.690387725830078125e-04
1.933574676513671875e-04
1.405477523803710938e-04
2.992153167724609375e-05
1.883506774902343750e-05
5.125999450683593750e-06
1.072883605957031250e-06
1.114606857299804688e-05
6.854534149169921875e-06
2.384185791015625000e-07
0.000000000000000000e+00
1.192092895507812500e-07
5.960464477539062500e-08
0.000000000000000000e+00
0.000000000000000000e+00
6.556510925292968750e-07
1.668930053710937500e-06
2.205371856689453125e-06
2.026557922363281250e-06
3.337860107421875000e-06
9.000301361083984375e-06
1.728534698486328125e-06
5.006790161132812500e-06
1.907348632812500000e-05
6.878376007080078125e-05
1.528263092041015625e-04
1.668930053710937500e-05
4.112720489501953125e-06
7.969141006469726562e-05
2.276897430419921875e-05
6.139278411865234375e-06
1.901388168334960938e-05
2.276897430419921875e-05
1.442432403564453125e-05
8.404254913330078125e-06
4.947185516357421875e-06
1.311302185058593750e-05
2.670288085937500000e-05
2.253055572509765625e-05
2.026557922363281250e-05
2.199411392211914062e-05
1.186132431030273438e-05
6.675720214843750000e-06
1.245737075805664062e-05
1.513957977294921875e-04
2.831220626831054688e-05
6.020069122314453125e-06
1.668930053710937500e-06
6.556510925292968750e-07
7.748603820800781250e-07
5.960464477539062500e-07
2.384185791015625000e-07
5.960464477539062500e-08
4.172325134277343750e-07
1.311302185058593750e-06
3.993511199951171875e-06
2.980232238769531250e-07
0.000000000000000000e+00
2.562999725341796875e-06
8.702278137207031250e-06
2.980232238769531250e-07
1.406669616699218750e-05
1.360177993774414062e-04
3.361701965332031250e-05
4.589557647705078125e-06
8.344650268554687500e-07
4.172325134277343750e-07
0.000000000000000000e+00
0.000000000000000000e+00
0.000000000000000000e+00
0.000000000000000000e+00
5.960464477539062500e-08
0.000000000000000000e+00
0.000000000000000000e+00
0.000000000000000000e+00
2.384185791015625000e-07
4.172325134277343750e-07
0.000000000000000000e+00
0.000000000000000000e+00
1.788139343261718750e-07
8.940696716308593750e-07
1.490116119384765625e-06
1.937150955200195312e-05
1.378059387207031250e-04
5.227327346801757812e-05
1.174211502075195312e-05
1.883506774902343750e-05
1.156330108642578125e-05
3.635883331298828125e-06
2.384185791015625000e-07
2.622604370117187500e-06
0.000000000000000000e+00
0.000000000000000000e+00
2.384185791015625000e-07
4.768371582031250000e-07
5.960464477539062500e-07
5.364418029785156250e-07
6.556510925292968750e-07
7.748603820800781250e-07
5.960464477539062500e-07
8.344650268554687500e-07
2.264976501464843750e-06
4.261732101440429688e-05
1.198053359985351562e-04
9.036064147949218750e-05
2.145767211914062500e-05
3.957748413085937500e-05
1.031160354614257812e-04
2.664327621459960938e-05
1.698732376098632812e-05
6.139278411865234375e-06
1.209974288940429688e-05
5.543231964111328125e-06
6.079673767089843750e-06
3.695487976074218750e-06
4.053115844726562500e-06
2.068281173706054688e-05
6.586313247680664062e-05
9.965896606445312500e-05
3.904104232788085938e-05
1.060962677001953125e-05
4.827976226806640625e-06
3.159046173095703125e-06
2.801418304443359375e-06
4.172325134277343750e-06
2.384185791015625000e-07
0.000000000000000000e+00
4.827976226806640625e-06
2.014636993408203125e-05
5.543231964111328125e-06
6.973743438720703125e-06
3.105401992797851562e-05
1.466274261474609375e-05
1.907348632812500000e-06
2.312660217285156250e-05
7.104873657226562500e-05
2.354383468627929688e-05
5.322694778442382812e-05
3.582239151000976562e-05
9.179115295410156250e-06
3.159046173095703125e-05
1.475811004638671875e-04
5.090236663818359375e-05
1.442432403564453125e-05
1.746416091918945312e-05
2.557039260864257812e-05
2.974271774291992188e-05
6.496906280517578125e-06
5.960464477539062500e-08
2.980232238769531250e-07
2.717971801757812500e-05
9.703636169433593750e-05
4.720687866210937500e-05
4.255771636962890625e-05
2.562999725341796875e-05
1.382827758789062500e-05
1.096725463867187500e-05
7.748603820800781250e-06
7.212162017822265625e-06
1.072883605957031250e-05
1.388788223266601562e-05
8.165836334228515625e-06
2.026557922363281250e-06
6.437301635742187500e-06
1.966953277587890625e-06
2.980232238769531250e-07
5.960464477539062500e-08
2.384185791015625000e-07
5.960464477539062500e-08
0.000000000000000000e+00
1.966953277587890625e-06
8.177757263183593750e-05
1.269578933715820312e-04
1.227855682373046875e-05
5.483627319335937500e-06
1.192092895507812500e-06
2.098083496093750000e-05
1.651048660278320312e-05
7.808208465576171875e-06
2.622604370117187500e-06
3.576278686523437500e-07
5.006790161132812500e-06
1.192092895507812500e-07
3.993511199951171875e-06
1.859664916992187500e-05
3.522634506225585938e-05
2.980232238769531250e-07
1.788139343261718750e-07
1.788139343261718750e-07
0.000000000000000000e+00
0.000000000000000000e+00
6.556510925292968750e-07
1.311302185058593750e-06
2.562999725341796875e-06
6.198883056640625000e-05
3.993511199951171875e-05
9.787082672119140625e-05
5.090236663818359375e-05
1.019239425659179688e-05
6.496906280517578125e-06
1.060962677001953125e-05
1.543760299682617188e-05
3.308057785034179688e-05
2.694129943847656250e-05
1.174211502075195312e-05
6.496906280517578125e-06
4.887580871582031250e-06
1.901388168334960938e-05
3.910064697265625000e-05
1.049041748046875000e-05
5.483627319335937500e-06
6.794929504394531250e-06
6.359815597534179688e-05
1.263618469238281250e-05
6.914138793945312500e-06
5.125999450683593750e-06
3.099441528320312500e-06
1.335144042968750000e-05
7.939338684082031250e-05
1.609325408935546875e-05
7.152557373046875000e-07
2.986192703247070312e-05
5.167722702026367188e-05
3.814697265625000000e-06
1.549720764160156250e-06
1.466274261474609375e-05
9.238719940185546875e-06
1.417398452758789062e-04
7.230043411254882812e-05
9.942054748535156250e-05
2.723932266235351562e-05
1.609325408935546875e-06
6.055831909179687500e-05
1.698732376098632812e-05
2.980232238769531250e-06
1.788139343261718750e-07
3.015995025634765625e-05
1.031160354614257812e-04
1.044273376464843750e-04
1.124739646911621094e-04
9.214878082275390625e-05
2.080202102661132812e-05
2.139806747436523438e-05
1.901388168334960938e-05
1.478195190429687500e-05
9.477138519287109375e-06
2.372264862060546875e-05
2.211332321166992188e-05
6.496906280517578125e-06
2.145767211914062500e-06
4.768371582031250000e-07
2.145767211914062500e-06
1.668930053710937500e-05
1.502037048339843750e-05
1.925230026245117188e-05
6.794929504394531250e-06
5.960464477539062500e-07
0.000000000000000000e+00
0.000000000000000000e+00
1.192092895507812500e-07
0.000000000000000000e+00
5.364418029785156250e-07
2.086162567138671875e-06
1.013278961181640625e-06
8.344650268554687500e-07
1.430511474609375000e-06
1.192092895507812500e-06
2.980232238769531250e-07
0.000000000000000000e+00
4.613399505615234375e-05
1.984834671020507812e-04
2.348423004150390625e-05
1.049041748046875000e-05
7.927417755126953125e-06
6.735324859619140625e-06
7.152557373046875000e-07
1.788139343261718750e-07
2.980232238769531250e-07
1.192092895507812500e-07
0.000000000000000000e+00
4.172325134277343750e-06
4.190206527709960938e-05
2.539157867431640625e-05
5.483627319335937500e-06
2.384185791015625000e-07
0.000000000000000000e+00
2.801418304443359375e-06
6.538629531860351562e-05
5.638599395751953125e-05
2.598762512207031250e-05
7.092952728271484375e-06
3.576278686523437500e-07
1.192092895507812500e-07
1.788139343261718750e-07
1.788139343261718750e-06
2.264976501464843750e-06
5.960464477539062500e-08
2.026557922363281250e-06
5.722045898437500000e-06
9.477138519287109375e-06
9.119510650634765625e-06
1.907348632812500000e-06
5.006790161132812500e-06
3.111362457275390625e-05
2.944469451904296875e-05
1.925230026245117188e-05
1.072883605957031250e-06
0.000000000000000000e+00
0.000000000000000000e+00
0.000000000000000000e+00
3.576278686523437500e-07
5.006790161132812500e-06
5.125999450683593750e-06
2.562999725341796875e-06
0.000000000000000000e+00
0.000000000000000000e+00
5.960464477539062500e-08
1.275539398193359375e-05
3.635883331298828125e-06
8.344650268554687500e-06
6.955862045288085938e-05
1.633167266845703125e-05
5.841255187988281250e-06
1.370906829833984375e-06
4.410743713378906250e-06
3.099441528320312500e-06
2.980232238769531250e-07
0.000000000000000000e+00
0.000000000000000000e+00
1.788139343261718750e-07
2.503395080566406250e-06
2.980232238769531250e-07
6.556510925292968750e-07
9.536743164062500000e-07
1.192092895507812500e-06
0.000000000000000000e+00
5.960464477539062500e-08
1.055002212524414062e-05
3.808736801147460938e-05
3.606081008911132812e-05
2.384185791015625000e-07
2.980232238769531250e-07
1.788139343261718750e-07
0.000000000000000000e+00
0.000000000000000000e+00
0.000000000000000000e+00
1.966953277587890625e-06
2.205371856689453125e-06
4.470348358154296875e-06
1.072883605957031250e-06
2.980232238769531250e-07
5.960464477539062500e-08
2.562999725341796875e-06
1.251697540283203125e-06
4.231929779052734375e-06
5.960464477539062500e-08
4.768371582031250000e-06
8.344650268554687500e-07
5.245208740234375000e-06
0.000000000000000000e+00
2.205371856689453125e-06
0.000000000000000000e+00
4.708766937255859375e-06
1.001358032226562500e-05
1.621246337890625000e-05
1.162290573120117188e-05
1.668930053710937500e-05
4.887580871582031250e-06
7.450580596923828125e-06
2.622604370117187500e-06
5.424022674560546875e-06
8.940696716308593750e-07
6.556510925292968750e-07
1.192092895507812500e-07
3.993511199951171875e-06
1.013278961181640625e-06
6.377696990966796875e-06
5.960464477539062500e-08
0.000000000000000000e+00
1.192092895507812500e-07
4.172325134277343750e-07
1.192092895507812500e-07
5.483627319335937500e-06
8.046627044677734375e-06
9.238719940185546875e-06
2.598762512207031250e-05
1.543760299682617188e-05
8.517503738403320312e-05
5.936622619628906250e-05
1.871585845947265625e-05
9.000301361083984375e-06
3.159046173095703125e-06
8.165836334228515625e-06
6.324052810668945312e-05
7.754564285278320312e-05
1.829862594604492188e-05
3.635883331298828125e-06
2.980232238769531250e-07
7.259845733642578125e-05
7.462501525878906250e-05
5.275011062622070312e-05
3.820657730102539062e-05
3.474950790405273438e-05
1.341104507446289062e-05
6.735324859619140625e-06
4.351139068603515625e-06
7.206201553344726562e-05
1.525878906250000000e-04
6.085634231567382812e-05
1.984834671020507812e-05
1.567602157592773438e-05
7.867813110351562500e-06
3.874301910400390625e-06
2.980232238769531250e-06
3.999471664428710938e-05
2.157688140869140625e-05
1.668930053710937500e-06
1.192092895507812500e-06
1.746416091918945312e-05
7.748603820800781250e-06
2.562999725341796875e-06
2.920627593994140625e-06
2.300739288330078125e-05
2.461671829223632812e-05
4.404783248901367188e-05
4.422664642333984375e-05
2.497434616088867188e-05
4.649162292480468750e-06
1.335144042968750000e-05
8.463859558105468750e-06
6.437301635742187500e-06
0.000000000000000000e+00
4.768371582031250000e-07
