1.937150955200195312e-05
1.543760299682617188e-05
2.986192703247070312e-05
4.518032073974609375e-05
1.734495162963867188e-05
1.186132431030273438e-05
6.616115570068359375e-06
1.275539398193359375e-05
1.466274261474609375e-05
1.394748687744140625e-05
1.192092895507812500e-07
0.000000000000000000e+00
1.192092895507812500e-07
1.192092895507812500e-07
0.000000000000000000e+00
0.000000000000000000e+00
0.000000000000000000e+00
8.940696716308593750e-06
2.920627593994140625e-06
4.172325134277343750e-06
1.192092895507812500e-07
5.960464477539062500e-08
0.000000000000000000e+00
1.192092895507812500e-07
0.000000000000000000e+00
1.251697540283203125e-06
2.980232238769531250e-07
7.152557373046875000e-07
5.960464477539062500e-08
3.337860107421875000e-06
1.370906829833984375e-06
6.735324859619140625e-06
2.980232238769531250e-07
8.523464202880859375e-06
2.384185791015625000e-06
1.209974288940429688e-05
1.794099807739257812e-05
1.406669616699218750e-05
2.813339233398437500e-05
2.777576446533203125e-05
1.829862594604492188e-05
1.567602157592773438e-05
1.609325408935546875e-06
1.966953277587890625e-06
1.907348632812500000e-06
1.549720764160156250e-06
3.933906555175781250e-06
9.298324584960937500e-06
1.358985900878906250e-05
8.249282836914062500e-05
2.712011337280273438e-05
1.662969589233398438e-05
8.165836334228515625e-06
5.364418029785156250e-06
1.549720764160156250e-06
3.099441528320312500e-06
4.589557647705078125e-06
1.621246337890625000e-05
1.841783523559570312e-05
1.734495162963867188e-05
6.020069122314453125e-06
8.583068847656250000e-06
5.960464477539062500e-07
1.317262649536132812e-05
3.576278686523437500e-07
1.311302185058593750e-06
5.960464477539062500e-08
4.291534423828125000e-06
4.351139068603515625e-06
3.027915954589843750e-05
8.779764175415039062e-05
6.550550460815429688e-05
4.625320434570312500e-05
8.523464202880859375e-06
5.304813385009765625e-06
4.804134368896484375e-05
3.862380981445312500e-05
1.698732376098632812e-05
1.192092895507812500e-05
2.181529998779296875e-05
1.120567321777343750e-05
7.510185241699218750e-06
7.331371307373046875e-06
5.298852920532226562e-05
3.999471664428710938e-05
1.370906829833984375e-05
2.018213272094726562e-04
5.787611007690429688e-05
4.392862319946289062e-05
8.463859558105468750e-06
1.031160354614257812e-05
4.887580871582031250e-06
9.655952453613281250e-06
2.568960189819335938e-05
1.186132431030273438e-05
3.576278686523437500e-06
3.516674041748046875e-06
3.218650817871093750e-06
5.841255187988281250e-06
1.120567321777343750e-05
8.285045623779296875e-06
8.702278137207031250e-06
1.525878906250000000e-05
2.324581146240234375e-06
5.960464477539062500e-08
3.749132156372070312e-05
8.606910705566406250e-05
3.415346145629882812e-05
2.324581146240234375e-05
3.504753112792968750e-05
1.156330108642578125e-05
8.165836334228515625e-06
1.847743988037109375e-05
1.299381256103515625e-05
8.583068847656250000e-06
8.523464202880859375e-06
1.847743988037109375e-06
8.523464202880859375e-06
4.529953002929687500e-06
5.185604095458984375e-06
2.384185791015625000e-07
1.311302185058593750e-06
2.205371856689453125e-06
8.702278137207031250e-06
1.126527786254882812e-05
5.066394805908203125e-06
9.298324584960937500e-06
7.927417755126953125e-06
1.549720764160156250e-06
1.001358032226562500e-05
1.370906829833984375e-05
7.212162017822265625e-06
2.264976501464843750e-06
2.622604370117187500e-06
0.000000000000000000e+00
0.000000000000000000e+00
6.556510925292968750e-07
5.245208740234375000e-06
5.602836608886718750e-06
7.748603820800781250e-07
1.072883605957031250e-06
1.907348632812500000e-06
1.257658004760742188e-05
1.555681228637695312e-05
7.390975952148437500e-06
8.285045623779296875e-06
6.616115570068359375e-06
2.026557922363281250e-06
1.192092895507812500e-06
1.430511474609375000e-06
1.251697540283203125e-06
2.205371856689453125e-06
1.668930053710937500e-06
4.768371582031250000e-07
2.622604370117187500e-06
1.609325408935546875e-06
2.622604370117187500e-06
1.704692840576171875e-05
3.814697265625000000e-06
2.384185791015625000e-07
1.490116119384765625e-06
5.781650543212890625e-05
1.510381698608398438e-04
8.141994476318359375e-05
3.099441528320312500e-05
2.032518386840820312e-05
3.182888031005859375e-05
5.006790161132812500e-06
4.786252975463867188e-05
8.326768875122070312e-05
1.091361045837402344e-04
6.419420242309570312e-05
2.735853195190429688e-05
1.811981201171875000e-05
4.470348358154296875e-06
3.457069396972656250e-06
4.172325134277343750e-06
1.215934753417968750e-05
6.020069122314453125e-06
1.251697540283203125e-06
2.503395080566406250e-06
4.112720489501953125e-06
3.516674041748046875e-06
1.311302185058593750e-06
0.000000000000000000e+00
0.000000000000000000e+00
0.000000000000000000e+00
8.940696716308593750e-07
2.026557922363281250e-06
8.940696716308593750e-07
1.072883605957031250e-06
5.960464477539062500e-07
0.000000000000000000e+00
1.788139343261718750e-07
2.264976501464843750e-05
8.982419967651367188e-05
3.677606582641601562e-05
1.573562622070312500e-05
1.192092895507812500e-07
5.960464477539062500e-07
1.370906829833984375e-06
1.370906829833984375e-06
2.741813659667968750e-06
7.569789886474609375e-06
6.079673767089843750e-06
0.000000000000000000e+00
4.947185516357421875e-06
5.543231964111328125e-06
4.947185516357421875e-06
2.318620681762695312e-05
3.200769424438476562e-05
3.230571746826171875e-05
3.004074096679687500e-05
2.276897430419921875e-05
1.609325408935546875e-05
2.229213714599609375e-05
6.496906280517578125e-06
1.430511474609375000e-06
8.463859558105468750e-06
1.144409179687500000e-05
2.026557922363281250e-06
1.132488250732421875e-06
5.960464477539062500e-08
0.000000000000000000e+00
1.192092895507812500e-07
1.400709152221679688e-05
4.601478576660156250e-05
8.225440979003906250e-06
1.305341720581054688e-05
1.430511474609375000e-05
2.735853195190429688e-05
1.400709152221679688e-05
4.529953002929687500e-06
4.625320434570312500e-05
2.706050872802734375e-05
3.939867019653320312e-05
4.220008850097656250e-05
1.123547554016113281e-04
5.602836608886718750e-06
3.248453140258789062e-05
4.678964614868164062e-05
6.139278411865234375e-06
5.662441253662109375e-06
1.662969589233398438e-05
1.722574234008789062e-05
3.021955490112304688e-05
5.203485488891601562e-05
1.919269561767578125e-05
4.136562347412109375e-05
1.662969589233398438e-05
2.384185791015625000e-06
5.960464477539062500e-08
0.000000000000000000e+00
0.000000000000000000e+00
0.000000000000000000e+00
1.132488250732421875e-06
2.980232238769531250e-07
1.311302185058593750e-06
1.728534698486328125e-06
1.788139343261718750e-06
3.159046173095703125e-06
4.708766937255859375e-06
3.874301910400390625e-06
2.384185791015625000e-06
7.688999176025390625e-06
6.914138793945312500e-06
7.748603820800781250e-06
1.692771911621093750e-05
1.698732376098632812e-05
7.033348083496093750e-06
1.066923141479492188e-05
9.655952453613281250e-06
1.233816146850585938e-05
1.883506774902343750e-05
2.503395080566406250e-06
0.000000000000000000e+00
2.980232238769531250e-07
5.960464477539062500e-08
1.788139343261718750e-07
3.057718276977539062e-05
9.423494338989257812e-05
3.260374069213867188e-05
9.268522262573242188e-05
1.198053359985351562e-05
1.745223999023437500e-04
1.056194305419921875e-04
1.353025436401367188e-05
1.382827758789062500e-05
4.172325134277343750e-05
2.390146255493164062e-05
9.691715240478515625e-05
9.429454803466796875e-05
3.641843795776367188e-05
1.263618469238281250e-05
1.770257949829101562e-05
1.692771911621093750e-05
1.412630081176757812e-05
6.312131881713867188e-05
5.054473876953125000e-05
2.431869506835937500e-05
8.481740951538085938e-05
6.353855133056640625e-05
3.290176391601562500e-05
4.392862319946289062e-05
9.000301361083984375e-05
8.738040924072265625e-05
9.995698928833007812e-05
4.470348358154296875e-05
3.749132156372070312e-05
3.087520599365234375e-05
1.913309097290039062e-05
3.260374069213867188e-05
1.573562622070312500e-05
3.576278686523437500e-06
9.357929229736328125e-06
5.847215652465820312e-05
2.115964889526367188e-05
4.291534423828125000e-06
6.079673767089843750e-06
5.006790161132812500e-06
5.066394805908203125e-06
9.715557098388671875e-06
4.380941390991210938e-05
3.314018249511718750e-05
6.854534149169921875e-06
4.416704177856445312e-05
1.822710037231445312e-04
3.665685653686523438e-05
6.496906280517578125e-05
2.795457839965820312e-05
2.032518386840820312e-05
1.358985900878906250e-05
2.694129943847656250e-05
1.221895217895507812e-04
1.442432403564453125e-05
9.059906005859375000e-06
6.246566772460937500e-05
4.917383193969726562e-05
3.635883331298828125e-05
6.937980651855468750e-05
3.963708877563476562e-05
3.707408905029296875e-05
8.702278137207031250e-06
2.205371856689453125e-05
1.549720764160156250e-06
8.940696716308593750e-07
1.609325408935546875e-06
1.388788223266601562e-05
1.710653305053710938e-05
8.106231689453125000e-06
5.245208740234375000e-06
5.483627319335937500e-06
4.351139068603515625e-06
5.722045898437500000e-06
6.318092346191406250e-06
5.900859832763671875e-06
6.794929504394531250e-06
1.597404479980468750e-05
1.317262649536132812e-05
2.241134643554687500e-05
1.412630081176757812e-05
2.592802047729492188e-05
3.069639205932617188e-05
9.953975677490234375e-06
1.251697540283203125e-06
7.987022399902343750e-06
1.072883605957031250e-05
1.895427703857421875e-05
2.682209014892578125e-05
2.890825271606445312e-05
1.424551010131835938e-05
4.768371582031250000e-06
4.768371582031250000e-07
3.635883331298828125e-06
1.084804534912109375e-05
6.675720214843750000e-06
4.053115844726562500e-06
5.662441253662109375e-06
5.406141281127929688e-05
3.254413604736328125e-05
5.304813385009765625e-06
1.370906829833984375e-06
2.384185791015625000e-07
1.788139343261718750e-07
2.622604370117187500e-06
5.424022674560546875e-06
4.053115844726562500e-06
3.516674041748046875e-06
1.907348632812500000e-06
1.847743988037109375e-06
1.311302185058593750e-06
1.013278961181640625e-06
1.788139343261718750e-06
2.324581146240234375e-06
2.145767211914062500e-06
6.020069122314453125e-06
3.457069396972656250e-06
1.311302185058593750e-06
7.748603820800781250e-07
7.152557373046875000e-07
5.960464477539062500e-07
5.960464477539062500e-07
8.940696716308593750e-07
3.814697265625000000e-06
1.055002212524414062e-05
1.370906829833984375e-06
1.609325408935546875e-06
1.192092895507812500e-06
1.776218414306640625e-05
1.220703125000000000e-04
1.438856124877929688e-04
2.568960189819335938e-05
1.233816146850585938e-05
1.424551010131835938e-05
1.072883605957031250e-05
5.781650543212890625e-06
6.556510925292968750e-06
5.722045898437500000e-06
2.443790435791015625e-06
1.055002212524414062e-05
1.072883605957031250e-06
1.192092895507812500e-07
4.172325134277343750e-07
7.748603820800781250e-07
8.344650268554687500e-07
6.556510925292968750e-07
8.344650268554687500e-07
1.132488250732421875e-06
1.668930053710937500e-06
2.032518386840820312e-05
1.251697540283203125e-05
5.722045898437500000e-06
5.364418029785156250e-07
5.364418029785156250e-07
6.973743438720703125e-06
3.224611282348632812e-05
3.147125244140625000e-05
6.258487701416015625e-05
2.932548522949218750e-05
1.766681671142578125e-04
4.446506500244140625e-05
7.748603820800781250e-06
1.364946365356445312e-05
1.031160354614257812e-05
2.282857894897460938e-05
8.016824722290039062e-05
2.652406692504882812e-05
1.269578933715820312e-05
1.263618469238281250e-05
2.688169479370117188e-05
1.031160354614257812e-05
8.398294448852539062e-05
1.192092895507812500e-05
3.159046173095703125e-06
0.000000000000000000e+00
2.980232238769531250e-07
2.622604370117187500e-06
1.847743988037109375e-06
1.788139343261718750e-07
4.768371582031250000e-07
6.973743438720703125e-06
2.831220626831054688e-05
1.680850982666015625e-05
1.382827758789062500e-05
3.933906555175781250e-06
1.192092895507812500e-07
0.000000000000000000e+00
8.940696716308593750e-07
2.384185791015625000e-07
3.576278686523437500e-07
2.169609069824218750e-05
8.982419967651367188e-05
8.386373519897460938e-05
3.910064697265625000e-05
3.820657730102539062e-05
3.910064697265625000e-05
4.768371582031250000e-06
5.602836608886718750e-06
2.366304397583007812e-05
1.299381256103515625e-05
2.038478851318359375e-05
2.211332321166992188e-05
5.602836608886718750e-06
2.145767211914062500e-06
4.529953002929687500e-06
1.025199890136718750e-05
1.168251037597656250e-05
1.025199890136718750e-05
5.125999450683593750e-06
3.576278686523437500e-06
2.562999725341796875e-06
1.728534698486328125e-06
2.741813659667968750e-06
3.814697265625000000e-06
1.049041748046875000e-05
6.318092346191406250e-06
4.410743713378906250e-06
5.960464477539062500e-06
1.090764999389648438e-05
2.622604370117187500e-06
5.960464477539062500e-08
0.000000000000000000e+00
3.576278686523437500e-07
2.086162567138671875e-06
5.662441253662109375e-06
1.621246337890625000e-05
8.767843246459960938e-05
5.543231964111328125e-06
5.960464477539062500e-08
7.152557373046875000e-07
3.576278686523437500e-07
5.960464477539062500e-08
1.192092895507812500e-07
3.576278686523437500e-07
1.192092895507812500e-07
0.000000000000000000e+00
6.157159805297851562e-05
7.772445678710937500e-05
5.364418029785156250e-06
2.145767211914062500e-05
1.907348632812500000e-06
2.366304397583007812e-05
8.434057235717773438e-05
3.397464752197265625e-05
2.205371856689453125e-05
5.191564559936523438e-05
2.568960189819335938e-05
6.878376007080078125e-05
1.490116119384765625e-05
1.841783523559570312e-05
1.926422119140625000e-04
4.678964614868164062e-05
1.788139343261718750e-05
1.120567321777343750e-05
8.523464202880859375e-06
8.761882781982421875e-06
8.225440979003906250e-06
6.377696990966796875e-06
7.629394531250000000e-06
7.867813110351562500e-06
1.347064971923828125e-05
2.640485763549804688e-05
1.049041748046875000e-05
3.814697265625000000e-06
2.264976501464843750e-06
1.132488250732421875e-06
2.861022949218750000e-06
1.233816146850585938e-04
4.136562347412109375e-05
2.896785736083984375e-05
7.528066635131835938e-05
2.741813659667968750e-05
5.185604095458984375e-06
1.996755599975585938e-05
2.586841583251953125e-05
3.123283386230468750e-05
1.418590545654296875e-05
6.675720214843750000e-05
1.094937324523925781e-04
9.280443191528320312e-05
1.722574234008789062e-05
4.529953002929687500e-06
9.179115295410156250e-06
7.927417755126953125e-06
5.364418029785156250e-07
1.192092895507812500e-07
7.748603820800781250e-07
4.231929779052734375e-06
3.099441528320312500e-06
3.933906555175781250e-06
2.086162567138671875e-06
1.370906829833984375e-06
2.783536911010742188e-05
7.992982864379882812e-05
3.015995025634765625e-05
3.004074096679687500e-05
1.299381256103515625e-05
1.597404479980468750e-05
1.025199890136718750e-05
1.692771911621093750e-05
2.890825271606445312e-05
7.724761962890625000e-05
6.490945816040039062e-05
1.055002212524414062e-05
5.245208740234375000e-06
1.478195190429687500e-05
1.257658004760742188e-05
4.589557647705078125e-06
5.245208740234375000e-06
4.529953002929687500e-06
1.788139343261718750e-06
1.132488250732421875e-06
1.907348632812500000e-06
2.920627593994140625e-06
1.013278961181640625e-06
4.768371582031250000e-07
2.801418304443359375e-06
7.808208465576171875e-06
2.980232238769531250e-06
1.490116119384765625e-06
4.172325134277343750e-07
1.192092895507812500e-07
2.980232238769531250e-07
1.728534698486328125e-06
7.152557373046875000e-07
0.000000000000000000e+00
0.000000000000000000e+00
1.192092895507812500e-06
1.251697540283203125e-06
4.768371582031250000e-07
5.960464477539062500e-08
0.000000000000000000e+00
0.000000000000000000e+00
0.000000000000000000e+00
5.960464477539062500e-08
5.960464477539062500e-08
5.960464477539062500e-07
3.635883331298828125e-06
3.099441528320312500e-06
8.344650268554687500e-06
5.161762237548828125e-05
6.663799285888671875e-05
6.723403930664062500e-05
1.680850982666015625e-05
1.010298728942871094e-04
1.919269561767578125e-05
6.854534149169921875e-06
9.256601333618164062e-05
7.092952728271484375e-05
3.194808959960937500e-05
1.627206802368164062e-05
9.512901306152343750e-05
3.683567047119140625e-05
1.049041748046875000e-05
2.980232238769531250e-06
5.543231964111328125e-06
4.172325134277343750e-07
0.000000000000000000e+00
0.000000000000000000e+00
3.576278686523437500e-07
1.192092895507812500e-06
1.199841499328613281e-04
1.388788223266601562e-04
2.402067184448242188e-05
2.020597457885742188e-05
2.413988113403320312e-05
2.044439315795898438e-05
9.477138519287109375e-06
1.078844070434570312e-05
1.573562622070312500e-05
7.748603820800781250e-06
1.215934753417968750e-05
2.920627593994140625e-06
6.258487701416015625e-06
5.960464477539062500e-08
5.900859832763671875e-06
1.609325408935546875e-06
1.198053359985351562e-05
2.533197402954101562e-05
2.229213714599609375e-05
4.649162292480468750e-06
1.966953277587890625e-06
0.000000000000000000e+00
0.000000000000000000e+00
0.000000000000000000e+00
0.000000000000000000e+00
0.000000000000000000e+00
1.430511474609375000e-06
1.132488250732421875e-06
3.814697265625000000e-06
3.099441528320312500e-06
5.245208740234375000e-06
1.668930053710937500e-06
6.437301635742187500e-06
1.788139343261718750e-06
7.927417755126953125e-06
6.556510925292968750e-07
3.755092620849609375e-06
7.748603820800781250e-07
8.940696716308593750e-07
1.192092895507812500e-07
3.576278686523437500e-06
1.323223114013671875e-05
1.585483551025390625e-05
1.066923141479492188e-05
3.337860107421875000e-06
1.192092895507812500e-06
4.589557647705078125e-06
2.086162567138671875e-06
1.013278961181640625e-05
1.430511474609375000e-06
1.376867294311523438e-05
1.251697540283203125e-06
4.708766937255859375e-06
4.768371582031250000e-07
1.192092895507812500e-07
1.847743988037109375e-06
2.223253250122070312e-05
5.483627319335937500e-06
7.212162017822265625e-06
1.192092895507812500e-07
1.370906829833984375e-06
2.032518386840820312e-05
2.366304397583007812e-05
2.145767211914062500e-06
7.152557373046875000e-07
0.000000000000000000e+00
0.000000000000000000e+00
0.000000000000000000e+00
6.496906280517578125e-06
9.536743164062500000e-07
6.318092346191406250e-06
2.205371856689453125e-06
9.536743164062500000e-06
3.099441528320312500e-06
7.271766662597656250e-06
8.940696716308593750e-07
2.861022949218750000e-06
5.364418029785156250e-07
3.278255462646484375e-06
1.609325408935546875e-06
1.251697540283203125e-05
9.715557098388671875e-06
2.521276473999023438e-05
3.695487976074218750e-06
6.616115570068359375e-06
2.026557922363281250e-06
1.323223114013671875e-05
2.920627593994140625e-06
8.404254913330078125e-06
