0.000000000000000000e+00
9.536743164062500000e-07
0.000000000000000000e+00
0.000000000000000000e+00
0.000000000000000000e+00
1.192092895507812500e-07
0.000000000000000000e+00
8.940696716308593750e-07
1.788139343261718750e-07
6.198883056640625000e-06
3.874301910400390625e-06
1.388788223266601562e-05
3.397464752197265625e-06
1.734495162963867188e-05
2.980232238769531250e-05
1.072883605957031250e-05
3.576278686523437500e-07
0.000000000000000000e+00
0.000000000000000000e+00
6.556510925292968750e-07
1.251697540283203125e-06
3.874301910400390625e-06
7.152557373046875000e-07
5.364418029785156250e-06
8.344650268554687500e-07
5.722045898437500000e-06
2.861022949218750000e-06
6.139278411865234375e-06
4.112720489501953125e-06
5.960464477539062500e-07
4.768371582031250000e-07
1.430511474609375000e-06
8.940696716308593750e-07
7.510185241699218750e-06
4.708766937255859375e-06
3.725290298461914062e-05
9.536743164062500000e-06
6.735324859619140625e-06
8.344650268554687500e-07
7.688999176025390625e-06
1.311302185058593750e-06
7.271766662597656250e-06
4.768371582031250000e-07
2.026557922363281250e-06
1.013278961181640625e-06
3.755092620849609375e-06
8.940696716308593750e-07
1.305341720581054688e-05
1.811981201171875000e-05
1.609325408935546875e-05
1.335144042968750000e-05
2.354383468627929688e-05
9.119510650634765625e-06
4.386901855468750000e-05
1.144409179687500000e-05
1.603364944458007812e-05
5.722045898437500000e-06
4.649162292480468750e-06
6.556510925292968750e-07
7.271766662597656250e-06
2.264976501464843750e-06
3.278255462646484375e-06
0.000000000000000000e+00
1.907348632812500000e-06
1.788139343261718750e-06
7.629394531250000000e-06
3.337860107421875000e-06
7.927417755126953125e-06
5.006790161132812500e-06
4.708766937255859375e-06
5.364418029785156250e-07
1.668930053710937500e-06
0.000000000000000000e+00
2.145767211914062500e-06
1.788139343261718750e-07
8.940696716308593750e-06
5.543231964111328125e-06
1.329183578491210938e-05
3.039836883544921875e-06
1.192092895507812500e-06
6.079673767089843750e-06
1.168251037597656250e-05
1.758337020874023438e-05
1.817941665649414062e-05
3.397464752197265625e-06
1.251697540283203125e-06
0.000000000000000000e+00
1.490116119384765625e-06
4.172325134277343750e-07
2.562999725341796875e-06
8.344650268554687500e-07
6.079673767089843750e-06
1.192092895507812500e-06
2.026557922363281250e-06
0.000000000000000000e+00
0.000000000000000000e+00
0.000000000000000000e+00
2.801418304443359375e-06
5.662441253662109375e-06
5.722045898437500000e-06
1.072883605957031250e-06
1.549720764160156250e-06
1.788139343261718750e-06
2.437829971313476562e-05
2.062320709228515625e-05
7.629394531250000000e-06
1.192092895507812500e-07
3.576278686523437500e-06
4.351139068603515625e-06
1.323223114013671875e-05
1.132488250732421875e-06
2.980232238769531250e-07
8.523464202880859375e-06
2.503395080566406250e-05
8.940696716308593750e-05
1.943111419677734375e-05
5.829334259033203125e-05
3.153085708618164062e-05
3.111362457275390625e-05
1.859664916992187500e-05
1.627206802368164062e-05
1.275539398193359375e-05
9.953975677490234375e-06
1.007318496704101562e-05
7.450580596923828125e-06
2.485513687133789062e-05
1.549720764160156250e-05
3.027915954589843750e-05
3.093481063842773438e-05
1.168251037597656250e-05
1.609325408935546875e-06
2.086162567138671875e-06
8.225440979003906250e-06
3.576278686523437500e-06
7.510185241699218750e-06
2.324581146240234375e-05
2.866983413696289062e-05
1.436471939086914062e-05
1.543760299682617188e-05
1.788139343261718750e-05
2.169609069824218750e-05
1.293420791625976562e-05
7.629394531250000000e-06
5.900859832763671875e-06
5.006790161132812500e-06
7.867813110351562500e-06
3.218650817871093750e-06
2.384185791015625000e-07
0.000000000000000000e+00
7.152557373046875000e-07
6.824731826782226562e-05
5.602836608886718750e-05
2.324581146240234375e-06
6.520748138427734375e-05
5.793571472167968750e-05
1.490116119384765625e-05
7.510185241699218750e-06
4.649162292480468750e-06
5.006790161132812500e-06
7.271766662597656250e-06
6.377696990966796875e-06
5.006790161132812500e-06
2.562999725341796875e-06
0.000000000000000000e+00
3.749132156372070312e-05
9.030103683471679688e-05
2.056360244750976562e-04
1.834630966186523438e-04
1.770257949829101562e-05
2.479553222656250000e-05
1.889467239379882812e-05
5.602836608886718750e-06
4.589557647705078125e-06
8.344650268554687500e-07
0.000000000000000000e+00
5.960464477539062500e-08
0.000000000000000000e+00
9.536743164062500000e-07
7.152557373046875000e-06
1.412630081176757812e-05
1.668930053710937500e-05
2.461671829223632812e-05
5.906820297241210938e-05
4.619359970092773438e-05
2.336502075195312500e-05
2.133846282958984375e-05
5.364418029785156250e-06
9.536743164062500000e-06
2.223253250122070312e-05
4.667043685913085938e-05
1.770257949829101562e-05
3.933906555175781250e-06
5.722045898437500000e-06
1.811981201171875000e-05
6.079673767089843750e-05
5.072355270385742188e-05
5.429983139038085938e-05
1.782178878784179688e-05
2.515316009521484375e-05
7.569789886474609375e-06
1.555681228637695312e-05
2.402067184448242188e-05
1.311302185058593750e-05
6.735324859619140625e-06
4.768371582031250000e-07
1.436471939086914062e-05
1.043081283569335938e-05
1.311302185058593750e-06
0.000000000000000000e+00
0.000000000000000000e+00
7.152557373046875000e-07
1.251697540283203125e-06
1.430511474609375000e-06
2.324581146240234375e-06
2.682209014892578125e-06
3.755092620849609375e-06
6.437301635742187500e-06
8.225440979003906250e-06
8.285045623779296875e-06
9.834766387939453125e-06
7.092952728271484375e-06
8.940696716308593750e-06
1.680850982666015625e-05
1.525878906250000000e-05
1.680850982666015625e-05
1.966953277587890625e-05
3.886222839355468750e-05
1.072883605957031250e-06
1.788139343261718750e-07
8.344650268554687500e-07
1.585483551025390625e-05
2.652406692504882812e-05
3.337860107421875000e-06
7.987022399902343750e-05
2.580881118774414062e-05
1.853704452514648438e-05
7.987022399902343750e-06
4.702806472778320312e-05
1.484155654907226562e-05
4.684925079345703125e-05
3.314018249511718750e-05
1.770257949829101562e-05
8.761882781982421875e-06
5.662441253662109375e-06
3.945827484130859375e-05
7.975101470947265625e-05
5.072355270385742188e-05
2.282857894897460938e-05
1.955032348632812500e-05
3.629922866821289062e-05
2.330541610717773438e-05
3.099441528320312500e-06
8.344650268554687500e-07
5.066394805908203125e-06
1.597404479980468750e-05
8.612871170043945312e-05
1.093745231628417969e-04
6.830692291259765625e-05
3.451108932495117188e-05
2.479553222656250000e-05
1.171231269836425781e-04
8.070468902587890625e-05
2.682209014892578125e-05
2.527236938476562500e-05
2.354383468627929688e-05
1.031160354614257812e-05
5.364418029785156250e-06
8.344650268554687500e-07
5.364418029785156250e-07
4.768371582031250000e-07
3.159046173095703125e-06
3.814697265625000000e-06
3.933906555175781250e-06
4.649162292480468750e-06
3.188848495483398438e-05
8.404254913330078125e-06
8.273124694824218750e-05
8.296966552734375000e-05
8.183717727661132812e-05
1.800060272216796875e-05
4.339218139648437500e-05
7.867813110351562500e-06
7.867813110351562500e-06
6.604194641113281250e-05
1.788139343261718750e-05
0.000000000000000000e+00
1.609325408935546875e-06
2.324581146240234375e-06
5.602836608886718750e-06
1.668930053710937500e-05
2.157688140869140625e-05
1.269578933715820312e-05
4.649162292480468750e-06
8.165836334228515625e-06
1.859664916992187500e-05
2.437829971313476562e-05
3.814697265625000000e-05
5.221366882324218750e-05
6.079673767089843750e-06
2.932548522949218750e-05
3.558397293090820312e-05
3.015995025634765625e-05
1.198053359985351562e-05
1.752376556396484375e-05
1.269578933715820312e-05
6.794929504394531250e-06
7.450580596923828125e-06
6.824731826782226562e-05
1.176595687866210938e-04
6.550550460815429688e-05
3.844499588012695312e-05
3.755092620849609375e-05
1.680850982666015625e-05
8.404254913330078125e-06
1.138448715209960938e-05
3.582239151000976562e-05
6.258487701416015625e-06
2.861022949218750000e-06
6.735324859619140625e-06
8.499622344970703125e-05
4.225969314575195312e-05
6.020069122314453125e-06
2.741813659667968750e-06
1.895427703857421875e-05
7.295608520507812500e-05
7.039308547973632812e-05
3.850460052490234375e-05
5.781650543212890625e-06
6.252527236938476562e-05
4.476308822631835938e-05
7.176399230957031250e-05
3.308057785034179688e-05
2.729892730712890625e-05
1.370906829833984375e-06
8.344650268554687500e-07
1.728534698486328125e-06
5.483627319335937500e-06
5.960464477539062500e-07
3.576278686523437500e-07
2.324581146240234375e-06
4.982948303222656250e-05
9.775161743164062500e-05
6.544589996337890625e-05
8.440017700195312500e-05
5.728006362915039062e-05
3.075599670410156250e-05
7.748603820800781250e-07
3.546476364135742188e-05
6.520748138427734375e-05
4.470348358154296875e-05
3.159046173095703125e-06
6.067752838134765625e-05
1.120567321777343750e-04
2.813339233398437500e-05
8.821487426757812500e-06
1.370906829833984375e-05
8.106231689453125000e-06
7.569789886474609375e-06
3.993511199951171875e-06
2.980232238769531250e-06
3.159046173095703125e-06
1.138448715209960938e-05
5.775690078735351562e-05
2.408027648925781250e-05
8.356571197509765625e-05
1.847743988037109375e-05
5.722045898437500000e-06
6.079673767089843750e-06
2.825260162353515625e-05
2.163648605346679688e-05
1.108646392822265625e-05
1.013278961181640625e-06
1.788139343261718750e-07
2.384185791015625000e-07
5.424022674560546875e-06
4.965066909790039062e-05
4.720687866210937500e-05
8.344650268554687500e-06
9.834766387939453125e-06
6.794929504394531250e-06
0.000000000000000000e+00
5.602836608886718750e-06
2.551078796386718750e-05
5.191564559936523438e-05
6.943941116333007812e-05
2.497434616088867188e-05
5.245208740234375000e-06
1.043081283569335938e-05
1.239776611328125000e-05
4.339218139648437500e-05
6.127357482910156250e-05
1.364946365356445312e-05
6.794929504394531250e-06
1.549720764160156250e-05
3.153085708618164062e-05
5.722045898437500000e-06
3.457069396972656250e-06
1.835823059082031250e-05
4.470348358154296875e-06
5.304813385009765625e-06
2.008676528930664062e-05
6.914138793945312500e-06
3.874301910400390625e-06
1.329183578491210938e-05
2.443790435791015625e-06
6.729364395141601562e-05
6.544589996337890625e-05
1.806020736694335938e-05
1.192092895507812500e-06
2.026557922363281250e-06
2.920627593994140625e-06
4.351139068603515625e-06
4.619359970092773438e-05
2.187490463256835938e-05
4.827976226806640625e-06
5.543231964111328125e-05
1.152157783508300781e-04
6.556510925292968750e-06
3.200769424438476562e-05
3.021955490112304688e-05
1.281499862670898438e-05
1.233816146850585938e-05
6.794929504394531250e-06
3.874301910400390625e-06
3.159046173095703125e-06
1.609325408935546875e-06
1.662969589233398438e-05
1.788139343261718750e-05
1.788139343261718750e-06
8.940696716308593750e-07
2.980232238769531250e-07
5.364418029785156250e-07
2.384185791015625000e-07
1.132488250732421875e-06
1.132488250732421875e-06
3.635883331298828125e-06
6.616115570068359375e-06
2.002716064453125000e-05
1.615285873413085938e-04
4.446506500244140625e-05
2.682209014892578125e-06
1.728534698486328125e-06
3.814697265625000000e-06
5.453824996948242188e-05
1.006722450256347656e-04
2.211332321166992188e-05
1.060962677001953125e-05
1.055002212524414062e-05
5.364418029785156250e-06
1.007318496704101562e-05
9.834766387939453125e-06
6.675720214843750000e-06
7.390975952148437500e-06
1.100301742553710938e-04
6.657838821411132812e-05
2.801418304443359375e-05
9.894371032714843750e-06
1.966953277587890625e-05
1.728534698486328125e-05
6.020069122314453125e-05
4.345178604125976562e-05
1.460313796997070312e-05
5.722045898437500000e-06
2.503395080566406250e-06
3.039836883544921875e-06
2.264976501464843750e-06
4.768371582031250000e-06
9.536743164062500000e-07
1.072883605957031250e-06
5.185604095458984375e-06
5.483627319335937500e-06
1.668930053710937500e-05
9.119510650634765625e-06
2.145767211914062500e-06
1.490116119384765625e-06
7.748603820800781250e-07
5.960464477539062500e-07
6.556510925292968750e-07
1.013278961181640625e-06
2.145767211914062500e-06
1.132488250732421875e-06
1.013278961181640625e-06
9.536743164062500000e-07
8.940696716308593750e-07
1.192092895507812500e-06
2.861022949218750000e-06
2.443790435791015625e-06
2.491474151611328125e-05
8.159875869750976562e-05
3.027915954589843750e-05
1.519918441772460938e-05
2.008676528930664062e-05
7.629394531250000000e-06
1.728534698486328125e-06
3.397464752197265625e-06
3.576278686523437500e-07
3.576278686523437500e-07
3.576278686523437500e-07
1.072883605957031250e-06
1.072883605957031250e-06
6.556510925292968750e-07
6.556510925292968750e-07
4.768371582031250000e-07
7.748603820800781250e-07
6.556510925292968750e-07
5.364418029785156250e-07
2.384185791015625000e-07
3.278255462646484375e-05
3.236532211303710938e-05
7.259845733642578125e-05
7.075071334838867188e-05
9.363889694213867188e-05
5.036592483520507812e-05
6.866455078125000000e-05
2.145767211914062500e-05
1.662969589233398438e-05
9.477138519287109375e-06
1.525878906250000000e-05
1.233816146850585938e-05
6.616115570068359375e-06
5.722045898437500000e-06
8.046627044677734375e-06
4.649162292480468750e-06
5.960464477539062500e-06
4.351139068603515625e-06
3.755092620849609375e-06
3.635883331298828125e-06
7.987022399902343750e-06
2.384185791015625000e-06
9.536743164062500000e-07
1.013278961181640625e-06
8.940696716308593750e-07
1.132488250732421875e-06
9.536743164062500000e-07
1.311302185058593750e-06
1.013278961181640625e-06
1.072883605957031250e-06
1.251697540283203125e-06
1.311302185058593750e-06
8.344650268554687500e-07
6.556510925292968750e-07
1.192092895507812500e-07
2.026557922363281250e-06
1.907348632812500000e-06
1.311302185058593750e-06
8.344650268554687500e-06
2.336502075195312500e-05
9.667873382568359375e-05
7.748603820800781250e-06
8.404254913330078125e-06
1.490116119384765625e-06
1.192092895507812500e-07
8.761882781982421875e-06
3.165006637573242188e-05
2.610683441162109375e-05
2.664327621459960938e-05
1.531839370727539062e-05
7.748603820800781250e-07
2.264976501464843750e-06
1.609325408935546875e-06
3.576278686523437500e-07
0.000000000000000000e+00
0.000000000000000000e+00
4.768371582031250000e-07
5.364418029785156250e-07
6.556510925292968750e-07
2.861022949218750000e-06
1.412630081176757812e-05
1.806020736694335938e-05
2.020597457885742188e-05
2.336502075195312500e-05
4.166364669799804688e-05
1.119375228881835938e-04
8.070468902587890625e-05
1.364946365356445312e-05
4.041194915771484375e-05
1.603364944458007812e-05
2.729892730712890625e-05
1.055002212524414062e-05
2.694129943847656250e-05
4.947185516357421875e-06
2.324581146240234375e-06
5.310773849487304688e-05
4.994869232177734375e-05
1.007318496704101562e-05
5.543231964111328125e-06
2.026557922363281250e-06
3.254413604736328125e-05
2.920627593994140625e-06
3.105401992797851562e-05
2.443790435791015625e-06
4.351139068603515625e-06
1.841783523559570312e-05
1.138448715209960938e-05
4.476308822631835938e-05
1.972913742065429688e-05
3.695487976074218750e-06
1.132488250732421875e-06
2.086162567138671875e-06
1.430511474609375000e-06
4.768371582031250000e-07
1.087784767150878906e-04
4.720687866210937500e-05
4.291534423828125000e-06
7.688999176025390625e-05
8.302927017211914062e-05
7.390975952148437500e-06
1.859664916992187500e-05
8.970499038696289062e-05
7.295608520507812500e-05
6.973743438720703125e-05
2.300739288330078125e-05
3.206729888916015625e-05
1.972913742065429688e-05
1.305341720581054688e-05
5.602836608886718750e-05
3.755092620849609375e-05
2.229213714599609375e-05
2.872943878173828125e-05
4.738569259643554688e-05
5.680322647094726562e-05
4.076957702636718750e-05
5.960464477539062500e-06
1.311302185058593750e-06
1.907348632812500000e-06
2.443790435791015625e-06
6.258487701416015625e-06
8.761882781982421875e-06
1.209974288940429688e-05
2.706050872802734375e-05
2.276897430419921875e-05
1.674890518188476562e-05
8.881092071533203125e-06
5.066394805908203125e-06
1.144409179687500000e-05
9.000301361083984375e-06
1.370906829833984375e-05
3.153085708618164062e-05
3.427267074584960938e-05
3.492832183837890625e-05
1.394748687744140625e-05
6.991624832153320312e-05
1.698732376098632812e-05
5.185604095458984375e-05
4.255771636962890625e-05
1.871585845947265625e-05
5.662441253662109375e-06
9.059906005859375000e-06
2.264976501464843750e-06
4.470348358154296875e-06
5.364418029785156250e-06
3.319978713989257812e-05
1.710653305053710938e-05
1.072883605957031250e-05
2.384185791015625000e-07
1.507997512817382812e-05
8.267164230346679688e-05
1.150369644165039062e-05
5.722045898437500000e-06
4.470348358154296875e-06
8.660554885864257812e-05
2.717971801757812500e-05
1.251697540283203125e-05
1.460313796997070312e-05
8.523464202880859375e-06
1.430511474609375000e-05
9.536743164062500000e-07
8.404254913330078125e-06
1.132488250732421875e-06
2.920627593994140625e-06
1.192092895507812500e-07
3.337860107421875000e-06
1.066923141479492188e-05
6.258487701416015625e-06
5.960464477539062500e-08
1.549720764160156250e-06
1.317262649536132812e-05
9.733438491821289062e-05
5.900859832763671875e-06
1.806020736694335938e-05
9.715557098388671875e-06
9.572505950927734375e-05
2.157688140869140625e-05
3.147125244140625000e-05
1.180171966552734375e-05
1.168251037597656250e-05
1.281499862670898438e-05
1.186132431030273438e-05
1.317262649536132812e-05
8.702278137207031250e-06
2.026557922363281250e-06
8.881092071533203125e-06
2.503395080566406250e-06
5.245208740234375000e-06
5.364418029785156250e-07
8.702278137207031250e-06
1.788139343261718750e-06
6.496906280517578125e-06
1.311302185058593750e-06
1.174211502075195312e-05
2.384185791015625000e-06
4.112720489501953125e-06
4.768371582031250000e-07
9.119510650634765625e-06
3.576278686523437500e-06
2.330541610717773438e-05
2.682209014892578125e-06
1.573562622070312500e-05
5.245208740234375000e-06
1.257658004760742188e-05
6.079673767089843750e-06
2.324581146240234375e-05
7.748603820800781250e-06
1.108646392822265625e-05
4.887580871582031250e-06
6.616115570068359375e-06
0.000000000000000000e+00
8.940696716308593750e-07
1.788139343261718750e-07
3.516674041748046875e-06
5.364418029785156250e-07
2.145767211914062500e-06
4.768371582031250000e-07
2.151727676391601562e-05
9.989738464355468750e-05
7.551908493041992188e-05
8.165836334228515625e-06
5.662441253662109375e-06
5.066394805908203125e-06
8.761882781982421875e-06
