5.960464477539062500e-07
0.000000000000000000e+00
0.000000000000000000e+00
1.192092895507812500e-07
8.165836334228515625e-06
7.808208465576171875e-06
3.993511199951171875e-06
6.020069122314453125e-06
3.159046173095703125e-06
8.285045623779296875e-06
2.622604370117187500e-06
7.987022399902343750e-06
1.549720764160156250e-06
3.218650817871093750e-06
4.172325134277343750e-07
4.053115844726562500e-06
3.862380981445312500e-05
1.238584518432617188e-04
1.127123832702636719e-04
1.074671745300292969e-04
7.247924804687500000e-05
4.410743713378906250e-05
3.230571746826171875e-05
4.947185516357421875e-06
2.503395080566406250e-06
6.735324859619140625e-06
1.609325408935546875e-06
2.676248550415039062e-05
3.886222839355468750e-05
1.353025436401367188e-05
1.329183578491210938e-05
8.642673492431640625e-06
3.397464752197265625e-06
9.417533874511718750e-06
4.565715789794921875e-05
1.299381256103515625e-05
7.510185241699218750e-06
8.881092071533203125e-06
4.947185516357421875e-06
8.344650268554687500e-06
1.907348632812500000e-06
1.013278961181640625e-06
0.000000000000000000e+00
5.960464477539062500e-08
5.960464477539062500e-07
1.788139343261718750e-07
4.172325134277343750e-07
1.907348632812500000e-06
1.490116119384765625e-06
3.921985626220703125e-05
3.361701965332031250e-05
2.753734588623046875e-05
9.405612945556640625e-05
6.628036499023437500e-05
3.373622894287109375e-05
1.233816146850585938e-05
3.772974014282226562e-05
2.503395080566406250e-05
7.450580596923828125e-06
1.549720764160156250e-06
1.788139343261718750e-07
2.503395080566406250e-06
9.000301361083984375e-06
6.437301635742187500e-06
3.159046173095703125e-06
3.457069396972656250e-06
0.000000000000000000e+00
0.000000000000000000e+00
4.172325134277343750e-07
1.668930053710937500e-06
8.344650268554687500e-07
0.000000000000000000e+00
0.000000000000000000e+00
0.000000000000000000e+00
0.000000000000000000e+00
1.788139343261718750e-07
2.980232238769531250e-07
3.039836883544921875e-06
1.788139343261718750e-07
3.516674041748046875e-06
5.364418029785156250e-07
3.874301910400390625e-06
2.443790435791015625e-06
5.424022674560546875e-06
4.172325134277343750e-07
2.861022949218750000e-06
1.549720764160156250e-06
3.099441528320312500e-06
8.344650268554687500e-07
9.953975677490234375e-06
1.102685928344726562e-05
9.357929229736328125e-06
7.390975952148437500e-06
1.621246337890625000e-05
5.602836608886718750e-06
8.821487426757812500e-06
2.056360244750976562e-05
5.644559860229492188e-05
9.119510650634765625e-06
6.556510925292968750e-07
3.087520599365234375e-05
3.021955490112304688e-05
9.262561798095703125e-05
8.565187454223632812e-05
9.411573410034179688e-05
6.240606307983398438e-05
3.695487976074218750e-05
1.651048660278320312e-05
8.344650268554687500e-06
1.037120819091796875e-05
9.655952453613281250e-06
2.771615982055664062e-05
2.455711364746093750e-05
1.716613769531250000e-05
1.597404479980468750e-05
1.204013824462890625e-05
7.212162017822265625e-06
2.503395080566406250e-05
1.972913742065429688e-05
4.184246063232421875e-05
5.990266799926757812e-05
6.377696990966796875e-06
1.150369644165039062e-05
9.417533874511718750e-06
1.269578933715820312e-05
5.596876144409179688e-05
2.604722976684570312e-05
1.680850982666015625e-05
1.949071884155273438e-05
6.675720214843750000e-06
5.006790161132812500e-06
1.072883605957031250e-06
4.816055297851562500e-05
7.259845733642578125e-05
1.198053359985351562e-05
3.755092620849609375e-05
4.559755325317382812e-05
4.327297210693359375e-05
1.406669616699218750e-05
7.212162017822265625e-06
3.755092620849609375e-06
5.006790161132812500e-06
7.092952728271484375e-06
1.186132431030273438e-05
1.227855682373046875e-05
4.649162292480468750e-06
1.192092895507812500e-06
0.000000000000000000e+00
1.198053359985351562e-05
8.368492126464843750e-05
3.319978713989257812e-05
4.529953002929687500e-06
1.728534698486328125e-06
1.907348632812500000e-06
7.867813110351562500e-06
9.655952453613281250e-06
2.676248550415039062e-05
3.153085708618164062e-05
3.916025161743164062e-05
8.738040924072265625e-05
1.031160354614257812e-05
6.812810897827148438e-05
2.652406692504882812e-05
7.927417755126953125e-06
7.289648056030273438e-05
1.555681228637695312e-05
2.026557922363281250e-06
2.980232238769531250e-07
2.378225326538085938e-05
3.695487976074218750e-06
0.000000000000000000e+00
0.000000000000000000e+00
2.562999725341796875e-06
1.311302185058593750e-06
3.874301910400390625e-06
5.424022674560546875e-06
3.993511199951171875e-06
4.768371582031250000e-06
5.006790161132812500e-06
5.006790161132812500e-06
2.264976501464843750e-06
8.344650268554687500e-07
2.384185791015625000e-07
2.384185791015625000e-07
2.205371856689453125e-06
1.013278961181640625e-06
2.861022949218750000e-06
5.364418029785156250e-07
0.000000000000000000e+00
0.000000000000000000e+00
2.980232238769531250e-07
1.192092895507812500e-07
3.951787948608398438e-05
2.020597457885742188e-05
3.337860107421875000e-06
1.728534698486328125e-05
3.635883331298828125e-06
7.152557373046875000e-06
3.147125244140625000e-05
1.347064971923828125e-05
2.133846282958984375e-05
3.546476364135742188e-05
8.875131607055664062e-05
1.817941665649414062e-05
1.299381256103515625e-05
7.075071334838867188e-05
2.568960189819335938e-05
8.583068847656250000e-06
2.622604370117187500e-06
3.993511199951171875e-06
6.258487701416015625e-06
4.649162292480468750e-06
2.086162567138671875e-06
1.966953277587890625e-06
6.914138793945312500e-06
3.874301910400390625e-06
5.066394805908203125e-06
1.901388168334960938e-05
2.622604370117187500e-05
7.450580596923828125e-06
9.834766387939453125e-06
9.655952453613281250e-06
7.092952728271484375e-06
5.328655242919921875e-05
2.193450927734375000e-05
1.281499862670898438e-05
1.627206802368164062e-05
2.169609069824218750e-05
2.092123031616210938e-05
1.639127731323242188e-05
5.960464477539062500e-07
8.940696716308593750e-07
3.278255462646484375e-06
5.960464477539062500e-08
6.198883056640625000e-06
1.462697982788085938e-04
2.014636993408203125e-05
4.637241363525390625e-05
8.624792098999023438e-05
4.982948303222656250e-05
3.594160079956054688e-05
4.231929779052734375e-06
5.364418029785156250e-07
0.000000000000000000e+00
0.000000000000000000e+00
0.000000000000000000e+00
1.370906829833984375e-06
2.551078796386718750e-05
4.392862319946289062e-05
2.992153167724609375e-05
2.348423004150390625e-05
2.145767211914062500e-05
1.925230026245117188e-05
7.081031799316406250e-05
1.883506774902343750e-05
5.602836608886718750e-06
3.099441528320312500e-06
1.072883605957031250e-06
9.876489639282226562e-05
2.417564392089843750e-04
1.724958419799804688e-04
2.491474151611328125e-05
2.062320709228515625e-05
1.096725463867187500e-05
6.115436553955078125e-05
4.261732101440429688e-05
1.102685928344726562e-05
5.364418029785156250e-06
6.258487701416015625e-06
5.006790161132812500e-06
1.370906829833984375e-06
1.192092895507812500e-07
5.960464477539062500e-08
0.000000000000000000e+00
3.373622894287109375e-05
4.285573959350585938e-05
1.388788223266601562e-05
7.152557373046875000e-07
2.241134643554687500e-04
2.863407135009765625e-04
1.295804977416992188e-04
3.135204315185546875e-05
1.348257064819335938e-04
1.144409179687500000e-05
4.047155380249023438e-05
2.777576446533203125e-05
1.758337020874023438e-05
8.940696716308593750e-06
4.291534423828125000e-06
7.748603820800781250e-07
7.629394531250000000e-06
4.231929779052734375e-06
2.384185791015625000e-07
6.914138793945312500e-06
1.907348632812500000e-06
1.370906829833984375e-06
3.409385681152343750e-05
5.370378494262695312e-05
1.120567321777343750e-05
1.627206802368164062e-05
3.045797348022460938e-05
1.263618469238281250e-05
1.037120819091796875e-05
5.483627319335937500e-06
1.013278961181640625e-06
4.470348358154296875e-06
4.708766937255859375e-05
2.634525299072265625e-05
8.404254913330078125e-06
2.741813659667968750e-06
7.331371307373046875e-06
8.398294448852539062e-05
3.314018249511718750e-05
1.331567764282226562e-04
1.238584518432617188e-04
1.853704452514648438e-05
4.112720489501953125e-05
2.449750900268554688e-05
5.286931991577148438e-05
8.189678192138671875e-05
2.193450927734375000e-05
3.755092620849609375e-06
1.788139343261718750e-05
4.315376281738281250e-05
1.311302185058593750e-05
7.092952728271484375e-06
2.491474151611328125e-05
1.668930053710937500e-05
1.788139343261718750e-07
4.291534423828125000e-06
1.907348632812500000e-06
3.409385681152343750e-05
5.072355270385742188e-05
5.877017974853515625e-05
1.211762428283691406e-04
2.419948577880859375e-05
2.121925354003906250e-05
2.139806747436523438e-05
5.185604095458984375e-06
3.457069396972656250e-06
7.152557373046875000e-07
9.059906005859375000e-06
1.412630081176757812e-05
3.981590270996093750e-05
3.093481063842773438e-05
3.302097320556640625e-05
4.732608795166015625e-05
4.589557647705078125e-06
1.311302185058593750e-06
5.841255187988281250e-06
3.576278686523437500e-06
4.053115844726562500e-06
1.847743988037109375e-06
1.251697540283203125e-06
1.132488250732421875e-06
1.251697540283203125e-06
2.682209014892578125e-06
7.927417755126953125e-06
1.144409179687500000e-05
1.549720764160156250e-05
3.409385681152343750e-05
5.382299423217773438e-05
1.154541969299316406e-04
7.867813110351562500e-05
2.652406692504882812e-05
1.037120819091796875e-05
1.370906829833984375e-05
8.583068847656250000e-06
2.336502075195312500e-05
2.080202102661132812e-05
7.033348083496093750e-06
1.102089881896972656e-04
1.418590545654296875e-05
6.616115570068359375e-06
6.675720214843750000e-06
5.686283111572265625e-05
1.788139343261718750e-05
3.576278686523437500e-06
6.735324859619140625e-06
3.516674041748046875e-06
3.910064697265625000e-05
1.704692840576171875e-05
5.960464477539062500e-06
3.224611282348632812e-05
1.895427703857421875e-05
3.516674041748046875e-05
1.239776611328125000e-05
1.344680786132812500e-04
5.900859832763671875e-06
1.138448715209960938e-05
1.052021980285644531e-04
3.522634506225585938e-05
4.172325134277343750e-06
2.443790435791015625e-06
5.513429641723632812e-05
1.275539398193359375e-05
9.000301361083984375e-06
5.125999450683593750e-06
4.529953002929687500e-06
3.337860107421875000e-06
3.337860107421875000e-06
3.218650817871093750e-06
1.728534698486328125e-05
7.432699203491210938e-05
4.708766937255859375e-06
7.390975952148437500e-06
1.674890518188476562e-05
7.319450378417968750e-05
1.019239425659179688e-05
1.037120819091796875e-05
3.838539123535156250e-05
3.814697265625000000e-06
3.457069396972656250e-06
3.516674041748046875e-06
3.278255462646484375e-06
1.490116119384765625e-05
2.747774124145507812e-05
1.764297485351562500e-05
6.973743438720703125e-06
3.278255462646484375e-06
8.940696716308593750e-07
3.576278686523437500e-07
5.960464477539062500e-07
9.536743164062500000e-07
2.264976501464843750e-06
3.260374069213867188e-05
4.070997238159179688e-05
1.056194305419921875e-04
1.364946365356445312e-04
1.758337020874023438e-05
1.739263534545898438e-04
5.465745925903320312e-05
2.163648605346679688e-05
2.443790435791015625e-06
8.922815322875976562e-05
3.427267074584960938e-05
1.168251037597656250e-05
1.633167266845703125e-05
3.993511199951171875e-06
5.722045898437500000e-06
5.125999450683593750e-06
1.597404479980468750e-05
2.580881118774414062e-05
1.609325408935546875e-06
1.555681228637695312e-05
5.924701690673828125e-05
1.680850982666015625e-05
1.013278961181640625e-06
2.264976501464843750e-06
1.251697540283203125e-06
1.370906829833984375e-06
2.801418304443359375e-06
2.443790435791015625e-06
2.330541610717773438e-05
3.099441528320312500e-06
1.132488250732421875e-06
2.145767211914062500e-06
3.695487976074218750e-06
4.917383193969726562e-05
1.740455627441406250e-05
5.006790161132812500e-06
6.979703903198242188e-05
7.390975952148437500e-06
8.344650268554687500e-07
1.895427703857421875e-05
5.990266799926757812e-05
7.271766662597656250e-06
3.993511199951171875e-06
2.443790435791015625e-06
6.556510925292968750e-07
6.556510925292968750e-07
1.311302185058593750e-06
4.172325134277343750e-06
5.710124969482421875e-05
1.639127731323242188e-05
8.106231689453125000e-06
4.887580871582031250e-06
4.768371582031250000e-06
5.066394805908203125e-06
1.549720764160156250e-06
2.086162567138671875e-06
2.861022949218750000e-06
1.490116119384765625e-06
7.748603820800781250e-07
7.748603820800781250e-07
1.132488250732421875e-06
7.152557373046875000e-07
2.980232238769531250e-07
1.192092895507812500e-07
5.960464477539062500e-07
1.490116119384765625e-06
3.039836883544921875e-06
4.112720489501953125e-06
2.402067184448242188e-05
3.099441528320312500e-06
1.192092895507812500e-07
4.172325134277343750e-07
7.343292236328125000e-05
2.944469451904296875e-05
7.808208465576171875e-06
4.285573959350585938e-05
2.312660217285156250e-05
7.688999176025390625e-06
7.480382919311523438e-05
4.339218139648437500e-05
2.193450927734375000e-05
1.049041748046875000e-05
6.437301635742187500e-06
3.099441528320312500e-06
8.344650268554687500e-07
3.874301910400390625e-06
5.125999450683593750e-06
7.748603820800781250e-07
6.556510925292968750e-07
1.835823059082031250e-05
3.904104232788085938e-05
1.567602157592773438e-05
1.287460327148437500e-05
5.125999450683593750e-06
1.192092895507812500e-07
0.000000000000000000e+00
2.741813659667968750e-06
5.841255187988281250e-06
9.000301361083984375e-06
1.955032348632812500e-05
4.571676254272460938e-05
2.419948577880859375e-05
1.233816146850585938e-05
1.239776611328125000e-05
4.827976226806640625e-06
1.013278961181640625e-06
3.582239151000976562e-05
4.351139068603515625e-06
1.728534698486328125e-06
8.136034011840820312e-05
1.055002212524414062e-05
5.483627319335937500e-05
3.498792648315429688e-05
2.205371856689453125e-06
2.980232238769531250e-07
0.000000000000000000e+00
1.806020736694335938e-05
1.797676086425781250e-04
2.539157867431640625e-05
1.311302185058593750e-05
4.112720489501953125e-06
4.291534423828125000e-06
8.702278137207031250e-06
2.247095108032226562e-05
5.543231964111328125e-06
8.344650268554687500e-07
5.125999450683593750e-06
2.896785736083984375e-05
3.993511199951171875e-06
0.000000000000000000e+00
0.000000000000000000e+00
0.000000000000000000e+00
0.000000000000000000e+00
1.192092895507812500e-07
1.132488250732421875e-06
1.132488250732421875e-06
1.013278961181640625e-06
3.993511199951171875e-06
1.847743988037109375e-05
2.264976501464843750e-05
5.352497100830078125e-05
1.853704452514648438e-05
9.536743164062500000e-06
5.424022674560546875e-06
5.364418029785156250e-07
1.788139343261718750e-07
2.384185791015625000e-07
7.152557373046875000e-07
8.344650268554687500e-07
3.576278686523437500e-07
0.000000000000000000e+00
6.556510925292968750e-07
0.000000000000000000e+00
0.000000000000000000e+00
0.000000000000000000e+00
0.000000000000000000e+00
0.000000000000000000e+00
0.000000000000000000e+00
0.000000000000000000e+00
5.960464477539062500e-08
7.152557373046875000e-07
5.125999450683593750e-06
3.337860107421875000e-06
1.412630081176757812e-05
2.068281173706054688e-05
1.281499862670898438e-05
6.926059722900390625e-05
4.410743713378906250e-05
3.409385681152343750e-05
7.760524749755859375e-05
1.537799835205078125e-05
3.933906555175781250e-06
4.172325134277343750e-06
3.111362457275390625e-05
8.058547973632812500e-05
1.394748687744140625e-05
1.841783523559570312e-05
1.108646392822265625e-05
4.124641418457031250e-05
1.201033592224121094e-04
4.172325134277343750e-05
7.343292236328125000e-05
2.843141555786132812e-05
5.537271499633789062e-05
1.704692840576171875e-05
1.817941665649414062e-05
1.180171966552734375e-05
8.523464202880859375e-06
7.033348083496093750e-06
2.920627593994140625e-06
8.761882781982421875e-06
1.072883605957031250e-06
4.827976226806640625e-06
8.463859558105468750e-06
9.000301361083984375e-06
2.086162567138671875e-06
7.200241088867187500e-05
1.034736633300781250e-04
2.378225326538085938e-05
2.449750900268554688e-05
3.176927566528320312e-05
8.106231689453125000e-06
5.722045898437500000e-06
1.031160354614257812e-05
1.281499862670898438e-05
1.370906829833984375e-06
2.205371856689453125e-06
0.000000000000000000e+00
2.384185791015625000e-07
1.728534698486328125e-06
3.099441528320312500e-06
7.152557373046875000e-07
1.132488250732421875e-06
7.152557373046875000e-07
4.172325134277343750e-07
0.000000000000000000e+00
0.000000000000000000e+00
0.000000000000000000e+00
7.748603820800781250e-07
0.000000000000000000e+00
0.000000000000000000e+00
2.384185791015625000e-07
5.543231964111328125e-06
1.549720764160156250e-06
9.834766387939453125e-06
6.598234176635742188e-05
5.400180816650390625e-05
3.528594970703125000e-05
1.251697540283203125e-05
4.470348358154296875e-06
2.264976501464843750e-06
1.728534698486328125e-06
1.132488250732421875e-06
1.132488250732421875e-06
5.304813385009765625e-06
1.549720764160156250e-06
6.139278411865234375e-06
1.251697540283203125e-06
7.152557373046875000e-06
7.152557373046875000e-07
8.523464202880859375e-06
1.233816146850585938e-05
2.622604370117187500e-05
2.163648605346679688e-05
1.859664916992187500e-05
1.555681228637695312e-05
2.306699752807617188e-05
6.973743438720703125e-06
3.635883331298828125e-06
1.132488250732421875e-06
9.655952453613281250e-06
2.145767211914062500e-06
9.059906005859375000e-06
1.192092895507812500e-07
1.966953277587890625e-06
2.980232238769531250e-07
2.980232238769531250e-07
4.053115844726562500e-06
2.270936965942382812e-05
2.813339233398437500e-05
1.239776611328125000e-05
1.502037048339843750e-05
2.884864807128906250e-05
1.859664916992187500e-05
2.515316009521484375e-05
1.335144042968750000e-05
5.841255187988281250e-05
5.704164505004882812e-05
4.243850708007812500e-05
1.925230026245117188e-05
1.674890518188476562e-05
4.708766937255859375e-06
7.927417755126953125e-06
5.960464477539062500e-07
6.079673767089843750e-06
2.443790435791015625e-06
1.603364944458007812e-05
1.567602157592773438e-05
2.586841583251953125e-05
8.106231689453125000e-06
1.496076583862304688e-05
1.072883605957031250e-06
7.510185241699218750e-06
2.157688140869140625e-05
1.282691955566406250e-04
6.157159805297851562e-05
1.263618469238281250e-05
2.014636993408203125e-05
1.519918441772460938e-05
2.276897430419921875e-05
1.245737075805664062e-05
6.258487701416015625e-06
2.980232238769531250e-06
1.192092895507812500e-06
6.556510925292968750e-07
0.000000000000000000e+00
9.536743164062500000e-07
0.000000000000000000e+00
0.000000000000000000e+00
0.000000000000000000e+00
1.192092895507812500e-07
0.000000000000000000e+00
8.940696716308593750e-07
1.788139343261718750e-07
6.198883056640625000e-06
3.874301910400390625e-06
1.388788223266601562e-05
