0.000000000000000000e+00
3.576278686523437500e-07
7.152557373046875000e-07
3.218650817871093750e-06
7.748603820800781250e-07
2.682209014892578125e-06
1.192092895507812500e-07
0.000000000000000000e+00
0.000000000000000000e+00
5.364418029785156250e-07
1.788139343261718750e-07
2.980232238769531250e-07
1.192092895507812500e-07
5.364418029785156250e-07
1.311302185058593750e-06
5.364418029785156250e-07
5.960464477539062500e-08
0.000000000000000000e+00
0.000000000000000000e+00
1.311302185058593750e-06
1.370906829833984375e-06
3.576278686523437500e-06
3.218650817871093750e-06
7.390975952148437500e-06
5.960464477539062500e-08
0.000000000000000000e+00
0.000000000000000000e+00
0.000000000000000000e+00
0.000000000000000000e+00
3.427267074584960938e-05
4.637241363525390625e-05
1.007318496704101562e-05
4.565715789794921875e-05
5.578994750976562500e-05
3.159046173095703125e-06
5.841255187988281250e-06
2.086162567138671875e-06
4.589557647705078125e-06
2.026557922363281250e-06
6.318092346191406250e-06
6.675720214843750000e-06
6.377696990966796875e-06
6.556510925292968750e-07
2.145767211914062500e-06
1.585483551025390625e-05
1.353025436401367188e-05
5.543231964111328125e-06
6.735324859619140625e-06
2.562999725341796875e-06
5.662441253662109375e-06
1.430511474609375000e-06
4.649162292480468750e-06
7.152557373046875000e-07
5.304813385009765625e-06
1.609325408935546875e-06
9.000301361083984375e-06
6.616115570068359375e-06
1.454353332519531250e-05
2.980232238769531250e-06
9.894371032714843750e-06
4.172325134277343750e-06
1.007318496704101562e-05
2.264976501464843750e-06
0.000000000000000000e+00
7.748603820800781250e-07
1.430511474609375000e-06
5.006790161132812500e-06
3.099441528320312500e-06
1.251697540283203125e-06
1.132488250732421875e-06
2.980232238769531250e-07
1.311302185058593750e-06
2.026557922363281250e-06
2.741813659667968750e-05
5.310773849487304688e-05
9.793043136596679688e-05
1.009106636047363281e-04
6.788969039916992188e-05
5.453824996948242188e-05
2.169609069824218750e-05
4.857778549194335938e-05
3.892183303833007812e-05
1.317262649536132812e-05
7.748603820800781250e-06
1.436471939086914062e-05
2.300739288330078125e-05
9.834766387939453125e-06
4.172325134277343750e-06
5.662441253662109375e-06
4.708766937255859375e-06
1.013278961181640625e-05
1.007318496704101562e-05
1.037120819091796875e-05
3.063678741455078125e-05
1.060962677001953125e-05
9.477138519287109375e-06
3.576278686523437500e-07
0.000000000000000000e+00
1.072883605957031250e-06
4.768371582031250000e-07
1.430511474609375000e-06
1.251697540283203125e-06
5.424022674560546875e-06
3.755092620849609375e-06
2.503395080566406250e-05
1.466274261474609375e-05
2.145767211914062500e-06
3.576278686523437500e-07
4.172325134277343750e-07
6.556510925292968750e-07
5.960464477539062500e-08
9.536743164062500000e-07
1.013278961181640625e-06
0.000000000000000000e+00
4.172325134277343750e-07
3.397464752197265625e-06
2.324581146240234375e-06
7.748603820800781250e-07
2.384185791015625000e-06
1.549720764160156250e-06
1.251697540283203125e-06
1.788139343261718750e-06
3.576278686523437500e-06
2.217292785644531250e-05
1.883506774902343750e-05
8.106231689453125000e-06
2.026557922363281250e-06
4.112720489501953125e-06
4.529953002929687500e-06
7.390975952148437500e-06
4.923343658447265625e-05
3.665685653686523438e-05
3.856420516967773438e-05
4.053115844726562500e-05
5.543231964111328125e-06
2.384185791015625000e-07
1.192092895507812500e-06
7.748603820800781250e-07
8.344650268554687500e-07
2.205371856689453125e-06
3.874301910400390625e-06
2.193450927734375000e-05
4.053115844726562500e-05
4.744529724121093750e-05
4.637241363525390625e-05
3.182888031005859375e-05
1.496076583862304688e-05
8.940696716308593750e-06
1.829862594604492188e-05
1.657009124755859375e-05
1.823902130126953125e-05
1.227855682373046875e-05
3.117322921752929688e-05
1.591444015502929688e-05
2.169609069824218750e-05
3.772974014282226562e-05
2.205371856689453125e-06
5.960464477539062500e-06
8.302927017211914062e-05
1.996755599975585938e-05
1.531839370727539062e-05
1.235008239746093750e-04
3.325939178466796875e-05
1.883506774902343750e-05
1.370906829833984375e-06
5.900859832763671875e-06
5.662441253662109375e-06
1.139640808105468750e-04
4.535913467407226562e-05
1.311302185058593750e-05
6.973743438720703125e-06
1.990795135498046875e-05
1.013278961181640625e-05
5.036592483520507812e-05
1.710653305053710938e-05
4.470348358154296875e-06
5.960464477539062500e-08
5.191564559936523438e-05
1.195669174194335938e-04
2.455711364746093750e-05
4.738569259643554688e-05
8.559226989746093750e-05
1.579523086547851562e-05
3.033876419067382812e-05
5.722045898437500000e-06
2.586841583251953125e-05
5.185604095458984375e-06
2.801418304443359375e-06
1.102685928344726562e-05
9.536743164062500000e-06
2.700090408325195312e-05
1.388788223266601562e-05
1.114606857299804688e-05
2.264976501464843750e-06
2.324581146240234375e-06
9.536743164062500000e-07
4.768371582031250000e-07
2.264976501464843750e-06
4.470348358154296875e-06
4.649162292480468750e-06
4.231929779052734375e-06
5.841255187988281250e-06
7.927417755126953125e-06
2.473592758178710938e-05
4.720687866210937500e-05
3.540515899658203125e-05
2.670288085937500000e-05
2.533197402954101562e-05
1.347064971923828125e-05
8.642673492431640625e-06
7.331371307373046875e-06
4.112720489501953125e-06
4.369020462036132812e-05
1.749992370605468750e-04
1.703500747680664062e-04
1.221895217895507812e-04
4.589557647705078125e-06
2.324581146240234375e-06
1.996755599975585938e-05
1.376867294311523438e-05
3.337860107421875000e-06
2.682209014892578125e-06
5.364418029785156250e-07
2.026557922363281250e-06
2.384185791015625000e-07
1.966953277587890625e-06
2.980232238769531250e-06
1.013278961181640625e-06
5.364418029785156250e-07
3.576278686523437500e-07
5.960464477539062500e-07
1.084804534912109375e-05
8.344650268554687500e-06
2.920627593994140625e-06
5.722045898437500000e-06
8.338689804077148438e-05
3.302097320556640625e-05
1.490116119384765625e-05
2.145767211914062500e-06
1.865625381469726562e-05
6.735324859619140625e-06
5.960464477539062500e-08
2.980232238769531250e-07
5.722045898437500000e-06
3.844499588012695312e-05
4.827976226806640625e-06
5.364418029785156250e-07
0.000000000000000000e+00
2.980232238769531250e-07
4.506111145019531250e-05
2.694129943847656250e-05
4.947185516357421875e-06
0.000000000000000000e+00
1.788139343261718750e-07
1.788139343261718750e-06
2.503395080566406250e-06
3.337860107421875000e-06
2.223253250122070312e-05
3.165006637573242188e-05
1.043081283569335938e-05
5.006790161132812500e-06
2.384185791015625000e-06
1.013278961181640625e-06
7.152557373046875000e-07
4.237890243530273438e-05
1.162886619567871094e-04
1.478195190429687500e-05
1.370906829833984375e-06
1.847743988037109375e-06
4.023313522338867188e-05
7.623434066772460938e-05
5.447864532470703125e-05
2.914667129516601562e-05
8.463859558105468750e-06
1.370906829833984375e-06
1.132488250732421875e-06
5.245208740234375000e-06
5.328655242919921875e-05
2.771615982055664062e-05
8.821487426757812500e-06
0.000000000000000000e+00
0.000000000000000000e+00
5.066394805908203125e-06
1.478195190429687500e-04
5.733966827392578125e-05
2.145767211914062500e-06
1.090764999389648438e-05
4.827976226806640625e-06
1.430511474609375000e-05
3.844499588012695312e-05
2.348423004150390625e-05
1.335144042968750000e-05
2.908706665039062500e-05
3.379583358764648438e-05
3.397464752197265625e-06
1.817941665649414062e-05
7.033348083496093750e-06
3.933906555175781250e-06
5.006790161132812500e-06
4.053115844726562500e-06
3.397464752197265625e-06
7.927417755126953125e-06
5.125999450683593750e-06
6.556510925292968750e-07
1.043081283569335938e-05
1.001358032226562500e-05
5.072355270385742188e-05
2.294778823852539062e-05
7.629394531250000000e-06
0.000000000000000000e+00
1.192092895507812500e-07
3.576278686523437500e-07
2.336502075195312500e-05
7.688999176025390625e-06
3.099441528320312500e-05
2.253055572509765625e-05
2.551078796386718750e-05
8.821487426757812500e-06
1.651048660278320312e-05
3.874301910400390625e-06
5.280971527099609375e-05
1.913309097290039062e-05
2.264976501464843750e-05
8.761882781982421875e-06
5.364418029785156250e-07
0.000000000000000000e+00
2.807378768920898438e-05
5.835294723510742188e-05
9.298324584960937500e-06
2.443790435791015625e-06
1.072883605957031250e-05
1.591444015502929688e-05
3.409385681152343750e-05
2.712011337280273438e-05
9.477138519287109375e-06
9.238719940185546875e-06
1.132488250732421875e-05
4.273653030395507812e-05
4.810094833374023438e-05
9.703636169433593750e-05
6.419420242309570312e-05
6.049871444702148438e-05
5.215406417846679688e-05
1.579523086547851562e-05
1.281499862670898438e-05
1.913309097290039062e-05
3.421306610107421875e-05
5.900859832763671875e-06
5.424022674560546875e-06
1.907348632812500000e-06
2.384185791015625000e-06
8.821487426757812500e-06
2.980232238769531250e-05
1.609325408935546875e-05
2.205371856689453125e-06
2.801418304443359375e-06
3.755092620849609375e-06
1.907348632812500000e-06
7.748603820800781250e-07
9.536743164062500000e-07
1.966953277587890625e-06
1.347064971923828125e-05
9.536743164062500000e-06
2.324581146240234375e-06
1.430511474609375000e-06
1.072883605957031250e-06
1.549720764160156250e-06
1.192092895507812500e-06
1.192092895507812500e-06
1.740455627441406250e-05
1.311302185058593750e-06
1.788139343261718750e-07
1.788139343261718750e-07
4.768371582031250000e-07
5.960464477539062500e-07
6.556510925292968750e-07
3.039836883544921875e-06
4.237890243530273438e-05
5.543231964111328125e-05
2.139806747436523438e-05
9.304285049438476562e-05
6.049871444702148438e-05
6.914138793945312500e-06
4.971027374267578125e-05
4.053115844726562500e-05
3.123283386230468750e-05
3.033876419067382812e-05
5.483627319335937500e-06
1.305341720581054688e-04
1.373291015625000000e-04
1.484155654907226562e-05
1.728534698486328125e-06
2.384185791015625000e-07
4.833936691284179688e-05
1.072287559509277344e-04
8.082389831542968750e-05
2.676248550415039062e-05
8.702278137207031250e-06
5.066394805908203125e-06
9.298324584960937500e-06
1.579523086547851562e-05
3.683567047119140625e-05
2.932548522949218750e-05
1.043081283569335938e-05
3.993511199951171875e-06
1.251697540283203125e-06
7.152557373046875000e-07
5.960464477539062500e-08
3.397464752197265625e-06
7.748603820800781250e-06
1.728534698486328125e-06
0.000000000000000000e+00
1.966953277587890625e-06
1.531839370727539062e-05
1.138448715209960938e-05
3.039836883544921875e-06
6.318092346191406250e-05
3.844499588012695312e-05
4.482269287109375000e-05
2.974271774291992188e-05
1.740455627441406250e-05
4.887580871582031250e-06
0.000000000000000000e+00
0.000000000000000000e+00
3.576278686523437500e-06
1.015067100524902344e-04
2.565383911132812500e-04
7.992982864379882812e-05
1.990795135498046875e-05
7.212162017822265625e-06
4.887580871582031250e-06
4.768371582031250000e-06
5.006790161132812500e-06
3.576278686523437500e-06
1.126527786254882812e-05
1.800060272216796875e-05
6.973743438720703125e-06
1.233816146850585938e-05
8.469820022583007812e-05
2.092123031616210938e-05
3.457069396972656250e-06
2.306699752807617188e-05
4.756450653076171875e-05
7.331371307373046875e-06
2.682209014892578125e-06
9.119510650634765625e-06
9.834766387939453125e-06
4.529953002929687500e-06
4.231929779052734375e-06
5.245208740234375000e-06
1.847743988037109375e-06
3.218650817871093750e-06
1.490116119384765625e-06
2.384185791015625000e-07
2.980232238769531250e-07
0.000000000000000000e+00
5.960464477539062500e-08
3.576278686523437500e-07
4.172325134277343750e-07
2.980232238769531250e-07
2.384185791015625000e-07
8.940696716308593750e-07
3.576278686523437500e-07
5.960464477539062500e-08
3.099441528320312500e-06
5.871057510375976562e-05
1.966953277587890625e-05
1.490116119384765625e-05
6.377696990966796875e-06
2.861022949218750000e-06
1.966953277587890625e-06
8.940696716308593750e-07
3.534555435180664062e-05
1.502037048339843750e-05
6.377696990966796875e-06
2.384185791015625000e-06
9.536743164062500000e-07
5.364418029785156250e-07
2.980232238769531250e-07
2.980232238769531250e-06
0.000000000000000000e+00
2.980232238769531250e-07
1.072883605957031250e-06
8.344650268554687500e-07
3.814697265625000000e-06
5.590915679931640625e-05
9.214878082275390625e-05
1.090168952941894531e-04
1.233816146850585938e-05
4.827976226806640625e-06
5.841255187988281250e-06
5.662441253662109375e-06
2.908706665039062500e-05
4.500150680541992188e-05
2.354383468627929688e-05
1.293420791625976562e-05
1.281499862670898438e-05
6.020069122314453125e-06
2.801418304443359375e-06
1.907348632812500000e-06
2.384185791015625000e-07
9.834766387939453125e-06
1.478195190429687500e-05
6.556510925292968750e-06
3.993511199951171875e-06
7.212162017822265625e-06
4.529953002929687500e-06
7.748603820800781250e-07
2.861022949218750000e-06
2.562999725341796875e-06
2.205371856689453125e-06
2.801418304443359375e-06
6.985664367675781250e-05
3.540515899658203125e-05
1.138448715209960938e-05
4.470348358154296875e-06
2.503395080566406250e-06
1.192092895507812500e-06
1.788139343261718750e-07
5.960464477539062500e-07
4.172325134277343750e-07
9.059906005859375000e-06
8.928775787353515625e-05
3.314018249511718750e-05
1.686811447143554688e-05
3.993511199951171875e-06
2.723932266235351562e-05
9.590387344360351562e-05
1.070499420166015625e-04
1.022815704345703125e-04
6.115436553955078125e-05
6.145238876342773438e-05
3.564357757568359375e-05
3.844499588012695312e-05
2.408027648925781250e-05
9.655952453613281250e-06
2.622604370117187500e-06
5.364418029785156250e-07
5.960464477539062500e-08
8.344650268554687500e-07
1.192092895507812500e-07
3.635883331298828125e-06
7.688999176025390625e-05
1.332759857177734375e-04
1.811981201171875000e-05
9.030103683471679688e-05
7.069110870361328125e-05
2.408027648925781250e-05
5.543231964111328125e-06
2.515316009521484375e-05
1.255273818969726562e-04
6.777048110961914062e-05
5.960464477539062500e-06
2.270936965942382812e-05
1.156330108642578125e-05
1.001358032226562500e-05
3.159046173095703125e-06
2.586841583251953125e-05
6.258487701416015625e-06
2.622604370117187500e-06
1.311302185058593750e-06
1.490116119384765625e-06
7.748603820800781250e-07
8.940696716308593750e-07
5.960464477539062500e-08
0.000000000000000000e+00
0.000000000000000000e+00
3.397464752197265625e-06
4.529953002929687500e-06
4.589557647705078125e-06
2.235174179077148438e-05
1.788139343261718750e-06
2.294778823852539062e-05
1.776218414306640625e-05
8.565187454223632812e-05
5.042552947998046875e-05
4.768371582031250000e-06
6.973743438720703125e-06
8.344650268554687500e-07
3.576278686523437500e-07
1.192092895507812500e-06
1.370906829833984375e-06
1.907348632812500000e-06
3.099441528320312500e-06
6.616115570068359375e-06
6.514787673950195312e-05
9.483098983764648438e-05
1.811981201171875000e-05
1.621246337890625000e-05
1.710653305053710938e-05
5.900859832763671875e-06
1.609325408935546875e-06
5.960464477539062500e-08
4.827976226806640625e-06
9.304285049438476562e-05
2.193450927734375000e-05
1.609325408935546875e-06
8.940696716308593750e-07
1.490116119384765625e-06
1.287460327148437500e-05
1.806020736694335938e-05
7.748603820800781250e-06
2.580881118774414062e-05
7.462501525878906250e-05
2.884864807128906250e-05
1.466274261474609375e-05
1.710653305053710938e-05
1.215934753417968750e-04
4.923343658447265625e-05
1.639127731323242188e-05
5.304813385009765625e-06
1.019239425659179688e-05
2.682209014892578125e-06
2.324581146240234375e-06
1.507997512817382812e-05
5.185604095458984375e-05
1.776218414306640625e-05
3.576278686523437500e-07
0.000000000000000000e+00
4.172325134277343750e-07
5.066394805908203125e-06
4.410743713378906250e-06
1.907348632812500000e-06
1.966953277587890625e-06
5.066394805908203125e-06
4.768371582031250000e-07
5.960464477539062500e-07
3.159046173095703125e-06
3.218650817871093750e-06
8.046627044677734375e-06
1.084804534912109375e-05
7.987022399902343750e-06
5.424022674560546875e-06
6.794929504394531250e-06
5.960464477539062500e-08
9.536743164062500000e-07
1.072883605957031250e-06
0.000000000000000000e+00
9.536743164062500000e-07
4.529953002929687500e-06
5.960464477539062500e-08
0.000000000000000000e+00
0.000000000000000000e+00
0.000000000000000000e+00
1.311302185058593750e-06
4.172325134277343750e-06
1.245737075805664062e-05
2.276897430419921875e-05
5.221366882324218750e-05
7.212162017822265625e-06
3.349781036376953125e-05
4.315376281738281250e-05
3.272294998168945312e-05
1.686811447143554688e-05
5.125999450683593750e-06
3.087520599365234375e-05
7.122755050659179688e-05
2.580881118774414062e-05
1.639127731323242188e-05
2.253055572509765625e-05
1.722574234008789062e-05
9.655952453613281250e-06
4.827976226806640625e-06
9.357929229736328125e-06
2.026557922363281250e-06
1.370906829833984375e-06
1.192092895507812500e-07
1.496076583862304688e-05
2.402067184448242188e-05
2.038478851318359375e-05
1.019239425659179688e-05
4.053115844726562500e-06
1.728534698486328125e-06
8.940696716308593750e-06
1.412630081176757812e-05
1.651048660278320312e-05
7.569789886474609375e-06
7.450580596923828125e-06
8.940696716308593750e-07
1.072883605957031250e-06
5.722045898437500000e-06
3.039836883544921875e-06
1.049041748046875000e-05
5.543231964111328125e-06
2.801418304443359375e-06
5.006790161132812500e-06
1.609325408935546875e-06
6.592273712158203125e-05
1.013278961181640625e-04
3.182888031005859375e-05
3.260374069213867188e-05
2.938508987426757812e-05
9.238719940185546875e-06
1.484155654907226562e-05
5.543231964111328125e-06
9.953975677490234375e-06
1.907348632812500000e-06
8.881092071533203125e-06
0.000000000000000000e+00
2.980232238769531250e-07
5.960464477539062500e-08
1.192092895507812500e-07
1.555681228637695312e-05
5.227327346801757812e-05
1.734495162963867188e-05
1.400709152221679688e-05
5.066394805908203125e-06
8.404254913330078125e-06
2.980232238769531250e-06
3.576278686523437500e-06
5.960464477539062500e-08
1.788139343261718750e-07
3.993511199951171875e-06
4.464387893676757812e-05
5.304813385009765625e-06
1.788139343261718750e-06
6.258487701416015625e-06
1.680850982666015625e-05
1.096725463867187500e-05
7.152557373046875000e-07
0.000000000000000000e+00
2.980232238769531250e-07
1.013278961181640625e-06
7.152557373046875000e-07
2.324581146240234375e-06
8.940696716308593750e-07
7.271766662597656250e-06
1.323223114013671875e-05
1.049041748046875000e-05
3.874301910400390625e-06
