4.768371582031250000e-06
3.856420516967773438e-05
1.943111419677734375e-05
1.096725463867187500e-05
1.454353332519531250e-05
3.015995025634765625e-05
5.435943603515625000e-05
3.355741500854492188e-05
1.657009124755859375e-05
1.394748687744140625e-05
3.522634506225585938e-05
3.689527511596679688e-05
1.734495162963867188e-05
5.960464477539062500e-06
1.317262649536132812e-05
1.603364944458007812e-05
2.247095108032226562e-05
3.576278686523437500e-05
2.938508987426757812e-05
1.037120819091796875e-05
3.159046173095703125e-06
1.835823059082031250e-05
2.789497375488281250e-05
1.246929168701171875e-04
1.089572906494140625e-04
6.550550460815429688e-05
6.598234176635742188e-05
7.510185241699218750e-05
2.801418304443359375e-05
1.382827758789062500e-05
1.144409179687500000e-05
4.410743713378906250e-06
9.536743164062500000e-07
1.227855682373046875e-05
8.165836334228515625e-06
1.621246337890625000e-05
4.410743713378906250e-06
6.437301635742187500e-06
7.152557373046875000e-07
8.344650268554687500e-07
5.960464477539062500e-08
1.966953277587890625e-06
1.728534698486328125e-06
4.351139068603515625e-06
1.013278961181640625e-06
5.602836608886718750e-06
2.384185791015625000e-06
5.781650543212890625e-06
1.430511474609375000e-06
2.026557922363281250e-06
0.000000000000000000e+00
8.344650268554687500e-06
3.814697265625000000e-06
1.847743988037109375e-06
4.291534423828125000e-06
1.204013824462890625e-05
1.728534698486328125e-06
7.271766662597656250e-06
2.562999725341796875e-06
8.165836334228515625e-06
2.205371856689453125e-06
3.635883331298828125e-06
1.192092895507812500e-07
3.248453140258789062e-05
6.580352783203125000e-05
2.872943878173828125e-05
3.570318222045898438e-05
3.397464752197265625e-06
6.556510925292968750e-07
1.490116119384765625e-06
5.960464477539062500e-07
5.602836608886718750e-06
8.046627044677734375e-06
1.776218414306640625e-05
9.536743164062500000e-07
4.529953002929687500e-06
1.370906829833984375e-06
2.384185791015625000e-07
1.192092895507812500e-06
8.821487426757812500e-06
4.351139068603515625e-06
3.337860107421875000e-06
1.192092895507812500e-06
0.000000000000000000e+00
2.384185791015625000e-07
2.980232238769531250e-07
2.264976501464843750e-06
5.602836608886718750e-06
3.755092620849609375e-06
1.394748687744140625e-05
8.225440979003906250e-06
7.748603820800781250e-07
3.874301910400390625e-06
7.033348083496093750e-06
2.008676528930664062e-05
1.418590545654296875e-05
2.622604370117187500e-06
4.053115844726562500e-06
1.716613769531250000e-05
2.002716064453125000e-05
3.397464752197265625e-06
3.975629806518554688e-05
1.108646392822265625e-04
1.146793365478515625e-04
4.303455352783203125e-05
1.883506774902343750e-05
1.037120819091796875e-05
1.233816146850585938e-05
7.927417755126953125e-06
1.174211502075195312e-05
1.271963119506835938e-04
2.664327621459960938e-05
3.999471664428710938e-05
1.037120819091796875e-05
8.326768875122070312e-05
1.066923141479492188e-05
3.027915954589843750e-05
1.884698867797851562e-04
1.752376556396484375e-05
3.618001937866210938e-05
5.424022674560546875e-06
1.931190490722656250e-05
6.633996963500976562e-05
2.729892730712890625e-05
6.574392318725585938e-05
1.073479652404785156e-04
6.425380706787109375e-05
4.780292510986328125e-05
3.576278686523437500e-05
7.271766662597656250e-06
2.026557922363281250e-06
4.291534423828125000e-06
4.649162292480468750e-06
2.241134643554687500e-05
6.186962127685546875e-05
4.214048385620117188e-05
1.525878906250000000e-05
1.454353332519531250e-05
1.204013824462890625e-05
1.597404479980468750e-05
8.821487426757812500e-06
7.808208465576171875e-06
4.410743713378906250e-06
3.159046173095703125e-06
5.424022674560546875e-06
1.412630081176757812e-05
6.437301635742187500e-06
3.039836883544921875e-06
6.139278411865234375e-06
8.791685104370117188e-05
1.704692840576171875e-05
1.055002212524414062e-05
2.688169479370117188e-05
1.931190490722656250e-05
5.549192428588867188e-05
2.729892730712890625e-05
2.384185791015625000e-06
5.960464477539062500e-07
1.072883605957031250e-06
5.006790161132812500e-06
1.376867294311523438e-05
8.499622344970703125e-05
6.222724914550781250e-05
1.692771911621093750e-05
3.916025161743164062e-05
6.735324859619140625e-05
2.503395080566406250e-05
5.185604095458984375e-06
6.914138793945312500e-06
1.889467239379882812e-05
2.914667129516601562e-05
6.973743438720703125e-06
6.198883056640625000e-06
1.192092895507812500e-07
2.741813659667968750e-05
1.055002212524414062e-05
8.940696716308593750e-07
5.364418029785156250e-07
1.192092895507812500e-07
2.086162567138671875e-06
5.960464477539062500e-07
7.748603820800781250e-07
1.728534698486328125e-06
5.960464477539062500e-07
1.013278961181640625e-06
6.556510925292968750e-07
6.854534149169921875e-06
1.417398452758789062e-04
1.817941665649414062e-05
7.629394531250000000e-05
6.246566772460937500e-05
2.020597457885742188e-05
1.633167266845703125e-05
1.734495162963867188e-05
5.424022674560546875e-06
5.364418029785156250e-07
1.049041748046875000e-05
9.179115295410156250e-06
3.635883331298828125e-06
1.668930053710937500e-06
1.609325408935546875e-06
4.053115844726562500e-06
3.695487976074218750e-06
7.331371307373046875e-06
2.980232238769531250e-06
2.384185791015625000e-06
1.204013824462890625e-05
1.281499862670898438e-05
1.525878906250000000e-05
2.080202102661132812e-05
3.039836883544921875e-05
2.461671829223632812e-05
2.425909042358398438e-05
2.825260162353515625e-05
5.125999450683593750e-05
5.376338958740234375e-05
2.384185791015625000e-04
1.615285873413085938e-05
4.887580871582031250e-06
3.397464752197265625e-05
7.909536361694335938e-05
3.373622894287109375e-05
1.698732376098632812e-05
1.788139343261718750e-06
1.013278961181640625e-06
2.503395080566406250e-06
6.777048110961914062e-05
9.667873382568359375e-05
1.776218414306640625e-05
1.096725463867187500e-05
7.760524749755859375e-05
3.790855407714843750e-05
1.311302185058593750e-06
1.251697540283203125e-06
2.086162567138671875e-06
8.821487426757812500e-06
1.013278961181640625e-06
5.960464477539062500e-08
5.006790161132812500e-06
1.752376556396484375e-05
9.000301361083984375e-06
3.039836883544921875e-06
3.039836883544921875e-06
2.503395080566406250e-06
1.192092895507812500e-06
7.152557373046875000e-07
2.384185791015625000e-07
7.152557373046875000e-07
1.448392868041992188e-05
4.243850708007812500e-05
2.634525299072265625e-05
2.783536911010742188e-05
6.520748138427734375e-05
2.425909042358398438e-05
4.196166992187500000e-05
2.479553222656250000e-05
2.163648605346679688e-05
1.579523086547851562e-05
9.208917617797851562e-05
2.992153167724609375e-05
4.464387893676757812e-05
2.884864807128906250e-05
8.344650268554687500e-07
8.821487426757812500e-06
1.192092895507812500e-07
4.172325134277343750e-07
5.483627319335937500e-06
1.722574234008789062e-05
4.935264587402343750e-05
7.748603820800781250e-05
1.784563064575195312e-04
9.340047836303710938e-05
4.988908767700195312e-05
4.220008850097656250e-05
3.027915954589843750e-05
4.559755325317382812e-05
8.344650268554687500e-07
1.609325408935546875e-06
4.887580871582031250e-06
5.006790161132812500e-06
6.318092346191406250e-06
7.629394531250000000e-06
3.218650817871093750e-06
4.768371582031250000e-06
1.198053359985351562e-05
9.715557098388671875e-06
1.370906829833984375e-06
0.000000000000000000e+00
0.000000000000000000e+00
0.000000000000000000e+00
8.285045623779296875e-06
7.194280624389648438e-05
2.300739288330078125e-05
4.512071609497070312e-05
8.934736251831054688e-05
6.008148193359375000e-05
2.145767211914062500e-06
1.490116119384765625e-06
4.410743713378906250e-06
1.293420791625976562e-05
1.311302185058593750e-06
0.000000000000000000e+00
2.503395080566406250e-06
1.949071884155273438e-05
1.806020736694335938e-05
6.347894668579101562e-05
6.121397018432617188e-05
1.609325408935546875e-06
8.344650268554687500e-07
4.339218139648437500e-05
8.165836334228515625e-06
7.271766662597656250e-06
1.698732376098632812e-05
1.060962677001953125e-05
5.245208740234375000e-06
3.457069396972656250e-06
5.900859832763671875e-06
1.716613769531250000e-05
2.622604370117187500e-05
1.130104064941406250e-04
4.541873931884765625e-05
4.220008850097656250e-05
9.834766387939453125e-06
2.145767211914062500e-05
2.479553222656250000e-05
2.330541610717773438e-05
5.263090133666992188e-05
6.723403930664062500e-05
2.616643905639648438e-05
3.278255462646484375e-06
7.927417755126953125e-06
5.543231964111328125e-06
9.834766387939453125e-06
1.609325408935546875e-05
1.347064971923828125e-05
1.943111419677734375e-05
1.019239425659179688e-05
5.960464477539062500e-07
1.311302185058593750e-06
2.270936965942382812e-05
6.788969039916992188e-05
4.577636718750000000e-05
8.606910705566406250e-05
3.492832183837890625e-05
2.402067184448242188e-05
3.743171691894531250e-05
1.454353332519531250e-05
8.106231689453125000e-06
3.397464752197265625e-06
1.311302185058593750e-05
7.987022399902343750e-06
1.317262649536132812e-05
6.556510925292968750e-07
0.000000000000000000e+00
2.276897430419921875e-05
4.309415817260742188e-05
9.357929229736328125e-06
6.556510925292968750e-07
0.000000000000000000e+00
2.980232238769531250e-07
4.172325134277343750e-06
3.719329833984375000e-05
7.879734039306640625e-05
3.933906555175781250e-06
4.172325134277343750e-07
1.013875007629394531e-04
1.106262207031250000e-04
3.123283386230468750e-05
2.390146255493164062e-05
1.871585845947265625e-05
1.305341720581054688e-05
3.290176391601562500e-05
1.603364944458007812e-05
5.835294723510742188e-05
5.406141281127929688e-05
6.246566772460937500e-05
9.316205978393554688e-05
8.630752563476562500e-05
4.857778549194335938e-05
3.713369369506835938e-05
1.829862594604492188e-05
4.529953002929687500e-05
2.676248550415039062e-05
1.209974288940429688e-05
1.728534698486328125e-05
2.425909042358398438e-05
2.497434616088867188e-05
1.078844070434570312e-05
1.567602157592773438e-05
1.871585845947265625e-05
1.788139343261718750e-05
7.039308547973632812e-05
3.015995025634765625e-05
2.592802047729492188e-05
1.597404479980468750e-05
1.192092895507812500e-06
0.000000000000000000e+00
3.576278686523437500e-07
1.668930053710937500e-06
1.752376556396484375e-05
4.756450653076171875e-05
1.585483551025390625e-05
6.473064422607421875e-05
6.979703903198242188e-05
3.665685653686523438e-05
2.431869506835937500e-05
3.355741500854492188e-05
2.330541610717773438e-05
1.198053359985351562e-05
2.801418304443359375e-05
1.341104507446289062e-05
8.642673492431640625e-06
3.695487976074218750e-05
3.099441528320312500e-05
7.033348083496093750e-06
1.788139343261718750e-06
1.728534698486328125e-06
6.103515625000000000e-05
1.347064971923828125e-05
3.755092620849609375e-06
3.695487976074218750e-06
4.827976226806640625e-06
4.768371582031250000e-06
1.013278961181640625e-05
8.881092071533203125e-06
4.053115844726562500e-06
5.424022674560546875e-06
6.675720214843750000e-06
3.218650817871093750e-06
5.304813385009765625e-06
2.741813659667968750e-06
2.384185791015625000e-06
8.940696716308593750e-07
3.337860107421875000e-06
1.132488250732421875e-06
1.788139343261718750e-07
6.556510925292968750e-07
7.152557373046875000e-07
1.311302185058593750e-06
5.960464477539062500e-07
5.960464477539062500e-08
7.152557373046875000e-06
2.264976501464843750e-05
4.649162292480468750e-06
2.205371856689453125e-06
3.188848495483398438e-05
2.706050872802734375e-05
4.768371582031250000e-05
3.498792648315429688e-05
2.330541610717773438e-05
4.816055297851562500e-05
4.076957702636718750e-05
7.987022399902343750e-06
1.966953277587890625e-06
8.416175842285156250e-05
9.214878082275390625e-05
2.890825271606445312e-05
1.931190490722656250e-05
7.331371307373046875e-06
5.960464477539062500e-07
1.013278961181640625e-06
5.066394805908203125e-06
4.291534423828125000e-06
3.218650817871093750e-06
8.940696716308593750e-07
0.000000000000000000e+00
8.940696716308593750e-07
1.251697540283203125e-06
1.668930053710937500e-06
1.299381256103515625e-05
4.225969314575195312e-05
1.251697540283203125e-06
2.032518386840820312e-05
8.738040924072265625e-05
2.741813659667968750e-05
0.000000000000000000e+00
0.000000000000000000e+00
2.980232238769531250e-07
1.192092895507812500e-06
0.000000000000000000e+00
0.000000000000000000e+00
1.311302185058593750e-06
2.145767211914062500e-06
4.804134368896484375e-05
7.843971252441406250e-05
4.082918167114257812e-05
1.996755599975585938e-05
1.302957534790039062e-04
3.832578659057617188e-05
5.781650543212890625e-06
6.258487701416015625e-06
5.972385406494140625e-05
1.145601272583007812e-04
2.169609069824218750e-05
5.364418029785156250e-07
2.723932266235351562e-05
5.322694778442382812e-05
2.497434616088867188e-05
8.499622344970703125e-05
1.394748687744140625e-05
3.415346145629882812e-05
7.015466690063476562e-05
7.653236389160156250e-05
5.048513412475585938e-05
3.963708877563476562e-05
1.978874206542968750e-05
3.796815872192382812e-05
6.657838821411132812e-05
3.510713577270507812e-05
1.078844070434570312e-05
3.635883331298828125e-06
2.229213714599609375e-05
2.855062484741210938e-05
1.096725463867187500e-05
9.477138519287109375e-06
3.516674041748046875e-06
5.662441253662109375e-06
1.609325408935546875e-06
4.291534423828125000e-06
2.324581146240234375e-06
2.384185791015625000e-07
1.192092895507812500e-07
0.000000000000000000e+00
0.000000000000000000e+00
1.192092895507812500e-07
6.556510925292968750e-07
2.920627593994140625e-06
6.675720214843750000e-06
1.358985900878906250e-04
1.698732376098632812e-05
4.905462265014648438e-05
4.500150680541992188e-05
5.024671554565429688e-05
8.583068847656250000e-06
7.927417755126953125e-06
9.775161743164062500e-06
2.920627593994140625e-06
1.728534698486328125e-06
4.255771636962890625e-05
6.014108657836914062e-05
1.794099807739257812e-05
5.066394805908203125e-06
4.053115844726562500e-06
3.576278686523437500e-06
5.364418029785156250e-07
3.516674041748046875e-06
4.237890243530273438e-05
8.839368820190429688e-05
1.034140586853027344e-04
1.049041748046875000e-05
1.093149185180664062e-04
1.239776611328125000e-05
1.251697540283203125e-06
5.364418029785156250e-07
9.196996688842773438e-05
3.367662429809570312e-05
1.561641693115234375e-05
1.060962677001953125e-05
3.576278686523437500e-06
5.900859832763671875e-06
3.802776336669921875e-05
5.918741226196289062e-05
2.443790435791015625e-05
6.377696990966796875e-06
3.701448440551757812e-05
1.859664916992187500e-05
2.682209014892578125e-06
2.980232238769531250e-07
5.960464477539062500e-08
2.324581146240234375e-06
2.145767211914062500e-06
1.072883605957031250e-06
1.430511474609375000e-06
2.384185791015625000e-07
4.172325134277343750e-07
2.384185791015625000e-07
0.000000000000000000e+00
0.000000000000000000e+00
0.000000000000000000e+00
0.000000000000000000e+00
1.037120819091796875e-05
7.867813110351562500e-06
8.225440979003906250e-06
8.702278137207031250e-06
2.253055572509765625e-05
9.840726852416992188e-05
7.510185241699218750e-05
1.984834671020507812e-05
5.400180816650390625e-05
1.244544982910156250e-04
3.159046173095703125e-06
1.102685928344726562e-05
6.794929504394531250e-06
7.086992263793945312e-05
2.586841583251953125e-05
2.086162567138671875e-05
3.069639205932617188e-05
2.849102020263671875e-05
2.539157867431640625e-05
1.406669616699218750e-05
1.214146614074707031e-04
4.023313522338867188e-05
1.722574234008789062e-05
8.159875869750976562e-05
2.604722976684570312e-05
1.358985900878906250e-05
3.159046173095703125e-06
1.329183578491210938e-05
1.966953277587890625e-06
3.397464752197265625e-06
3.099441528320312500e-06
7.390975952148437500e-06
2.622604370117187500e-06
9.000301361083984375e-06
9.536743164062500000e-07
8.344650268554687500e-07
0.000000000000000000e+00
5.304813385009765625e-06
2.801418304443359375e-06
2.980232238769531250e-07
1.728534698486328125e-06
2.920627593994140625e-06
9.953975677490234375e-06
1.746416091918945312e-05
1.531839370727539062e-05
9.059906005859375000e-06
1.794099807739257812e-05
7.033348083496093750e-06
2.384185791015625000e-07
5.960464477539062500e-08
2.205371856689453125e-06
4.529953002929687500e-06
1.645088195800781250e-05
1.788139343261718750e-06
0.000000000000000000e+00
0.000000000000000000e+00
1.907348632812500000e-06
1.806020736694335938e-05
1.251697540283203125e-05
1.674890518188476562e-05
1.168251037597656250e-05
1.728534698486328125e-06
1.788139343261718750e-07
6.556510925292968750e-07
9.536743164062500000e-07
5.245208740234375000e-06
2.622604370117187500e-06
9.298324584960937500e-06
0.000000000000000000e+00
2.980232238769531250e-07
0.000000000000000000e+00
1.251697540283203125e-06
0.000000000000000000e+00
0.000000000000000000e+00
3.576278686523437500e-07
4.410743713378906250e-06
6.973743438720703125e-06
1.412630081176757812e-05
1.573562622070312500e-05
2.449750900268554688e-05
1.442432403564453125e-05
2.384185791015625000e-05
9.357929229736328125e-06
1.251697540283203125e-06
0.000000000000000000e+00
0.000000000000000000e+00
5.960464477539062500e-08
4.708766937255859375e-06
4.351139068603515625e-06
1.257658004760742188e-05
4.231929779052734375e-06
1.347064971923828125e-05
3.695487976074218750e-06
1.013278961181640625e-05
3.218650817871093750e-06
2.801418304443359375e-06
5.960464477539062500e-08
1.698732376098632812e-05
5.906820297241210938e-05
1.490116119384765625e-05
1.633167266845703125e-05
1.299381256103515625e-05
5.960464477539062500e-08
0.000000000000000000e+00
0.000000000000000000e+00
1.192092895507812500e-07
1.490116119384765625e-06
1.192092895507812500e-05
7.688999176025390625e-06
8.225440979003906250e-06
1.788139343261718750e-06
6.020069122314453125e-06
7.152557373046875000e-07
2.324581146240234375e-06
8.940696716308593750e-07
8.881092071533203125e-06
2.324581146240234375e-06
3.957748413085937500e-05
6.085634231567382812e-05
7.927417755126953125e-06
6.854534149169921875e-06
1.096725463867187500e-05
2.920627593994140625e-05
3.153085708618164062e-05
3.683567047119140625e-05
2.819299697875976562e-05
1.710653305053710938e-05
2.110004425048828125e-05
2.205371856689453125e-06
1.007318496704101562e-05
1.472234725952148438e-05
1.639127731323242188e-05
2.121925354003906250e-05
4.380941390991210938e-05
2.038478851318359375e-05
1.120567321777343750e-05
0.000000000000000000e+00
2.384185791015625000e-07
4.768371582031250000e-07
4.291534423828125000e-06
3.576278686523437500e-07
3.874301910400390625e-06
1.192092895507812500e-07
2.205371856689453125e-06
0.000000000000000000e+00
3.337860107421875000e-06
2.473592758178710938e-05
2.229213714599609375e-05
8.285045623779296875e-06
1.442432403564453125e-05
