0.000000000000000000e+00
2.801418304443359375e-06
0.000000000000000000e+00
8.344650268554687500e-07
1.192092895507812500e-07
4.231929779052734375e-06
2.264976501464843750e-06
1.507997512817382812e-05
2.318620681762695312e-05
1.174211502075195312e-05
1.788139343261718750e-06
6.735324859619140625e-06
5.578994750976562500e-05
2.878904342651367188e-05
1.192092895507812500e-06
1.084804534912109375e-05
1.674890518188476562e-05
1.972913742065429688e-05
1.120567321777343750e-05
9.119510650634765625e-06
1.966953277587890625e-06
2.837181091308593750e-05
1.990795135498046875e-05
1.454353332519531250e-05
5.900859832763671875e-06
3.159046173095703125e-05
7.814168930053710938e-05
1.507997512817382812e-05
2.503395080566406250e-06
1.192092895507812500e-07
0.000000000000000000e+00
0.000000000000000000e+00
0.000000000000000000e+00
0.000000000000000000e+00
0.000000000000000000e+00
3.635883331298828125e-06
1.728534698486328125e-06
3.576278686523437500e-06
4.768371582031250000e-07
6.079673767089843750e-06
6.556510925292968750e-07
5.066394805908203125e-06
9.536743164062500000e-07
1.043081283569335938e-05
5.960464477539062500e-07
5.245208740234375000e-06
6.556510925292968750e-07
6.198883056640625000e-06
2.264976501464843750e-06
5.602836608886718750e-06
3.218650817871093750e-06
1.090764999389648438e-05
9.477138519287109375e-06
1.257658004760742188e-05
2.920627593994140625e-06
7.450580596923828125e-06
6.973743438720703125e-06
5.483627319335937500e-06
2.115964889526367188e-05
9.942054748535156250e-05
1.692771911621093750e-04
1.037120819091796875e-04
5.149841308593750000e-05
4.637241363525390625e-05
2.259016036987304688e-05
2.735853195190429688e-05
2.300739288330078125e-05
1.597404479980468750e-05
4.112720489501953125e-06
1.311302185058593750e-06
1.251697540283203125e-06
3.993511199951171875e-06
1.430511474609375000e-06
6.556510925292968750e-06
2.920627593994140625e-06
6.198883056640625000e-06
1.609325408935546875e-06
5.280971527099609375e-05
2.105236053466796875e-04
6.842613220214843750e-05
6.377696990966796875e-06
8.463859558105468750e-06
9.059906005859375000e-06
6.258487701416015625e-06
0.000000000000000000e+00
0.000000000000000000e+00
2.086162567138671875e-06
4.291534423828125000e-06
6.556510925292968750e-07
6.198883056640625000e-06
7.152557373046875000e-07
2.151727676391601562e-05
2.390146255493164062e-05
7.033348083496093750e-06
2.324581146240234375e-06
2.384185791015625000e-07
0.000000000000000000e+00
0.000000000000000000e+00
1.788139343261718750e-07
5.364418029785156250e-07
2.562999725341796875e-06
3.933906555175781250e-06
1.943111419677734375e-05
6.473064422607421875e-05
2.682209014892578125e-05
5.781650543212890625e-05
4.559755325317382812e-05
3.153085708618164062e-05
1.060962677001953125e-05
5.602836608886718750e-06
1.758337020874023438e-05
2.229213714599609375e-05
1.096725463867187500e-05
9.596347808837890625e-06
5.364418029785156250e-06
1.132488250732421875e-05
9.357929229736328125e-06
8.523464202880859375e-06
2.264976501464843750e-06
3.993511199951171875e-06
5.960464477539062500e-08
1.728534698486328125e-06
2.193450927734375000e-05
1.788139343261718750e-05
3.516674041748046875e-06
5.364418029785156250e-07
4.172325134277343750e-07
7.152557373046875000e-06
1.835823059082031250e-05
5.245208740234375000e-06
4.172325134277343750e-06
6.556510925292968750e-07
1.311302185058593750e-06
2.026557922363281250e-06
7.629394531250000000e-06
1.132488250732421875e-06
2.384185791015625000e-07
1.251697540283203125e-06
3.767013549804687500e-05
8.034706115722656250e-05
1.877546310424804688e-05
9.059906005859375000e-06
5.662441253662109375e-06
7.033348083496093750e-06
4.470348358154296875e-06
8.159875869750976562e-05
2.998113632202148438e-05
1.841783523559570312e-05
5.245208740234375000e-06
4.291534423828125000e-06
5.960464477539062500e-08
0.000000000000000000e+00
2.980232238769531250e-07
1.132488250732421875e-06
5.960464477539062500e-08
1.192092895507812500e-07
0.000000000000000000e+00
0.000000000000000000e+00
0.000000000000000000e+00
0.000000000000000000e+00
1.788139343261718750e-07
4.768371582031250000e-07
2.324581146240234375e-06
2.664327621459960938e-05
2.443790435791015625e-05
6.413459777832031250e-05
7.563829421997070312e-05
2.020597457885742188e-05
9.059906005859375000e-06
8.165836334228515625e-06
1.996755599975585938e-05
6.854534149169921875e-06
1.323223114013671875e-05
9.298324584960937500e-06
3.397464752197265625e-06
8.881092071533203125e-06
1.490116119384765625e-06
1.013278961181640625e-06
3.397464752197265625e-06
5.698204040527343750e-05
8.213520050048828125e-05
4.458427429199218750e-05
1.567602157592773438e-05
1.268386840820312500e-04
3.612041473388671875e-05
9.655952453613281250e-06
2.801418304443359375e-06
2.533197402954101562e-05
1.069307327270507812e-04
7.677078247070312500e-05
6.747245788574218750e-05
3.236532211303710938e-05
4.380941390991210938e-05
1.651048660278320312e-05
4.649162292480468750e-06
5.602836608886718750e-06
7.092952728271484375e-06
3.933906555175781250e-06
8.940696716308593750e-07
2.503395080566406250e-06
1.657009124755859375e-05
4.875659942626953125e-05
3.403425216674804688e-05
8.165836334228515625e-06
1.078844070434570312e-05
7.748603820800781250e-06
1.734495162963867188e-05
6.198883056640625000e-06
6.079673767089843750e-06
5.483627319335937500e-06
3.576278686523437500e-06
3.337860107421875000e-06
6.020069122314453125e-06
4.291534423828125000e-06
1.370906829833984375e-06
6.258487701416015625e-06
2.068281173706054688e-05
1.788139343261718750e-05
1.233816146850585938e-05
1.925230026245117188e-05
1.484155654907226562e-05
6.377696990966796875e-06
6.258487701416015625e-06
4.470348358154296875e-06
3.635883331298828125e-06
3.278255462646484375e-06
7.092952728271484375e-06
6.437301635742187500e-06
5.304813385009765625e-06
9.357929229736328125e-06
7.808208465576171875e-06
5.900859832763671875e-06
1.549720764160156250e-06
1.549720764160156250e-06
5.918741226196289062e-05
5.948543548583984375e-05
1.521110534667968750e-04
2.562999725341796875e-05
1.549720764160156250e-06
3.576278686523437500e-07
4.029273986816406250e-05
6.729364395141601562e-05
1.281499862670898438e-05
3.063678741455078125e-05
3.576278686523437500e-06
1.059174537658691406e-04
3.510713577270507812e-05
5.221366882324218750e-05
1.293420791625976562e-04
4.011392593383789062e-05
2.205371856689453125e-06
6.318092346191406250e-06
6.496906280517578125e-06
7.927417755126953125e-06
4.220008850097656250e-05
4.488229751586914062e-05
5.424022674560546875e-06
6.616115570068359375e-06
1.490116119384765625e-06
3.576278686523437500e-07
2.026557922363281250e-06
3.039836883544921875e-06
1.567602157592773438e-05
3.474950790405273438e-05
1.877546310424804688e-05
6.318092346191406250e-06
4.768371582031250000e-06
5.024671554565429688e-05
1.318454742431640625e-04
1.388788223266601562e-05
8.404254913330078125e-06
7.867813110351562500e-06
1.513957977294921875e-05
3.159046173095703125e-06
2.980232238769531250e-07
9.536743164062500000e-07
7.152557373046875000e-07
2.306699752807617188e-05
4.643201828002929688e-05
1.621246337890625000e-05
6.616115570068359375e-06
1.728534698486328125e-06
6.377696990966796875e-06
4.827976226806640625e-06
2.980232238769531250e-07
5.960464477539062500e-07
1.907348632812500000e-06
3.457069396972656250e-06
5.245208740234375000e-06
8.398294448852539062e-05
1.633167266845703125e-05
4.887580871582031250e-06
1.907348632812500000e-06
1.966953277587890625e-06
1.609325408935546875e-06
1.370906829833984375e-06
1.013278961181640625e-06
2.980232238769531250e-07
5.364418029785156250e-07
0.000000000000000000e+00
6.556510925292968750e-06
5.191564559936523438e-05
1.913309097290039062e-05
7.271766662597656250e-06
1.847743988037109375e-06
1.132488250732421875e-06
4.768371582031250000e-07
4.768371582031250000e-07
6.556510925292968750e-07
4.172325134277343750e-07
8.344650268554687500e-07
5.364418029785156250e-07
2.980232238769531250e-07
1.567602157592773438e-05
1.207590103149414062e-04
1.484155654907226562e-05
8.285045623779296875e-06
2.181529998779296875e-05
6.198883056640625000e-06
6.794929504394531250e-06
7.921457290649414062e-05
1.026391983032226562e-04
1.257658004760742188e-05
1.430511474609375000e-05
1.174211502075195312e-05
5.245208740234375000e-06
1.788139343261718750e-06
0.000000000000000000e+00
1.083612442016601562e-04
1.708269119262695312e-04
4.667043685913085938e-05
5.960464477539062500e-06
3.218650817871093750e-06
2.127885818481445312e-05
3.427267074584960938e-05
4.380941390991210938e-05
2.264976501464843750e-05
1.651048660278320312e-05
1.376867294311523438e-05
8.046627044677734375e-06
3.755092620849609375e-06
3.993511199951171875e-06
4.172325134277343750e-06
3.755092620849609375e-06
6.496906280517578125e-06
7.688999176025390625e-06
9.417533874511718750e-06
8.940696716308593750e-06
4.053115844726562500e-06
7.748603820800781250e-07
1.167654991149902344e-04
1.853704452514648438e-05
2.765655517578125000e-05
1.192092895507812500e-05
1.490116119384765625e-06
6.556510925292968750e-07
8.940696716308593750e-07
1.370906829833984375e-06
1.430511474609375000e-06
8.940696716308593750e-07
6.556510925292968750e-07
5.364418029785156250e-07
1.192092895507812500e-06
3.159046173095703125e-06
4.649162292480468750e-06
2.694129943847656250e-05
5.078315734863281250e-05
2.777576446533203125e-05
7.748603820800781250e-06
3.218650817871093750e-06
2.622604370117187500e-06
9.894371032714843750e-06
1.841783523559570312e-05
9.536743164062500000e-06
7.569789886474609375e-06
2.163648605346679688e-05
5.114078521728515625e-05
2.080202102661132812e-05
1.728534698486328125e-06
0.000000000000000000e+00
0.000000000000000000e+00
5.960464477539062500e-08
8.344650268554687500e-07
7.748603820800781250e-07
7.152557373046875000e-07
6.556510925292968750e-07
2.980232238769531250e-06
1.150369644165039062e-05
9.298324584960937500e-06
2.026557922363281250e-06
9.477138519287109375e-06
2.312660217285156250e-05
1.013278961181640625e-05
6.914138793945312500e-06
1.060962677001953125e-05
1.227855682373046875e-05
3.039836883544921875e-06
2.324581146240234375e-06
5.960464477539062500e-07
8.940696716308593750e-07
2.861022949218750000e-06
2.139806747436523438e-05
7.390975952148437500e-06
1.609325408935546875e-06
1.192092895507812500e-06
7.748603820800781250e-07
4.619359970092773438e-05
1.590251922607421875e-04
2.443790435791015625e-05
1.710653305053710938e-05
2.205371856689453125e-06
6.443262100219726562e-05
1.355409622192382812e-04
3.331899642944335938e-05
4.827976226806640625e-05
2.861022949218750000e-06
1.752376556396484375e-05
3.576278686523437500e-07
3.635883331298828125e-06
2.360343933105468750e-05
1.084804534912109375e-05
1.609325408935546875e-05
1.394748687744140625e-05
7.569789886474609375e-06
3.635883331298828125e-05
2.992153167724609375e-05
4.994869232177734375e-05
1.323223114013671875e-05
5.304813385009765625e-06
9.536743164062500000e-07
6.318092346191406250e-06
3.778934478759765625e-05
6.544589996337890625e-05
1.060962677001953125e-05
2.205371856689453125e-06
4.482269287109375000e-05
6.514787673950195312e-05
4.369020462036132812e-05
4.607439041137695312e-05
6.079673767089843750e-05
4.065036773681640625e-05
4.005432128906250000e-05
2.402067184448242188e-05
6.854534149169921875e-06
1.549720764160156250e-06
2.986192703247070312e-05
3.439188003540039062e-05
1.275539398193359375e-05
2.437829971313476562e-05
2.557039260864257812e-05
5.960464477539062500e-07
1.788139343261718750e-07
2.980232238769531250e-07
2.741813659667968750e-06
2.181529998779296875e-05
2.419948577880859375e-05
1.227855682373046875e-05
7.748603820800781250e-06
2.044439315795898438e-05
1.412630081176757812e-05
3.516674041748046875e-06
7.563829421997070312e-05
3.558397293090820312e-05
5.900859832763671875e-06
1.261234283447265625e-04
1.382827758789062500e-05
1.072883605957031250e-06
1.072883605957031250e-06
1.311302185058593750e-06
2.682209014892578125e-06
7.021427154541015625e-05
1.357793807983398438e-04
7.396936416625976562e-05
1.806020736694335938e-05
1.490116119384765625e-06
4.708766937255859375e-06
3.576278686523437500e-06
7.450580596923828125e-06
8.463859558105468750e-06
3.755092620849609375e-06
5.769729614257812500e-05
7.045269012451171875e-05
6.628036499023437500e-05
5.865097045898437500e-05
4.589557647705078125e-05
5.096197128295898438e-05
5.996227264404296875e-05
1.877546310424804688e-05
2.980232238769531250e-06
4.172325134277343750e-07
0.000000000000000000e+00
0.000000000000000000e+00
2.682209014892578125e-06
3.278255462646484375e-06
0.000000000000000000e+00
3.272294998168945312e-05
2.849102020263671875e-05
2.205371856689453125e-06
7.152557373046875000e-07
5.960464477539062500e-08
6.556510925292968750e-07
2.384185791015625000e-07
2.980232238769531250e-07
5.364418029785156250e-06
3.242492675781250000e-05
3.927946090698242188e-05
9.989738464355468750e-05
1.835823059082031250e-05
1.752376556396484375e-05
1.251697540283203125e-06
6.556510925292968750e-07
6.556510925292968750e-07
4.112720489501953125e-06
2.801418304443359375e-06
8.344650268554687500e-07
7.152557373046875000e-07
5.960464477539062500e-07
6.556510925292968750e-07
1.013278961181640625e-06
5.662441253662109375e-05
1.388788223266601562e-05
7.748603820800781250e-06
6.735324859619140625e-06
1.460313796997070312e-05
1.579523086547851562e-05
2.366304397583007812e-05
4.601478576660156250e-05
2.336502075195312500e-05
5.304813385009765625e-06
5.483627319335937500e-06
2.741813659667968750e-06
2.324581146240234375e-06
1.704692840576171875e-05
8.523464202880859375e-06
1.192092895507812500e-07
3.516674041748046875e-06
4.106760025024414062e-05
1.132488250732421875e-06
8.344650268554687500e-07
4.768371582031250000e-07
2.825260162353515625e-05
1.142621040344238281e-04
5.763769149780273438e-05
4.231929779052734375e-06
2.580881118774414062e-05
6.413459777832031250e-05
1.174211502075195312e-05
1.549720764160156250e-05
4.154443740844726562e-05
7.152557373046875000e-06
1.794099807739257812e-05
1.549720764160156250e-06
4.768371582031250000e-07
4.172325134277343750e-07
1.192092895507812500e-07
2.384185791015625000e-07
2.741813659667968750e-06
1.013278961181640625e-06
4.231929779052734375e-06
1.192092895507812500e-06
0.000000000000000000e+00
0.000000000000000000e+00
4.231929779052734375e-06
4.887580871582031250e-06
8.344650268554687500e-07
1.788139343261718750e-06
4.768371582031250000e-07
0.000000000000000000e+00
5.364418029785156250e-07
1.299381256103515625e-05
7.379055023193359375e-05
3.021955490112304688e-05
5.990266799926757812e-05
9.858608245849609375e-05
1.907348632812500000e-05
7.390975952148437500e-06
8.761882781982421875e-06
1.829862594604492188e-05
1.817941665649414062e-05
8.523464202880859375e-06
9.536743164062500000e-07
1.490116119384765625e-06
3.874301910400390625e-06
2.861022949218750000e-06
2.801418304443359375e-06
8.940696716308593750e-07
0.000000000000000000e+00
0.000000000000000000e+00
0.000000000000000000e+00
1.192092895507812500e-07
1.174211502075195312e-05
4.011392593383789062e-05
5.495548248291015625e-05
3.039836883544921875e-05
9.357929229736328125e-06
3.814697265625000000e-05
1.007318496704101562e-05
2.384185791015625000e-06
1.788139343261718750e-07
4.470348358154296875e-06
1.049041748046875000e-05
3.230571746826171875e-05
5.203485488891601562e-05
2.336502075195312500e-05
2.312660217285156250e-05
8.225440979003906250e-06
1.436471939086914062e-05
3.474950790405273438e-05
5.251169204711914062e-05
1.448392868041992188e-05
1.680850982666015625e-05
1.263618469238281250e-05
1.394748687744140625e-05
1.817941665649414062e-05
3.933906555175781250e-06
4.172325134277343750e-07
1.788139343261718750e-07
3.337860107421875000e-06
4.470348358154296875e-06
5.495548248291015625e-05
1.525878906250000000e-04
3.999471664428710938e-05
1.966953277587890625e-05
1.716613769531250000e-05
1.168251037597656250e-05
1.955032348632812500e-05
3.695487976074218750e-06
4.827976226806640625e-06
7.390975952148437500e-06
7.212162017822265625e-06
1.788139343261718750e-07
3.337860107421875000e-06
6.556510925292968750e-07
1.788139343261718750e-06
0.000000000000000000e+00
0.000000000000000000e+00
0.000000000000000000e+00
0.000000000000000000e+00
9.536743164062500000e-06
2.348423004150390625e-05
7.152557373046875000e-06
7.331371307373046875e-06
3.278255462646484375e-06
3.695487976074218750e-06
1.192092895507812500e-07
5.185604095458984375e-06
5.841255187988281250e-06
5.722045898437500000e-06
1.430511474609375000e-05
1.192092895507812500e-06
2.980232238769531250e-07
6.020069122314453125e-06
2.264976501464843750e-06
1.502037048339843750e-05
2.112388610839843750e-04
5.495548248291015625e-05
1.323223114013671875e-05
1.311302185058593750e-05
9.357929229736328125e-06
1.883506774902343750e-05
5.364418029785156250e-06
1.275539398193359375e-05
2.741813659667968750e-06
2.127885818481445312e-05
2.378225326538085938e-05
4.982948303222656250e-05
4.076957702636718750e-05
1.716613769531250000e-05
4.339218139648437500e-05
1.490116119384765625e-05
8.761882781982421875e-06
9.834766387939453125e-06
7.152557373046875000e-07
1.788139343261718750e-06
4.172325134277343750e-06
1.142621040344238281e-04
2.263784408569335938e-04
1.552104949951171875e-04
3.248453140258789062e-05
1.466274261474609375e-05
3.576278686523437500e-07
6.735324859619140625e-06
1.609325408935546875e-06
8.881092071533203125e-06
2.026557922363281250e-06
7.450580596923828125e-06
2.139806747436523438e-05
1.811981201171875000e-05
1.913309097290039062e-05
1.370906829833984375e-05
2.682209014892578125e-06
1.966953277587890625e-06
2.980232238769531250e-07
2.622604370117187500e-06
3.576278686523437500e-07
2.622604370117187500e-06
1.192092895507812500e-07
2.026557922363281250e-06
0.000000000000000000e+00
3.576278686523437500e-07
0.000000000000000000e+00
0.000000000000000000e+00
0.000000000000000000e+00
1.192092895507812500e-06
4.172325134277343750e-07
4.708766937255859375e-06
0.000000000000000000e+00
8.940696716308593750e-07
2.503395080566406250e-05
3.415346145629882812e-05
3.379583358764648438e-05
2.026557922363281250e-05
6.198883056640625000e-06
7.748603820800781250e-06
1.192092895507812500e-07
8.106231689453125000e-06
5.960464477539062500e-07
1.549720764160156250e-06
7.748603820800781250e-07
1.728534698486328125e-05
2.264976501464843750e-05
7.987022399902343750e-06
2.384185791015625000e-07
1.192092895507812500e-07
2.861022949218750000e-06
2.926588058471679688e-05
7.629394531250000000e-06
6.914138793945312500e-06
3.635883331298828125e-06
4.649162292480468750e-06
