7.808208465576171875e-06
1.233816146850585938e-05
3.278255462646484375e-06
1.186132431030273438e-05
2.980232238769531250e-06
2.026557922363281250e-05
4.613399505615234375e-05
4.947185516357421875e-05
2.211332321166992188e-05
2.020597457885742188e-05
8.225440979003906250e-06
3.451108932495117188e-05
8.243322372436523438e-05
7.104873657226562500e-05
5.811452865600585938e-05
2.557039260864257812e-05
3.725290298461914062e-05
6.258487701416015625e-05
9.572505950927734375e-05
2.062320709228515625e-05
6.318092346191406250e-06
8.457899093627929688e-05
2.801418304443359375e-05
8.881092071533203125e-06
5.990266799926757812e-05
1.960992813110351562e-05
3.218650817871093750e-06
2.920627593994140625e-06
5.722045898437500000e-06
3.635883331298828125e-06
5.066394805908203125e-06
2.115964889526367188e-05
7.122755050659179688e-05
3.886222839355468750e-05
2.038478851318359375e-05
1.019239425659179688e-05
1.341104507446289062e-05
9.655952453613281250e-06
1.782178878784179688e-05
2.062320709228515625e-05
2.038478851318359375e-05
1.245737075805664062e-05
4.231929779052734375e-06
2.080202102661132812e-05
1.549720764160156250e-06
1.788139343261718750e-07
2.157688140869140625e-05
3.802776336669921875e-05
1.280307769775390625e-04
1.257658004760742188e-05
1.740455627441406250e-05
1.502037048339843750e-05
1.925230026245117188e-05
2.014636993408203125e-05
1.132488250732421875e-06
2.205371856689453125e-06
2.980232238769531250e-07
3.874301910400390625e-06
5.364418029785156250e-07
1.078844070434570312e-05
1.966953277587890625e-06
1.549720764160156250e-06
4.112720489501953125e-06
6.616115570068359375e-06
5.960464477539062500e-06
1.561641693115234375e-05
3.933906555175781250e-06
1.209974288940429688e-05
5.483627319335937500e-06
3.039836883544921875e-06
8.285045623779296875e-06
1.281499862670898438e-05
7.987022399902343750e-06
1.949071884155273438e-05
1.817941665649414062e-05
6.496906280517578125e-06
7.212162017822265625e-06
1.263618469238281250e-05
9.775161743164062500e-06
2.413988113403320312e-05
2.062320709228515625e-05
2.133846282958984375e-05
1.597404479980468750e-05
1.859664916992187500e-05
1.072883605957031250e-05
1.108646392822265625e-05
9.536743164062500000e-07
7.748603820800781250e-07
1.430511474609375000e-06
5.364418029785156250e-07
0.000000000000000000e+00
0.000000000000000000e+00
2.562999725341796875e-06
5.602836608886718750e-06
6.002187728881835938e-05
9.751319885253906250e-05
2.920627593994140625e-05
6.735324859619140625e-06
2.026557922363281250e-06
8.702278137207031250e-06
1.381635665893554688e-04
2.610683441162109375e-05
1.156330108642578125e-05
4.345178604125976562e-05
4.273653030395507812e-05
2.819299697875976562e-05
6.854534149169921875e-06
8.165836334228515625e-06
2.366304397583007812e-05
5.263090133666992188e-05
5.453824996948242188e-05
4.619359970092773438e-05
1.472234725952148438e-05
1.096725463867187500e-05
1.966953277587890625e-05
6.651878356933593750e-05
1.953840255737304688e-04
3.290176391601562500e-05
1.686811447143554688e-05
1.209974288940429688e-05
1.257658004760742188e-05
9.655952453613281250e-06
4.589557647705078125e-06
5.245208740234375000e-06
1.788139343261718750e-06
7.033348083496093750e-06
2.205371856689453125e-06
5.006790161132812500e-06
6.735324859619140625e-06
3.778934478759765625e-05
1.186132431030273438e-04
5.441904067993164062e-05
5.835294723510742188e-05
2.664327621459960938e-05
2.026557922363281250e-06
1.192092895507812500e-06
2.026557922363281250e-06
4.231929779052734375e-06
3.755092620849609375e-06
8.344650268554687500e-07
3.278255462646484375e-06
2.503395080566406250e-06
1.311302185058593750e-06
8.344650268554687500e-07
1.728534698486328125e-06
0.000000000000000000e+00
0.000000000000000000e+00
1.788139343261718750e-07
3.457069396972656250e-06
4.708766937255859375e-06
1.251697540283203125e-06
2.980232238769531250e-07
5.364418029785156250e-07
2.384185791015625000e-06
5.125999450683593750e-06
9.477138519287109375e-06
3.635883331298828125e-06
8.344650268554687500e-07
1.192092895507812500e-06
6.556510925292968750e-07
2.384185791015625000e-06
1.788139343261718750e-07
0.000000000000000000e+00
2.384185791015625000e-06
3.790855407714843750e-05
3.468990325927734375e-05
2.253055572509765625e-05
7.927417755126953125e-06
3.516674041748046875e-06
0.000000000000000000e+00
0.000000000000000000e+00
7.510185241699218750e-06
9.119510650634765625e-06
9.357929229736328125e-06
8.660554885864257812e-05
2.034902572631835938e-04
1.018047332763671875e-04
2.920627593994140625e-06
1.426935195922851562e-04
1.440048217773437500e-04
3.570318222045898438e-05
2.205371856689453125e-06
4.768371582031250000e-07
4.827976226806640625e-06
1.186132431030273438e-05
3.099441528320312500e-06
6.556510925292968750e-07
3.278255462646484375e-06
4.720687866210937500e-05
2.878904342651367188e-05
4.470348358154296875e-06
1.102685928344726562e-05
1.108646392822265625e-05
3.874301910400390625e-06
2.562999725341796875e-06
2.145767211914062500e-06
2.443790435791015625e-06
4.172325134277343750e-07
9.536743164062500000e-07
2.920627593994140625e-06
5.763769149780273438e-05
4.470348358154296875e-06
6.687641143798828125e-05
8.106231689453125000e-05
4.732608795166015625e-05
1.311302185058593750e-05
1.084804534912109375e-05
4.863739013671875000e-05
1.943111419677734375e-05
3.343820571899414062e-05
8.940696716308593750e-06
6.973743438720703125e-06
6.079673767089843750e-06
3.218650817871093750e-06
5.483627319335937500e-06
3.218650817871093750e-06
2.980232238769531250e-06
5.125999450683593750e-06
5.114078521728515625e-05
1.546144485473632812e-04
4.327297210693359375e-05
1.841783523559570312e-05
1.949071884155273438e-05
4.923343658447265625e-05
1.101493835449218750e-04
4.661083221435546875e-05
5.066394805908203125e-06
3.832578659057617188e-05
1.305341720581054688e-05
8.940696716308593750e-06
1.341104507446289062e-05
2.616643905639648438e-05
4.053115844726562500e-06
2.813339233398437500e-05
2.568960189819335938e-05
2.723932266235351562e-05
7.331371307373046875e-06
7.092952728271484375e-06
5.006790161132812500e-06
9.536743164062500000e-07
9.536743164062500000e-07
3.397464752197265625e-06
1.829862594604492188e-05
2.849102020263671875e-05
3.260374069213867188e-05
2.336502075195312500e-05
1.698732376098632812e-05
8.225440979003906250e-06
1.835823059082031250e-05
2.586841583251953125e-05
1.424551010131835938e-05
3.337860107421875000e-05
3.278255462646484375e-05
9.357929229736328125e-06
7.152557373046875000e-07
0.000000000000000000e+00
1.883506774902343750e-05
1.369714736938476562e-04
1.881122589111328125e-04
8.940696716308593750e-06
2.920627593994140625e-06
7.987022399902343750e-06
5.954504013061523438e-05
5.018711090087890625e-05
7.867813110351562500e-05
1.180171966552734375e-05
8.463859558105468750e-06
6.020069122314453125e-06
4.529953002929687500e-06
3.451108932495117188e-05
1.782178878784179688e-05
3.039836883544921875e-06
1.597404479980468750e-05
9.298324584960937500e-06
1.209974288940429688e-05
3.916025161743164062e-05
5.125999450683593750e-05
1.889467239379882812e-05
3.880262374877929688e-05
3.564357757568359375e-05
1.513957977294921875e-05
4.351139068603515625e-06
2.145767211914062500e-06
5.006790161132812500e-06
5.185604095458984375e-06
5.006790161132812500e-06
5.602836608886718750e-06
2.264976501464843750e-06
1.132488250732421875e-06
1.788139343261718750e-06
3.993511199951171875e-06
1.263618469238281250e-05
9.089708328247070312e-05
1.418590545654296875e-05
1.192092895507812500e-06
1.609325408935546875e-06
3.159046173095703125e-06
0.000000000000000000e+00
1.370906829833984375e-06
3.278255462646484375e-06
1.013278961181640625e-06
0.000000000000000000e+00
0.000000000000000000e+00
9.536743164062500000e-07
3.719329833984375000e-05
1.120567321777343750e-04
9.608268737792968750e-05
4.923343658447265625e-05
1.293420791625976562e-05
1.525878906250000000e-05
9.369850158691406250e-05
1.853704452514648438e-05
1.543760299682617188e-05
1.084804534912109375e-05
5.543231964111328125e-06
8.583068847656250000e-06
5.424022674560546875e-06
5.245208740234375000e-06
5.602836608886718750e-06
1.072883605957031250e-05
8.881092071533203125e-06
5.304813385009765625e-06
7.450580596923828125e-06
2.729892730712890625e-05
2.127885818481445312e-05
2.729892730712890625e-05
3.176927566528320312e-05
1.740455627441406250e-05
1.099705696105957031e-04
7.212162017822265625e-06
9.852647781372070312e-05
1.074075698852539062e-04
5.370378494262695312e-05
6.496906280517578125e-06
5.602836608886718750e-06
5.006790161132812500e-06
1.668930053710937500e-06
3.933906555175781250e-06
1.059174537658691406e-04
5.096197128295898438e-05
9.548664093017578125e-05
1.806020736694335938e-05
6.377696990966796875e-06
6.437301635742187500e-06
3.576278686523437500e-06
3.159046173095703125e-06
2.503395080566406250e-06
9.119510650634765625e-06
2.324581146240234375e-05
3.576278686523437500e-05
1.192092895507812500e-05
3.099441528320312500e-06
7.510185241699218750e-06
1.251697540283203125e-06
1.311302185058593750e-06
1.311302185058593750e-06
7.152557373046875000e-07
3.576278686523437500e-07
5.960464477539062500e-08
6.794929504394531250e-06
2.896785736083984375e-05
1.609325408935546875e-05
5.066394805908203125e-05
3.939867019653320312e-05
1.257658004760742188e-05
2.980232238769531250e-06
2.264976501464843750e-06
2.205371856689453125e-06
4.053115844726562500e-06
7.629394531250000000e-06
2.324581146240234375e-06
2.324581146240234375e-06
1.430511474609375000e-06
0.000000000000000000e+00
1.132488250732421875e-06
1.192092895507812500e-05
4.529953002929687500e-06
5.245208740234375000e-06
8.344650268554687500e-06
3.516674041748046875e-06
1.788139343261718750e-07
1.496076583862304688e-05
4.291534423828125000e-06
7.212162017822265625e-06
1.186132431030273438e-05
8.642673492431640625e-06
1.132488250732421875e-06
2.562999725341796875e-05
9.137392044067382812e-05
2.384185791015625000e-05
1.710653305053710938e-05
1.448392868041992188e-05
1.692771911621093750e-05
1.406669616699218750e-05
1.299381256103515625e-05
1.311302185058593750e-05
1.013278961181640625e-06
1.788139343261718750e-07
5.960464477539062500e-07
1.037120819091796875e-05
4.351139068603515625e-06
3.576278686523437500e-06
3.468990325927734375e-05
7.355213165283203125e-05
1.704692840576171875e-05
1.019239425659179688e-05
4.589557647705078125e-06
1.013278961181640625e-06
7.748603820800781250e-07
7.629394531250000000e-06
8.225440979003906250e-06
0.000000000000000000e+00
0.000000000000000000e+00
3.218650817871093750e-06
2.324581146240234375e-06
3.755092620849609375e-06
1.263618469238281250e-05
4.434585571289062500e-05
1.192092895507812500e-07
1.192092895507812500e-07
5.960464477539062500e-08
1.847743988037109375e-06
3.278255462646484375e-06
3.147125244140625000e-05
8.100271224975585938e-05
4.076957702636718750e-05
6.604194641113281250e-05
5.161762237548828125e-05
2.568960189819335938e-05
4.863739013671875000e-05
8.165836334228515625e-06
4.112720489501953125e-06
5.364418029785156250e-07
3.755092620849609375e-06
1.752376556396484375e-05
3.737211227416992188e-05
4.112720489501953125e-06
2.372264862060546875e-05
9.030103683471679688e-05
7.688999176025390625e-06
3.015995025634765625e-05
2.145767211914062500e-06
1.192092895507812500e-07
4.827976226806640625e-05
5.549192428588867188e-05
1.442432403564453125e-05
9.536743164062500000e-07
0.000000000000000000e+00
0.000000000000000000e+00
3.576278686523437500e-07
3.576278686523437500e-07
3.576278686523437500e-07
4.172325134277343750e-07
5.602836608886718750e-06
4.172325134277343750e-07
1.788139343261718750e-07
1.907348632812500000e-05
5.912780761718750000e-05
4.881620407104492188e-05
6.455183029174804688e-05
9.894371032714843750e-06
4.410743713378906250e-06
2.384185791015625000e-06
1.430511474609375000e-06
5.364418029785156250e-06
2.562999725341796875e-06
1.847743988037109375e-06
6.556510925292968750e-07
2.384185791015625000e-07
0.000000000000000000e+00
0.000000000000000000e+00
0.000000000000000000e+00
2.264976501464843750e-06
4.005432128906250000e-05
2.145767211914062500e-06
8.344650268554687500e-07
5.710124969482421875e-05
1.364946365356445312e-05
2.384185791015625000e-07
1.496076583862304688e-05
4.047155380249023438e-05
2.241134643554687500e-05
1.275539398193359375e-05
1.651048660278320312e-05
3.409385681152343750e-05
2.378225326538085938e-05
8.869171142578125000e-05
3.343820571899414062e-05
2.175569534301757812e-05
1.907348632812500000e-06
2.205371856689453125e-06
5.364418029785156250e-07
4.172325134277343750e-07
1.013278961181640625e-06
4.041194915771484375e-05
1.258850097656250000e-04
1.996755599975585938e-05
2.712011337280273438e-05
3.504753112792968750e-05
1.639127731323242188e-05
6.735324859619140625e-06
1.347064971923828125e-05
1.507997512817382812e-05
4.887580871582031250e-06
3.039836883544921875e-06
7.152557373046875000e-07
1.966953277587890625e-05
5.114078521728515625e-05
5.364418029785156250e-06
3.576278686523437500e-07
1.192092895507812500e-07
2.980232238769531250e-07
0.000000000000000000e+00
0.000000000000000000e+00
1.788139343261718750e-07
1.609325408935546875e-06
2.884864807128906250e-05
2.598762512207031250e-05
2.127885818481445312e-05
4.512071609497070312e-05
8.678436279296875000e-05
7.539987564086914062e-05
3.641843795776367188e-05
1.704692840576171875e-05
9.536743164062500000e-06
2.187490463256835938e-05
1.293420791625976562e-05
1.084804534912109375e-05
2.026557922363281250e-06
9.953975677490234375e-06
3.910064697265625000e-05
9.536743164062500000e-07
4.231929779052734375e-06
1.513957977294921875e-05
5.006790161132812500e-05
1.484155654907226562e-05
5.960464477539062500e-08
8.702278137207031250e-06
2.849102020263671875e-05
1.317262649536132812e-05
2.950429916381835938e-05
4.291534423828125000e-06
3.606081008911132812e-05
5.781650543212890625e-05
4.088878631591796875e-05
5.781650543212890625e-06
7.748603820800781250e-07
1.078844070434570312e-05
1.083612442016601562e-04
8.046627044677734375e-05
2.861022949218750000e-06
2.145767211914062500e-06
2.002716064453125000e-05
9.512901306152343750e-05
5.185604095458984375e-05
1.169443130493164062e-04
5.763769149780273438e-05
2.944469451904296875e-05
3.159046173095703125e-06
8.106231689453125000e-06
5.066394805908203125e-06
4.768371582031250000e-07
1.668930053710937500e-06
1.943111419677734375e-05
3.117322921752929688e-05
3.123283386230468750e-05
2.050399780273437500e-05
8.940696716308593750e-06
1.931190490722656250e-05
3.576278686523437500e-05
2.241134643554687500e-05
3.993511199951171875e-06
2.205371856689453125e-06
8.940696716308593750e-07
4.327297210693359375e-05
8.130073547363281250e-05
1.871585845947265625e-05
1.537799835205078125e-05
2.342462539672851562e-05
1.889467239379882812e-05
1.984834671020507812e-05
1.043081283569335938e-05
6.914138793945312500e-06
2.384185791015625000e-06
8.940696716308593750e-07
1.013278961181640625e-06
4.768371582031250000e-07
1.114606857299804688e-05
5.072355270385742188e-05
5.108118057250976562e-05
1.941919326782226562e-04
2.896785736083984375e-05
6.079673767089843750e-06
8.463859558105468750e-06
6.496906280517578125e-06
6.198883056640625000e-06
1.370906829833984375e-06
2.145767211914062500e-06
5.602836608886718750e-06
4.529953002929687500e-06
3.755092620849609375e-06
1.430511474609375000e-06
3.933906555175781250e-06
7.128715515136718750e-05
6.222724914550781250e-05
9.393692016601562500e-05
5.084276199340820312e-05
1.561641693115234375e-05
6.395578384399414062e-05
5.644559860229492188e-05
1.311302185058593750e-05
2.330541610717773438e-05
6.496906280517578125e-06
6.854534149169921875e-06
6.318092346191406250e-06
6.854534149169921875e-06
2.622604370117187500e-06
4.708766937255859375e-06
1.764297485351562500e-05
4.649162292480468750e-05
5.239248275756835938e-05
5.948543548583984375e-05
2.866983413696289062e-05
1.162290573120117188e-05
7.808208465576171875e-06
7.808208465576171875e-06
6.556510925292968750e-07
0.000000000000000000e+00
1.132488250732421875e-06
5.507469177246093750e-05
3.665685653686523438e-05
1.728534698486328125e-06
1.546144485473632812e-04
4.351139068603515625e-05
2.741813659667968750e-05
1.525878906250000000e-05
1.788139343261718750e-06
3.826618194580078125e-05
6.729364395141601562e-05
2.133846282958984375e-05
2.533197402954101562e-05
6.711483001708984375e-05
4.017353057861328125e-05
3.403425216674804688e-05
1.454353332519531250e-05
1.215934753417968750e-05
1.585483551025390625e-05
1.251697540283203125e-05
5.483627319335937500e-06
1.847743988037109375e-06
2.741813659667968750e-06
3.039836883544921875e-06
2.384185791015625000e-07
1.788139343261718750e-06
0.000000000000000000e+00
1.013278961181640625e-06
1.192092895507812500e-07
3.755092620849609375e-06
1.575946807861328125e-04
2.759695053100585938e-05
4.172325134277343750e-06
5.668401718139648438e-05
7.408857345581054688e-05
7.909536361694335938e-05
5.304813385009765625e-06
9.357929229736328125e-06
8.940696716308593750e-07
2.706050872802734375e-05
1.338720321655273438e-04
1.937150955200195312e-04
1.032352447509765625e-04
1.788139343261718750e-05
3.218650817871093750e-06
5.662441253662109375e-06
1.788139343261718750e-06
7.569789886474609375e-06
8.344650268554687500e-07
4.231929779052734375e-06
4.172325134277343750e-07
3.576278686523437500e-06
2.288818359375000000e-05
3.701448440551757812e-05
8.404254913330078125e-06
1.400709152221679688e-05
1.072883605957031250e-06
4.649162292480468750e-06
4.172325134277343750e-06
1.883506774902343750e-05
3.814697265625000000e-06
1.049041748046875000e-05
5.960464477539062500e-07
5.543231964111328125e-06
2.187490463256835938e-05
4.953145980834960938e-05
4.267692565917968750e-05
2.866983413696289062e-05
1.150369644165039062e-05
2.610683441162109375e-05
2.771615982055664062e-05
3.755092620849609375e-05
1.513957977294921875e-05
1.418590545654296875e-05
6.556510925292968750e-07
1.668930053710937500e-06
0.000000000000000000e+00
0.000000000000000000e+00
0.000000000000000000e+00
0.000000000000000000e+00
0.000000000000000000e+00
0.000000000000000000e+00
5.960464477539062500e-08
0.000000000000000000e+00
1.847743988037109375e-06
6.836652755737304688e-05
1.024603843688964844e-04
6.526708602905273438e-05
6.639957427978515625e-05
2.741813659667968750e-05
4.649162292480468750e-06
5.304813385009765625e-06
4.768371582031250000e-07
5.543231964111328125e-06
1.490116119384765625e-05
1.364946365356445312e-05
7.629394531250000000e-06
2.741813659667968750e-06
3.707408905029296875e-05
8.463859558105468750e-06
2.980232238769531250e-07
2.384185791015625000e-06
