2.682209014892578125e-06
5.900859832763671875e-06
4.345178604125976562e-05
2.950429916381835938e-05
2.682209014892578125e-05
1.841783523559570312e-05
3.182888031005859375e-05
1.740455627441406250e-05
4.410743713378906250e-06
6.377696990966796875e-06
9.000301361083984375e-06
6.777048110961914062e-05
1.039505004882812500e-04
5.590915679931640625e-05
4.553794860839843750e-05
6.437301635742187500e-06
8.344650268554687500e-06
1.835823059082031250e-05
9.953975677490234375e-06
8.165836334228515625e-06
2.562999725341796875e-05
3.939867019653320312e-05
9.715557098388671875e-06
3.159046173095703125e-06
6.556510925292968750e-07
8.940696716308593750e-07
1.549720764160156250e-06
6.556510925292968750e-06
4.112720489501953125e-06
8.821487426757812500e-06
5.483627319335937500e-06
8.523464202880859375e-06
2.384185791015625000e-07
2.384185791015625000e-07
0.000000000000000000e+00
0.000000000000000000e+00
0.000000000000000000e+00
0.000000000000000000e+00
4.172325134277343750e-07
2.980232238769531250e-07
8.344650268554687500e-07
1.788139343261718750e-06
4.112720489501953125e-06
2.861022949218750000e-06
3.755092620849609375e-06
2.145767211914062500e-06
4.291534423828125000e-06
2.741813659667968750e-06
4.291534423828125000e-06
3.278255462646484375e-06
5.662441253662109375e-06
4.827976226806640625e-06
5.602836608886718750e-06
1.043081283569335938e-05
1.132488250732421875e-06
4.470348358154296875e-06
5.960464477539062500e-08
0.000000000000000000e+00
0.000000000000000000e+00
2.980232238769531250e-07
1.132488250732421875e-05
7.992982864379882812e-05
1.478195190429687500e-05
5.364418029785156250e-05
4.887580871582031250e-06
7.987022399902343750e-06
2.682209014892578125e-06
5.364418029785156250e-06
2.205371856689453125e-06
1.192092895507812500e-07
5.900859832763671875e-06
4.589557647705078125e-06
2.026557922363281250e-06
1.847743988037109375e-06
8.463859558105468750e-06
8.165836334228515625e-06
9.298324584960937500e-06
1.078844070434570312e-05
5.066394805908203125e-06
2.962350845336914062e-05
2.712011337280273438e-05
1.353025436401367188e-05
2.264976501464843750e-06
4.768371582031250000e-07
1.788139343261718750e-07
8.165836334228515625e-06
2.086162567138671875e-06
6.556510925292968750e-07
4.172325134277343750e-07
5.960464477539062500e-08
4.768371582031250000e-07
5.781650543212890625e-06
9.536743164062500000e-07
9.894371032714843750e-06
1.132488250732421875e-06
1.668930053710937500e-06
0.000000000000000000e+00
1.430511474609375000e-06
8.940696716308593750e-07
1.728534698486328125e-06
1.788139343261718750e-07
1.490116119384765625e-06
1.788139343261718750e-07
2.264976501464843750e-06
1.192092895507812500e-07
3.814697265625000000e-06
5.841255187988281250e-06
3.874301910400390625e-06
4.708766937255859375e-06
1.224279403686523438e-04
1.978874206542968750e-05
1.180171966552734375e-05
3.367662429809570312e-05
3.695487976074218750e-06
8.940696716308593750e-07
5.185604095458984375e-05
8.100271224975585938e-05
9.536743164062500000e-05
2.092123031616210938e-05
6.091594696044921875e-05
5.447864532470703125e-05
6.198883056640625000e-06
8.702278137207031250e-05
7.927417755126953125e-06
9.059906005859375000e-06
1.156330108642578125e-05
6.973743438720703125e-06
1.859664916992187500e-05
6.377696990966796875e-05
8.821487426757812500e-06
1.966953277587890625e-06
9.489059448242187500e-05
2.217292785644531250e-05
8.344650268554687500e-06
2.682209014892578125e-06
8.940696716308593750e-07
2.622604370117187500e-06
1.645088195800781250e-05
1.853704452514648438e-05
7.033348083496093750e-06
1.788139343261718750e-07
3.874301910400390625e-06
2.086162567138671875e-06
9.298324584960937500e-06
7.969141006469726562e-05
1.460313796997070312e-05
3.057718276977539062e-05
1.204013824462890625e-05
1.788139343261718750e-05
5.477666854858398438e-05
7.361173629760742188e-05
7.480382919311523438e-05
7.414817810058593750e-05
3.850460052490234375e-05
1.239776611328125000e-05
2.747774124145507812e-05
3.540515899658203125e-05
3.206729888916015625e-05
6.854534149169921875e-05
2.789497375488281250e-05
1.466274261474609375e-05
1.847743988037109375e-06
0.000000000000000000e+00
1.007318496704101562e-05
2.545118331909179688e-05
1.072287559509277344e-04
5.316734313964843750e-05
1.525878906250000000e-05
3.796815872192382812e-05
3.153085708618164062e-05
1.847743988037109375e-05
1.925230026245117188e-05
1.943111419677734375e-05
1.388788223266601562e-05
9.298324584960937500e-06
7.987022399902343750e-06
5.006790161132812500e-06
8.523464202880859375e-06
8.463859558105468750e-06
1.662969589233398438e-05
3.659725189208984375e-05
1.728534698486328125e-05
4.786252975463867188e-05
2.026557922363281250e-05
4.333257675170898438e-05
8.696317672729492188e-05
5.358457565307617188e-05
1.299381256103515625e-05
8.463859558105468750e-06
1.734495162963867188e-05
2.479553222656250000e-05
1.937150955200195312e-05
6.496906280517578125e-06
3.278255462646484375e-06
7.390975952148437500e-06
1.055002212524414062e-05
1.323223114013671875e-05
5.006790161132812500e-06
3.993511199951171875e-06
5.364418029785156250e-07
5.364418029785156250e-07
5.841255187988281250e-06
9.202957153320312500e-05
6.246566772460937500e-05
1.019239425659179688e-05
4.130601882934570312e-05
2.437829971313476562e-05
1.078844070434570312e-05
8.195638656616210938e-05
1.716613769531250000e-05
7.569789886474609375e-06
1.853704452514648438e-05
1.943111419677734375e-05
8.761882781982421875e-06
1.251697540283203125e-06
1.251697540283203125e-06
2.110004425048828125e-05
4.667043685913085938e-05
3.039836883544921875e-06
2.205371856689453125e-06
1.490116119384765625e-06
1.454353332519531250e-05
2.229213714599609375e-05
1.251697540283203125e-06
1.609325408935546875e-06
2.145767211914062500e-06
4.887580871582031250e-06
8.106231689453125000e-06
3.278255462646484375e-05
2.747774124145507812e-05
3.165006637573242188e-05
2.163648605346679688e-05
5.006790161132812500e-06
5.960464477539062500e-08
4.172325134277343750e-07
5.960464477539062500e-07
8.940696716308593750e-07
1.311302185058593750e-06
9.536743164062500000e-07
3.063678741455078125e-05
1.105666160583496094e-04
1.597404479980468750e-05
1.668930053710937500e-05
2.598762512207031250e-05
1.007318496704101562e-05
1.013278961181640625e-06
4.881620407104492188e-05
5.882978439331054688e-05
3.612041473388671875e-05
3.218650817871093750e-05
2.110004425048828125e-05
1.311302185058593750e-05
6.854534149169921875e-06
8.344650268554687500e-07
3.576278686523437500e-07
5.960464477539062500e-08
4.768371582031250000e-07
2.205371856689453125e-06
1.609325408935546875e-06
1.668930053710937500e-06
1.430511474609375000e-06
1.728534698486328125e-06
1.549720764160156250e-06
1.013278961181640625e-06
1.239776611328125000e-05
1.752376556396484375e-05
4.827976226806640625e-05
7.706880569458007812e-05
2.253055572509765625e-05
2.211332321166992188e-05
3.439188003540039062e-05
4.339218139648437500e-05
2.324581146240234375e-06
7.748603820800781250e-07
1.966953277587890625e-06
1.668930053710937500e-06
1.907348632812500000e-06
2.205371856689453125e-06
1.788139343261718750e-06
3.576278686523437500e-07
5.960464477539062500e-07
5.960464477539062500e-07
3.921985626220703125e-05
2.086162567138671875e-04
6.699562072753906250e-05
1.764297485351562500e-05
8.845329284667968750e-05
1.037120819091796875e-04
9.715557098388671875e-06
2.801418304443359375e-06
1.251697540283203125e-06
3.576278686523437500e-06
3.099441528320312500e-06
1.370906829833984375e-06
5.841255187988281250e-06
7.867813110351562500e-06
2.574920654296875000e-05
1.013278961181640625e-05
5.185604095458984375e-06
4.172325134277343750e-07
6.556510925292968750e-07
1.108646392822265625e-05
8.523464202880859375e-05
1.233816146850585938e-04
4.470348358154296875e-06
1.442432403564453125e-05
6.550550460815429688e-05
5.841255187988281250e-05
6.973743438720703125e-05
1.698732376098632812e-05
2.920627593994140625e-06
1.412630081176757812e-05
2.801418304443359375e-05
1.251697540283203125e-05
5.960464477539062500e-07
1.192092895507812500e-07
4.768371582031250000e-07
4.768371582031250000e-07
4.172325134277343750e-07
0.000000000000000000e+00
2.384185791015625000e-07
5.960464477539062500e-07
6.556510925292968750e-07
2.980232238769531250e-07
1.788139343261718750e-07
4.768371582031250000e-07
4.529953002929687500e-06
1.370906829833984375e-06
8.344650268554687500e-07
7.748603820800781250e-07
9.536743164062500000e-07
9.536743164062500000e-07
1.549720764160156250e-06
1.907348632812500000e-06
3.099441528320312500e-06
1.132488250732421875e-05
2.443790435791015625e-05
2.676248550415039062e-05
1.883506774902343750e-05
1.144409179687500000e-05
7.152557373046875000e-06
3.993511199951171875e-06
3.039836883544921875e-06
8.821487426757812500e-06
3.886222839355468750e-05
1.275539398193359375e-05
2.861022949218750000e-06
2.264976501464843750e-06
7.748603820800781250e-07
2.384185791015625000e-07
2.086162567138671875e-06
1.007318496704101562e-05
1.037120819091796875e-05
6.377696990966796875e-06
6.198883056640625000e-06
5.364418029785156250e-06
5.483627319335937500e-06
3.039836883544921875e-06
1.728534698486328125e-06
3.576278686523437500e-07
2.986192703247070312e-05
1.040101051330566406e-04
2.789497375488281250e-05
7.331371307373046875e-06
5.960464477539062500e-08
2.980232238769531250e-07
0.000000000000000000e+00
0.000000000000000000e+00
0.000000000000000000e+00
3.576278686523437500e-07
1.072883605957031250e-06
1.072883605957031250e-06
1.966953277587890625e-06
2.920627593994140625e-06
2.145767211914062500e-06
1.728534698486328125e-06
1.788139343261718750e-06
8.344650268554687500e-07
7.152557373046875000e-07
1.728534698486328125e-06
5.543231964111328125e-06
7.987022399902343750e-06
1.001358032226562500e-05
2.861022949218750000e-06
5.960464477539062500e-07
1.788139343261718750e-06
1.096725463867187500e-05
1.841783523559570312e-05
1.543760299682617188e-05
1.776218414306640625e-05
4.827976226806640625e-06
1.072883605957031250e-06
8.344650268554687500e-07
3.874301910400390625e-06
7.331371307373046875e-06
4.947185516357421875e-06
2.026557922363281250e-06
1.311302185058593750e-06
0.000000000000000000e+00
1.192092895507812500e-07
5.960464477539062500e-08
5.960464477539062500e-07
5.960464477539062500e-07
2.980232238769531250e-07
4.768371582031250000e-07
5.364418029785156250e-07
0.000000000000000000e+00
0.000000000000000000e+00
3.457069396972656250e-06
4.750490188598632812e-05
5.996227264404296875e-05
3.886222839355468750e-05
1.001358032226562500e-05
2.086162567138671875e-06
4.589557647705078125e-06
1.651048660278320312e-05
1.404285430908203125e-04
1.497268676757812500e-04
8.225440979003906250e-05
4.947185516357421875e-06
2.920627593994140625e-06
5.984306335449218750e-05
4.488229751586914062e-05
2.276897430419921875e-05
1.293420791625976562e-05
6.318092346191406250e-06
3.576278686523437500e-06
3.576278686523437500e-07
2.384185791015625000e-07
2.545118331909179688e-05
1.651048660278320312e-05
5.394220352172851562e-05
1.098513603210449219e-04
3.528594970703125000e-05
1.132488250732421875e-05
5.900859832763671875e-06
2.437829971313476562e-05
5.483627319335937500e-06
3.337860107421875000e-06
3.576278686523437500e-07
1.525878906250000000e-05
1.293420791625976562e-05
1.966953277587890625e-06
2.950429916381835938e-05
7.808208465576171875e-05
3.397464752197265625e-06
2.974271774291992188e-05
2.020597457885742188e-05
4.768371582031250000e-07
5.960464477539062500e-07
7.152557373046875000e-07
9.536743164062500000e-07
1.192092895507812500e-06
8.344650268554687500e-07
4.172325134277343750e-07
2.384185791015625000e-07
3.933906555175781250e-06
3.933906555175781250e-06
2.443790435791015625e-06
1.072883605957031250e-06
4.768371582031250000e-07
2.980232238769531250e-07
2.384185791015625000e-07
5.960464477539062500e-08
7.152557373046875000e-07
2.980232238769531250e-07
1.788139343261718750e-07
2.980232238769531250e-07
1.788139343261718750e-07
2.622604370117187500e-06
2.861022949218750000e-06
1.192092895507812500e-07
5.960464477539062500e-08
5.960464477539062500e-07
5.364418029785156250e-07
2.980232238769531250e-07
4.768371582031250000e-07
1.788139343261718750e-06
1.150369644165039062e-05
8.881092071533203125e-06
2.878904342651367188e-05
1.229047775268554688e-04
1.578330993652343750e-04
1.090764999389648438e-04
2.485513687133789062e-05
4.863739013671875000e-05
5.191564559936523438e-05
4.053115844726562500e-05
1.662969589233398438e-05
1.311302185058593750e-06
7.927417755126953125e-06
7.927417755126953125e-06
0.000000000000000000e+00
1.132488250732421875e-06
1.132488250732421875e-06
4.780292510986328125e-05
1.484155654907226562e-05
7.152557373046875000e-05
2.783536911010742188e-05
2.211332321166992188e-05
5.757808685302734375e-05
7.152557373046875000e-06
6.198883056640625000e-06
2.545118331909179688e-05
7.861852645874023438e-05
3.266334533691406250e-05
2.861022949218750000e-05
9.238719940185546875e-06
4.827976226806640625e-06
2.801418304443359375e-06
2.443790435791015625e-06
5.543231964111328125e-06
1.966953277587890625e-06
1.966953277587890625e-06
4.827976226806640625e-06
1.788139343261718750e-07
3.576278686523437500e-07
5.960464477539062500e-07
7.927417755126953125e-06
2.384185791015625000e-06
1.388788223266601562e-05
1.031160354614257812e-05
1.046657562255859375e-04
1.013278961181640625e-05
5.704164505004882812e-05
5.698204040527343750e-05
3.206729888916015625e-05
6.914138793945312500e-05
1.996755599975585938e-05
2.014636993408203125e-05
7.116794586181640625e-05
3.302097320556640625e-05
3.975629806518554688e-05
1.186132431030273438e-05
4.410743713378906250e-06
8.702278137207031250e-06
1.490116119384765625e-06
0.000000000000000000e+00
7.152557373046875000e-07
4.768371582031250000e-07
0.000000000000000000e+00
1.370906829833984375e-06
3.117322921752929688e-05
5.710124969482421875e-05
1.710653305053710938e-05
1.519918441772460938e-05
1.043081283569335938e-05
1.221895217895507812e-05
9.298324584960937500e-06
6.437301635742187500e-06
7.450580596923828125e-06
3.874301910400390625e-06
5.364418029785156250e-07
5.960464477539062500e-08
8.344650268554687500e-07
3.558397293090820312e-05
6.580352783203125000e-05
1.085400581359863281e-04
4.994869232177734375e-05
1.227855682373046875e-05
4.220008850097656250e-05
5.483627319335937500e-06
3.141164779663085938e-05
4.708766937255859375e-06
3.868341445922851562e-05
1.543760299682617188e-04
7.432699203491210938e-05
4.512071609497070312e-05
1.162290573120117188e-05
1.662969589233398438e-05
1.871585845947265625e-05
3.719329833984375000e-05
1.192092895507812500e-05
2.282857894897460938e-05
7.688999176025390625e-06
6.616115570068359375e-06
9.715557098388671875e-06
2.706050872802734375e-05
1.579523086547851562e-05
1.007318496704101562e-05
6.616115570068359375e-06
1.174211502075195312e-05
1.811981201171875000e-05
8.702278137207031250e-06
4.112720489501953125e-06
3.576278686523437500e-07
3.576278686523437500e-07
3.993511199951171875e-06
1.490116119384765625e-05
1.430511474609375000e-06
0.000000000000000000e+00
0.000000000000000000e+00
2.324581146240234375e-06
6.914138793945312500e-06
3.612041473388671875e-05
1.041293144226074219e-04
3.778934478759765625e-05
3.671646118164062500e-05
2.491474151611328125e-05
8.285045623779296875e-06
1.370906829833984375e-06
6.854534149169921875e-06
2.241134643554687500e-05
1.311302185058593750e-05
5.841255187988281250e-06
9.357929229736328125e-06
7.122755050659179688e-05
6.806850433349609375e-05
4.053115844726562500e-05
3.576278686523437500e-07
1.132488250732421875e-06
1.192092895507812500e-07
0.000000000000000000e+00
0.000000000000000000e+00
0.000000000000000000e+00
5.960464477539062500e-08
2.801418304443359375e-06
2.264976501464843750e-06
1.251697540283203125e-06
3.278255462646484375e-06
1.490116119384765625e-06
4.231929779052734375e-06
7.748603820800781250e-07
2.026557922363281250e-06
2.026557922363281250e-06
5.424022674560546875e-06
2.443790435791015625e-06
6.020069122314453125e-06
3.874301910400390625e-06
3.337860107421875000e-06
2.026557922363281250e-06
5.304813385009765625e-06
1.609325408935546875e-06
8.881092071533203125e-06
4.768371582031250000e-07
1.013278961181640625e-06
1.311302185058593750e-06
2.980232238769531250e-06
7.098913192749023438e-05
1.931190490722656250e-05
1.168251037597656250e-05
1.800060272216796875e-05
1.186132431030273438e-05
1.549720764160156250e-05
1.716613769531250000e-05
5.304813385009765625e-06
1.251697540283203125e-06
2.282857894897460938e-05
8.559226989746093750e-05
2.664327621459960938e-05
7.569789886474609375e-06
6.377696990966796875e-06
2.562999725341796875e-06
4.947185516357421875e-06
1.609325408935546875e-06
3.635883331298828125e-06
9.536743164062500000e-07
1.055002212524414062e-05
1.192092895507812500e-06
3.516674041748046875e-06
5.364418029785156250e-07
3.397464752197265625e-06
5.960464477539062500e-06
3.600120544433593750e-05
2.813339233398437500e-05
2.837181091308593750e-05
2.020597457885742188e-05
8.285045623779296875e-06
1.966953277587890625e-06
2.801418304443359375e-06
3.856420516967773438e-05
4.357099533081054688e-05
5.841255187988281250e-06
1.746416091918945312e-05
3.457069396972656250e-06
5.781650543212890625e-06
1.549720764160156250e-06
8.821487426757812500e-06
6.139278411865234375e-06
1.174211502075195312e-05
7.152557373046875000e-07
4.649162292480468750e-06
5.364418029785156250e-07
8.642673492431640625e-06
2.086162567138671875e-06
9.417533874511718750e-06
1.192092895507812500e-07
1.919269561767578125e-05
6.544589996337890625e-05
5.084276199340820312e-05
3.594160079956054688e-05
6.616115570068359375e-06
7.170438766479492188e-05
7.402896881103515625e-05
1.537799835205078125e-05
1.418590545654296875e-05
8.702278137207031250e-06
9.417533874511718750e-06
3.409385681152343750e-05
4.184246063232421875e-05
3.308057785034179688e-05
3.671646118164062500e-05
6.735324859619140625e-06
1.102685928344726562e-05
2.622604370117187500e-06
2.264976501464843750e-06
1.072883605957031250e-06
1.192092895507812500e-07
7.748603820800781250e-07
5.125999450683593750e-06
3.397464752197265625e-06
1.084804534912109375e-05
3.814697265625000000e-06
1.645088195800781250e-05
2.127885818481445312e-05
2.241134643554687500e-05
8.463859558105468750e-06
9.179115295410156250e-06
1.299381256103515625e-05
1.841783523559570312e-05
7.212162017822265625e-06
6.556510925292968750e-06
8.821487426757812500e-06
1.358985900878906250e-05
9.894371032714843750e-06
9.298324584960937500e-06
2.980232238769531250e-07
3.099441528320312500e-06
7.152557373046875000e-07
5.364418029785156250e-06
