3.814697265625000000e-06
1.060962677001953125e-05
5.304813385009765625e-06
4.529953002929687500e-06
8.940696716308593750e-07
2.264976501464843750e-06
7.152557373046875000e-07
2.801418304443359375e-06
9.536743164062500000e-07
1.430511474609375000e-06
2.026557922363281250e-06
1.102685928344726562e-05
1.084804534912109375e-05
4.070997238159179688e-05
8.523464202880859375e-06
4.053115844726562500e-06
1.251697540283203125e-06
1.025199890136718750e-05
2.044439315795898438e-05
5.191564559936523438e-05
3.516674041748046875e-06
1.728534698486328125e-06
1.305341720581054688e-05
5.078315734863281250e-05
1.761913299560546875e-04
2.080202102661132812e-05
2.628564834594726562e-05
2.592802047729492188e-05
3.176927566528320312e-05
1.295804977416992188e-04
1.292228698730468750e-04
9.059906005859375000e-05
2.956390380859375000e-05
1.597404479980468750e-05
6.616115570068359375e-06
5.483627319335937500e-06
1.102685928344726562e-05
6.556510925292968750e-06
7.152557373046875000e-07
3.933906555175781250e-06
2.264976501464843750e-06
8.642673492431640625e-06
2.980232238769531250e-07
2.264976501464843750e-06
1.788139343261718750e-07
1.132488250732421875e-06
0.000000000000000000e+00
0.000000000000000000e+00
2.980232238769531250e-07
1.907348632812500000e-06
1.221895217895507812e-05
8.702278137207031250e-06
3.737211227416992188e-05
1.502037048339843750e-05
2.086162567138671875e-06
8.797645568847656250e-05
4.839897155761718750e-05
4.768371582031250000e-06
4.410743713378906250e-06
4.506111145019531250e-05
1.603364944458007812e-05
4.947185516357421875e-06
0.000000000000000000e+00
4.708766937255859375e-06
4.410743713378906250e-05
3.069639205932617188e-05
1.311302185058593750e-05
1.239776611328125000e-05
3.552436828613281250e-05
3.373622894287109375e-05
3.874301910400390625e-05
3.635883331298828125e-06
6.437301635742187500e-06
6.198883056640625000e-06
4.172325134277343750e-06
3.695487976074218750e-06
1.221895217895507812e-05
1.299381256103515625e-05
1.055002212524414062e-05
1.055002212524414062e-05
3.159046173095703125e-06
3.814697265625000000e-06
2.312660217285156250e-05
4.035234451293945312e-05
1.358985900878906250e-05
1.060962677001953125e-05
2.443790435791015625e-06
3.039836883544921875e-06
5.722045898437500000e-06
5.483627319335937500e-05
5.888938903808593750e-05
2.884864807128906250e-05
2.652406692504882812e-05
4.583597183227539062e-05
2.604722976684570312e-05
8.761882781982421875e-06
0.000000000000000000e+00
7.152557373046875000e-07
1.311302185058593750e-05
1.055002212524414062e-05
4.231929779052734375e-06
6.854534149169921875e-06
1.162290573120117188e-05
6.198883056640625000e-05
1.308917999267578125e-04
4.243850708007812500e-05
4.768371582031250000e-07
5.114078521728515625e-05
2.992153167724609375e-05
8.404254913330078125e-06
6.306171417236328125e-05
8.523464202880859375e-06
2.622604370117187500e-06
5.483627319335937500e-06
2.372264862060546875e-05
8.082389831542968750e-05
2.354383468627929688e-05
1.913309097290039062e-05
9.059906005859375000e-06
3.933906555175781250e-06
1.728534698486328125e-06
8.106231689453125000e-06
2.861022949218750000e-06
8.642673492431640625e-06
1.430511474609375000e-06
4.887580871582031250e-06
1.221895217895507812e-05
9.536743164062500000e-07
5.662441253662109375e-05
5.143880844116210938e-05
8.225440979003906250e-06
3.534555435180664062e-05
2.056360244750976562e-05
6.806850433349609375e-05
7.331371307373046875e-06
4.887580871582031250e-06
1.370906829833984375e-05
4.136562347412109375e-05
4.047155380249023438e-05
5.245208740234375000e-06
3.457069396972656250e-06
3.886222839355468750e-05
7.891654968261718750e-05
3.939867019653320312e-05
8.225440979003906250e-06
1.728534698486328125e-06
6.198883056640625000e-06
2.723932266235351562e-05
2.145767211914062500e-05
1.472234725952148438e-05
1.335144042968750000e-05
4.708766937255859375e-06
4.529953002929687500e-06
3.755092620849609375e-06
5.245208740234375000e-06
7.510185241699218750e-06
4.708766937255859375e-06
1.788139343261718750e-05
2.592802047729492188e-05
1.728534698486328125e-05
2.938508987426757812e-05
5.125999450683593750e-06
5.066394805908203125e-06
5.006790161132812500e-06
7.748603820800781250e-07
3.039836883544921875e-06
7.808208465576171875e-06
1.090764999389648438e-05
8.344650268554687500e-06
4.231929779052734375e-06
3.314018249511718750e-05
5.710124969482421875e-05
3.165006637573242188e-05
1.239776611328125000e-05
5.006790161132812500e-06
7.748603820800781250e-06
2.664327621459960938e-05
3.367662429809570312e-05
1.412630081176757812e-05
1.180171966552734375e-05
1.043081283569335938e-05
8.165836334228515625e-06
5.364418029785156250e-06
9.357929229736328125e-06
3.075599670410156250e-05
4.506111145019531250e-05
5.346536636352539062e-05
4.017353057861328125e-05
2.944469451904296875e-05
1.269578933715820312e-05
1.329183578491210938e-05
3.123283386230468750e-05
3.653764724731445312e-05
2.700090408325195312e-05
9.894371032714843750e-06
2.503395080566406250e-06
3.576278686523437500e-06
8.881092071533203125e-06
1.376867294311523438e-05
1.019239425659179688e-05
4.172325134277343750e-06
1.192092895507812500e-07
0.000000000000000000e+00
5.364418029785156250e-07
9.536743164062500000e-07
1.251697540283203125e-06
7.152557373046875000e-07
5.960464477539062500e-08
3.457069396972656250e-06
5.304813385009765625e-06
2.741813659667968750e-06
7.450580596923828125e-06
2.157688140869140625e-05
1.102685928344726562e-05
4.172325134277343750e-06
1.370906829833984375e-06
0.000000000000000000e+00
2.920627593994140625e-06
1.460313796997070312e-05
7.867813110351562500e-06
1.966953277587890625e-06
7.748603820800781250e-07
5.960464477539062500e-08
5.519390106201171875e-05
1.482963562011718750e-04
1.209974288940429688e-05
1.038908958435058594e-04
3.236532211303710938e-05
2.342462539672851562e-05
2.682209014892578125e-06
3.039836883544921875e-06
7.748603820800781250e-07
0.000000000000000000e+00
1.788139343261718750e-07
3.945827484130859375e-05
4.643201828002929688e-05
2.026557922363281250e-06
1.913309097290039062e-05
2.032518386840820312e-05
4.506111145019531250e-05
1.170635223388671875e-04
5.245208740234375000e-05
2.741813659667968750e-06
1.430511474609375000e-06
3.874301910400390625e-06
7.152557373046875000e-06
3.027915954589843750e-05
7.867813110351562500e-05
1.386404037475585938e-04
9.405612945556640625e-05
5.429983139038085938e-05
2.259016036987304688e-05
8.296966552734375000e-05
1.114606857299804688e-05
5.435943603515625000e-05
5.507469177246093750e-05
1.931190490722656250e-05
4.863739013671875000e-05
4.231929779052734375e-05
2.491474151611328125e-05
4.029273986816406250e-05
4.029273986816406250e-05
1.066923141479492188e-05
4.708766937255859375e-06
1.031160354614257812e-05
4.208087921142578125e-05
8.165836334228515625e-06
6.735324859619140625e-06
1.078844070434570312e-05
1.299381256103515625e-05
4.768371582031250000e-06
7.748603820800781250e-07
5.960464477539062500e-07
1.728534698486328125e-06
2.622604370117187500e-06
1.490116119384765625e-06
2.026557922363281250e-06
1.788139343261718750e-07
1.192092895507812500e-07
2.980232238769531250e-07
6.556510925292968750e-07
2.384185791015625000e-06
4.518032073974609375e-05
9.244680404663085938e-05
1.156926155090332031e-04
7.271766662597656250e-05
5.483627319335937500e-05
3.916025161743164062e-05
3.731250762939453125e-05
3.457069396972656250e-05
2.968311309814453125e-05
3.111362457275390625e-05
1.811981201171875000e-05
1.329183578491210938e-05
2.801418304443359375e-06
3.516674041748046875e-06
7.390975952148437500e-06
3.755092620849609375e-06
1.782178878784179688e-05
8.440017700195312500e-05
2.527236938476562500e-05
3.725290298461914062e-05
3.266334533691406250e-05
3.993511199951171875e-05
1.250505447387695312e-04
2.276897430419921875e-05
4.047155380249023438e-05
3.904104232788085938e-05
8.165836334228515625e-06
1.668930053710937500e-06
2.741813659667968750e-06
2.622604370117187500e-06
4.649162292480468750e-06
5.125999450683593750e-06
1.728534698486328125e-06
2.443790435791015625e-06
3.397464752197265625e-06
1.698732376098632812e-05
2.360343933105468750e-05
1.311302185058593750e-05
1.168251037597656250e-05
3.695487976074218750e-06
9.286403656005859375e-05
1.305341720581054688e-04
9.596347808837890625e-06
4.464387893676757812e-05
4.392862319946289062e-05
1.144409179687500000e-05
1.907348632812500000e-06
6.794929504394531250e-06
7.188320159912109375e-05
8.171796798706054688e-05
7.033348083496093750e-06
1.728534698486328125e-06
2.825260162353515625e-05
1.555681228637695312e-05
1.795291900634765625e-04
2.127885818481445312e-05
3.695487976074218750e-06
1.531839370727539062e-05
1.108646392822265625e-05
1.752376556396484375e-05
4.470348358154296875e-06
1.083016395568847656e-04
1.955032348632812500e-05
2.503395080566406250e-06
9.536743164062500000e-07
0.000000000000000000e+00
1.192092895507812500e-07
3.576278686523437500e-07
3.755092620849609375e-06
2.801418304443359375e-06
7.152557373046875000e-07
2.384185791015625000e-07
1.788139343261718750e-06
1.689195632934570312e-04
2.760887145996093750e-04
1.478195190429687500e-05
5.960464477539062500e-08
0.000000000000000000e+00
0.000000000000000000e+00
5.960464477539062500e-08
7.152557373046875000e-07
5.900859832763671875e-06
1.800060272216796875e-05
4.708766937255859375e-06
3.755092620849609375e-06
5.662441253662109375e-06
1.597404479980468750e-05
1.358985900878906250e-05
5.269050598144531250e-05
5.781650543212890625e-06
6.198883056640625000e-06
7.510185241699218750e-06
3.391504287719726562e-05
1.367330551147460938e-04
7.992982864379882812e-05
3.057718276977539062e-05
1.132488250732421875e-05
3.516674041748046875e-06
0.000000000000000000e+00
3.755092620849609375e-06
1.615285873413085938e-05
1.376867294311523438e-05
1.877546310424804688e-05
8.827447891235351562e-05
6.812810897827148438e-05
1.192092895507812500e-05
5.245208740234375000e-06
4.947185516357421875e-06
7.450580596923828125e-06
7.212162017822265625e-06
1.335144042968750000e-05
2.145767211914062500e-05
1.859664916992187500e-05
5.835294723510742188e-05
9.763240814208984375e-05
3.629922866821289062e-05
2.104043960571289062e-05
1.233816146850585938e-05
1.138448715209960938e-05
4.422664642333984375e-05
4.369020462036132812e-05
8.976459503173828125e-05
6.461143493652343750e-05
3.981590270996093750e-05
1.084804534912109375e-05
4.506111145019531250e-05
6.014108657836914062e-05
3.814697265625000000e-06
5.960464477539062500e-06
7.510185241699218750e-06
6.973743438720703125e-06
3.874301910400390625e-06
3.039836883544921875e-06
6.556510925292968750e-07
2.384185791015625000e-07
9.536743164062500000e-07
5.960464477539062500e-08
5.960464477539062500e-08
0.000000000000000000e+00
0.000000000000000000e+00
0.000000000000000000e+00
0.000000000000000000e+00
0.000000000000000000e+00
0.000000000000000000e+00
2.980232238769531250e-07
0.000000000000000000e+00
0.000000000000000000e+00
1.192092895507812500e-06
3.576278686523437500e-07
0.000000000000000000e+00
0.000000000000000000e+00
0.000000000000000000e+00
0.000000000000000000e+00
0.000000000000000000e+00
0.000000000000000000e+00
0.000000000000000000e+00
0.000000000000000000e+00
0.000000000000000000e+00
0.000000000000000000e+00
0.000000000000000000e+00
0.000000000000000000e+00
4.947185516357421875e-06
2.920627593994140625e-05
1.525878906250000000e-05
9.834766387939453125e-06
8.761882781982421875e-06
1.913309097290039062e-05
7.212162017822265625e-06
5.364418029785156250e-07
7.152557373046875000e-07
0.000000000000000000e+00
0.000000000000000000e+00
0.000000000000000000e+00
0.000000000000000000e+00
0.000000000000000000e+00
0.000000000000000000e+00
5.960464477539062500e-07
4.380941390991210938e-05
2.390146255493164062e-05
1.311302185058593750e-06
8.761882781982421875e-06
2.634525299072265625e-05
2.753734588623046875e-05
1.752376556396484375e-05
1.549720764160156250e-05
1.126527786254882812e-05
5.090236663818359375e-05
3.921985626220703125e-05
9.262561798095703125e-05
1.144409179687500000e-05
1.049041748046875000e-05
3.886222839355468750e-05
1.204013824462890625e-05
1.406669616699218750e-05
3.099441528320312500e-06
1.847743988037109375e-06
1.007318496704101562e-05
1.204013824462890625e-05
4.386901855468750000e-05
6.973743438720703125e-06
2.741813659667968750e-06
2.562999725341796875e-06
1.877546310424804688e-05
6.854534149169921875e-05
3.916025161743164062e-05
1.120567321777343750e-05
5.364418029785156250e-07
0.000000000000000000e+00
4.172325134277343750e-06
6.675720214843750000e-06
2.074241638183593750e-05
8.225440979003906250e-06
1.788139343261718750e-06
6.198883056640625000e-06
7.152557373046875000e-06
7.748603820800781250e-07
1.311302185058593750e-06
7.569789886474609375e-06
6.198883056640625000e-06
1.728534698486328125e-06
7.152557373046875000e-07
5.960464477539062500e-07
0.000000000000000000e+00
4.172325134277343750e-07
5.602836608886718750e-06
1.102685928344726562e-05
9.834766387939453125e-06
8.034706115722656250e-05
3.653764724731445312e-05
2.974271774291992188e-05
1.305341720581054688e-05
1.770257949829101562e-05
4.291534423828125000e-05
1.895427703857421875e-05
8.761882781982421875e-06
1.478195190429687500e-05
1.966953277587890625e-06
4.404783248901367188e-05
4.464387893676757812e-05
6.794929504394531250e-06
4.351139068603515625e-06
1.394748687744140625e-05
9.167194366455078125e-05
1.689195632934570312e-04
5.918741226196289062e-05
7.867813110351562500e-06
3.516674041748046875e-06
1.370906829833984375e-06
1.430511474609375000e-06
5.620718002319335938e-05
3.618001937866210938e-05
1.907348632812500000e-05
9.298324584960937500e-06
1.215934753417968750e-05
2.354383468627929688e-05
5.424022674560546875e-06
4.899501800537109375e-05
1.251697540283203125e-05
6.318092346191406250e-06
3.695487976074218750e-06
8.523464202880859375e-06
6.556510925292968750e-07
7.629394531250000000e-06
4.631280899047851562e-05
8.469820022583007812e-05
5.519390106201171875e-05
1.281499862670898438e-05
5.125999450683593750e-06
5.781650543212890625e-06
1.049041748046875000e-05
2.020597457885742188e-05
2.562999725341796875e-05
1.949071884155273438e-05
5.424022674560546875e-06
5.364418029785156250e-07
2.741813659667968750e-06
7.748603820800781250e-06
1.323223114013671875e-05
1.025199890136718750e-05
3.516674041748046875e-06
9.536743164062500000e-07
1.192092895507812500e-07
0.000000000000000000e+00
0.000000000000000000e+00
7.098913192749023438e-05
8.821487426757812500e-06
1.291036605834960938e-04
6.085634231567382812e-05
3.814697265625000000e-06
5.960464477539062500e-06
4.529953002929687500e-06
0.000000000000000000e+00
1.370906829833984375e-06
6.860494613647460938e-05
2.837181091308593750e-05
1.573562622070312500e-05
2.920627593994140625e-06
1.490116119384765625e-06
5.960464477539062500e-07
1.704692840576171875e-05
2.896785736083984375e-05
1.388788223266601562e-05
4.947185516357421875e-06
0.000000000000000000e+00
0.000000000000000000e+00
0.000000000000000000e+00
1.072883605957031250e-06
3.814697265625000000e-06
1.251697540283203125e-06
1.907348632812500000e-06
7.772445678710937500e-05
2.082586288452148438e-04
6.735324859619140625e-05
1.537799835205078125e-05
5.078315734863281250e-05
7.879734039306640625e-05
4.619359970092773438e-05
2.092123031616210938e-05
1.865625381469726562e-05
1.990795135498046875e-05
7.867813110351562500e-06
7.748603820800781250e-06
2.384185791015625000e-07
1.788139343261718750e-07
3.576278686523437500e-07
0.000000000000000000e+00
0.000000000000000000e+00
0.000000000000000000e+00
7.152557373046875000e-07
7.569789886474609375e-06
2.205371856689453125e-06
0.000000000000000000e+00
0.000000000000000000e+00
0.000000000000000000e+00
0.000000000000000000e+00
0.000000000000000000e+00
0.000000000000000000e+00
1.192092895507812500e-07
2.384185791015625000e-07
0.000000000000000000e+00
0.000000000000000000e+00
0.000000000000000000e+00
0.000000000000000000e+00
0.000000000000000000e+00
2.384185791015625000e-06
4.112720489501953125e-06
1.013278961181640625e-06
8.344650268554687500e-07
1.788139343261718750e-06
7.748603820800781250e-07
5.960464477539062500e-08
2.980232238769531250e-07
3.790855407714843750e-05
3.767013549804687500e-05
6.997585296630859375e-05
1.668930053710937500e-05
7.390975952148437500e-06
2.443790435791015625e-06
1.370906829833984375e-06
1.192092895507812500e-06
1.150369644165039062e-05
7.158517837524414062e-05
7.224082946777343750e-05
5.763769149780273438e-05
1.788139343261718750e-05
1.519918441772460938e-05
8.285045623779296875e-06
5.900859832763671875e-06
2.980232238769531250e-07
2.384185791015625000e-07
2.980232238769531250e-07
8.344650268554687500e-07
7.152557373046875000e-07
3.039836883544921875e-06
5.364418029785156250e-07
6.556510925292968750e-06
1.275539398193359375e-05
1.579523086547851562e-05
1.698732376098632812e-05
1.895427703857421875e-05
1.513957977294921875e-05
2.425909042358398438e-05
1.680850982666015625e-05
5.483627319335937500e-06
8.344650268554687500e-07
6.556510925292968750e-07
5.960464477539062500e-07
5.304813385009765625e-06
2.187490463256835938e-05
1.144409179687500000e-05
4.172325134277343750e-07
2.741813659667968750e-06
8.344650268554687500e-07
6.079673767089843750e-06
8.344650268554687500e-07
6.079673767089843750e-06
2.384185791015625000e-07
5.543231964111328125e-06
9.179115295410156250e-06
2.419948577880859375e-05
7.927417755126953125e-06
1.484155654907226562e-05
3.755092620849609375e-06
4.738569259643554688e-05
3.600120544433593750e-05
1.561641693115234375e-05
2.145767211914062500e-06
1.007914543151855469e-04
4.190206527709960938e-05
1.192092895507812500e-06
0.000000000000000000e+00
5.304813385009765625e-06
7.748603820800781250e-06
3.230571746826171875e-05
8.219480514526367188e-05
3.743171691894531250e-05
4.172325134277343750e-06
1.388788223266601562e-05
3.516674041748046875e-06
1.662969589233398438e-05
8.761882781982421875e-06
1.263618469238281250e-05
6.973743438720703125e-06
4.619359970092773438e-05
4.291534423828125000e-05
2.759695053100585938e-05
1.466274261474609375e-05
1.543760299682617188e-05
7.450580596923828125e-06
1.132488250732421875e-05
2.038478851318359375e-05
1.454353332519531250e-05
7.474422454833984375e-05
7.677078247070312500e-05
6.377696990966796875e-06
9.715557098388671875e-05
1.651048660278320312e-05
1.704692840576171875e-05
9.357929229736328125e-06
1.668930053710937500e-05
6.735324859619140625e-06
9.715557098388671875e-06
2.682209014892578125e-06
1.132488250732421875e-05
2.562999725341796875e-06
9.059906005859375000e-06
2.086162567138671875e-06
1.156330108642578125e-05
