1.847743988037109375e-06
5.185604095458984375e-06
2.205371856689453125e-06
7.212162017822265625e-06
2.926588058471679688e-05
5.042552947998046875e-05
3.707408905029296875e-05
1.120567321777343750e-05
4.470348358154296875e-06
1.150369644165039062e-05
3.576278686523437500e-06
5.483627319335937500e-06
0.000000000000000000e+00
8.344650268554687500e-07
5.245208740234375000e-06
8.583068847656250000e-06
1.072883605957031250e-06
1.192092895507812500e-07
0.000000000000000000e+00
4.172325134277343750e-07
4.291534423828125000e-06
1.072883605957031250e-06
6.556510925292968750e-07
8.344650268554687500e-07
2.980232238769531250e-07
3.814697265625000000e-06
2.384185791015625000e-06
1.651048660278320312e-05
1.329183578491210938e-05
2.270936965942382812e-05
1.984834671020507812e-05
2.324581146240234375e-05
1.192092895507812500e-06
3.218650817871093750e-06
2.145767211914062500e-06
4.470348358154296875e-06
2.861022949218750000e-06
6.854534149169921875e-06
5.960464477539062500e-08
1.132488250732421875e-06
1.549720764160156250e-06
1.472234725952148438e-05
1.853704452514648438e-05
1.007318496704101562e-05
2.801418304443359375e-06
5.364418029785156250e-06
8.940696716308593750e-07
7.927417755126953125e-06
4.887580871582031250e-06
3.993511199951171875e-06
0.000000000000000000e+00
8.344650268554687500e-07
1.430511474609375000e-06
5.364418029785156250e-07
0.000000000000000000e+00
1.370906829833984375e-06
3.933906555175781250e-06
9.536743164062500000e-06
7.867813110351562500e-06
9.536743164062500000e-06
2.026557922363281250e-06
1.370906829833984375e-06
7.152557373046875000e-07
4.887580871582031250e-06
1.132488250732421875e-06
1.055002212524414062e-05
2.205371856689453125e-06
4.291534423828125000e-06
1.490116119384765625e-06
3.576278686523437500e-07
0.000000000000000000e+00
0.000000000000000000e+00
3.576278686523437500e-07
3.576278686523437500e-06
3.814697265625000000e-06
1.788139343261718750e-06
1.788139343261718750e-07
1.055002212524414062e-05
3.683567047119140625e-05
1.537799835205078125e-05
1.615285873413085938e-05
5.424022674560546875e-06
2.026557922363281250e-06
3.874301910400390625e-06
1.132488250732421875e-06
6.794929504394531250e-06
5.364418029785156250e-07
7.152557373046875000e-07
2.384185791015625000e-07
5.960464477539062500e-07
5.364418029785156250e-07
8.344650268554687500e-07
1.192092895507812500e-07
7.152557373046875000e-07
1.549720764160156250e-06
5.066394805908203125e-06
4.053115844726562500e-06
3.457069396972656250e-06
8.940696716308593750e-07
3.278255462646484375e-06
4.708766937255859375e-06
6.794929504394531250e-06
1.114606857299804688e-05
5.000829696655273438e-05
1.740455627441406250e-05
1.263618469238281250e-05
1.823902130126953125e-05
9.715557098388671875e-06
3.397464752197265625e-06
5.364418029785156250e-07
1.430511474609375000e-06
3.403425216674804688e-05
2.467632293701171875e-05
5.638599395751953125e-05
5.382299423217773438e-05
5.567073822021484375e-05
5.906820297241210938e-05
1.841783523559570312e-05
1.996755599975585938e-05
1.871585845947265625e-05
4.750490188598632812e-05
2.354383468627929688e-05
4.947185516357421875e-06
2.241134643554687500e-05
1.573562622070312500e-05
2.980232238769531250e-06
3.039836883544921875e-05
2.086162567138671875e-05
1.108646392822265625e-05
1.311302185058593750e-06
7.152557373046875000e-07
1.215934753417968750e-05
2.259016036987304688e-05
1.990795135498046875e-05
8.076429367065429688e-05
1.621246337890625000e-05
1.388788223266601562e-05
9.596347808837890625e-06
1.502037048339843750e-05
3.337860107421875000e-06
5.960464477539062500e-07
5.841255187988281250e-06
1.348257064819335938e-04
9.334087371826171875e-05
2.348423004150390625e-05
2.205371856689453125e-05
7.331371307373046875e-06
3.689527511596679688e-05
2.318620681762695312e-05
1.317262649536132812e-05
2.217292785644531250e-05
4.148483276367187500e-05
4.076957702636718750e-05
1.472234725952148438e-05
2.551078796386718750e-05
1.168251037597656250e-05
6.616115570068359375e-06
2.336502075195312500e-05
1.209974288940429688e-05
8.881092071533203125e-06
8.106231689453125000e-06
1.966953277587890625e-06
4.887580871582031250e-06
1.764297485351562500e-05
2.878904342651367188e-05
1.299381256103515625e-05
1.120567321777343750e-05
5.084276199340820312e-05
2.294778823852539062e-05
1.609325408935546875e-05
7.808208465576171875e-06
3.337860107421875000e-06
3.814697265625000000e-06
3.874301910400390625e-06
4.053115844726562500e-06
3.874301910400390625e-06
1.686811447143554688e-05
1.823902130126953125e-05
5.662441253662109375e-06
7.808208465576171875e-06
7.510185241699218750e-06
1.722574234008789062e-05
2.056360244750976562e-05
4.529953002929687500e-06
1.132488250732421875e-06
3.778934478759765625e-05
1.910924911499023438e-04
1.311302185058593750e-05
2.622604370117187500e-06
1.049041748046875000e-05
1.639127731323242188e-05
3.218650817871093750e-06
2.920627593994140625e-06
8.106231689453125000e-06
1.126527786254882812e-05
1.132488250732421875e-05
1.174211502075195312e-05
2.270936965942382812e-05
2.753734588623046875e-05
1.382827758789062500e-05
7.867813110351562500e-06
4.738569259643554688e-05
3.254413604736328125e-05
2.545118331909179688e-05
1.043081283569335938e-05
2.384185791015625000e-07
1.072883605957031250e-06
8.344650268554687500e-07
2.205371856689453125e-06
7.033348083496093750e-06
5.084276199340820312e-05
7.045269012451171875e-05
2.861022949218750000e-05
8.583068847656250000e-06
1.084804534912109375e-05
1.907348632812500000e-06
7.152557373046875000e-07
1.406669616699218750e-05
3.087520599365234375e-05
2.062320709228515625e-05
1.621246337890625000e-05
5.072355270385742188e-05
5.000829696655273438e-05
2.729892730712890625e-05
3.755092620849609375e-06
0.000000000000000000e+00
3.391504287719726562e-05
5.125999450683593750e-05
2.294778823852539062e-05
1.251697540283203125e-06
3.099441528320312500e-06
1.728534698486328125e-06
3.695487976074218750e-06
8.589029312133789062e-05
2.592802047729492188e-05
2.324581146240234375e-06
7.373094558715820312e-05
1.282691955566406250e-04
4.726648330688476562e-05
4.482269287109375000e-05
2.837181091308593750e-05
1.764297485351562500e-05
8.606910705566406250e-05
9.357929229736328125e-05
4.416704177856445312e-05
1.162290573120117188e-05
6.556510925292968750e-06
3.695487976074218750e-06
3.039836883544921875e-06
8.344650268554687500e-07
1.311302185058593750e-06
1.966953277587890625e-06
1.251697540283203125e-06
8.344650268554687500e-07
1.251697540283203125e-06
2.741813659667968750e-06
1.943111419677734375e-05
5.978345870971679688e-05
4.017353057861328125e-05
1.692771911621093750e-05
8.654594421386718750e-05
6.359815597534179688e-05
2.133846282958984375e-05
1.472234725952148438e-05
3.278255462646484375e-06
8.344650268554687500e-07
1.192092895507812500e-06
8.940696716308593750e-07
0.000000000000000000e+00
1.192092895507812500e-07
1.674890518188476562e-05
2.253055572509765625e-05
2.980232238769531250e-06
0.000000000000000000e+00
4.768371582031250000e-07
1.609325408935546875e-06
7.748603820800781250e-07
2.026557922363281250e-06
1.132488250732421875e-06
7.748603820800781250e-07
1.680850982666015625e-05
9.924173355102539062e-05
4.023313522338867188e-05
1.108646392822265625e-05
5.722045898437500000e-06
1.966953277587890625e-06
1.370906829833984375e-06
3.874301910400390625e-06
3.457069396972656250e-06
2.026557922363281250e-06
7.152557373046875000e-07
5.960464477539062500e-07
1.680850982666015625e-05
3.582239151000976562e-05
1.126527786254882812e-05
2.819299697875976562e-05
1.651048660278320312e-05
3.635883331298828125e-06
6.675720214843750000e-06
9.179115295410156250e-06
1.424551010131835938e-05
1.370906829833984375e-05
3.039836883544921875e-06
5.125999450683593750e-05
9.119510650634765625e-06
4.947185516357421875e-06
3.397464752197265625e-06
2.384185791015625000e-06
1.907348632812500000e-06
2.443790435791015625e-06
5.364418029785156250e-07
1.013278961181640625e-06
5.125999450683593750e-06
1.555681228637695312e-05
2.992153167724609375e-05
2.968311309814453125e-05
1.776218414306640625e-05
9.477138519287109375e-06
3.516674041748046875e-06
2.741813659667968750e-06
1.549720764160156250e-06
1.668930053710937500e-06
5.364418029785156250e-07
4.172325134277343750e-07
5.722045898437500000e-06
4.053115844726562500e-06
2.205371856689453125e-06
2.205371856689453125e-06
3.218650817871093750e-05
1.078844070434570312e-05
1.192092895507812500e-06
1.490116119384765625e-06
1.192092895507812500e-06
7.152557373046875000e-07
3.576278686523437500e-07
6.556510925292968750e-07
4.172325134277343750e-07
1.192092895507812500e-07
4.172325134277343750e-07
3.576278686523437500e-07
9.536743164062500000e-07
1.788139343261718750e-07
9.536743164062500000e-07
2.622604370117187500e-05
7.957220077514648438e-05
1.060962677001953125e-04
1.198053359985351562e-05
3.218650817871093750e-06
7.987022399902343750e-06
1.465082168579101562e-04
6.091594696044921875e-05
1.655817031860351562e-04
2.849102020263671875e-05
1.202225685119628906e-04
3.999471664428710938e-05
1.192092895507812500e-07
1.013278961181640625e-06
1.460313796997070312e-05
1.591444015502929688e-05
4.172325134277343750e-06
1.728534698486328125e-06
3.576278686523437500e-07
2.741813659667968750e-06
5.960464477539062500e-07
2.384185791015625000e-06
7.212162017822265625e-06
6.735324859619140625e-06
2.104043960571289062e-05
5.871057510375976562e-05
3.606081008911132812e-05
3.331899642944335938e-05
7.510185241699218750e-06
1.072883605957031250e-06
3.218650817871093750e-06
1.251697540283203125e-06
1.072883605957031250e-06
9.536743164062500000e-07
1.013278961181640625e-06
6.139278411865234375e-06
4.363059997558593750e-05
8.761882781982421875e-06
2.211332321166992188e-05
6.747245788574218750e-05
7.694959640502929688e-05
1.345872879028320312e-04
5.841255187988281250e-06
4.470348358154296875e-06
1.192092895507812500e-06
2.741813659667968750e-06
2.920627593994140625e-06
1.466274261474609375e-05
3.010034561157226562e-05
9.477138519287109375e-06
7.331371307373046875e-06
2.741813659667968750e-06
1.069903373718261719e-04
9.238719940185546875e-06
3.629922866821289062e-05
5.483627319335937500e-06
6.753206253051757812e-05
3.629922866821289062e-05
2.026557922363281250e-06
1.549720764160156250e-06
2.980232238769531250e-06
2.086162567138671875e-06
2.378225326538085938e-05
1.062154769897460938e-04
4.631280899047851562e-05
8.165836334228515625e-06
0.000000000000000000e+00
2.980232238769531250e-07
1.788139343261718750e-07
2.086162567138671875e-06
6.008148193359375000e-05
6.359815597534179688e-05
1.060962677001953125e-05
1.311302185058593750e-06
3.457069396972656250e-06
3.629922866821289062e-05
3.576278686523437500e-07
6.145238876342773438e-05
8.404254913330078125e-05
4.589557647705078125e-06
1.597404479980468750e-05
5.006790161132812500e-06
6.496906280517578125e-05
9.477138519287109375e-06
8.940696716308593750e-07
5.960464477539062500e-07
1.704692840576171875e-05
1.466274261474609375e-05
3.516674041748046875e-06
1.889467239379882812e-05
8.302927017211914062e-05
2.378225326538085938e-05
1.160502433776855469e-04
5.537271499633789062e-05
4.059076309204101562e-05
3.856420516967773438e-05
3.117322921752929688e-05
1.698732376098632812e-05
4.053115844726562500e-06
2.562999725341796875e-06
5.733966827392578125e-05
6.151199340820312500e-05
4.935264587402343750e-05
3.427267074584960938e-05
3.552436828613281250e-05
2.378225326538085938e-05
2.253055572509765625e-05
2.294778823852539062e-05
2.413988113403320312e-05
6.979703903198242188e-05
3.194808959960937500e-05
6.616115570068359375e-06
1.013278961181640625e-06
3.576278686523437500e-07
5.960464477539062500e-06
7.563829421997070312e-05
2.473592758178710938e-05
9.298324584960937500e-06
2.510547637939453125e-04
1.057982444763183594e-04
7.748603820800781250e-07
0.000000000000000000e+00
5.960464477539062500e-07
3.218650817871093750e-06
4.172325134277343750e-07
3.635883331298828125e-06
9.965896606445312500e-05
1.341104507446289062e-04
4.297494888305664062e-05
4.476308822631835938e-05
1.603364944458007812e-05
8.344650268554687500e-07
3.457069396972656250e-06
2.199411392211914062e-05
1.335144042968750000e-05
1.657009124755859375e-05
4.345178604125976562e-05
7.092952728271484375e-06
8.940696716308593750e-07
6.794929504394531250e-06
3.135204315185546875e-05
1.233816146850585938e-05
2.086162567138671875e-06
6.735324859619140625e-06
1.668930053710937500e-06
0.000000000000000000e+00
0.000000000000000000e+00
2.682209014892578125e-06
2.568960189819335938e-05
3.385543823242187500e-05
2.717971801757812500e-05
3.933906555175781250e-06
5.960464477539062500e-08
2.562999725341796875e-06
1.943111419677734375e-05
5.143880844116210938e-05
1.192092895507812500e-05
1.466274261474609375e-05
2.074241638183593750e-05
9.328126907348632812e-05
3.439188003540039062e-05
1.978874206542968750e-05
5.662441253662109375e-06
1.430511474609375000e-06
1.430511474609375000e-06
0.000000000000000000e+00
1.430511474609375000e-06
8.565187454223632812e-05
1.198053359985351562e-04
4.410743713378906250e-06
3.755092620849609375e-06
2.596378326416015625e-04
5.131959915161132812e-05
7.969141006469726562e-05
2.169609069824218750e-05
4.124641418457031250e-05
1.442432403564453125e-05
0.000000000000000000e+00
1.394748687744140625e-05
4.941225051879882812e-05
3.337860107421875000e-05
1.436471939086914062e-05
3.099441528320312500e-06
5.960464477539062500e-07
1.192092895507812500e-07
1.728534698486328125e-06
5.364418029785156250e-07
5.364418029785156250e-07
1.132488250732421875e-06
1.609325408935546875e-05
4.261732101440429688e-05
1.972913742065429688e-05
2.741813659667968750e-06
7.152557373046875000e-07
4.172325134277343750e-07
0.000000000000000000e+00
0.000000000000000000e+00
2.562999725341796875e-06
2.598762512207031250e-05
5.334615707397460938e-05
7.510185241699218750e-05
4.613399505615234375e-05
1.877546310424804688e-05
0.000000000000000000e+00
0.000000000000000000e+00
0.000000000000000000e+00
4.172325134277343750e-07
4.470348358154296875e-06
3.856420516967773438e-05
1.758337020874023438e-05
7.748603820800781250e-06
1.603364944458007812e-05
8.642673492431640625e-06
4.053115844726562500e-06
4.172325134277343750e-06
2.264976501464843750e-06
1.490116119384765625e-06
1.251697540283203125e-06
3.975629806518554688e-05
2.634525299072265625e-05
1.281499862670898438e-05
3.576278686523437500e-07
4.768371582031250000e-07
2.747774124145507812e-05
6.705522537231445312e-05
2.050399780273437500e-05
5.948543548583984375e-05
1.442432403564453125e-05
1.305341720581054688e-05
2.503395080566406250e-05
3.564357757568359375e-05
1.412630081176757812e-05
1.907348632812500000e-05
1.454353332519531250e-05
9.119510650634765625e-06
1.728534698486328125e-06
1.430511474609375000e-06
2.145767211914062500e-06
5.066394805908203125e-06
3.159046173095703125e-06
3.099441528320312500e-06
9.536743164062500000e-07
3.576278686523437500e-06
3.486871719360351562e-05
1.047849655151367188e-04
7.891654968261718750e-05
5.125999450683593750e-05
2.515316009521484375e-05
1.847743988037109375e-06
3.576278686523437500e-07
3.695487976074218750e-06
2.205371856689453125e-06
9.119510650634765625e-06
1.126527786254882812e-05
5.066394805908203125e-06
8.940696716308593750e-07
1.192092895507812500e-07
7.748603820800781250e-07
1.055002212524414062e-05
1.823902130126953125e-05
1.507997512817382812e-05
1.370906829833984375e-06
5.960464477539062500e-07
3.814697265625000000e-06
4.172325134277343750e-06
2.264976501464843750e-06
8.642673492431640625e-06
3.087520599365234375e-05
3.588199615478515625e-05
6.198883056640625000e-06
7.748603820800781250e-07
8.344650268554687500e-06
3.159046173095703125e-06
3.159046173095703125e-06
3.635883331298828125e-06
1.728534698486328125e-06
6.616115570068359375e-06
3.397464752197265625e-06
1.960992813110351562e-05
1.317262649536132812e-05
2.211332321166992188e-05
3.933906555175781250e-05
1.287460327148437500e-05
6.258487701416015625e-06
1.043081283569335938e-05
6.914138793945312500e-06
5.483627319335937500e-06
4.768371582031250000e-07
1.549720764160156250e-06
1.072883605957031250e-06
4.768371582031250000e-06
1.013278961181640625e-06
2.562999725341796875e-06
1.114606857299804688e-05
9.357929229736328125e-06
0.000000000000000000e+00
4.172325134277343750e-07
1.728534698486328125e-05
7.313489913940429688e-05
2.294778823852539062e-05
6.973743438720703125e-06
1.013278961181640625e-05
1.698732376098632812e-05
7.510185241699218750e-06
1.013278961181640625e-06
1.007318496704101562e-05
1.853704452514648438e-05
2.026557922363281250e-05
5.465745925903320312e-05
3.296136856079101562e-05
2.473592758178710938e-05
3.218650817871093750e-06
5.304813385009765625e-06
4.768371582031250000e-07
5.304813385009765625e-06
2.741813659667968750e-06
1.788139343261718750e-06
0.000000000000000000e+00
0.000000000000000000e+00
1.251697540283203125e-06
6.198883056640625000e-06
3.218650817871093750e-06
4.231929779052734375e-06
6.914138793945312500e-06
1.120567321777343750e-05
1.704692840576171875e-05
2.640485763549804688e-05
2.032518386840820312e-05
2.062320709228515625e-05
4.529953002929687500e-06
1.859664916992187500e-05
6.794929504394531250e-06
1.174211502075195312e-05
1.370906829833984375e-06
6.496906280517578125e-06
7.987022399902343750e-06
2.062320709228515625e-05
1.013278961181640625e-05
1.722574234008789062e-05
2.324581146240234375e-06
1.317262649536132812e-05
8.106231689453125000e-06
1.424551010131835938e-05
1.126527786254882812e-05
3.176927566528320312e-05
1.019239425659179688e-05
4.053115844726562500e-06
9.536743164062500000e-07
5.841255187988281250e-06
1.668930053710937500e-06
1.221895217895507812e-05
2.205371856689453125e-06
1.126527786254882812e-05
8.821487426757812500e-06
2.008676528930664062e-05
1.847743988037109375e-06
2.562999725341796875e-06
4.172325134277343750e-06
3.886222839355468750e-05
2.944469451904296875e-05
3.474950790405273438e-05
8.225440979003906250e-06
1.323223114013671875e-05
5.066394805908203125e-06
2.098083496093750000e-05
5.125999450683593750e-06
1.114606857299804688e-05
1.430511474609375000e-06
2.264976501464843750e-06
5.960464477539062500e-08
2.205371856689453125e-06
5.125999450683593750e-06
2.312660217285156250e-05
4.804134368896484375e-05
7.724761962890625000e-05
4.565715789794921875e-05
2.264976501464843750e-05
5.125999450683593750e-06
1.269578933715820312e-05
2.324581146240234375e-06
9.179115295410156250e-06
1.668930053710937500e-06
4.887580871582031250e-06
2.264976501464843750e-06
8.165836334228515625e-06
1.430511474609375000e-06
8.821487426757812500e-06
