2.205371856689453125e-06
8.821487426757812500e-06
1.668930053710937500e-06
7.987022399902343750e-06
6.556510925292968750e-07
5.185604095458984375e-06
2.980232238769531250e-07
5.066394805908203125e-06
7.748603820800781250e-07
4.649162292480468750e-06
7.152557373046875000e-07
3.576278686523437500e-07
0.000000000000000000e+00
5.960464477539062500e-08
0.000000000000000000e+00
2.145767211914062500e-06
5.006790161132812500e-06
1.090764999389648438e-05
2.562999725341796875e-06
1.114606857299804688e-05
5.483627319335937500e-06
7.569789886474609375e-06
0.000000000000000000e+00
3.695487976074218750e-06
1.549720764160156250e-06
1.025199890136718750e-05
2.980232238769531250e-07
2.324581146240234375e-06
0.000000000000000000e+00
0.000000000000000000e+00
0.000000000000000000e+00
1.060962677001953125e-05
4.768371582031250000e-06
1.358985900878906250e-05
3.159046173095703125e-06
1.984834671020507812e-05
1.156330108642578125e-05
1.966953277587890625e-05
1.966953277587890625e-06
1.072883605957031250e-06
0.000000000000000000e+00
2.384185791015625000e-07
2.086162567138671875e-06
2.139806747436523438e-05
1.478195190429687500e-05
1.597404479980468750e-05
7.212162017822265625e-06
9.417533874511718750e-06
4.947185516357421875e-06
8.106231689453125000e-06
4.172325134277343750e-06
8.106231689453125000e-06
4.291534423828125000e-06
1.513957977294921875e-05
1.305341720581054688e-05
1.823902130126953125e-05
3.218650817871093750e-06
4.529953002929687500e-06
5.960464477539062500e-07
2.658367156982421875e-05
5.173683166503906250e-05
6.562471389770507812e-05
1.752376556396484375e-05
1.943111419677734375e-05
4.327297210693359375e-05
1.603364944458007812e-05
5.781650543212890625e-06
1.341104507446289062e-05
9.953975677490234375e-06
9.119510650634765625e-06
3.677606582641601562e-05
2.521276473999023438e-05
6.377696990966796875e-06
8.761882781982421875e-06
4.243850708007812500e-05
2.038478851318359375e-05
1.031160354614257812e-05
2.062320709228515625e-05
9.477138519287109375e-06
1.108646392822265625e-05
6.020069122314453125e-06
1.871585845947265625e-05
4.023313522338867188e-05
4.810094833374023438e-05
3.868341445922851562e-05
2.264976501464843750e-05
7.927417755126953125e-06
8.821487426757812500e-06
3.337860107421875000e-06
5.841255187988281250e-06
1.966953277587890625e-06
3.516674041748046875e-06
1.490116119384765625e-06
9.596347808837890625e-06
9.191036224365234375e-05
4.667043685913085938e-05
3.075599670410156250e-05
8.523464202880859375e-06
1.549720764160156250e-06
1.728534698486328125e-06
2.390146255493164062e-05
4.130601882934570312e-05
3.033876419067382812e-05
3.045797348022460938e-05
4.172325134277343750e-05
2.539157867431640625e-05
6.556510925292968750e-06
5.722045898437500000e-06
3.755092620849609375e-06
1.609325408935546875e-05
3.439188003540039062e-05
1.668930053710937500e-05
8.642673492431640625e-06
8.404254913330078125e-06
2.682209014892578125e-06
5.424022674560546875e-06
6.461143493652343750e-05
3.540515899658203125e-05
4.291534423828125000e-06
2.443790435791015625e-06
1.287460327148437500e-05
1.692771911621093750e-05
3.141164779663085938e-05
4.410743713378906250e-06
1.013278961181640625e-06
1.531839370727539062e-05
3.933906555175781250e-06
7.987022399902343750e-06
3.099441528320312500e-06
1.370906829833984375e-06
1.251697540283203125e-06
5.424022674560546875e-06
1.609325408935546875e-06
1.215934753417968750e-05
1.358985900878906250e-05
1.478195190429687500e-05
1.353025436401367188e-05
8.761882781982421875e-06
5.960464477539062500e-07
2.622604370117187500e-06
2.801418304443359375e-06
4.982948303222656250e-05
5.906820297241210938e-05
2.157688140869140625e-05
5.304813385009765625e-06
7.271766662597656250e-06
4.053115844726562500e-06
4.494190216064453125e-05
1.329183578491210938e-05
4.768371582031250000e-06
4.708766937255859375e-06
1.180171966552734375e-05
1.382827758789062500e-05
6.407499313354492188e-05
1.728534698486328125e-05
8.225440979003906250e-06
2.068281173706054688e-05
1.162290573120117188e-05
1.597404479980468750e-05
6.127357482910156250e-05
6.723403930664062500e-05
4.148483276367187500e-05
1.889467239379882812e-05
1.114606857299804688e-05
6.496906280517578125e-06
3.457069396972656250e-06
2.026557922363281250e-06
9.536743164062500000e-07
3.516674041748046875e-06
4.827976226806640625e-06
4.768371582031250000e-06
2.086162567138671875e-06
2.562999725341796875e-06
1.764297485351562500e-05
4.547834396362304688e-05
5.483627319335937500e-06
1.072883605957031250e-06
0.000000000000000000e+00
2.384185791015625000e-06
1.132488250732421875e-06
0.000000000000000000e+00
0.000000000000000000e+00
0.000000000000000000e+00
5.960464477539062500e-08
4.172325134277343750e-06
2.980232238769531250e-05
2.384185791015625000e-05
1.204013824462890625e-05
7.510185241699218750e-06
0.000000000000000000e+00
0.000000000000000000e+00
7.748603820800781250e-07
7.748603820800781250e-07
0.000000000000000000e+00
2.384185791015625000e-07
1.668930053710937500e-06
3.933906555175781250e-06
3.516674041748046875e-06
3.278255462646484375e-06
1.072883605957031250e-06
2.288818359375000000e-05
6.586313247680664062e-05
1.245737075805664062e-05
2.402067184448242188e-05
3.272294998168945312e-05
3.993511199951171875e-06
7.152557373046875000e-07
1.311302185058593750e-06
1.281499862670898438e-05
1.349449157714843750e-04
2.706050872802734375e-05
5.793571472167968750e-05
5.191564559936523438e-05
6.449222564697265625e-05
8.589029312133789062e-05
1.549720764160156250e-05
3.278255462646484375e-06
1.251697540283203125e-06
2.980232238769531250e-06
2.503395080566406250e-06
2.622604370117187500e-06
2.086162567138671875e-06
5.364418029785156250e-07
2.562999725341796875e-06
2.980232238769531250e-06
2.980232238769531250e-06
9.536743164062500000e-07
2.145767211914062500e-06
5.781650543212890625e-06
2.115964889526367188e-05
1.752376556396484375e-05
1.281499862670898438e-05
1.335144042968750000e-05
3.284215927124023438e-05
5.525350570678710938e-05
7.927417755126953125e-06
2.759695053100585938e-05
5.489587783813476562e-05
3.880262374877929688e-05
5.155801773071289062e-05
4.875659942626953125e-05
2.533197402954101562e-05
1.276731491088867188e-04
6.765127182006835938e-05
2.044439315795898438e-05
1.502037048339843750e-05
7.212162017822265625e-06
4.112720489501953125e-06
1.549720764160156250e-06
1.192092895507812500e-07
5.364418029785156250e-07
6.377696990966796875e-06
9.596347808837890625e-06
1.013278961181640625e-06
1.430511474609375000e-06
1.490116119384765625e-06
1.102685928344726562e-04
4.822015762329101562e-05
5.966424942016601562e-05
7.212162017822265625e-06
7.569789886474609375e-06
9.059906005859375000e-06
1.227855682373046875e-05
6.192922592163085938e-05
2.443790435791015625e-05
1.931190490722656250e-05
3.457069396972656250e-06
2.741813659667968750e-06
0.000000000000000000e+00
1.668930053710937500e-06
2.503395080566406250e-06
4.220008850097656250e-05
3.188848495483398438e-05
5.781650543212890625e-06
1.662969589233398438e-05
1.543760299682617188e-05
3.927946090698242188e-05
8.904933929443359375e-05
5.739927291870117188e-05
1.382827758789062500e-05
4.529953002929687500e-05
1.531839370727539062e-05
4.708766937255859375e-06
1.192092895507812500e-06
5.900859832763671875e-06
3.635883331298828125e-06
2.324581146240234375e-06
4.172325134277343750e-07
1.567602157592773438e-05
4.506111145019531250e-05
5.006790161132812500e-06
1.311302185058593750e-05
1.621246337890625000e-04
8.434057235717773438e-05
5.048513412475585938e-05
5.304813385009765625e-06
5.900859832763671875e-06
6.318092346191406250e-06
4.935264587402343750e-05
1.728534698486328125e-05
1.311302185058593750e-06
5.364418029785156250e-07
0.000000000000000000e+00
5.960464477539062500e-08
1.192092895507812500e-07
2.086162567138671875e-06
1.788139343261718750e-07
4.768371582031250000e-07
1.192092895507812500e-07
4.768371582031250000e-07
1.370906829833984375e-05
3.576278686523437500e-07
6.556510925292968750e-07
2.026557922363281250e-06
2.861022949218750000e-06
2.378225326538085938e-05
3.248453140258789062e-05
1.004934310913085938e-04
2.509355545043945312e-05
1.847743988037109375e-06
2.086162567138671875e-06
5.364418029785156250e-07
1.788139343261718750e-07
0.000000000000000000e+00
0.000000000000000000e+00
0.000000000000000000e+00
3.576278686523437500e-07
1.221895217895507812e-05
2.306699752807617188e-05
6.794929504394531250e-06
4.863739013671875000e-05
1.120567321777343750e-05
1.978874206542968750e-05
1.239776611328125000e-05
4.827976226806640625e-06
2.026557922363281250e-06
3.576278686523437500e-07
2.384185791015625000e-07
1.311302185058593750e-06
1.370906829833984375e-06
6.556510925292968750e-07
1.192092895507812500e-07
0.000000000000000000e+00
5.960464477539062500e-08
4.172325134277343750e-07
2.384185791015625000e-07
1.609325408935546875e-06
1.001358032226562500e-05
2.449750900268554688e-05
1.871585845947265625e-05
4.714727401733398438e-05
1.442432403564453125e-05
6.496906280517578125e-06
1.835823059082031250e-05
5.280971527099609375e-05
1.716613769531250000e-05
8.285045623779296875e-06
1.093149185180664062e-04
6.806850433349609375e-05
1.126527786254882812e-05
1.192092895507812500e-07
2.980232238769531250e-07
0.000000000000000000e+00
8.344650268554687500e-07
5.900859832763671875e-06
4.649162292480468750e-06
9.417533874511718750e-06
6.437301635742187500e-06
3.814697265625000000e-06
2.729892730712890625e-05
2.026557922363281250e-06
5.662441253662109375e-06
5.543231964111328125e-06
2.026557922363281250e-06
8.940696716308593750e-07
5.412101745605468750e-05
2.253055572509765625e-05
4.810094833374023438e-05
1.388788223266601562e-05
3.635883331298828125e-06
9.655952453613281250e-06
4.982948303222656250e-05
5.364418029785156250e-07
2.694129943847656250e-05
1.219511032104492188e-04
7.045269012451171875e-05
2.562999725341796875e-06
4.887580871582031250e-06
4.208087921142578125e-05
4.208087921142578125e-05
1.674890518188476562e-05
5.185604095458984375e-06
4.112720489501953125e-06
3.755092620849609375e-06
1.668930053710937500e-06
1.668930053710937500e-06
1.728534698486328125e-06
5.364418029785156250e-07
6.556510925292968750e-07
4.768371582031250000e-07
0.000000000000000000e+00
5.960464477539062500e-08
7.152557373046875000e-07
1.609325408935546875e-06
4.231929779052734375e-06
2.682209014892578125e-06
2.980232238769531250e-07
7.748603820800781250e-07
1.907348632812500000e-06
2.086162567138671875e-06
2.980232238769531250e-07
1.609325408935546875e-05
3.963708877563476562e-05
2.068281173706054688e-05
7.271766662597656250e-06
1.609325408935546875e-05
5.376338958740234375e-05
2.682209014892578125e-05
1.597404479980468750e-05
8.285045623779296875e-06
2.211332321166992188e-05
1.823902130126953125e-05
4.589557647705078125e-06
1.096725463867187500e-05
7.033348083496093750e-06
1.388788223266601562e-05
1.074671745300292969e-04
2.211332321166992188e-05
1.466274261474609375e-05
1.525878906250000000e-05
5.185604095458984375e-06
2.920627593994140625e-06
4.768371582031250000e-06
2.145767211914062500e-06
2.324581146240234375e-06
7.152557373046875000e-07
2.980232238769531250e-06
3.457069396972656250e-06
2.562999725341796875e-05
1.329183578491210938e-05
3.576278686523437500e-07
9.703636169433593750e-05
2.855062484741210938e-05
5.364418029785156250e-05
2.503395080566406250e-06
4.768371582031250000e-07
3.576278686523437500e-07
3.576278686523437500e-07
0.000000000000000000e+00
2.980232238769531250e-07
4.768371582031250000e-06
6.020069122314453125e-06
3.337860107421875000e-06
7.867813110351562500e-06
8.046627044677734375e-06
2.986192703247070312e-05
1.692771911621093750e-05
5.531311035156250000e-05
1.126527786254882812e-05
6.777048110961914062e-05
4.184246063232421875e-05
2.205371856689453125e-06
1.722574234008789062e-05
6.282329559326171875e-05
7.033348083496093750e-05
9.089708328247070312e-05
4.184246063232421875e-05
3.755092620849609375e-06
2.384185791015625000e-06
2.402067184448242188e-05
4.774332046508789062e-05
4.887580871582031250e-06
6.556510925292968750e-07
2.229213714599609375e-05
2.765655517578125000e-05
5.006790161132812500e-06
2.264976501464843750e-06
4.947185516357421875e-06
5.900859832763671875e-06
2.086162567138671875e-06
7.927417755126953125e-06
3.969669342041015625e-05
2.419948577880859375e-05
4.827976226806640625e-06
1.353025436401367188e-05
4.380941390991210938e-05
3.814697265625000000e-05
3.474950790405273438e-05
4.047155380249023438e-05
6.496906280517578125e-06
1.960992813110351562e-05
5.418062210083007812e-05
4.386901855468750000e-05
1.502037048339843750e-05
1.358985900878906250e-05
1.186132431030273438e-05
1.126527786254882812e-05
8.046627044677734375e-06
4.291534423828125000e-06
5.483627319335937500e-06
2.944469451904296875e-05
7.677078247070312500e-05
3.868341445922851562e-05
4.827976226806640625e-05
3.820657730102539062e-05
3.427267074584960938e-05
1.746416091918945312e-05
2.926588058471679688e-05
2.193450927734375000e-05
1.782178878784179688e-05
7.134675979614257812e-05
3.314018249511718750e-05
3.850460052490234375e-05
2.938508987426757812e-05
4.971027374267578125e-05
5.263090133666992188e-05
2.932548522949218750e-05
1.227855682373046875e-05
4.369020462036132812e-05
1.621246337890625000e-05
1.966953277587890625e-05
1.251697540283203125e-05
4.708766937255859375e-06
5.900859832763671875e-06
7.450580596923828125e-06
5.364418029785156250e-06
4.410743713378906250e-06
2.878904342651367188e-05
6.008148193359375000e-05
5.078315734863281250e-05
9.834766387939453125e-06
4.643201828002929688e-05
3.576278686523437500e-05
9.059906005859375000e-05
1.008510589599609375e-04
8.434057235717773438e-05
3.987550735473632812e-05
4.708766937255859375e-05
4.100799560546875000e-05
2.110004425048828125e-05
1.043081283569335938e-05
7.271766662597656250e-06
2.861022949218750000e-06
2.324581146240234375e-06
5.483627319335937500e-06
4.649162292480468750e-06
3.218650817871093750e-06
3.159046173095703125e-06
3.635883331298828125e-06
3.576278686523437500e-06
3.874301910400390625e-06
3.278255462646484375e-06
8.046627044677734375e-06
8.344650268554687500e-06
6.020069122314453125e-06
8.761882781982421875e-06
4.291534423828125000e-05
7.510185241699218750e-06
3.099441528320312500e-06
6.020069122314453125e-06
4.470348358154296875e-06
1.013278961181640625e-06
1.490116119384765625e-06
1.966953277587890625e-06
2.199411392211914062e-05
2.855062484741210938e-05
3.582239151000976562e-05
4.333257675170898438e-05
2.670288085937500000e-05
1.770257949829101562e-05
4.947185516357421875e-06
7.748603820800781250e-07
0.000000000000000000e+00
0.000000000000000000e+00
0.000000000000000000e+00
4.768371582031250000e-07
0.000000000000000000e+00
0.000000000000000000e+00
1.788139343261718750e-07
6.556510925292968750e-07
1.311302185058593750e-06
5.960464477539062500e-07
8.940696716308593750e-07
8.940696716308593750e-07
7.152557373046875000e-07
1.192092895507812500e-07
5.960464477539062500e-08
1.192092895507812500e-07
0.000000000000000000e+00
0.000000000000000000e+00
0.000000000000000000e+00
5.960464477539062500e-08
0.000000000000000000e+00
0.000000000000000000e+00
0.000000000000000000e+00
0.000000000000000000e+00
0.000000000000000000e+00
0.000000000000000000e+00
5.960464477539062500e-08
2.264976501464843750e-06
0.000000000000000000e+00
3.039836883544921875e-06
4.768371582031250000e-06
2.980232238769531250e-06
6.556510925292968750e-06
1.579523086547851562e-05
6.794929504394531250e-06
1.370906829833984375e-06
4.172325134277343750e-06
3.635883331298828125e-06
3.576278686523437500e-07
4.172325134277343750e-07
1.209974288940429688e-05
2.503395080566406250e-06
1.966953277587890625e-06
4.470348358154296875e-06
6.854534149169921875e-06
3.308057785034179688e-05
3.451108932495117188e-05
1.728534698486328125e-06
5.960464477539062500e-07
1.490116119384765625e-06
1.132488250732421875e-06
5.364418029785156250e-07
3.576278686523437500e-07
0.000000000000000000e+00
0.000000000000000000e+00
0.000000000000000000e+00
0.000000000000000000e+00
6.556510925292968750e-07
3.457069396972656250e-06
9.834766387939453125e-06
3.468990325927734375e-05
1.078844070434570312e-04
7.879734039306640625e-05
8.225440979003906250e-05
5.894899368286132812e-05
2.330541610717773438e-05
7.331371307373046875e-06
1.102685928344726562e-05
9.894371032714843750e-06
5.125999450683593750e-06
7.748603820800781250e-07
1.192092895507812500e-07
0.000000000000000000e+00
0.000000000000000000e+00
0.000000000000000000e+00
1.192092895507812500e-07
0.000000000000000000e+00
4.768371582031250000e-07
0.000000000000000000e+00
3.576278686523437500e-07
3.814697265625000000e-06
3.993511199951171875e-06
1.055002212524414062e-05
4.965066909790039062e-05
1.204013824462890625e-05
5.662441253662109375e-06
1.788139343261718750e-06
7.867813110351562500e-06
1.531839370727539062e-05
1.132488250732421875e-05
1.627206802368164062e-05
1.245737075805664062e-05
9.536743164062500000e-07
1.132488250732421875e-06
2.562999725341796875e-06
4.917383193969726562e-05
1.186132431030273438e-04
2.264976501464843750e-05
1.317262649536132812e-05
9.834766387939453125e-06
2.133846282958984375e-05
2.580881118774414062e-05
1.150369644165039062e-05
6.258487701416015625e-06
1.764297485351562500e-05
3.099441528320312500e-05
1.561641693115234375e-05
1.454353332519531250e-05
1.513957977294921875e-05
2.360343933105468750e-05
5.781650543212890625e-06
8.404254913330078125e-06
3.039836883544921875e-06
7.390975952148437500e-06
5.364418029785156250e-07
1.174211502075195312e-05
4.649162292480468750e-06
1.770257949829101562e-05
1.925230026245117188e-05
3.612041473388671875e-05
8.940696716308593750e-06
8.106231689453125000e-06
1.192092895507812500e-07
2.801418304443359375e-06
4.053115844726562500e-06
9.834766387939453125e-06
4.112720489501953125e-06
1.430511474609375000e-05
3.755092620849609375e-06
3.874301910400390625e-06
5.960464477539062500e-08
7.748603820800781250e-07
5.960464477539062500e-08
1.072883605957031250e-06
5.960464477539062500e-07
3.206729888916015625e-05
1.704692840576171875e-05
5.066394805908203125e-06
5.960464477539062500e-07
1.788139343261718750e-06
8.940696716308593750e-07
1.192092895507812500e-07
2.980232238769531250e-07
2.205371856689453125e-06
5.364418029785156250e-07
1.311302185058593750e-06
1.192092895507812500e-07
2.682209014892578125e-06
0.000000000000000000e+00
3.993511199951171875e-06
0.000000000000000000e+00
7.748603820800781250e-07
0.000000000000000000e+00
1.788139343261718750e-07
1.192092895507812500e-07
1.430511474609375000e-06
2.562999725341796875e-06
2.622604370117187500e-05
