1.192092895507812500e-07
0.000000000000000000e+00
0.000000000000000000e+00
3.576278686523437500e-07
2.026557922363281250e-06
1.096725463867187500e-05
6.973743438720703125e-06
1.567602157592773438e-05
1.353025436401367188e-05
3.260374069213867188e-05
2.002716064453125000e-05
2.008676528930664062e-05
3.814697265625000000e-06
7.033348083496093750e-06
2.682209014892578125e-06
7.033348083496093750e-06
6.258487701416015625e-06
2.682209014892578125e-06
2.264976501464843750e-06
5.960464477539062500e-08
2.384185791015625000e-07
1.370906829833984375e-06
1.013278961181640625e-06
0.000000000000000000e+00
2.980232238769531250e-07
1.907348632812500000e-06
4.649162292480468750e-06
5.602836608886718750e-06
6.973743438720703125e-06
5.602836608886718750e-06
6.556510925292968750e-06
6.914138793945312500e-06
6.437301635742187500e-06
7.033348083496093750e-06
4.351139068603515625e-06
6.675720214843750000e-06
3.099441528320312500e-06
5.066394805908203125e-06
1.251697540283203125e-06
2.801418304443359375e-06
4.529953002929687500e-06
8.523464202880859375e-06
1.907348632812500000e-06
2.741813659667968750e-06
1.192092895507812500e-07
7.748603820800781250e-07
4.768371582031250000e-07
6.437301635742187500e-06
1.609325408935546875e-06
1.662969589233398438e-05
2.259016036987304688e-05
3.218650817871093750e-05
4.100799560546875000e-05
2.694129943847656250e-05
2.574920654296875000e-05
1.055002212524414062e-05
3.576278686523437500e-07
1.251697540283203125e-06
7.152557373046875000e-07
7.748603820800781250e-06
3.635883331298828125e-06
1.072883605957031250e-06
1.609325408935546875e-06
3.993511199951171875e-06
3.576278686523437500e-07
5.602836608886718750e-06
7.748603820800781250e-07
9.477138519287109375e-06
7.092952728271484375e-06
3.188848495483398438e-05
2.920627593994140625e-05
2.121925354003906250e-05
1.013278961181640625e-05
1.782178878784179688e-05
3.266334533691406250e-05
3.969669342041015625e-05
2.014636993408203125e-05
1.186132431030273438e-05
5.364418029785156250e-05
3.480911254882812500e-05
1.788139343261718750e-05
3.671646118164062500e-05
3.874301910400390625e-05
4.541873931884765625e-05
4.732608795166015625e-05
2.413988113403320312e-05
3.403425216674804688e-05
3.814697265625000000e-05
1.901388168334960938e-05
8.821487426757812500e-06
8.463859558105468750e-06
1.770257949829101562e-05
2.342462539672851562e-05
2.503395080566406250e-06
8.940696716308593750e-07
2.086162567138671875e-06
2.622604370117187500e-06
5.602836608886718750e-06
1.025199890136718750e-05
7.629394531250000000e-06
5.960464477539062500e-06
5.602836608886718750e-06
1.311302185058593750e-05
2.175569534301757812e-05
4.827976226806640625e-06
2.086162567138671875e-06
2.980232238769531250e-07
0.000000000000000000e+00
4.172325134277343750e-07
2.741813659667968750e-06
1.430511474609375000e-05
5.245208740234375000e-06
2.908706665039062500e-05
7.539987564086914062e-05
8.285045623779296875e-06
5.394220352172851562e-05
4.106760025024414062e-05
1.549720764160156250e-06
1.245737075805664062e-05
1.777410507202148438e-04
2.956390380859375000e-05
3.987550735473632812e-05
1.561641693115234375e-05
6.318092346191406250e-06
1.788139343261718750e-05
4.410743713378906250e-06
7.450580596923828125e-06
2.741813659667968750e-06
3.874301910400390625e-06
3.695487976074218750e-06
5.304813385009765625e-06
4.887580871582031250e-06
7.748603820800781250e-07
1.192092895507812500e-07
0.000000000000000000e+00
1.072883605957031250e-06
6.616115570068359375e-06
3.516674041748046875e-06
2.145767211914062500e-06
3.874301910400390625e-06
2.288818359375000000e-05
3.039836883544921875e-06
1.144409179687500000e-05
1.257658004760742188e-05
4.351139068603515625e-06
1.126527786254882812e-05
3.933906555175781250e-06
7.808208465576171875e-06
1.966953277587890625e-06
5.125999450683593750e-06
6.139278411865234375e-06
8.940696716308593750e-07
1.251697540283203125e-06
4.768371582031250000e-07
1.192092895507812500e-06
4.172325134277343750e-06
1.788139343261718750e-06
5.960464477539062500e-08
5.960464477539062500e-06
1.311302185058593750e-05
5.066394805908203125e-06
6.973743438720703125e-06
5.662441253662109375e-06
3.397464752197265625e-06
3.159046173095703125e-06
1.668930053710937500e-06
2.622604370117187500e-06
1.907348632812500000e-06
2.622604370117187500e-06
1.072883605957031250e-06
1.072883605957031250e-06
5.364418029785156250e-07
2.384185791015625000e-07
0.000000000000000000e+00
4.112720489501953125e-06
4.684925079345703125e-05
5.578994750976562500e-05
3.123283386230468750e-05
2.038478851318359375e-05
2.801418304443359375e-05
4.184246063232421875e-05
3.534555435180664062e-05
1.090764999389648438e-05
3.337860107421875000e-06
9.298324584960937500e-06
7.092952728271484375e-06
6.258487701416015625e-06
6.556510925292968750e-06
5.960464477539062500e-06
1.317262649536132812e-05
8.404254913330078125e-06
6.616115570068359375e-06
3.933906555175781250e-06
5.960464477539062500e-07
2.205371856689453125e-06
2.622604370117187500e-06
2.503395080566406250e-06
2.980232238769531250e-07
2.503395080566406250e-06
7.927417755126953125e-06
1.162290573120117188e-05
2.598762512207031250e-05
2.413988113403320312e-05
1.251697540283203125e-06
0.000000000000000000e+00
2.026557922363281250e-06
3.397464752197265625e-06
2.801418304443359375e-06
1.138448715209960938e-05
2.479553222656250000e-05
8.583068847656250000e-06
3.218650817871093750e-06
3.606081008911132812e-05
8.398294448852539062e-05
5.483627319335937500e-06
5.722045898437500000e-06
1.305341720581054688e-05
5.698204040527343750e-05
1.354217529296875000e-04
6.377696990966796875e-06
1.686811447143554688e-05
4.231929779052734375e-06
4.172325134277343750e-06
4.827976226806640625e-06
4.768371582031250000e-06
3.159046173095703125e-06
3.099441528320312500e-06
1.728534698486328125e-06
2.026557922363281250e-06
1.251697540283203125e-06
1.156330108642578125e-05
3.635883331298828125e-05
1.543760299682617188e-05
3.850460052490234375e-05
5.888938903808593750e-05
3.653764724731445312e-05
3.099441528320312500e-05
3.987550735473632812e-05
1.418590545654296875e-05
1.674890518188476562e-05
6.079673767089843750e-06
8.046627044677734375e-06
1.144409179687500000e-05
7.808208465576171875e-06
2.366304397583007812e-05
3.165006637573242188e-05
2.312660217285156250e-05
3.594160079956054688e-05
5.906820297241210938e-05
1.978874206542968750e-05
2.181529998779296875e-05
1.180171966552734375e-05
1.293420791625976562e-05
2.455711364746093750e-05
3.480911254882812500e-05
2.336502075195312500e-05
1.370906829833984375e-05
6.139278411865234375e-06
3.099441528320312500e-06
1.549720764160156250e-06
6.556510925292968750e-07
5.960464477539062500e-08
2.026557922363281250e-06
2.920627593994140625e-06
5.006790161132812500e-06
1.525878906250000000e-05
3.218650817871093750e-06
1.311302185058593750e-05
1.585483551025390625e-05
6.616115570068359375e-06
1.907348632812500000e-06
2.741813659667968750e-06
2.384185791015625000e-06
2.145767211914062500e-06
1.192092895507812500e-06
5.125999450683593750e-06
4.053115844726562500e-06
2.861022949218750000e-06
7.748603820800781250e-07
1.072883605957031250e-06
8.344650268554687500e-07
5.960464477539062500e-07
2.980232238769531250e-07
8.881092071533203125e-06
6.687641143798828125e-05
1.674890518188476562e-05
3.314018249511718750e-05
2.074241638183593750e-05
9.435415267944335938e-05
2.074241638183593750e-05
5.722045898437500000e-06
1.692771911621093750e-05
8.165836334228515625e-06
8.428096771240234375e-05
3.689527511596679688e-05
1.335144042968750000e-05
5.602836608886718750e-06
1.269578933715820312e-05
1.066923141479492188e-05
4.756450653076171875e-05
3.963708877563476562e-05
5.960464477539062500e-06
4.053115844726562500e-06
1.561641693115234375e-05
5.739927291870117188e-05
4.070997238159179688e-05
6.592273712158203125e-05
3.850460052490234375e-05
1.883506774902343750e-05
1.448392868041992188e-05
1.037120819091796875e-05
3.933906555175781250e-06
5.245208740234375000e-06
2.086162567138671875e-06
3.695487976074218750e-06
2.801418304443359375e-06
1.215934753417968750e-05
5.811452865600585938e-05
7.891654968261718750e-05
2.861022949218750000e-05
7.510185241699218750e-06
7.927417755126953125e-06
1.865625381469726562e-05
5.543231964111328125e-06
2.098083496093750000e-05
7.212162017822265625e-06
2.682209014892578125e-06
3.755092620849609375e-06
2.980232238769531250e-06
3.516674041748046875e-06
6.973743438720703125e-06
3.272294998168945312e-05
1.722574234008789062e-05
3.159046173095703125e-05
6.955862045288085938e-05
7.814168930053710938e-05
8.404254913330078125e-05
1.058578491210937500e-04
5.972385406494140625e-05
3.105401992797851562e-05
0.000000000000000000e+00
0.000000000000000000e+00
7.152557373046875000e-07
1.013278961181640625e-06
1.311302185058593750e-06
2.205371856689453125e-06
1.090764999389648438e-05
7.075071334838867188e-05
4.857778549194335938e-05
4.065036773681640625e-05
2.247095108032226562e-05
9.536743164062500000e-07
7.748603820800781250e-06
2.920627593994140625e-06
1.192092895507812500e-07
1.329183578491210938e-05
6.109476089477539062e-05
1.072883605957031250e-05
7.688999176025390625e-06
2.461671829223632812e-05
8.225440979003906250e-06
1.937150955200195312e-05
1.145601272583007812e-04
3.874301910400390625e-05
5.495548248291015625e-05
4.106760025024414062e-05
1.525878906250000000e-05
6.496906280517578125e-06
4.649162292480468750e-06
3.910064697265625000e-05
8.285045623779296875e-06
6.437301635742187500e-06
1.776218414306640625e-05
6.616115570068359375e-06
2.819299697875976562e-05
3.695487976074218750e-05
2.777576446533203125e-05
1.460313796997070312e-05
1.150369644165039062e-05
3.874301910400390625e-06
2.562999725341796875e-06
1.966953277587890625e-06
1.847743988037109375e-06
4.351139068603515625e-06
2.568960189819335938e-05
7.116794586181640625e-05
5.722045898437500000e-06
2.294778823852539062e-05
2.378225326538085938e-05
2.920627593994140625e-06
1.847743988037109375e-06
1.788139343261718750e-07
9.357929229736328125e-06
1.502037048339843750e-05
6.079673767089843750e-05
1.955032348632812500e-05
6.139278411865234375e-06
3.671646118164062500e-05
5.322694778442382812e-05
1.364946365356445312e-05
7.033348083496093750e-06
6.556510925292968750e-07
6.556510925292968750e-07
2.747774124145507812e-05
6.055831909179687500e-05
2.539157867431640625e-05
4.172325134277343750e-06
3.159046173095703125e-06
1.084804534912109375e-05
3.695487976074218750e-06
2.735853195190429688e-05
4.202127456665039062e-05
2.467632293701171875e-05
2.801418304443359375e-05
7.510185241699218750e-06
3.480911254882812500e-05
2.580881118774414062e-05
1.127123832702636719e-04
2.217292785644531250e-05
2.682209014892578125e-05
1.124739646911621094e-04
7.009506225585937500e-05
7.510185241699218750e-06
2.700090408325195312e-05
3.218650817871093750e-06
4.708766937255859375e-06
3.635883331298828125e-06
1.537799835205078125e-05
4.184246063232421875e-05
1.646280288696289062e-04
1.174807548522949219e-04
3.415346145629882812e-05
3.290176391601562500e-05
3.993511199951171875e-05
3.981590270996093750e-05
1.591444015502929688e-05
2.121925354003906250e-05
1.960992813110351562e-05
6.824731826782226562e-05
7.450580596923828125e-05
9.775161743164062500e-06
7.450580596923828125e-06
1.901388168334960938e-05
3.010034561157226562e-05
4.827976226806640625e-06
2.121925354003906250e-05
3.278255462646484375e-06
2.717971801757812500e-05
7.611513137817382812e-05
5.364418029785156250e-05
6.067752838134765625e-05
3.296136856079101562e-05
5.221366882324218750e-05
3.224611282348632812e-05
3.170967102050781250e-05
2.896785736083984375e-05
2.080202102661132812e-05
2.437829971313476562e-05
7.754564285278320312e-05
2.807378768920898438e-05
8.869171142578125000e-05
2.944469451904296875e-05
9.477138519287109375e-06
2.467632293701171875e-05
5.459785461425781250e-05
4.148483276367187500e-05
5.960464477539062500e-06
1.192092895507812500e-07
0.000000000000000000e+00
5.960464477539062500e-08
0.000000000000000000e+00
0.000000000000000000e+00
2.020597457885742188e-05
8.344650268554687500e-06
2.169609069824218750e-05
6.973743438720703125e-05
2.098083496093750000e-05
4.452466964721679688e-05
8.612871170043945312e-05
8.231401443481445312e-05
2.455711364746093750e-05
3.325939178466796875e-05
7.694959640502929688e-05
4.744529724121093750e-05
5.102157592773437500e-05
3.695487976074218750e-05
3.886222839355468750e-05
1.913309097290039062e-05
1.066923141479492188e-05
2.467632293701171875e-05
3.790855407714843750e-05
1.335144042968750000e-05
1.430511474609375000e-06
1.788139343261718750e-07
1.847743988037109375e-06
1.609325408935546875e-06
8.940696716308593750e-07
1.192092895507812500e-07
1.633167266845703125e-05
1.859664916992187500e-04
6.866455078125000000e-05
2.759695053100585938e-05
7.653236389160156250e-05
3.635883331298828125e-06
1.847743988037109375e-06
2.169609069824218750e-05
1.647472381591796875e-04
6.139278411865234375e-05
1.484155654907226562e-05
1.156330108642578125e-05
1.168251037597656250e-05
5.185604095458984375e-06
8.940696716308593750e-07
3.027915954589843750e-05
9.047985076904296875e-05
2.312660217285156250e-05
1.263618469238281250e-05
3.516674041748046875e-06
1.788139343261718750e-07
3.576278686523437500e-07
5.841255187988281250e-06
2.813339233398437500e-05
1.120567321777343750e-05
7.450580596923828125e-06
2.980232238769531250e-07
5.960464477539062500e-08
0.000000000000000000e+00
2.384185791015625000e-07
3.576278686523437500e-07
0.000000000000000000e+00
0.000000000000000000e+00
0.000000000000000000e+00
0.000000000000000000e+00
0.000000000000000000e+00
6.556510925292968750e-07
1.668930053710937500e-06
1.430511474609375000e-06
1.788139343261718750e-07
1.370906829833984375e-06
2.205371856689453125e-06
4.231929779052734375e-06
4.690885543823242188e-05
1.257658004760742188e-04
2.253055572509765625e-05
3.671646118164062500e-05
7.450580596923828125e-06
2.479553222656250000e-05
2.551078796386718750e-05
1.889467239379882812e-05
6.258487701416015625e-06
5.364418029785156250e-07
0.000000000000000000e+00
0.000000000000000000e+00
0.000000000000000000e+00
4.768371582031250000e-07
9.477138519287109375e-06
5.841255187988281250e-06
3.516674041748046875e-06
1.209974288940429688e-05
4.768371582031250000e-06
1.138448715209960938e-05
1.257658004760742188e-05
2.861022949218750000e-06
3.516674041748046875e-05
4.750490188598632812e-05
1.609325408935546875e-05
9.298324584960937500e-06
1.776218414306640625e-05
5.245208740234375000e-06
8.344650268554687500e-07
3.397464752197265625e-06
2.384185791015625000e-06
3.218650817871093750e-06
1.794099807739257812e-05
2.670288085937500000e-05
3.296136856079101562e-05
2.229213714599609375e-05
8.940696716308593750e-06
5.960464477539062500e-06
3.576278686523437500e-06
2.396106719970703125e-05
2.837181091308593750e-05
2.264976501464843750e-06
1.370906829833984375e-06
1.293420791625976562e-05
1.865625381469726562e-05
7.390975952148437500e-06
2.741813659667968750e-06
5.280971527099609375e-05
1.960992813110351562e-05
1.288652420043945312e-04
7.730722427368164062e-05
4.160404205322265625e-05
2.598762512207031250e-05
5.364418029785156250e-06
3.874301910400390625e-06
1.907348632812500000e-06
7.033348083496093750e-06
3.993511199951171875e-06
2.443790435791015625e-06
2.980232238769531250e-07
2.443790435791015625e-06
4.529953002929687500e-06
3.755092620849609375e-06
1.132488250732421875e-06
3.635883331298828125e-06
6.377696990966796875e-06
2.473592758178710938e-05
7.152557373046875000e-06
5.960464477539062500e-07
0.000000000000000000e+00
2.384185791015625000e-07
1.192092895507812500e-07
2.026557922363281250e-06
2.622604370117187500e-06
4.470348358154296875e-06
1.490116119384765625e-06
1.335144042968750000e-05
6.914138793945312500e-06
2.741813659667968750e-06
2.980232238769531250e-07
2.384185791015625000e-07
2.861022949218750000e-06
1.020431518554687500e-04
4.386901855468750000e-05
2.121925354003906250e-05
1.233816146850585938e-05
2.396106719970703125e-05
1.156330108642578125e-05
2.920627593994140625e-06
1.668930053710937500e-06
4.351139068603515625e-06
5.006790161132812500e-06
9.775161743164062500e-06
2.801418304443359375e-06
8.881092071533203125e-06
1.132488250732421875e-06
1.370906829833984375e-06
4.768371582031250000e-07
0.000000000000000000e+00
1.192092895507812500e-07
5.960464477539062500e-08
5.960464477539062500e-07
1.132488250732421875e-06
1.788139343261718750e-07
4.172325134277343750e-07
0.000000000000000000e+00
7.748603820800781250e-07
1.835823059082031250e-05
1.035928726196289062e-04
8.046627044677734375e-06
3.635883331298828125e-06
2.026557922363281250e-06
1.007318496704101562e-05
4.619359970092773438e-05
2.324581146240234375e-05
2.950429916381835938e-05
5.209445953369140625e-05
8.654594421386718750e-05
5.567073822021484375e-05
8.404254913330078125e-06
8.165836334228515625e-06
1.895427703857421875e-05
8.344650268554687500e-06
5.006790161132812500e-06
1.198053359985351562e-05
7.510185241699218750e-06
1.406669616699218750e-05
5.811452865600585938e-05
8.583068847656250000e-06
2.801418304443359375e-05
1.370906829833984375e-05
1.639127731323242188e-05
1.853704452514648438e-05
5.084276199340820312e-05
2.807378768920898438e-05
1.651048660278320312e-05
8.225440979003906250e-06
2.086162567138671875e-06
6.020069122314453125e-06
8.344650268554687500e-07
1.144409179687500000e-05
4.887580871582031250e-06
1.627206802368164062e-05
3.695487976074218750e-06
1.019239425659179688e-05
8.940696716308593750e-07
8.702278137207031250e-06
2.038478851318359375e-05
4.768371582031250000e-06
2.443790435791015625e-06
6.914138793945312500e-06
3.755092620849609375e-06
1.132488250732421875e-05
7.748603820800781250e-07
5.900859832763671875e-06
8.344650268554687500e-07
2.861022949218750000e-06
0.000000000000000000e+00
8.940696716308593750e-07
3.576278686523437500e-07
2.086162567138671875e-06
4.768371582031250000e-07
3.218650817871093750e-06
2.980232238769531250e-07
3.218650817871093750e-06
1.788139343261718750e-07
9.536743164062500000e-06
3.218650817871093750e-05
3.981590270996093750e-05
5.000829696655273438e-05
4.076957702636718750e-05
2.431869506835937500e-05
2.920627593994140625e-06
0.000000000000000000e+00
5.245208740234375000e-06
2.026557922363281250e-06
6.318092346191406250e-06
4.768371582031250000e-07
4.947185516357421875e-06
1.072883605957031250e-06
7.987022399902343750e-06
6.914138793945312500e-06
1.662969589233398438e-05
1.376867294311523438e-05
1.418590545654296875e-05
3.039836883544921875e-06
1.108646392822265625e-05
4.827976226806640625e-06
1.394748687744140625e-05
