9.279785156250000000e-01
-7.119772434234619141e-01
-1.086891531944274902e+00
4.080109298229217529e-01
3.744678199291229248e-01
-1.496940702199935913e-01
1.026514917612075806e-02
3.287706971168518066e-01
6.199003458023071289e-01
1.016952767968177795e-01
-7.742951810359954834e-02
4.002969264984130859e-01
7.866955399513244629e-01
-4.218311011791229248e-01
-7.398805022239685059e-01
5.443596839904785156e-01
7.734482288360595703e-01
-5.312654972076416016e-01
-1.480266928672790527e+00
6.146518588066101074e-01
1.160694837570190430e+00
-9.383844733238220215e-01
-1.841613769531250000e+00
1.777274161577224731e-01
-3.712222352623939514e-02
-1.833616018295288086e+00
-2.645914793014526367e+00
-9.647018909454345703e-01
-4.590400457382202148e-01
-1.556265830993652344e+00
-1.989628314971923828e+00
-1.193963289260864258e+00
-5.834468603134155273e-01
-1.792993426322937012e+00
-2.096173286437988281e+00
-5.564548373222351074e-01
3.108777478337287903e-02
-1.115321159362792969e+00
-1.229655504226684570e+00
5.215668305754661560e-02
6.244447827339172363e-01
-6.221324205398559570e-01
-1.325134277343750000e+00
3.309915065765380859e-01
8.314069509506225586e-01
-7.421698570251464844e-01
-1.581420421600341797e+00
-8.252825736999511719e-01
-4.005865752696990967e-01
-1.532447099685668945e+00
-2.383886575698852539e+00
-1.323375463485717773e+00
-7.089115381240844727e-01
-1.647515535354614258e+00
-2.210153102874755859e+00
-4.572052657604217529e-01
-8.475694805383682251e-02
-1.086926341056823730e+00
-1.802226305007934570e+00
-1.835862547159194946e-01
-2.588533051311969757e-02
-1.189065456390380859e+00
-1.869837164878845215e+00
-4.060481488704681396e-01
3.799545392394065857e-02
-1.194880485534667969e+00
-1.888476967811584473e+00
-5.678518116474151611e-02
2.859309613704681396e-01
-1.010047793388366699e+00
-1.735739707946777344e+00
-7.376949787139892578e-01
-4.674597084522247314e-01
-1.409096121788024902e+00
-1.835026741027832031e+00
-1.158130884170532227e+00
-7.720155119895935059e-01
-1.714670300483703613e+00
-2.220123291015625000e+00
-1.001378655433654785e+00
-3.986115157604217529e-01
-1.650088071823120117e+00
-2.186828136444091797e+00
-5.641029477119445801e-01
1.480627208948135376e-01
-1.235960841178894043e+00
-1.366216301918029785e+00
-5.588881969451904297e-01
-3.971686065196990967e-01
-1.175252795219421387e+00
-1.696774125099182129e+00
-4.828914105892181396e-01
-1.013536974787712097e-01
-1.329714059829711914e+00
-2.123795986175537109e+00
-8.979368805885314941e-01
-8.366302847862243652e-01
-2.134471654891967773e+00
-2.627875089645385742e+00
-1.893160581588745117e+00
-1.100418329238891602e+00
-1.312415957450866699e+00
-1.493161916732788086e+00
-9.922528266906738281e-01
-4.145047366619110107e-01
-1.104224443435668945e+00
-1.176485300064086914e+00
-4.917704164981842041e-01
-4.464951753616333008e-01
-1.467193126678466797e+00
-2.670365810394287109e+00
-2.060202121734619141e+00
-1.307202219963073730e+00
-1.709210872650146484e+00
-2.126403808593750000e+00
-1.847325325012207031e+00
-9.761176109313964844e-01
-1.418784737586975098e+00
-1.192448139190673828e+00
-5.658649802207946777e-01
-2.190310806035995483e-01
-2.662781774997711182e-01
-2.815326750278472900e-01
-1.099136099219322205e-01
-4.178509712219238281e-01
-6.949559450149536133e-01
-5.335206389427185059e-01
-2.142018079757690430e-01
3.308490812778472900e-01
-2.009213119745254517e-01
-4.393770992755889893e-01
-3.543251454830169678e-01
-1.704460233449935913e-01
-7.301191091537475586e-01
-9.827762842178344727e-01
-6.983771324157714844e-01
-3.981922864913940430e-01
-6.922462582588195801e-01
-1.011139392852783203e+00
-8.221494555473327637e-01
-6.427767276763916016e-01
-1.036295056343078613e+00
-1.187939047813415527e+00
-8.856736421585083008e-01
-5.027284026145935059e-01
-1.065750360488891602e+00
-1.319673776626586914e+00
-1.077306866645812988e+00
-9.070605635643005371e-01
-2.089973926544189453e+00
-2.572346448898315430e+00
-2.808020353317260742e+00
-1.955523014068603516e+00
-2.069078922271728516e+00
-2.018625259399414062e+00
-2.118372917175292969e+00
-1.575570106506347656e+00
-1.684899568557739258e+00
-2.069500923156738281e+00
-1.640997052192687988e+00
-1.496683716773986816e+00
-1.886644363403320312e+00
-2.174355030059814453e+00
-1.565494418144226074e+00
-1.053030490875244141e+00
-1.094677329063415527e+00
-1.613834261894226074e+00
-2.181402921676635742e+00
-2.460340976715087891e+00
-2.337309837341308594e+00
-2.602156877517700195e+00
-2.549093246459960938e+00
-2.322227716445922852e+00
-2.288158178329467773e+00
-2.414118289947509766e+00
-2.262155532836914062e+00
-2.307042121887207031e+00
-2.725258827209472656e+00
-2.956988334655761719e+00
-2.688440799713134766e+00
-2.232034206390380859e+00
-2.093988895416259766e+00
-2.156670331954956055e+00
-2.148249149322509766e+00
-2.098219394683837891e+00
-2.436700105667114258e+00
-2.616388797760009766e+00
-2.799179792404174805e+00
-2.731426000595092773e+00
-2.880460500717163086e+00
-2.867245435714721680e+00
-2.938911199569702148e+00
-3.203581809997558594e+00
-3.362061500549316406e+00
-3.376540422439575195e+00
-2.841667890548706055e+00
-2.007704973220825195e+00
-1.761742353439331055e+00
-1.470469713211059570e+00
-1.118879914283752441e+00
-4.662587940692901611e-01
-8.059906214475631714e-02
9.866493940353393555e-02
2.661620080471038818e-01
2.372002899646759033e-01
-6.273664534091949463e-02
1.812101714313030243e-02
-3.041906654834747314e-01
7.037246227264404297e-02
7.164756655693054199e-01
1.408311247825622559e+00
1.151496171951293945e+00
1.083319902420043945e+00
1.289821743965148926e+00
1.114818930625915527e+00
1.332875609397888184e+00
1.775157213211059570e+00
1.394462704658508301e+00
1.231194257736206055e+00
1.082512617111206055e+00
4.554684162139892578e-01
5.776929259300231934e-01
7.944453954696655273e-01
5.785752534866333008e-01
5.902699232101440430e-01
-1.245973818004131317e-02
-3.401949703693389893e-01
-4.889146089553833008e-01
-1.091187596321105957e+00
-1.262207508087158203e+00
-1.551860570907592773e+00
-1.385277986526489258e+00
-1.891011595726013184e+00
-2.076478004455566406e+00
-2.472921848297119141e+00
-2.309332609176635742e+00
-2.820740699768066406e+00
-3.890484809875488281e+00
-5.233355522155761719e+00
-5.886149406433105469e+00
-5.802930355072021484e+00
-5.625992298126220703e+00
-5.750118255615234375e+00
-6.000376224517822266e+00
-5.721824645996093750e+00
-5.137380123138427734e+00
-4.580665588378906250e+00
-3.501580476760864258e+00
-2.457876682281494141e+00
-1.991073846817016602e+00
-2.039484500885009766e+00
-2.756441354751586914e+00
-3.397435188293457031e+00
-4.083880424499511719e+00
-4.636295795440673828e+00
-3.992062330245971680e+00
-3.322635650634765625e+00
-2.888986110687255859e+00
-3.156828165054321289e+00
-3.382953405380249023e+00
-3.393136978149414062e+00
-2.830923557281494141e+00
-2.577948331832885742e+00
-2.386528730392456055e+00
-1.881324052810668945e+00
-2.031837940216064453e+00
-2.530172348022460938e+00
-3.016847848892211914e+00
-3.830026149749755859e+00
-4.349992752075195312e+00
-4.129506587982177734e+00
-4.071581363677978516e+00
-3.881078958511352539e+00
-4.943351745605468750e+00
-5.689621925354003906e+00
-5.141962051391601562e+00
-4.117565155029296875e+00
-4.530809879302978516e+00
-5.337221145629882812e+00
-5.732254981994628906e+00
-5.408884048461914062e+00
-5.433512687683105469e+00
-5.120007038116455078e+00
-4.469751834869384766e+00
-4.099383354187011719e+00
-4.229037761688232422e+00
-4.336744308471679688e+00
-4.637105464935302734e+00
-4.557690620422363281e+00
-5.445703983306884766e+00
-5.927409172058105469e+00
-5.519517421722412109e+00
-4.728149414062500000e+00
-5.265450954437255859e+00
-5.952390670776367188e+00
-5.370306015014648438e+00
-5.616194248199462891e+00
-5.935689449310302734e+00
-5.659604072570800781e+00
-5.319852828979492188e+00
-5.882661819458007812e+00
-7.842359066009521484e+00
-9.519060134887695312e+00
-8.868695259094238281e+00
-9.224335670471191406e+00
-1.045858383178710938e+01
-1.087510681152343750e+01
-7.852786540985107422e+00
-5.226343631744384766e+00
-5.409556388854980469e+00
-7.059481620788574219e+00
-9.070897102355957031e+00
-9.517016410827636719e+00
-1.005614948272705078e+01
-1.088419723510742188e+01
-1.020141792297363281e+01
-6.838712692260742188e+00
-4.094272136688232422e+00
-4.602260112762451172e+00
-8.412179946899414062e+00
-8.580277442932128906e+00
-8.269416809082031250e+00
-8.977108001708984375e+00
-9.891121864318847656e+00
-1.059433555603027344e+01
-1.079076099395751953e+01
-1.071532630920410156e+01
-9.819597244262695312e+00
-9.679196357727050781e+00
-1.106258487701416016e+01
-1.216745281219482422e+01
-1.203882026672363281e+01
-1.190510272979736328e+01
-1.324399280548095703e+01
-1.309915637969970703e+01
-1.246189689636230469e+01
-1.096756172180175781e+01
-1.066779518127441406e+01
-1.088962459564208984e+01
-1.088627433776855469e+01
-1.072903251647949219e+01
-1.180906295776367188e+01
-1.170107555389404297e+01
-1.029961204528808594e+01
-7.990655899047851562e+00
-6.516752243041992188e+00
-4.586865425109863281e+00
-2.956140279769897461e+00
-2.641051292419433594e+00
-2.919956684112548828e+00
-3.379925012588500977e+00
-2.768912792205810547e+00
-2.270401239395141602e+00
-1.750186800956726074e+00
-1.833054900169372559e+00
-2.286960601806640625e+00
-2.806611061096191406e+00
-3.182830333709716797e+00
-3.015190362930297852e+00
-3.074100494384765625e+00
-3.154819965362548828e+00
-3.432737588882446289e+00
-4.331001281738281250e+00
-5.238673686981201172e+00
-6.928415775299072266e+00
-1.014317798614501953e+01
-1.149062824249267578e+01
-1.154593944549560547e+01
-1.159199237823486328e+01
-1.167835140228271484e+01
-1.156081199645996094e+01
-1.103597927093505859e+01
-1.087278270721435547e+01
-1.136674880981445312e+01
-1.202623844146728516e+01
-1.161563587188720703e+01
-1.096671104431152344e+01
-1.027737998962402344e+01
-9.834465980529785156e+00
-7.809486389160156250e+00
-6.700666904449462891e+00
-5.371079921722412109e+00
-5.841298580169677734e+00
-8.954276084899902344e+00
-9.182019233703613281e+00
-9.426503181457519531e+00
-9.563630104064941406e+00
-1.026462554931640625e+01
-1.072223186492919922e+01
-1.154101276397705078e+01
-1.193291091918945312e+01
-1.171742248535156250e+01
-1.142967700958251953e+01
-1.209593200683593750e+01
-1.377647781372070312e+01
-1.431603336334228516e+01
-1.308256053924560547e+01
-1.208821487426757812e+01
-1.046852016448974609e+01
-1.007070255279541016e+01
-7.415227890014648438e+00
-4.323638439178466797e+00
-4.171891689300537109e+00
-4.578266143798828125e+00
-4.819683074951171875e+00
-6.531691551208496094e+00
-8.059569358825683594e+00
-8.368314743041992188e+00
-8.924751281738281250e+00
-9.151052474975585938e+00
-8.847483634948730469e+00
-5.842041492462158203e+00
-2.727478504180908203e+00
-2.029444694519042969e+00
-1.684899091720581055e+00
-1.453029155731201172e+00
-2.457101345062255859e+00
-2.534083843231201172e+00
-2.674630641937255859e+00
-2.293512821197509766e+00
-2.312824010848999023e+00
-2.805236816406250000e+00
-3.541431188583374023e+00
-4.619315147399902344e+00
-4.707783699035644531e+00
-4.273187637329101562e+00
-4.661593914031982422e+00
-5.241738796234130859e+00
-5.639236927032470703e+00
-6.943388462066650391e+00
-7.521736145019531250e+00
-8.150681495666503906e+00
-8.781846046447753906e+00
-1.011900615692138672e+01
-1.113949680328369141e+01
-1.164533615112304688e+01
-1.292443466186523438e+01
-1.449550819396972656e+01
-1.509950637817382812e+01
-1.568980026245117188e+01
-1.609790802001953125e+01
-1.703207397460937500e+01
-1.751846504211425781e+01
-1.714598083496093750e+01
-1.605136108398437500e+01
-1.767239952087402344e+01
-1.509665203094482422e+01
-1.396645164489746094e+01
-1.215956211090087891e+01
-1.271758174896240234e+01
-1.430768013000488281e+01
-1.508284282684326172e+01
-1.623700523376464844e+01
-1.729568481445312500e+01
-1.799400520324707031e+01
-1.776185226440429688e+01
-1.768645286560058594e+01
-1.806341743469238281e+01
-1.753847694396972656e+01
-1.617168235778808594e+01
-1.462030315399169922e+01
-1.375586318969726562e+01
-1.291604900360107422e+01
-1.429217720031738281e+01
-1.550852584838867188e+01
-1.614071464538574219e+01
-1.685456848144531250e+01
-1.771746063232421875e+01
-1.755359268188476562e+01
-1.841679954528808594e+01
-1.780417251586914062e+01
-1.568578529357910156e+01
-1.239734745025634766e+01
-9.845212936401367188e+00
-9.095597267150878906e+00
-9.468819618225097656e+00
-8.749042510986328125e+00
-6.440790176391601562e+00
-5.693285465240478516e+00
-9.368618011474609375e+00
-1.426779842376708984e+01
-1.919682312011718750e+01
-2.063200759887695312e+01
-2.178982925415039062e+01
-2.122525405883789062e+01
-1.977668571472167969e+01
-1.798216438293457031e+01
-1.664722061157226562e+01
-1.640513801574707031e+01
-1.736801910400390625e+01
-1.825317955017089844e+01
-1.927775001525878906e+01
-2.002056694030761719e+01
-1.768420028686523438e+01
-1.592808341979980469e+01
-1.471483516693115234e+01
-1.625166130065917969e+01
-1.346074867248535156e+01
-1.105951786041259766e+01
-1.138365840911865234e+01
-1.193301296234130859e+01
-1.193220138549804688e+01
-1.175065326690673828e+01
-1.248571681976318359e+01
-1.387967109680175781e+01
-1.609963226318359375e+01
-1.709729194641113281e+01
-1.807021522521972656e+01
-1.849607467651367188e+01
-1.925636482238769531e+01
-1.995651245117187500e+01
-2.035641288757324219e+01
-1.831610488891601562e+01
-1.468319129943847656e+01
-1.237620544433593750e+01
-1.153794002532958984e+01
-1.214307022094726562e+01
-1.208391380310058594e+01
-1.063749694824218750e+01
-8.868976593017578125e+00
-7.674366950988769531e+00
-6.980943679809570312e+00
-5.973669528961181641e+00
-5.882593154907226562e+00
-6.108401298522949219e+00
-7.760723114013671875e+00
-9.193366050720214844e+00
-8.999587059020996094e+00
-7.879034519195556641e+00
-7.464624881744384766e+00
-7.446232795715332031e+00
-6.674312591552734375e+00
-6.666494846343994141e+00
-7.532306671142578125e+00
-9.159297943115234375e+00
-1.075986003875732422e+01
-1.171069526672363281e+01
-1.285678768157958984e+01
-1.304634475708007812e+01
-1.270838546752929688e+01
-1.199636363983154297e+01
-1.171087360382080078e+01
-1.096921539306640625e+01
-1.120562839508056641e+01
-1.190433120727539062e+01
-1.326633644104003906e+01
-1.474499225616455078e+01
-1.635239410400390625e+01
-1.647398376464843750e+01
-1.555588054656982422e+01
-1.253736209869384766e+01
-9.096688270568847656e+00
-6.948884963989257812e+00
-6.875352382659912109e+00
-6.518690109252929688e+00
-6.706127643585205078e+00
-6.948251724243164062e+00
-8.737206459045410156e+00
-1.274699878692626953e+01
-1.683053779602050781e+01
-1.839911651611328125e+01
-1.942386245727539062e+01
-1.991441535949707031e+01
-2.010790824890136719e+01
-2.006679344177246094e+01
-2.067072105407714844e+01
-2.157434272766113281e+01
-2.282438087463378906e+01
-2.361528587341308594e+01
-2.467780303955078125e+01
-2.390229225158691406e+01
-2.378183555603027344e+01
-2.399991989135742188e+01
-2.459064292907714844e+01
-2.555088233947753906e+01
-2.670852661132812500e+01
-2.692968940734863281e+01
-2.613560676574707031e+01
-2.234852218627929688e+01
-1.208384323120117188e+01
-1.041661930084228516e+01
-1.711011123657226562e+01
-1.646151161193847656e+01
-1.246823883056640625e+01
-1.066571998596191406e+01
-8.595780372619628906e+00
-4.385366439819335938e+00
-1.984944105148315430e+00
-4.545921802520751953e+00
-5.045563220977783203e+00
-1.082673549652099609e+01
-1.841873931884765625e+01
-1.940300750732421875e+01
-1.957649612426757812e+01
-1.892144012451171875e+01
-1.866751861572265625e+01
-1.900854110717773438e+01
-2.121320152282714844e+01
-2.341487884521484375e+01
-2.223118782043457031e+01
-1.536297893524169922e+01
-7.561339378356933594e+00
-3.973917007446289062e+00
-1.440418481826782227e+00
-1.922155499458312988e+00
-4.246406555175781250e+00
-7.442886829376220703e+00
-9.634200096130371094e+00
-1.087880516052246094e+01
-1.203455448150634766e+01
-1.237642288208007812e+01
-1.174740695953369141e+01
-1.014729595184326172e+01
-8.085607528686523438e+00
-7.227011680603027344e+00
-8.276603698730468750e+00
-1.042398357391357422e+01
-1.217058944702148438e+01
-1.413218688964843750e+01
-1.499870681762695312e+01
-1.520386505126953125e+01
-1.495924758911132812e+01
-1.503908157348632812e+01
-1.726020622253417969e+01
-1.886982345581054688e+01
-2.055896377563476562e+01
-2.098531913757324219e+01
-2.220727348327636719e+01
-2.330298614501953125e+01
-2.184465408325195312e+01
-1.823890686035156250e+01
-1.334440994262695312e+01
-1.058440208435058594e+01
-1.075743103027343750e+01
-1.150507354736328125e+01
-1.244255161285400391e+01
-1.364875411987304688e+01
-1.282698059082031250e+01
-9.407125473022460938e+00
-9.645231246948242188e+00
-1.054916954040527344e+01
-1.397529697418212891e+01
-1.594020462036132812e+01
-1.734909820556640625e+01
-1.553086471557617188e+01
-9.870194435119628906e+00
-6.072568893432617188e+00
-8.733434677124023438e+00
-1.070701026916503906e+01
-1.350901794433593750e+01
-1.505663013458251953e+01
-1.630669784545898438e+01
-1.587928104400634766e+01
-1.601535606384277344e+01
-1.587332916259765625e+01
-1.468654251098632812e+01
-1.232173442840576172e+01
-8.739426612854003906e+00
-5.448736190795898438e+00
-3.242550611495971680e+00
-1.711674690246582031e+00
-1.689375996589660645e+00
-1.805257201194763184e+00
-2.130630254745483398e+00
-2.070418596267700195e+00
-1.762588739395141602e+00
-1.340144634246826172e+00
-1.375482439994812012e+00
-8.146100044250488281e-01
-3.228968679904937744e-01
-5.925351977348327637e-01
-1.508135914802551270e+00
-1.558588385581970215e+00
-1.336445093154907227e+00
-3.603852987289428711e-01
-1.967998296022415161e-01
-6.605010628700256348e-01
-1.785877943038940430e+00
-1.661608815193176270e+00
-1.168664813041687012e+00
-3.751504421234130859e-01
-8.491740822792053223e-01
-1.003880023956298828e+00
-9.880606532096862793e-01
-1.737254858016967773e+00
-3.590651035308837891e+00
-5.773581981658935547e+00
-9.189280509948730469e+00
-1.215846824645996094e+01
-1.449649429321289062e+01
-1.562965869903564453e+01
-1.571372413635253906e+01
-1.500529479980468750e+01
-1.546043491363525391e+01
-1.622160911560058594e+01
-1.687310218811035156e+01
-1.599167537689208984e+01
-1.435154724121093750e+01
-1.226413059234619141e+01
-1.084551429748535156e+01
-8.849882125854492188e+00
-7.651713371276855469e+00
-8.332590103149414062e+00
-1.259958553314208984e+01
-1.361662197113037109e+01
-1.037222862243652344e+01
-5.730176448822021484e+00
-3.894887208938598633e+00
-3.387322187423706055e+00
-3.180044174194335938e+00
-3.712132930755615234e+00
-6.631224632263183594e+00
-9.808922767639160156e+00
-1.274809360504150391e+01
-1.386956024169921875e+01
-1.523099708557128906e+01
-1.475538730621337891e+01
-1.511631488800048828e+01
-1.369561481475830078e+01
-1.354146957397460938e+01
-1.424905586242675781e+01
-1.467696380615234375e+01
-1.446433162689208984e+01
-1.309975528717041016e+01
-1.086506938934326172e+01
-8.353552818298339844e+00
-7.313862800598144531e+00
-7.423896312713623047e+00
-6.993911266326904297e+00
-5.953233242034912109e+00
-4.793399333953857422e+00
-3.768543481826782227e+00
-3.575748920440673828e+00
-3.283350467681884766e+00
-3.370655775070190430e+00
-3.976310968399047852e+00
-4.538736820220947266e+00
-5.464092731475830078e+00
-5.381895065307617188e+00
-4.194615840911865234e+00
-3.154783487319946289e+00
-3.595829963684082031e+00
-4.208532333374023438e+00
-4.962764739990234375e+00
-5.311079978942871094e+00
-4.862384796142578125e+00
-4.640133857727050781e+00
-4.770358085632324219e+00
-5.793417453765869141e+00
-8.585775375366210938e+00
-1.093341827392578125e+01
-1.311500930786132812e+01
-1.396630954742431641e+01
-1.414575386047363281e+01
-1.545874214172363281e+01
-1.672677612304687500e+01
-1.705469322204589844e+01
-1.726443481445312500e+01
-1.779469108581542969e+01
-1.877815055847167969e+01
-1.888807678222656250e+01
-1.899712562561035156e+01
-1.854596328735351562e+01
-1.654170227050781250e+01
-1.424147987365722656e+01
-1.687018013000488281e+01
-2.010227394104003906e+01
-2.177404975891113281e+01
-2.148245620727539062e+01
-2.153283882141113281e+01
-2.119893836975097656e+01
-2.204675102233886719e+01
-2.205083656311035156e+01
-2.199802398681640625e+01
-2.139388275146484375e+01
-2.233918380737304688e+01
-2.136259078979492188e+01
-2.144602775573730469e+01
-1.772972488403320312e+01
-1.538098430633544922e+01
-1.305095481872558594e+01
-9.935724258422851562e+00
-6.675230026245117188e+00
-6.060310363769531250e+00
-5.675388336181640625e+00
-6.326176643371582031e+00
-6.738826751708984375e+00
-6.488599777221679688e+00
-6.316594123840332031e+00
-8.187149047851562500e+00
-9.316823959350585938e+00
-1.290117835998535156e+01
-1.442275333404541016e+01
-1.182308769226074219e+01
-1.018697357177734375e+01
-1.020726680755615234e+01
-8.752106666564941406e+00
-5.278981685638427734e+00
-3.662564039230346680e+00
-5.422273159027099609e+00
-8.759789466857910156e+00
-1.223777770996093750e+01
-1.379680442810058594e+01
-1.487666034698486328e+01
-1.319315814971923828e+01
-1.283719635009765625e+01
-1.757046508789062500e+01
-2.013158988952636719e+01
-2.002687454223632812e+01
-1.994781303405761719e+01
-1.997931289672851562e+01
-2.049611091613769531e+01
-2.092271423339843750e+01
-2.023880386352539062e+01
-1.872089385986328125e+01
-1.806168746948242188e+01
-1.216925239562988281e+01
-9.298151016235351562e+00
-9.846763610839843750e+00
-7.893198966979980469e+00
-1.162028503417968750e+01
-1.737298965454101562e+01
-1.950616836547851562e+01
-2.085541725158691406e+01
-2.121761512756347656e+01
-2.236152076721191406e+01
-2.291887092590332031e+01
-2.269436645507812500e+01
-2.247666358947753906e+01
-2.288603210449218750e+01
-2.349295425415039062e+01
-2.421886062622070312e+01
-2.439288139343261719e+01
-2.524713516235351562e+01
-2.576337242126464844e+01
-2.579342651367187500e+01
-2.586361503601074219e+01
-2.589397430419921875e+01
-2.554143524169921875e+01
-2.464951515197753906e+01
-2.369610977172851562e+01
-2.405813026428222656e+01
-2.289847373962402344e+01
-2.275345420837402344e+01
-2.110684013366699219e+01
-2.019088935852050781e+01
-1.635366058349609375e+01
-9.036507606506347656e+00
-5.104438781738281250e+00
-6.107413291931152344e+00
-5.948585510253906250e+00
-3.688141822814941406e+00
-4.567767620086669922e+00
-6.731215953826904297e+00
-7.311537265777587891e+00
-8.629955291748046875e+00
-1.049216079711914062e+01
-1.268907737731933594e+01
-1.345433998107910156e+01
-1.477755165100097656e+01
-1.593689250946044922e+01
-1.600105094909667969e+01
-1.648800659179687500e+01
-1.713555526733398438e+01
-1.768081855773925781e+01
-1.861188316345214844e+01
-1.857566642761230469e+01
-1.846587562561035156e+01
-1.723276329040527344e+01
-1.524723911285400391e+01
-1.405274009704589844e+01
-1.439136123657226562e+01
-1.363783168792724609e+01
-1.341896438598632812e+01
-1.236000251770019531e+01
-1.340462493896484375e+01
-1.293627643585205078e+01
-1.129529476165771484e+01
-1.048793029785156250e+01
-1.004354095458984375e+01
-9.915570259094238281e+00
-1.043250751495361328e+01
-1.046090984344482422e+01
-1.130590152740478516e+01
-1.210016155242919922e+01
-1.293507289886474609e+01
-1.353477382659912109e+01
-1.271451377868652344e+01
-1.088123798370361328e+01
-8.940640449523925781e+00
-8.397559165954589844e+00
-8.516188621520996094e+00
-9.915960311889648438e+00
-5.245581150054931641e+00
-4.333430767059326172e+00
-3.093266487121582031e+00
-2.074647665023803711e+00
-4.078311920166015625e+00
-7.355191230773925781e+00
-1.123332309722900391e+01
-1.254874706268310547e+01
-1.378901672363281250e+01
-1.365365409851074219e+01
-1.137545204162597656e+01
-1.001982784271240234e+01
-7.698184490203857422e+00
-5.957955360412597656e+00
-3.822662830352783203e+00
-2.677727460861206055e+00
-2.992534875869750977e+00
-3.225742340087890625e+00
-3.751066446304321289e+00
-4.042583942413330078e+00
-4.322122573852539062e+00
-3.101441383361816406e+00
-3.116522073745727539e+00
-2.392837285995483398e+00
-1.046652317047119141e+00
-4.959240913391113281e+00
-8.352812767028808594e+00
-7.177721500396728516e+00
-6.830151081085205078e+00
-7.309246063232421875e+00
-7.764034748077392578e+00
-8.075985908508300781e+00
-7.671091079711914062e+00
-8.576401710510253906e+00
-9.302698135375976562e+00
-9.587693214416503906e+00
-9.323938369750976562e+00
-1.072487449645996094e+01
-1.337664890289306641e+01
-1.418260574340820312e+01
-1.479727935791015625e+01
-1.481986427307128906e+01
-1.624349021911621094e+01
-1.804364585876464844e+01
-2.007842445373535156e+01
-1.989517784118652344e+01
-2.007190513610839844e+01
-1.930868721008300781e+01
-1.868072891235351562e+01
-1.711783027648925781e+01
-1.850555610656738281e+01
-1.738958168029785156e+01
-1.638727188110351562e+01
-1.478533840179443359e+01
-1.242166042327880859e+01
-1.028262996673583984e+01
-7.635364055633544922e+00
-4.965301036834716797e+00
-3.482415437698364258e+00
-5.121418952941894531e+00
-1.072156429290771484e+01
-1.205625915527343750e+01
-1.236169052124023438e+01
-1.324558162689208984e+01
-1.433918190002441406e+01
-1.292271041870117188e+01
-9.793945312500000000e+00
-6.927816390991210938e+00
-7.536570549011230469e+00
-7.597169876098632812e+00
-7.639276027679443359e+00
-5.258402347564697266e+00
-3.299419641494750977e+00
-3.048874616622924805e+00
-3.518213033676147461e+00
-8.083634376525878906e+00
-1.335892963409423828e+01
-1.529276180267333984e+01
-1.656935691833496094e+01
-1.770604515075683594e+01
-1.961003494262695312e+01
-1.985176849365234375e+01
-2.102774238586425781e+01
-2.193481063842773438e+01
-2.337228393554687500e+01
-2.365629577636718750e+01
-2.455205917358398438e+01
-2.416984939575195312e+01
-2.450907135009765625e+01
-2.588365936279296875e+01
-2.698299598693847656e+01
-2.712248420715332031e+01
-2.827717590332031250e+01
-2.882339286804199219e+01
-2.831427764892578125e+01
-2.757945632934570312e+01
-2.822714996337890625e+01
-2.810541534423828125e+01
-2.692901802062988281e+01
-2.715063285827636719e+01
-2.845975494384765625e+01
-2.898979377746582031e+01
-2.925872611999511719e+01
-2.852514648437500000e+01
-2.812211036682128906e+01
-2.758734703063964844e+01
-2.604805564880371094e+01
-2.519295310974121094e+01
-2.544310951232910156e+01
-2.530862426757812500e+01
-2.349331092834472656e+01
-2.174279403686523438e+01
-1.996211624145507812e+01
-1.478195667266845703e+01
-1.791769218444824219e+01
-2.107558441162109375e+01
-1.784299850463867188e+01
-1.575265598297119141e+01
-1.848786544799804688e+01
-1.829676055908203125e+01
-1.774969673156738281e+01
-1.396979808807373047e+01
-1.317053890228271484e+01
-1.424299526214599609e+01
-1.404216670989990234e+01
-1.317501449584960938e+01
-1.449423885345458984e+01
-1.312008476257324219e+01
-1.572260475158691406e+01
-1.612042045593261719e+01
-1.593463706970214844e+01
-1.489963054656982422e+01
-1.491192722320556641e+01
-1.347826480865478516e+01
-1.209519195556640625e+01
-1.192660140991210938e+01
-1.174116802215576172e+01
-1.182291221618652344e+01
-1.208053398132324219e+01
-1.391440963745117188e+01
-1.508538055419921875e+01
-1.490093898773193359e+01
-1.443885135650634766e+01
-1.420518970489501953e+01
-1.420092582702636719e+01
-1.441824245452880859e+01
-1.414673805236816406e+01
-1.344855976104736328e+01
-1.273995399475097656e+01
-1.141526508331298828e+01
-1.015025997161865234e+01
-8.544056892395019531e+00
-8.045090675354003906e+00
-7.620001316070556641e+00
-7.480550765991210938e+00
-8.651375770568847656e+00
-9.714041709899902344e+00
-1.048204898834228516e+01
-9.605910301208496094e+00
-8.045018196105957031e+00
-6.010068893432617188e+00
-7.602246284484863281e+00
-7.291138648986816406e+00
-4.551279544830322266e+00
-2.863018274307250977e+00
-4.850795745849609375e+00
-1.283547401428222656e+01
-1.169061183929443359e+01
-5.587588787078857422e+00
-3.813607215881347656e+00
-5.704560756683349609e+00
-6.950433254241943359e+00
-5.419843673706054688e+00
-3.194314479827880859e+00
-6.394422531127929688e+00
-9.117791175842285156e+00
-9.964897155761718750e+00
-1.122972774505615234e+01
-1.169181060791015625e+01
-1.199262714385986328e+01
-1.322641754150390625e+01
-1.439135742187500000e+01
-1.418929767608642578e+01
-1.374997425079345703e+01
-1.429831504821777344e+01
-1.457805824279785156e+01
-1.303375911712646484e+01
-1.348221015930175781e+01
-1.542826080322265625e+01
-1.568183994293212891e+01
-1.491221141815185547e+01
-1.393276500701904297e+01
-1.356750679016113281e+01
-1.196014118194580078e+01
-1.075443458557128906e+01
-1.157916831970214844e+01
-1.307734775543212891e+01
-1.286436080932617188e+01
-1.295596885681152344e+01
-1.231810951232910156e+01
-1.310672950744628906e+01
-1.361496448516845703e+01
-1.339024639129638672e+01
-1.311778926849365234e+01
-1.297122478485107422e+01
-1.320066261291503906e+01
-1.291664981842041016e+01
-1.192737865447998047e+01
-1.249635314941406250e+01
-1.272614288330078125e+01
-1.357398986816406250e+01
-1.447091484069824219e+01
-1.683984565734863281e+01
-1.820367813110351562e+01
-1.746022415161132812e+01
-1.709383583068847656e+01
-1.744556999206542969e+01
-1.755457687377929688e+01
-1.659335136413574219e+01
-1.589341545104980469e+01
-1.662418174743652344e+01
-1.696354293823242188e+01
-1.692309570312500000e+01
-1.659176635742187500e+01
-1.874640655517578125e+01
-1.996109580993652344e+01
-1.808374214172363281e+01
-1.752906990051269531e+01
-2.000432395935058594e+01
-2.114315986633300781e+01
-1.938609313964843750e+01
-1.840506553649902344e+01
-2.056925010681152344e+01
-2.148143768310546875e+01
-1.957734107971191406e+01
-1.867269897460937500e+01
-1.943521308898925781e+01
-1.841944503784179688e+01
-1.783481979370117188e+01
-1.779613685607910156e+01
-1.924893379211425781e+01
-2.003924179077148438e+01
-1.798717117309570312e+01
-1.702745819091796875e+01
-1.889942169189453125e+01
-2.015290641784667969e+01
-1.924928474426269531e+01
-1.841993713378906250e+01
-2.058007049560546875e+01
-2.164181137084960938e+01
-2.035422515869140625e+01
-1.894571685791015625e+01
-1.880073547363281250e+01
-1.665144920349121094e+01
-1.098827743530273438e+01
-6.754679203033447266e+00
-6.148672580718994141e+00
-6.827188968658447266e+00
-7.243290901184082031e+00
-6.984435558319091797e+00
-6.923091888427734375e+00
-6.503151893615722656e+00
-5.937059879302978516e+00
-5.615420818328857422e+00
-6.088634490966796875e+00
-6.130670070648193359e+00
-5.678171157836914062e+00
-5.361002445220947266e+00
-6.245880603790283203e+00
-6.634398460388183594e+00
-6.216073036193847656e+00
-7.289375305175781250e+00
-1.133348751068115234e+01
-1.340592670440673828e+01
-1.258186244964599609e+01
-1.222985172271728516e+01
-1.421199035644531250e+01
-1.535491085052490234e+01
-1.419060420989990234e+01
-1.273022842407226562e+01
-1.269334030151367188e+01
-1.068682289123535156e+01
-8.785861968994140625e+00
-9.099716186523437500e+00
-1.212256717681884766e+01
-1.459070873260498047e+01
-1.392427825927734375e+01
-1.324639606475830078e+01
-1.559150218963623047e+01
-1.720411682128906250e+01
-1.569346618652343750e+01
-1.441940402984619141e+01
-1.768888854980468750e+01
-1.930671691894531250e+01
-1.659472846984863281e+01
-1.424940967559814453e+01
-1.526602077484130859e+01
-1.551258182525634766e+01
-1.400326824188232422e+01
-1.305733489990234375e+01
-1.372542381286621094e+01
-1.354668140411376953e+01
-1.170385646820068359e+01
-1.015212631225585938e+01
-1.085241603851318359e+01
-1.168095493316650391e+01
-9.557816505432128906e+00
-8.791253089904785156e+00
-9.231912612915039062e+00
-9.275991439819335938e+00
-9.942314147949218750e+00
-9.438270568847656250e+00
-1.179511070251464844e+01
-1.196503829956054688e+01
-9.649914741516113281e+00
-5.198404312133789062e+00
-3.652485132217407227e+00
-7.627012729644775391e+00
-9.318761825561523438e+00
-8.923163414001464844e+00
-1.085410976409912109e+01
-1.219732952117919922e+01
-1.031409645080566406e+01
-1.030186843872070312e+01
-1.262255668640136719e+01
-1.388403892517089844e+01
-1.290223693847656250e+01
-1.165946197509765625e+01
-1.263682651519775391e+01
-1.122898674011230469e+01
-8.191199302673339844e+00
-6.377616882324218750e+00
-7.569301128387451172e+00
-8.305777549743652344e+00
-6.344498157501220703e+00
-6.483137607574462891e+00
-8.339814186096191406e+00
-1.007694053649902344e+01
-9.836509704589843750e+00
-9.706958770751953125e+00
-1.133485984802246094e+01
-1.038611030578613281e+01
-8.506039619445800781e+00
-7.849967956542968750e+00
-8.170129776000976562e+00
-8.429372787475585938e+00
-8.631506919860839844e+00
-7.793420791625976562e+00
-6.390512943267822266e+00
-6.068763732910156250e+00
-5.961302757263183594e+00
-6.410840511322021484e+00
-7.235825061798095703e+00
-8.545328140258789062e+00
-8.159347534179687500e+00
-7.854124546051025391e+00
-9.379466056823730469e+00
-1.097418308258056641e+01
-1.085650348663330078e+01
-1.039896869659423828e+01
-1.266635608673095703e+01
-1.401102066040039062e+01
-1.283043479919433594e+01
-1.196176242828369141e+01
-1.355912017822265625e+01
-1.366207504272460938e+01
-1.159752559661865234e+01
-9.346065521240234375e+00
-7.567046642303466797e+00
-5.213024139404296875e+00
-3.426853656768798828e+00
-2.135564327239990234e+00
-1.967747688293457031e+00
-1.413077950477600098e+00
-1.323584794998168945e+00
-3.332816600799560547e+00
-6.119499206542968750e+00
-7.393383026123046875e+00
-7.296492576599121094e+00
-7.569584369659423828e+00
-8.255465507507324219e+00
-9.208093643188476562e+00
-6.827644824981689453e+00
-5.857050418853759766e+00
-4.864607334136962891e+00
-4.284601211547851562e+00
-4.238445758819580078e+00
-4.119922161102294922e+00
-5.885375976562500000e+00
-6.422467231750488281e+00
-5.037600994110107422e+00
-4.842057704925537109e+00
-5.980715751647949219e+00
-6.731460094451904297e+00
-5.827384948730468750e+00
-5.677009105682373047e+00
-7.695575714111328125e+00
-1.008335304260253906e+01
-9.579627990722656250e+00
-9.152497291564941406e+00
-1.136780643463134766e+01
-1.210991859436035156e+01
-9.897641181945800781e+00
-9.103523254394531250e+00
-1.050650119781494141e+01
-1.082260894775390625e+01
-9.176383018493652344e+00
-7.441124439239501953e+00
-8.538035392761230469e+00
-8.886699676513671875e+00
-6.973721504211425781e+00
-5.613835811614990234e+00
-5.689445972442626953e+00
-4.099346637725830078e+00
-2.153883457183837891e+00
-1.351770281791687012e+00
-2.417955875396728516e+00
-2.184890508651733398e+00
-1.111131072044372559e+00
-7.443890571594238281e-01
-2.344214677810668945e+00
-2.941868782043457031e+00
-1.493090748786926270e+00
-7.173665165901184082e-01
-2.157654762268066406e+00
-3.122721433639526367e+00
-2.061682462692260742e+00
-1.425621747970581055e+00
-3.413146495819091797e+00
-4.429233074188232422e+00
-3.762234926223754883e+00
-2.931090354919433594e+00
-4.344532966613769531e+00
-4.982107639312744141e+00
-3.851870775222778320e+00
-3.099715471267700195e+00
-5.178955078125000000e+00
-6.116153717041015625e+00
-3.893304109573364258e+00
-2.879118919372558594e+00
-4.075458049774169922e+00
-5.066209316253662109e+00
-3.556087493896484375e+00
-3.004303932189941406e+00
-5.122406482696533203e+00
-6.025496959686279297e+00
-3.882170677185058594e+00
-3.523112058639526367e+00
-5.900313377380371094e+00
-6.899522781372070312e+00
-4.372365951538085938e+00
-3.735281467437744141e+00
-5.876251697540283203e+00
-7.025199890136718750e+00
-5.581809997558593750e+00
-4.362499237060546875e+00
-6.150398254394531250e+00
-6.808656692504882812e+00
-5.300999641418457031e+00
-4.133416652679443359e+00
-6.024369716644287109e+00
-5.950489044189453125e+00
-3.968770265579223633e+00
-3.387531995773315430e+00
-5.313755035400390625e+00
-5.985332489013671875e+00
-4.114636421203613281e+00
-3.547245025634765625e+00
-3.898340702056884766e+00
-3.375730276107788086e+00
-1.400745630264282227e+00
-1.270023882389068604e-01
-2.436840295791625977e+00
-3.556900739669799805e+00
-1.946750521659851074e+00
-1.017516016960144043e+00
-3.300862550735473633e+00
-4.413061618804931641e+00
-2.721240758895874023e+00
-1.272389769554138184e+00
-3.489321947097778320e+00
-4.062244415283203125e+00
-1.683099031448364258e+00
5.633876919746398926e-01
2.684513628482818604e-01
2.854710519313812256e-01
8.344346284866333008e-01
9.195572733879089355e-01
1.965428441762924194e-01
-3.439657688140869141e-01
1.222014874219894409e-01
4.558565914630889893e-01
-9.405677914619445801e-01
-1.363291978836059570e+00
-2.422485351562500000e-01
4.448643624782562256e-01
-6.249143481254577637e-01
-5.719267129898071289e-01
2.943843305110931396e-01
7.999417781829833984e-01
1.720656082034111023e-02
-6.542277932167053223e-01
1.155444264411926270e+00
1.231088757514953613e+00
-7.589421868324279785e-01
-1.672356843948364258e+00
5.026105642318725586e-01
1.056862235069274902e+00
-6.467236876487731934e-01
-2.048012256622314453e+00
-5.963771939277648926e-01
3.682331144809722900e-01
-1.143263936042785645e+00
-2.142363548278808594e+00
-7.861408591270446777e-01
3.609731495380401611e-01
-1.376010775566101074e+00
-2.342908859252929688e+00
-1.192503795027732849e-01
4.470461010932922363e-01
-1.354272723197937012e+00
-2.300630807876586914e+00
2.930099666118621826e-01
6.390343308448791504e-01
-1.252448916435241699e+00
-2.121365308761596680e+00
1.513372063636779785e-01
7.542794346809387207e-01
-9.923598766326904297e-01
-1.253226280212402344e+00
4.060176387429237366e-02
5.800374224781990051e-02
-1.433722734451293945e+00
-7.921292781829833984e-01
3.306750953197479248e-01
6.289919018745422363e-01
-1.008673429489135742e+00
-9.973273277282714844e-01
-1.109710186719894409e-01
1.936179697513580322e-01
-1.308081865310668945e+00
-2.025778770446777344e+00
-1.207035541534423828e+00
-5.817560553550720215e-01
-2.322405338287353516e+00
-2.870593070983886719e+00
-1.479667782783508301e+00
-6.565192937850952148e-01
-1.920606613159179688e+00
-2.871651649475097656e+00
-5.097393989562988281e-01
1.480621844530105591e-01
-1.452783465385437012e+00
-2.154662132263183594e+00
-4.191894531250000000e-01
-6.365859881043434143e-03
-1.575676083564758301e+00
-2.513931512832641602e+00
-5.996869802474975586e-01
-1.859826892614364624e-01
-1.754380106925964355e+00
-2.575766563415527344e+00
-3.034823238849639893e-01
2.218392342329025269e-01
-1.663019061088562012e+00
-2.453927516937255859e+00
-1.125221133232116699e+00
