1.731539011001586914e+00
2.824053764343261719e-01
-4.754933118820190430e-01
1.096252441406250000e+00
1.566509008407592773e+00
-4.135875999927520752e-01
-1.690431237220764160e+00
1.101397037506103516e+00
1.650748252868652344e+00
-3.500628471374511719e-01
-1.828895926475524902e+00
5.647620558738708496e-01
9.860796928405761719e-01
-1.006662964820861816e+00
-2.205569505691528320e+00
5.255137681961059570e-01
9.745922684669494629e-01
-9.145315289497375488e-01
-1.775130391120910645e+00
4.474712312221527100e-01
1.042592406272888184e+00
-7.914599776268005371e-01
-1.900702238082885742e+00
5.947120785713195801e-01
8.715006709098815918e-01
-7.470322847366333008e-01
-1.797046303749084473e+00
6.361469626426696777e-01
6.899098157882690430e-01
-9.271416664123535156e-01
-2.160193681716918945e+00
-2.068047821521759033e-01
2.196917682886123657e-01
-1.287226080894470215e+00
-2.348021984100341797e+00
5.051842331886291504e-01
1.244123458862304688e+00
-3.351938426494598389e-01
-1.194736957550048828e+00
1.039246678352355957e+00
1.307823896408081055e+00
-6.792442202568054199e-01
-1.673237562179565430e+00
2.994925379753112793e-01
6.545335054397583008e-01
-2.791025340557098389e-01
-4.273997545242309570e-01
8.256268501281738281e-01
1.678686857223510742e+00
4.739679694175720215e-01
2.779664099216461182e-01
1.172917962074279785e+00
8.340818285942077637e-01
7.790489792823791504e-01
6.883962750434875488e-01
1.283268928527832031e+00
1.202936530113220215e+00
7.275717258453369141e-01
2.042241692543029785e-01
1.061123490333557129e+00
1.255823016166687012e+00
5.328636988997459412e-02
-7.263510227203369141e-01
6.318107843399047852e-01
4.673440456390380859e-01
-4.047075212001800537e-01
-5.988780260086059570e-01
4.127325713634490967e-01
8.693521022796630859e-01
-3.582870820537209511e-03
-3.651781678199768066e-01
5.169163942337036133e-01
9.443969726562500000e-01
1.808996349573135376e-01
-7.943832874298095703e-02
6.453776955604553223e-01
9.745563864707946777e-01
-5.358800888061523438e-01
-1.201151013374328613e+00
3.908161222934722900e-01
1.135112524032592773e+00
-1.625168174505233765e-01
-5.330644845962524414e-01
7.626647949218750000e-01
1.074338197708129883e+00
8.619288355112075806e-02
-3.039422333240509033e-01
5.341464877128601074e-01
8.199886083602905273e-01
-2.591258287429809570e-01
-1.186703920364379883e+00
3.883506357669830322e-01
7.612208127975463867e-01
-9.744958877563476562e-01
-2.094202518463134766e+00
-5.745689272880554199e-01
-3.536542952060699463e-01
-2.640522718429565430e+00
-4.279631614685058594e+00
-1.361001491546630859e+00
-9.053703546524047852e-01
-3.182193756103515625e+00
-5.074734210968017578e+00
-2.958430767059326172e+00
-2.347207069396972656e+00
-4.614065647125244141e+00
-6.040752410888671875e+00
-2.651516675949096680e+00
-1.493832826614379883e+00
-3.226518154144287109e+00
-4.615827083587646484e+00
-1.856624722480773926e+00
-7.611260414123535156e-01
-2.659656286239624023e+00
-3.986248970031738281e+00
-1.415580391883850098e+00
-4.071772992610931396e-01
-1.020512104034423828e+00
-1.446758627891540527e+00
-2.067003771662712097e-02
2.553807199001312256e-01
-2.905894517898559570e-01
-5.907378792762756348e-01
6.617591977119445801e-01
5.115597248077392578e-01
-3.076771497726440430e-01
-7.696506381034851074e-01
-3.825100064277648926e-01
-1.802405714988708496e-01
-8.901832699775695801e-01
-1.653540372848510742e+00
-9.943328499794006348e-01
-3.911454081535339355e-01
-5.137896537780761719e-01
-3.256803750991821289e-01
4.099496006965637207e-01
4.175939857959747314e-01
-3.227571249008178711e-01
-1.144954204559326172e+00
1.477371994405984879e-02
4.241124093532562256e-01
-6.099751591682434082e-01
-1.069131970405578613e+00
5.899187326431274414e-01
1.087585449218750000e+00
-1.830894127488136292e-02
-6.446816921234130859e-01
-4.443787620402872562e-04
4.014914035797119141e-01
-1.185155510902404785e+00
-2.171537160873413086e+00
-7.228597253561019897e-02
6.264889240264892578e-01
-1.010012388229370117e+00
-1.871667742729187012e+00
-5.364669114351272583e-02
4.464850127696990967e-01
-1.713085532188415527e+00
-3.553974390029907227e+00
-9.448311924934387207e-01
-2.734321355819702148e-01
-1.965567111968994141e+00
-2.198525428771972656e+00
-8.198590278625488281e-01
-3.307912647724151611e-01
-7.881496548652648926e-01
-1.231309294700622559e+00
-2.669833004474639893e-01
-9.032132220454514027e-04
-1.741905927658081055e+00
-2.284774541854858398e+00
-8.499145507812500000e-01
-2.705431580543518066e-01
-1.496509790420532227e+00
-1.837248206138610840e+00
-7.795501351356506348e-01
-4.856037199497222900e-01
-2.588343620300292969e+00
-3.020442008972167969e+00
-1.205026149749755859e+00
-2.551446259021759033e-01
-6.077575683593750000e-01
-1.804653763771057129e+00
-2.610153436660766602e+00
-1.282080411911010742e+00
-1.486151933670043945e+00
-1.271367669105529785e+00
-2.254435271024703979e-01
3.570299744606018066e-01
-1.253683567047119141e+00
-1.867336869239807129e+00
-1.396095633506774902e+00
-1.002719759941101074e+00
-2.306337594985961914e+00
-3.769457340240478516e+00
-2.651377916336059570e+00
-1.410010576248168945e+00
-2.907271623611450195e+00
-4.225760936737060547e+00
-3.630359888076782227e+00
-3.109124422073364258e+00
-5.309949398040771484e+00
-6.487120628356933594e+00
-5.635503292083740234e+00
-4.535634517669677734e+00
-6.533486843109130859e+00
-7.326088428497314453e+00
-5.144074916839599609e+00
-3.470153331756591797e+00
-4.004888057708740234e+00
-5.912012577056884766e+00
-5.691558837890625000e+00
-4.635627269744873047e+00
-6.830676555633544922e+00
-8.270049095153808594e+00
-6.038639545440673828e+00
-5.031927585601806641e+00
-7.002685546875000000e+00
-8.261454582214355469e+00
-6.076656818389892578e+00
-4.753445625305175781e+00
-6.960265159606933594e+00
-8.542507171630859375e+00
-5.426079273223876953e+00
-3.506445646286010742e+00
-4.295839309692382812e+00
-4.065486907958984375e+00
-2.157691240310668945e+00
-1.426218152046203613e+00
-2.524398565292358398e+00
-2.667088508605957031e+00
-1.535087704658508301e+00
-8.888099789619445801e-01
-9.203791022300720215e-01
-6.424244642257690430e-01
-1.666067093610763550e-01
-5.030100047588348389e-02
-2.275931388139724731e-01
-5.913021564483642578e-01
-7.985411286354064941e-01
-7.267413288354873657e-02
-3.318117260932922363e-01
-4.662261307239532471e-01
-5.792884230613708496e-01
-2.357638180255889893e-01
-7.992478609085083008e-01
-1.173636436462402344e+00
-4.626663029193878174e-01
1.685325205326080322e-01
-4.362070262432098389e-01
-1.037034392356872559e+00
-7.798327803611755371e-01
-6.829094886779785156e-01
-1.317984104156494141e+00
-1.468497872352600098e+00
-1.041652202606201172e+00
-6.834368705749511719e-01
-2.556948900222778320e+00
-2.989047288894653320e+00
-9.857006669044494629e-01
-6.154003366827964783e-02
-1.419763416051864624e-01
-2.305528074502944946e-01
-1.446533203125000000e-01
-7.375906109809875488e-01
-1.838159441947937012e+00
-2.988450527191162109e+00
-3.226200580596923828e+00
-3.043625116348266602e+00
-3.627294063568115234e+00
-4.009851932525634766e+00
-3.250405788421630859e+00
-2.797804355621337891e+00
-3.964580297470092773e+00
-4.789735317230224609e+00
-4.321911811828613281e+00
-3.731828689575195312e+00
-3.239730596542358398e+00
-3.486328125000000000e+00
-3.754132270812988281e+00
-5.077414035797119141e+00
-6.012709140777587891e+00
-7.595515251159667969e+00
-7.870192050933837891e+00
-8.034905433654785156e+00
-9.703467369079589844e+00
-1.126298809051513672e+01
-1.030634212493896484e+01
-9.332254409790039062e+00
-1.043095970153808594e+01
-1.196436786651611328e+01
-1.077539920806884766e+01
-9.726794242858886719e+00
-1.044906902313232422e+01
-1.122694587707519531e+01
-1.015501689910888672e+01
-9.435981750488281250e+00
-1.020902729034423828e+01
-1.054740524291992188e+01
-8.668712615966796875e+00
-7.203020572662353516e+00
-5.456591129302978516e+00
-4.118408679962158203e+00
-3.109194517135620117e+00
-2.432581901550292969e+00
-1.932410478591918945e+00
-1.679966926574707031e+00
-1.222958207130432129e+00
-1.589805245399475098e+00
-2.211632966995239258e+00
-3.109932422637939453e+00
-3.065505266189575195e+00
-2.811297416687011719e+00
-3.309281826019287109e+00
-3.257135152816772461e+00
-2.698023796081542969e+00
-3.777070045471191406e+00
-5.354732036590576172e+00
-7.249667644500732422e+00
-7.321053028106689453e+00
-7.335389137268066406e+00
-7.581103324890136719e+00
-7.940447330474853516e+00
-6.557162284851074219e+00
-5.385138988494873047e+00
-5.006525516510009766e+00
-5.472023963928222656e+00
-6.256907463073730469e+00
-7.693358421325683594e+00
-1.021064949035644531e+01
-1.210241508483886719e+01
-1.271197795867919922e+01
-1.280376243591308594e+01
-1.370519733428955078e+01
-1.406510448455810547e+01
-1.262907791137695312e+01
-1.199065399169921875e+01
-1.247845554351806641e+01
-1.299134254455566406e+01
-1.307156753540039062e+01
-1.258880329132080078e+01
-1.243008518218994141e+01
-1.087228965759277344e+01
-1.015054225921630859e+01
-1.100969696044921875e+01
-1.311067676544189453e+01
-1.430606269836425781e+01
-1.377830791473388672e+01
-1.311627960205078125e+01
-1.370149707794189453e+01
-1.362388229370117188e+01
-1.323755073547363281e+01
-1.273875808715820312e+01
-1.398325729370117188e+01
-1.539014434814453125e+01
-1.552804946899414062e+01
-1.591687393188476562e+01
-1.550049591064453125e+01
-1.243399238586425781e+01
-1.077458763122558594e+01
-1.011710834503173828e+01
-1.042701435089111328e+01
-9.739760398864746094e+00
-7.998545169830322266e+00
-8.393928527832031250e+00
-9.795603752136230469e+00
-1.013370132446289062e+01
-8.778108596801757812e+00
-8.713529586791992188e+00
-1.016977977752685547e+01
-1.176290988922119141e+01
-1.343066215515136719e+01
-1.446425724029541016e+01
-1.527380561828613281e+01
-1.594422054290771484e+01
-1.577816200256347656e+01
-1.528049755096435547e+01
-1.605241775512695312e+01
-1.672860908508300781e+01
-1.309326934814453125e+01
-7.298221111297607422e+00
-6.713177204132080078e+00
-9.125015258789062500e+00
-1.157663059234619141e+01
-1.456594181060791016e+01
-1.644018936157226562e+01
-1.682472801208496094e+01
-1.627216339111328125e+01
-1.638675117492675781e+01
-1.767193984985351562e+01
-1.823619842529296875e+01
-1.808335685729980469e+01
-1.775959396362304688e+01
-1.949661827087402344e+01
-1.960799217224121094e+01
-1.846545600891113281e+01
-1.789471817016601562e+01
-1.866921234130859375e+01
-1.872177696228027344e+01
-1.836281776428222656e+01
-1.820614433288574219e+01
-1.870236396789550781e+01
-1.884713745117187500e+01
-1.915492820739746094e+01
-1.867692756652832031e+01
-1.924118041992187500e+01
-1.822506141662597656e+01
-1.649878692626953125e+01
-1.334916782379150391e+01
-9.285921096801757812e+00
-6.643800735473632812e+00
-4.466686248779296875e+00
-3.230463981628417969e+00
-2.275475263595581055e+00
-1.947561740875244141e+00
-1.753041028976440430e+00
-2.175239324569702148e+00
-3.689197778701782227e+00
-6.924397468566894531e+00
-1.135956573486328125e+01
-1.409191513061523438e+01
-1.595570755004882812e+01
-1.543150997161865234e+01
-1.123558044433593750e+01
-9.787569999694824219e+00
-1.062294387817382812e+01
-1.008863353729248047e+01
-8.299222946166992188e+00
-7.106270313262939453e+00
-4.858510971069335938e+00
-3.468462944030761719e+00
-3.714600086212158203e+00
-4.580486774444580078e+00
-5.719147205352783203e+00
-6.381316184997558594e+00
-6.608040809631347656e+00
-6.182743072509765625e+00
-4.357708930969238281e+00
-3.408709526062011719e+00
-4.547719478607177734e+00
-5.318795204162597656e+00
-6.302218437194824219e+00
-6.120275974273681641e+00
-4.361549854278564453e+00
-3.181348800659179688e+00
-2.628121376037597656e+00
-2.045546054840087891e+00
-1.890167236328125000e+00
-2.477466344833374023e+00
-2.388607740402221680e+00
-1.929944515228271484e+00
-2.726036787033081055e+00
-3.351737022399902344e+00
-3.018607139587402344e+00
-3.181104183197021484e+00
-3.897708892822265625e+00
-4.655004978179931641e+00
-4.869012832641601562e+00
-4.775605678558349609e+00
-4.213324069976806641e+00
-3.991781234741210938e+00
-4.168756008148193359e+00
-4.003759384155273438e+00
-3.477236986160278320e+00
-3.094464778900146484e+00
-2.835926771163940430e+00
-2.786986827850341797e+00
-3.131424188613891602e+00
-3.280179738998413086e+00
-3.992766857147216797e+00
-3.252236366271972656e+00
-3.287050962448120117e+00
-3.685569286346435547e+00
-4.280934810638427734e+00
-4.174884796142578125e+00
-3.833688735961914062e+00
-3.395919084548950195e+00
-3.565461158752441406e+00
-3.688673496246337891e+00
-3.681482791900634766e+00
-4.149941444396972656e+00
-4.252643585205078125e+00
-3.314249038696289062e+00
-2.958606958389282227e+00
-3.165848493576049805e+00
-3.232437372207641602e+00
-3.228385448455810547e+00
-4.304579257965087891e+00
-6.318354129791259766e+00
-8.818911552429199219e+00
-9.914972305297851562e+00
-7.674895286560058594e+00
-5.254600524902343750e+00
-4.347562789916992188e+00
-4.525137424468994141e+00
-4.433389663696289062e+00
-4.564880847930908203e+00
-5.001064777374267578e+00
-5.298218727111816406e+00
-7.026608467102050781e+00
-8.466754913330078125e+00
-9.173988342285156250e+00
-8.169636726379394531e+00
-5.294381141662597656e+00
-1.782355070114135742e+00
-7.265276908874511719e-01
-6.265349984169006348e-01
-1.222113370895385742e+00
-3.596463918685913086e+00
-1.342504620552062988e+00
-5.696689486503601074e-01
-1.164789557456970215e+00
-1.793628931045532227e+00
-2.836700916290283203e+00
-4.426588058471679688e+00
-6.921508312225341797e+00
-8.783219337463378906e+00
-9.479704856872558594e+00
-1.006721496582031250e+01
-1.027519607543945312e+01
-9.878366470336914062e+00
-8.780894279479980469e+00
-7.065893650054931641e+00
-5.498765468597412109e+00
-3.842003107070922852e+00
-2.627383470535278320e+00
-1.631273269653320312e+00
-1.359839200973510742e+00
-3.134203553199768066e-01
-7.639797329902648926e-01
-1.937907457351684570e+00
-4.461085319519042969e+00
-6.579079627990722656e+00
-7.751034259796142578e+00
-9.070262908935546875e+00
-1.010752296447753906e+01
-1.095698928833007812e+01
-1.220054054260253906e+01
-1.354897689819335938e+01
-1.577717494964599609e+01
-1.773388099670410156e+01
-1.880150794982910156e+01
-1.937118721008300781e+01
-1.975459671020507812e+01
-2.023788642883300781e+01
-2.033632850646972656e+01
-2.062252616882324219e+01
-2.051925849914550781e+01
-2.048956108093261719e+01
-2.063777923583984375e+01
-2.044266510009765625e+01
-1.955661964416503906e+01
-1.881701087951660156e+01
-1.811583900451660156e+01
-1.805178833007812500e+01
-1.758470344543457031e+01
-1.686714553833007812e+01
-1.605847740173339844e+01
-1.573387432098388672e+01
-1.438205718994140625e+01
-1.293651771545410156e+01
-1.068298053741455078e+01
-8.598494529724121094e+00
-6.762605667114257812e+00
-5.345009803771972656e+00
-5.029356479644775391e+00
-4.916714668273925781e+00
-5.641283988952636719e+00
-5.688917636871337891e+00
-6.470911979675292969e+00
-7.076850891113281250e+00
-7.758398532867431641e+00
-8.284073829650878906e+00
-9.214929580688476562e+00
-9.748886108398437500e+00
-1.055096530914306641e+01
-1.163984298706054688e+01
-1.282356357574462891e+01
-1.452817153930664062e+01
-1.485545158386230469e+01
-1.547075843811035156e+01
-1.559699916839599609e+01
-1.549912071228027344e+01
-1.560531425476074219e+01
-1.507286930084228516e+01
-1.444329547882080078e+01
-1.413546180725097656e+01
-1.455174064636230469e+01
-1.509897899627685547e+01
-1.554530906677246094e+01
-1.593981552124023438e+01
-1.638346862792968750e+01
-1.637624931335449219e+01
-1.636497116088867188e+01
-1.640221595764160156e+01
-1.611280632019042969e+01
-1.609240913391113281e+01
-1.512138652801513672e+01
-1.552614402770996094e+01
-1.694486618041992188e+01
-1.774265098571777344e+01
-1.724755668640136719e+01
-1.625913238525390625e+01
-1.553354358673095703e+01
-1.327666091918945312e+01
-1.104239463806152344e+01
-8.249865531921386719e+00
-4.417746067047119141e+00
-3.490166425704956055e+00
-5.250336647033691406e+00
-7.639839649200439453e+00
-8.076657295227050781e+00
-4.098323345184326172e+00
-2.147436380386352539e+00
-2.223187923431396484e+00
-3.569231033325195312e+00
-3.966305971145629883e+00
-2.293762207031250000e+00
-7.345939874649047852e-01
-1.787498593330383301e+00
-2.812776803970336914e+00
-4.013201236724853516e+00
-6.411407470703125000e+00
-7.784503936767578125e+00
-8.859922409057617188e+00
-1.160489177703857422e+01
-7.864166259765625000e+00
-4.742946147918701172e+00
-4.092018604278564453e+00
-2.788854837417602539e+00
-5.212778091430664062e+00
-8.229567527770996094e+00
-1.214039611816406250e+01
-1.442197799682617188e+01
-1.448578453063964844e+01
-1.319026947021484375e+01
-1.127595138549804688e+01
-9.351842880249023438e+00
-7.386443138122558594e+00
-6.038182735443115234e+00
-4.852660655975341797e+00
-6.118547916412353516e+00
-6.556879997253417969e+00
-5.291347026824951172e+00
-4.409429550170898438e+00
-8.553996086120605469e+00
-1.105056953430175781e+01
-6.777300357818603516e+00
-2.889304161071777344e+00
-9.213315844535827637e-01
-7.431119918823242188e+00
-1.125572681427001953e+01
-1.367472076416015625e+01
-1.472240638732910156e+01
-1.687095069885253906e+01
-1.817140197753906250e+01
-1.846069526672363281e+01
-1.797370910644531250e+01
-1.735135269165039062e+01
-1.561383819580078125e+01
-1.527119731903076172e+01
-1.591254425048828125e+01
-1.742516517639160156e+01
-1.872177696228027344e+01
-1.913823509216308594e+01
-1.896685981750488281e+01
-1.860720062255859375e+01
-1.806760597229003906e+01
-1.708061981201171875e+01
-1.674640274047851562e+01
-1.708495712280273438e+01
-1.747713279724121094e+01
-1.758903312683105469e+01
-1.659733200073242188e+01
-1.580201911926269531e+01
-1.465557098388671875e+01
-1.364304733276367188e+01
-1.361570358276367188e+01
-1.430933856964111328e+01
-1.542802238464355469e+01
-1.585328197479248047e+01
-1.587526893615722656e+01
-1.615205764770507812e+01
-1.663707542419433594e+01
-1.654539680480957031e+01
-1.614381217956542969e+01
-1.611280822753906250e+01
-1.685023117065429688e+01
-1.732341766357421875e+01
-1.730864906311035156e+01
-1.757106399536132812e+01
-1.788397026062011719e+01
-1.926042175292968750e+01
-2.045263290405273438e+01
-2.129945945739746094e+01
-2.212637901306152344e+01
-2.272684669494628906e+01
-2.341473770141601562e+01
-2.327884864807128906e+01
-2.244527244567871094e+01
-2.234717941284179688e+01
-2.249934959411621094e+01
-2.240732765197753906e+01
-2.317441749572753906e+01
-2.345046234130859375e+01
-2.456925201416015625e+01
-2.463306427001953125e+01
-2.431385040283203125e+01
-2.427780342102050781e+01
-2.455008697509765625e+01
-2.474277305603027344e+01
-2.489307785034179688e+01
-2.420346641540527344e+01
-2.432315254211425781e+01
-2.463905334472656250e+01
-2.578634262084960938e+01
-2.658148574829101562e+01
-2.671142578125000000e+01
-2.701329421997070312e+01
-2.723290252685546875e+01
-2.810999679565429688e+01
-2.876613426208496094e+01
-2.867083930969238281e+01
-2.861601829528808594e+01
-2.830168914794921875e+01
-2.726229286193847656e+01
-2.610262489318847656e+01
-2.415558815002441406e+01
-2.328994750976562500e+01
-2.371436309814453125e+01
-2.364283561706542969e+01
-2.390828514099121094e+01
-2.396613693237304688e+01
-2.404058074951171875e+01
-2.445041847229003906e+01
-2.373874092102050781e+01
-2.120598030090332031e+01
-1.889420700073242188e+01
-1.610276794433593750e+01
-1.095226669311523438e+01
-5.099150657653808594e+00
-8.971331596374511719e+00
-1.560263729095458984e+01
-1.683075523376464844e+01
-1.379127120971679688e+01
-1.295223426818847656e+01
-1.192868137359619141e+01
-1.948090171813964844e+01
-2.344232940673828125e+01
-2.469655036926269531e+01
-2.618278694152832031e+01
-2.643279457092285156e+01
-2.582031250000000000e+01
-2.399665069580078125e+01
-2.096209907531738281e+01
-2.036102867126464844e+01
-2.033375740051269531e+01
-2.062672233581542969e+01
-1.953861999511718750e+01
-1.823665428161621094e+01
-1.723741149902343750e+01
-1.754006385803222656e+01
-1.704581642150878906e+01
-1.690234565734863281e+01
-1.629271125793457031e+01
-1.559875869750976562e+01
-1.540857124328613281e+01
-1.758801651000976562e+01
-1.953985404968261719e+01
-1.951497459411621094e+01
-1.979764938354492188e+01
-2.165235519409179688e+01
-2.218704414367675781e+01
-2.279164886474609375e+01
-2.272156143188476562e+01
-2.341537094116210938e+01
-2.300526428222656250e+01
-2.284185218811035156e+01
-2.206975936889648438e+01
-1.968504714965820312e+01
-1.873562049865722656e+01
-1.667181777954101562e+01
-1.349739360809326172e+01
-7.572752952575683594e+00
-7.825094223022460938e+00
-1.207704544067382812e+01
-1.584704589843750000e+01
-1.791793441772460938e+01
-1.926866149902343750e+01
-1.990747261047363281e+01
-2.020864677429199219e+01
-2.015579032897949219e+01
-1.966665840148925781e+01
-1.917328643798828125e+01
-1.918350410461425781e+01
-1.934914207458496094e+01
-1.896780776977539062e+01
-1.764266204833984375e+01
-1.676638221740722656e+01
-1.654402160644531250e+01
-1.620504951477050781e+01
-1.573148727416992188e+01
-1.584457969665527344e+01
-1.596972751617431641e+01
-1.613909149169921875e+01
-1.545853042602539062e+01
-1.534374713897705078e+01
-1.538443470001220703e+01
-1.598085880279541016e+01
-1.752726745605468750e+01
-1.766514015197753906e+01
-1.608423995971679688e+01
-1.360253047943115234e+01
-1.131107902526855469e+01
-1.161169052124023438e+01
-1.271631240844726562e+01
-1.394657421112060547e+01
-1.469591617584228516e+01
-1.307248401641845703e+01
-1.176217079162597656e+01
-1.294599533081054688e+01
-1.287085151672363281e+01
-1.140518760681152344e+01
-1.107283496856689453e+01
-9.020829200744628906e+00
-9.957040786743164062e+00
-1.190285587310791016e+01
-1.379444313049316406e+01
-1.303386688232421875e+01
-8.900014877319335938e+00
-9.001345634460449219e+00
-1.431793785095214844e+01
-1.617432594299316406e+01
-1.929987716674804688e+01
-2.049589729309082031e+01
-2.142435455322265625e+01
-2.139109420776367188e+01
-2.189986419677734375e+01
-2.190419578552246094e+01
-1.952364730834960938e+01
-1.301237487792968750e+01
-7.416918277740478516e+00
-7.761746406555175781e+00
-7.227190017700195312e+00
-6.493954181671142578e+00
-4.766447544097900391e+00
-2.905334949493408203e+00
-1.482379555702209473e+00
6.850554049015045166e-02
1.805805414915084839e-01
-7.462565302848815918e-01
-9.407413005828857422e-01
-2.564034461975097656e+00
-7.810788154602050781e+00
-1.016900539398193359e+01
-1.193199157714843750e+01
-1.281577682495117188e+01
-1.003631496429443359e+01
-4.865275382995605469e+00
-1.191390156745910645e+00
-2.748582839965820312e+00
-3.734016895294189453e+00
-4.024334907531738281e+00
-5.283772945404052734e+00
-7.373830795288085938e+00
-9.388979911804199219e+00
-1.137069606781005859e+01
-1.389517402648925781e+01
-1.402374172210693359e+01
-1.143305683135986328e+01
-1.129913902282714844e+01
-1.390821075439453125e+01
-1.249815177917480469e+01
-1.100409507751464844e+01
-1.419180202484130859e+01
-1.539853000640869141e+01
-1.315566921234130859e+01
-1.138003444671630859e+01
-9.158168792724609375e+00
-8.128696441650390625e+00
-4.543739318847656250e+00
-1.231347918510437012e+00
-1.133326530456542969e+00
-1.540055155754089355e+00
-7.886012554168701172e+00
-1.573944091796875000e+01
-1.720288276672363281e+01
-1.266561603546142578e+01
-8.138984680175781250e+00
-1.143072891235351562e+01
-9.907716751098632812e+00
-8.220688819885253906e+00
-1.129529476165771484e+01
-1.086450195312500000e+01
-6.453013420104980469e+00
-1.184859466552734375e+01
-1.530353832244873047e+01
-1.612623214721679688e+01
-1.751631546020507812e+01
-1.958178329467773438e+01
-2.148171424865722656e+01
-2.287367057800292969e+01
-2.269524574279785156e+01
-2.329364585876464844e+01
-2.221241760253906250e+01
-2.357864570617675781e+01
-2.549923133850097656e+01
-2.811365509033203125e+01
-2.765647315979003906e+01
-2.670655822753906250e+01
-2.395471763610839844e+01
-1.959125709533691406e+01
-1.487000179290771484e+01
-1.251706981658935547e+01
-1.086975097656250000e+01
-1.107040214538574219e+01
-1.226012134552001953e+01
-1.449755287170410156e+01
-1.739222335815429688e+01
-2.036331367492675781e+01
-2.184060096740722656e+01
-2.265346527099609375e+01
-2.370308876037597656e+01
-2.403652763366699219e+01
-2.379793739318847656e+01
-2.391360855102539062e+01
-2.425127220153808594e+01
-2.455939102172851562e+01
-2.317350196838378906e+01
-2.033428382873535156e+01
-1.715559959411621094e+01
-1.510299491882324219e+01
-1.282701396942138672e+01
-1.061367988586425781e+01
-9.020478248596191406e+00
-7.392113208770751953e+00
-7.068567276000976562e+00
-7.227015018463134766e+00
-8.068412780761718750e+00
-9.297552108764648438e+00
-9.878897666931152344e+00
-1.043297100067138672e+01
-1.100035953521728516e+01
-1.165626144409179688e+01
-1.158572292327880859e+01
-1.174783039093017578e+01
-1.372647857666015625e+01
-1.765682411193847656e+01
-1.832811927795410156e+01
-1.741466712951660156e+01
-1.690978240966796875e+01
-1.921137809753417969e+01
-2.172940444946289062e+01
-2.139903068542480469e+01
-1.906706237792968750e+01
-1.898377037048339844e+01
-1.730072402954101562e+01
-1.762620162963867188e+01
-1.849748229980468750e+01
-1.886711502075195312e+01
-1.945849990844726562e+01
-1.974106407165527344e+01
-1.822403717041015625e+01
-1.610121536254882812e+01
-1.499433994293212891e+01
-1.346497726440429688e+01
-1.436349010467529297e+01
-1.453595542907714844e+01
-1.578986263275146484e+01
-1.712001419067382812e+01
-1.705437278747558594e+01
-1.615212631225585938e+01
-1.481542110443115234e+01
-1.524554729461669922e+01
-1.600897979736328125e+01
-1.611037635803222656e+01
-1.635288810729980469e+01
-1.570611286163330078e+01
-1.526777935028076172e+01
-1.569762420654296875e+01
-1.680717658996582031e+01
-1.781589889526367188e+01
-1.812932968139648438e+01
-1.880940246582031250e+01
-1.882360267639160156e+01
-1.963300895690917969e+01
-2.052154159545898438e+01
-2.164872169494628906e+01
-2.170054817199707031e+01
-2.277160072326660156e+01
-2.363730049133300781e+01
-2.398484611511230469e+01
-2.408057403564453125e+01
-2.474432945251464844e+01
-2.473805618286132812e+01
-2.449832916259765625e+01
-2.359875679016113281e+01
-2.288670539855957031e+01
-2.172884559631347656e+01
-1.871018600463867188e+01
-1.472646045684814453e+01
-1.534184074401855469e+01
-1.831835937500000000e+01
-2.180786895751953125e+01
-2.245499610900878906e+01
-2.188157653808593750e+01
-1.831571388244628906e+01
-1.305282497406005859e+01
-1.263453769683837891e+01
-1.630613327026367188e+01
-1.866364097595214844e+01
-1.907156944274902344e+01
-1.841465187072753906e+01
-1.434464168548583984e+01
-1.320753192901611328e+01
-1.535618019104003906e+01
-1.710955047607421875e+01
-1.873048019409179688e+01
-1.924290657043457031e+01
-2.067061996459960938e+01
-2.103527832031250000e+01
-2.200122642517089844e+01
-2.279457092285156250e+01
-2.319745826721191406e+01
-2.264373207092285156e+01
-2.315299987792968750e+01
-2.297478294372558594e+01
-2.170333480834960938e+01
-1.965097618103027344e+01
-1.590250396728515625e+01
-1.192174053192138672e+01
-1.036366653442382812e+01
-7.202949523925781250e+00
-5.194916248321533203e+00
-4.977035045623779297e+00
-5.407759189605712891e+00
-6.515096187591552734e+00
-3.999109029769897461e+00
-1.398314356803894043e+00
-1.012477397918701172e+00
-1.638988852500915527e+00
-2.728746414184570312e+00
-3.877411842346191406e+00
-7.821287631988525391e+00
-1.232047271728515625e+01
-1.471452140808105469e+01
-1.767020797729492188e+01
-1.878276443481445312e+01
-1.959044075012207031e+01
-2.130868721008300781e+01
-2.231268692016601562e+01
-2.146920967102050781e+01
-2.012327384948730469e+01
-2.091911506652832031e+01
-2.089579391479492188e+01
-2.035267639160156250e+01
-1.810805320739746094e+01
-1.619775772094726562e+01
-1.368381404876708984e+01
-1.562131023406982422e+01
-1.594524002075195312e+01
-1.515598678588867188e+01
-1.554242229461669922e+01
-1.722060394287109375e+01
-1.984222221374511719e+01
-2.291816711425781250e+01
-2.396268653869628906e+01
-2.155916213989257812e+01
-1.707878875732421875e+01
-1.659680366516113281e+01
-1.884470367431640625e+01
-1.701801490783691406e+01
-1.129198551177978516e+01
-7.537134170532226562e+00
-7.256855010986328125e+00
-8.986373901367187500e+00
-1.125664615631103516e+01
-1.402711868286132812e+01
-1.558001804351806641e+01
-1.726302337646484375e+01
-1.848233222961425781e+01
-1.978059387207031250e+01
-2.097486114501953125e+01
-2.169864845275878906e+01
-2.127803611755371094e+01
-2.263422203063964844e+01
-2.273199844360351562e+01
-1.904204368591308594e+01
-1.727507209777832031e+01
-2.013870620727539062e+01
-2.199618721008300781e+01
-2.062647247314453125e+01
-1.809635543823242188e+01
-1.669573783874511719e+01
-1.387636089324951172e+01
-1.017129611968994141e+01
-9.195022583007812500e+00
-9.864660263061523438e+00
-1.073069000244140625e+01
-1.234576988220214844e+01
-1.388827133178710938e+01
-1.710327720642089844e+01
-1.971147346496582031e+01
-1.976826858520507812e+01
-1.912071609497070312e+01
-2.123145294189453125e+01
-2.159576034545898438e+01
-1.967891693115234375e+01
-1.713756179809570312e+01
-1.623964691162109375e+01
-1.490082931518554688e+01
-8.959137916564941406e+00
-4.745412826538085938e+00
-9.618597030639648438e+00
-1.556715679168701172e+01
-1.428995800018310547e+01
-1.315464782714843750e+01
-1.367570590972900391e+01
-1.206570053100585938e+01
-1.245632839202880859e+01
-1.243962860107421875e+01
-1.126450061798095703e+01
-1.037575149536132812e+01
-7.767662525177001953e+00
-8.277873039245605469e+00
-1.067780113220214844e+01
-1.420455551147460938e+01
-1.469305992126464844e+01
-1.384693908691406250e+01
-1.471338939666748047e+01
-1.616840934753417969e+01
-1.650252342224121094e+01
-1.621917915344238281e+01
-1.688768768310546875e+01
-1.392279624938964844e+01
-8.116576194763183594e+00
-6.470280647277832031e+00
-7.036192893981933594e+00
-9.881570816040039062e+00
-1.386346817016601562e+01
-1.579987144470214844e+01
-1.783302497863769531e+01
-1.906956291198730469e+01
-1.777739143371582031e+01
-1.525770092010498047e+01
-1.557011795043945312e+01
-1.618816947937011719e+01
-1.628389930725097656e+01
-1.606908416748046875e+01
-1.645725059509277344e+01
-1.565298366546630859e+01
-1.391529083251953125e+01
-1.170889663696289062e+01
-1.257249069213867188e+01
-1.373095035552978516e+01
-1.242919921875000000e+01
-1.058158016204833984e+01
-8.990215301513671875e+00
-9.651714324951171875e+00
-8.776067733764648438e+00
-3.521349430084228516e+00
-2.086623907089233398e+00
-2.460762500762939453e+00
-3.561304569244384766e+00
-3.883684635162353516e+00
-5.108983039855957031e+00
-5.115535736083984375e+00
-5.009907722473144531e+00
-4.729346752166748047e+00
-4.923552513122558594e+00
-4.873766422271728516e+00
-3.801450967788696289e+00
-4.237986564636230469e+00
-6.727832794189453125e+00
-9.109017372131347656e+00
-7.809697151184082031e+00
-6.077008724212646484e+00
-6.128871440887451172e+00
-5.676412582397460938e+00
-4.867107868194580078e+00
-4.291049957275390625e+00
-3.833478450775146484e+00
-3.674612522125244141e+00
-5.589170932769775391e+00
-8.461258888244628906e+00
-1.091774177551269531e+01
-1.165322780609130859e+01
-1.059902381896972656e+01
-9.392184257507324219e+00
-1.025627231597900391e+01
-1.097037887573242188e+01
-9.821744918823242188e+00
-9.316082954406738281e+00
-1.169064426422119141e+01
-1.261357116699218750e+01
-1.131168174743652344e+01
-1.057964420318603516e+01
-1.200161170959472656e+01
-1.202067184448242188e+01
-1.073794460296630859e+01
-9.845493316650390625e+00
-1.112367820739746094e+01
-1.163015079498291016e+01
-1.035643959045410156e+01
-8.445546150207519531e+00
-8.772650718688964844e+00
-5.396800041198730469e+00
-1.696385383605957031e+00
-2.616882324218750000e+00
-7.422767162322998047e+00
-7.989419460296630859e+00
-4.318001270294189453e+00
-1.969757556915283203e+00
2.371306866407394409e-01
1.323998689651489258e+00
1.376778602600097656e+00
1.525427579879760742e+00
1.169994115829467773e+00
-2.092120885848999023e+00
-9.112717628479003906e+00
-1.094603347778320312e+01
-1.190436744689941406e+01
-1.239551639556884766e+01
-1.101145935058593750e+01
-9.834539413452148438e+00
-9.209786415100097656e+00
-6.492687702178955078e+00
-3.480479001998901367e+00
-2.155966281890869141e+00
-2.867986917495727539e+00
-5.443343639373779297e+00
-6.259797573089599609e+00
-7.770940303802490234e+00
-1.011062335968017578e+01
-1.177880096435546875e+01
-1.095032787322998047e+01
-1.032533359527587891e+01
-1.233410644531250000e+01
-1.371185874938964844e+01
-1.278329277038574219e+01
-1.119562530517578125e+01
-1.214099216461181641e+01
-1.216551208496093750e+01
-9.955209732055664062e+00
-9.514410972595214844e+00
-1.171178531646728516e+01
-1.269873237609863281e+01
-1.036634349822998047e+01
-8.834659576416015625e+00
-1.088486671447753906e+01
-1.137072849273681641e+01
-8.293832778930664062e+00
-6.504561424255371094e+00
-6.121895790100097656e+00
-5.507185459136962891e+00
-4.528835296630859375e+00
-4.098885536193847656e+00
-4.927637100219726562e+00
-5.679193019866943359e+00
-5.289482116699218750e+00
-4.696332454681396484e+00
-7.026010513305664062e+00
-8.613254547119140625e+00
-6.561039447784423828e+00
-5.061593055725097656e+00
-5.764984607696533203e+00
-5.771574020385742188e+00
-3.358219146728515625e+00
-1.795848608016967773e+00
-1.110074281692504883e+00
-3.856147527694702148e-01
9.291098117828369141e-01
1.044421315193176270e+00
3.948337435722351074e-01
-3.577099144458770752e-01
-9.237028658390045166e-02
-3.938566446304321289e-01
-2.350027561187744141e+00
-4.257752895355224609e+00
-3.111025571823120117e+00
-3.446708917617797852e-01
-6.360810995101928711e-01
-9.402498006820678711e-01
-3.844144046306610107e-01
-1.056869745254516602e+00
-2.955964088439941406e+00
-4.790792942047119141e+00
-4.127319812774658203e+00
-3.165250539779663086e+00
-3.832032918930053711e+00
-3.661787033081054688e+00
-2.802805662155151367e+00
-2.347667455673217773e+00
-3.689797878265380859e+00
-5.290890216827392578e+00
-4.547191619873046875e+00
-4.414786338806152344e+00
-6.223295211791992188e+00
-7.504050731658935547e+00
-6.619069099426269531e+00
-5.635011196136474609e+00
-7.505917072296142578e+00
-8.495226860046386719e+00
-6.030077457427978516e+00
-4.973936557769775391e+00
-6.363838195800781250e+00
-6.967309474945068359e+00
-4.722826957702636719e+00
-3.467159986495971680e+00
-4.887014389038085938e+00
-5.547212123870849609e+00
-3.218872547149658203e+00
-1.890836000442504883e+00
-1.633354306221008301e+00
-1.327004432678222656e+00
-2.292823195457458496e-01
-1.051582172513008118e-01
-9.312636852264404297e-01
-2.130314350128173828e+00
-1.899257183074951172e+00
-1.397434115409851074e+00
-2.856395006179809570e+00
-3.731584548950195312e+00
-1.966236352920532227e+00
-9.785107970237731934e-01
-3.082662582397460938e+00
-4.221355915069580078e+00
-1.892315745353698730e+00
-1.002366423606872559e+00
-3.401273488998413086e+00
-4.394492149353027344e+00
-3.147631168365478516e+00
-2.938665628433227539e+00
-4.880424499511718750e+00
-6.640172958374023438e+00
-5.576702594757080078e+00
-5.082171440124511719e+00
-5.953234195709228516e+00
-5.059656620025634766e+00
-2.837793827056884766e+00
-1.461909770965576172e+00
-2.641016483306884766e+00
-3.240681409835815430e+00
-2.477676630020141602e+00
-1.849120020866394043e+00
-3.728801488876342773e+00
-4.424580574035644531e+00
-2.531759738922119141e+00
-1.646566271781921387e+00
-3.062230587005615234e+00
-3.249208211898803711e+00
-1.080016613006591797e+00
-6.687798500061035156e-01
-2.694818258285522461e+00
-4.046354770660400391e+00
-2.211209535598754883e+00
-1.764175653457641602e+00
-4.179572582244873047e+00
-5.486011028289794922e+00
-3.187268733978271484e+00
-2.376805782318115234e+00
-4.252997875213623047e+00
-4.929785251617431641e+00
-2.945532560348510742e+00
-2.017674922943115234e+00
-4.317049980163574219e+00
-5.349237918853759766e+00
-2.029054403305053711e+00
-1.942978739738464355e+00
-2.556422233581542969e+00
-2.774550676345825195e+00
-1.311640143394470215e+00
-5.180546045303344727e-01
-1.286871671676635742e+00
-1.632509469985961914e+00
1.245604380965232849e-01
5.412629842758178711e-01
-1.001549437642097473e-01
-7.938923239707946777e-01
2.442905306816101074e-02
2.765920460224151611e-01
-5.018455386161804199e-01
-9.288699626922607422e-01
2.544304132461547852e-01
6.324805617332458496e-01
1.121943965554237366e-01
9.944126009941101074e-02
1.360005736351013184e+00
1.568022608757019043e+00
5.015199780464172363e-01
2.763457596302032471e-01
9.566596746444702148e-01
9.972121715545654297e-01
-1.231261119246482849e-01
-4.739058613777160645e-01
7.235214710235595703e-01
9.168101549148559570e-01
-3.858230412006378174e-01
-1.061204314231872559e+00
5.407677292823791504e-01
1.008907914161682129e+00
-5.789008140563964844e-01
-1.555276989936828613e+00
3.058353960514068604e-01
6.477350592613220215e-01
-1.047746062278747559e+00
-1.967609047889709473e+00
1.269226074218750000e-01
4.904223084449768066e-01
-1.243818283081054688e+00
-2.369051218032836914e+00
-1.242879256606101990e-01
1.860779821872711182e-01
-1.727424502372741699e+00
-3.013921976089477539e+00
-1.249629497528076172e+00
-9.655113816261291504e-01
-2.967871904373168945e+00
-4.079226970672607422e+00
-2.103712081909179688e+00
-1.516557097434997559e+00
-3.335318088531494141e+00
-4.455833911895751953e+00
-2.020742893218994141e+00
-1.482943296432495117e+00
-3.335142374038696289e+00
-4.483525276184082031e+00
-2.442023038864135742e+00
-1.650160431861877441e+00
-2.820634841918945312e+00
-3.564895391464233398e+00
-1.158341765403747559e+00
-4.482925236225128174e-01
-2.258281946182250977e+00
-3.139881849288940430e+00
-7.380852699279785156e-01
-1.838320046663284302e-01
-2.497336387634277344e+00
-4.022047519683837891e+00
-1.473607659339904785e+00
-6.209347248077392578e-01
-2.422888517379760742e+00
-3.711253404617309570e+00
-9.095967411994934082e-01
-2.854812443256378174e-01
-1.949921131134033203e+00
-3.184484004974365234e+00
1.693088412284851074e-01
8.773134350776672363e-01
-7.584490776062011719e-01
-1.582196712493896484e+00
1.095828413963317871e+00
1.168198466300964355e+00
-5.976787209510803223e-01
-1.284756898880004883e+00
3.478308022022247314e-01
5.907303690910339355e-01
-7.711149752140045166e-02
-8.886691927909851074e-01
7.995498180389404297e-02
