-1.391928195953369141e-01
-1.609570384025573730e+00
-2.091841220855712891e+00
-2.198780775070190430e-01
5.223420858383178711e-01
-3.467155694961547852e-01
-4.852862358093261719e-01
-1.265821009874343872e-01
1.190287247300148010e-01
-1.485339283943176270e+00
-2.211455821990966797e+00
1.664514392614364624e-01
1.015249729156494141e+00
9.669360518455505371e-02
-1.878485381603240967e-01
3.620343208312988281e-01
4.783357381820678711e-01
-9.019882678985595703e-01
-1.129663348197937012e+00
5.031384825706481934e-01
3.592486381530761719e-01
-4.014314413070678711e-01
-7.082754969596862793e-01
-2.472186237573623657e-01
1.430931687355041504e-01
-1.212424278259277344e+00
-1.959610819816589355e+00
-1.139807939529418945e+00
-5.276724696159362793e-01
-1.825408935546875000e+00
-2.333713531494140625e+00
-1.742787718772888184e+00
-1.237262964248657227e+00
-2.063583612442016602e+00
-2.739176511764526367e+00
-7.944924831390380859e-01
-3.988968729972839355e-01
-1.553833007812500000e+00
-2.242002248764038086e+00
-1.027698159217834473e+00
-2.552147507667541504e-01
-2.261732578277587891e+00
-3.079983949661254883e+00
-1.400039434432983398e+00
-7.909337282180786133e-01
-2.091697216033935547e+00
-2.547966718673706055e+00
-1.035591483116149902e+00
-9.038535952568054199e-01
-2.530245542526245117e+00
-3.184590578079223633e+00
-2.134226560592651367e+00
-1.592586636543273926e+00
-2.452977180480957031e+00
-3.021181344985961914e+00
-1.352195382118225098e+00
-8.978641033172607422e-01
-2.212232112884521484e+00
-2.804320812225341797e+00
-1.239519596099853516e+00
-9.667101502418518066e-01
-2.097514390945434570e+00
-2.754925012588500977e+00
-7.859299182891845703e-01
-1.893647909164428711e-01
-1.890379309654235840e+00
-2.556492328643798828e+00
-9.091036319732666016e-01
-1.891886442899703979e-01
-1.341027021408081055e+00
-2.433635473251342773e+00
-1.198188066482543945e+00
-9.632220268249511719e-01
-2.195529937744140625e+00
-2.788712978363037109e+00
-1.423046469688415527e+00
-8.462845683097839355e-01
-2.095398902893066406e+00
-2.855691432952880859e+00
-1.397013902664184570e+00
-7.028867602348327637e-01
-1.461909770965576172e+00
-2.883594751358032227e+00
-1.445841431617736816e+00
-1.025937318801879883e+00
-2.078029155731201172e+00
-2.741925239562988281e+00
-8.759492635726928711e-01
-3.408652842044830322e-01
-1.670559525489807129e+00
-1.901229619979858398e+00
-8.789785504341125488e-01
-4.585100114345550537e-01
-1.294695377349853516e+00
-1.261576890945434570e+00
-7.982595264911651611e-02
9.204101562500000000e-02
-1.648072302341461182e-01
-3.649329543113708496e-01
2.688036561012268066e-01
2.162020504474639893e-01
-2.481330782175064087e-01
-7.181434035301208496e-01
1.294223666191101074e-01
3.432183563709259033e-01
-2.209328114986419678e-01
-1.816839873790740967e-01
3.836305737495422363e-01
5.674068927764892578e-01
-1.981372535228729248e-01
-5.119912624359130859e-01
-6.680672522634267807e-03
1.394300013780593872e-01
-6.548322737216949463e-02
-2.997484803199768066e-01
4.912307560443878174e-01
4.568770527839660645e-01
-7.172257304191589355e-01
-1.005009174346923828e+00
-4.495587348937988281e-01
4.694246128201484680e-02
-9.176689386367797852e-01
-1.289656758308410645e+00
-6.447529196739196777e-01
-3.501308560371398926e-01
-1.182512760162353516e+00
-1.576171398162841797e+00
-8.060832619667053223e-01
-5.395475625991821289e-01
-1.461802721023559570e+00
-1.923178195953369141e+00
-9.229875802993774414e-01
-7.679266929626464844e-01
-1.595442414283752441e+00
-2.117876529693603516e+00
-1.503308773040771484e+00
-1.149322986602783203e+00
-2.231434583663940430e+00
-2.878203868865966797e+00
-2.138701438903808594e+00
-1.498024940490722656e+00
-2.430921077728271484e+00
-2.814573526382446289e+00
-2.189823627471923828e+00
-1.870049715042114258e+00
-2.687875747680664062e+00
-3.503803014755249023e+00
-2.103115797042846680e+00
-1.743739604949951172e+00
-1.482803106307983398e+00
-1.128254175186157227e+00
-8.474811911582946777e-01
-4.072806239128112793e-01
-9.683302640914916992e-01
-1.325240254402160645e+00
-1.497671604156494141e+00
-1.907535433769226074e+00
-3.212141513824462891e+00
-3.563275814056396484e+00
-2.839026689529418945e+00
-2.146346807479858398e+00
-3.278275966644287109e+00
-4.137539386749267578e+00
-3.951189517974853516e+00
-2.969320297241210938e+00
-3.805678606033325195e+00
-3.884246349334716797e+00
-3.089040756225585938e+00
-1.953197836875915527e+00
-2.650847911834716797e+00
-3.018608331680297852e+00
-2.136694669723510742e+00
-2.141024351119995117e+00
-3.342540502548217773e+00
-3.966057538986206055e+00
-3.095733642578125000e+00
-2.234570980072021484e+00
-3.272427797317504883e+00
-4.051709651947021484e+00
-3.478046178817749023e+00
-2.772822380065917969e+00
-2.782618999481201172e+00
-2.858651161193847656e+00
-2.218537330627441406e+00
-2.213854312896728516e+00
-2.797206878662109375e+00
-2.859990596771240234e+00
-2.107237815856933594e+00
-1.387250900268554688e+00
-1.666931629180908203e+00
-1.949286222457885742e+00
-1.981279373168945312e+00
-1.865856528282165527e+00
-2.815207958221435547e+00
-3.472198486328125000e+00
-2.499589443206787109e+00
-1.562992572784423828e+00
-2.102517604827880859e+00
-2.543738126754760742e+00
-2.149165630340576172e+00
-1.523847579956054688e+00
-2.195425033569335938e+00
-2.547722101211547852e+00
-1.981631636619567871e+00
-1.493372917175292969e+00
-2.380399942398071289e+00
-3.135761499404907227e+00
-2.639784336090087891e+00
-2.365669012069702148e+00
-3.058424472808837891e+00
-4.016477584838867188e+00
-4.228017330169677734e+00
-3.615597486495971680e+00
-4.348478317260742188e+00
-4.776628971099853516e+00
-4.730897903442382812e+00
-4.113756656646728516e+00
-4.519111156463623047e+00
-4.986406326293945312e+00
-4.106957912445068359e+00
-3.448313951492309570e+00
-3.958414077758789062e+00
-3.746841192245483398e+00
-3.191321134567260742e+00
-2.554483413696289062e+00
-2.874188899993896484e+00
-2.726527214050292969e+00
-2.379555225372314453e+00
-1.906621575355529785e+00
-2.185101985931396484e+00
-2.035959243774414062e+00
-1.671969175338745117e+00
-1.133467316627502441e+00
-2.381842374801635742e+00
-3.068992137908935547e+00
-4.176649093627929688e+00
-4.531126022338867188e+00
-5.119058609008789062e+00
-5.526880741119384766e+00
-4.996307373046875000e+00
-4.512557029724121094e+00
-5.282859802246093750e+00
-5.723763942718505859e+00
-4.809008121490478516e+00
-4.545183181762695312e+00
-4.801434516906738281e+00
-5.179799556732177734e+00
-5.073360919952392578e+00
-4.747880458831787109e+00
-4.947999954223632812e+00
-4.476092338562011719e+00
-3.286979913711547852e+00
-2.884827613830566406e+00
-2.768916130065917969e+00
-2.388748884201049805e+00
-2.286924600601196289e+00
-2.580840110778808594e+00
-3.265591859817504883e+00
-3.779606819152832031e+00
-3.632402896881103516e+00
-2.927249193191528320e+00
-3.375695466995239258e+00
-3.933467864990234375e+00
-3.492211580276489258e+00
-2.206910133361816406e+00
-1.887349963188171387e+00
-1.791653275489807129e+00
-1.626025319099426270e+00
-1.702940344810485840e+00
-2.272093772888183594e+00
-3.111413717269897461e+00
-3.060324192047119141e+00
-2.620297670364379883e+00
-2.501142024993896484e+00
-2.762536287307739258e+00
-2.560545921325683594e+00
-2.589609146118164062e+00
-2.978548288345336914e+00
-3.351733922958374023e+00
-3.407968044281005859e+00
-3.689762592315673828e+00
-4.914284706115722656e+00
-5.591321468353271484e+00
-5.703327178955078125e+00
-5.800009250640869141e+00
-7.037459850311279297e+00
-7.702694892883300781e+00
-8.363911628723144531e+00
-8.038533210754394531e+00
-6.202897071838378906e+00
-4.753515720367431641e+00
-3.912081956863403320e+00
-3.569652795791625977e+00
-3.163347244262695312e+00
-2.670047760009765625e+00
-2.359257698059082031e+00
-2.410910606384277344e+00
-3.355260372161865234e+00
-4.652927398681640625e+00
-6.033144950866699219e+00
-6.224459648132324219e+00
-7.452117443084716797e+00
-7.333310127258300781e+00
-6.566431522369384766e+00
-6.243519783020019531e+00
-7.060538768768310547e+00
-7.622150421142578125e+00
-7.177126884460449219e+00
-6.295981407165527344e+00
-7.614929676055908203e+00
-8.085888862609863281e+00
-6.263215541839599609e+00
-5.358644008636474609e+00
-6.704543113708496094e+00
-7.392151355743408203e+00
-7.771681785583496094e+00
-8.265752792358398438e+00
-8.999408721923828125e+00
-8.967522621154785156e+00
-7.719394683837890625e+00
-7.197417259216308594e+00
-8.163647651672363281e+00
-8.858829498291015625e+00
-9.535443305969238281e+00
-9.642304420471191406e+00
-1.039340305328369141e+01
-1.100071525573730469e+01
-1.132003402709960938e+01
-1.121094989776611328e+01
-1.199541282653808594e+01
-1.133884716033935547e+01
-9.372598648071289062e+00
-7.141608715057373047e+00
-5.397749900817871094e+00
-4.903185844421386719e+00
-5.840948104858398438e+00
-7.195973873138427734e+00
-1.042416191101074219e+01
-1.137143611907958984e+01
-9.519165039062500000e+00
-5.892177581787109375e+00
-1.515218615531921387e+00
-1.594705700874328613e+00
-3.330420255661010742e+00
-3.233071804046630859e+00
-1.069731593132019043e+00
-2.455963641405105591e-01
-5.168912410736083984e-01
-5.464520454406738281e-01
-9.698459506034851074e-01
-1.818819284439086914e+00
-3.105317831039428711e+00
-3.067263841629028320e+00
-2.019721746444702148e+00
-1.010717034339904785e+00
-7.734572887420654297e-01
-1.149710655212402344e+00
-1.677254080772399902e+00
-2.260288238525390625e+00
-2.591728925704956055e+00
-2.834587812423706055e+00
-2.945464611053466797e+00
-2.684248447418212891e+00
-1.664005160331726074e+00
-1.563168764114379883e+00
-1.662737965583801270e+00
-1.391126632690429688e+00
-1.135901212692260742e+00
-1.152209877967834473e+00
-1.423928260803222656e+00
-1.627083182334899902e+00
-1.791831016540527344e+00
-1.755117297172546387e+00
-2.270190954208374023e+00
-2.487999677658081055e+00
-2.544160604476928711e+00
-2.541694402694702148e+00
-2.842691421508789062e+00
-3.272990942001342773e+00
-3.876180648803710938e+00
-4.201836109161376953e+00
-4.806965827941894531e+00
-5.340499401092529297e+00
-5.497953414916992188e+00
-4.403581619262695312e+00
-3.974761962890625000e+00
-3.663726329803466797e+00
-4.328395366668701172e+00
-4.966360569000244141e+00
-6.495083808898925781e+00
-7.393733978271484375e+00
-8.423102378845214844e+00
-9.574443817138671875e+00
-1.154492187500000000e+01
-1.266046905517578125e+01
-1.339042568206787109e+01
-1.321486091613769531e+01
-1.278632164001464844e+01
-1.243004417419433594e+01
-1.230074024200439453e+01
-1.193932056427001953e+01
-1.130114459991455078e+01
-1.145363426208496094e+01
-1.247648143768310547e+01
-1.324678325653076172e+01
-1.465056800842285156e+01
-1.474023818969726562e+01
-1.277578639984130859e+01
-1.213786029815673828e+01
-1.347558403015136719e+01
-1.469284820556640625e+01
-1.531277179718017578e+01
-1.474020099639892578e+01
-1.589626789093017578e+01
-1.617936325073242188e+01
-1.701684951782226562e+01
-1.691270637512207031e+01
-1.826853942871093750e+01
-1.880915832519531250e+01
-1.926175308227539062e+01
-1.899923515319824219e+01
-1.986135292053222656e+01
-1.977862167358398438e+01
-1.976354598999023438e+01
-1.956293296813964844e+01
-1.967349052429199219e+01
-1.934617614746093750e+01
-1.936044502258300781e+01
-1.878477478027343750e+01
-1.784215164184570312e+01
-1.616392707824707031e+01
-1.327778530120849609e+01
-1.194615840911865234e+01
-1.142819499969482422e+01
-9.670068740844726562e+00
-1.134398555755615234e+01
-1.214931106567382812e+01
-1.391078186035156250e+01
-1.413849163055419922e+01
-1.479354667663574219e+01
-1.472980880737304688e+01
-1.472148799896240234e+01
-1.517046833038330078e+01
-1.617510223388671875e+01
-1.716944885253906250e+01
-1.833107948303222656e+01
-1.998417854309082031e+01
-1.940825462341308594e+01
-1.926342010498046875e+01
-1.987245178222656250e+01
-1.798205947875976562e+01
-1.411506748199462891e+01
-1.512466526031494141e+01
-1.802039146423339844e+01
-1.832085800170898438e+01
-1.825022125244140625e+01
-1.663749885559082031e+01
-1.841250038146972656e+01
-1.936326026916503906e+01
-1.949010467529296875e+01
-1.808642005920410156e+01
-1.631613349914550781e+01
-1.230246925354003906e+01
-8.314866065979003906e+00
-5.309387207031250000e+00
-5.552844524383544922e+00
-5.473291873931884766e+00
-5.634164810180664062e+00
-6.350378513336181641e+00
-7.279264926910400391e+00
-8.130951881408691406e+00
-8.390935897827148438e+00
-8.256661415100097656e+00
-8.809891700744628906e+00
-8.708772659301757812e+00
-7.099893569946289062e+00
-6.946240425109863281e+00
-7.604923248291015625e+00
-7.943301677703857422e+00
-1.002542877197265625e+01
-1.187364482879638672e+01
-1.275729274749755859e+01
-1.080340862274169922e+01
-9.652206420898437500e+00
-8.357745170593261719e+00
-8.430678367614746094e+00
-8.592642784118652344e+00
-9.650690078735351562e+00
-9.412479400634765625e+00
-1.067727375030517578e+01
-1.132855606079101562e+01
-9.987270355224609375e+00
-5.572118282318115234e+00
-4.162693977355957031e+00
-6.010066986083984375e+00
-7.125648975372314453e+00
-5.751070022583007812e+00
-5.278558254241943359e+00
-5.402615547180175781e+00
-7.452928543090820312e+00
-9.305725097656250000e+00
-1.144489574432373047e+01
-1.160221004486083984e+01
-1.292739582061767578e+01
-1.316968917846679688e+01
-1.100261497497558594e+01
-9.225147247314453125e+00
-1.048493576049804688e+01
-1.147315216064453125e+01
-1.238153076171875000e+01
-1.189724922180175781e+01
-1.123740959167480469e+01
-9.935620307922363281e+00
-8.244364738464355469e+00
-6.450760841369628906e+00
-5.633141040802001953e+00
-5.271723747253417969e+00
-5.333520889282226562e+00
-5.747261524200439453e+00
-6.866226673126220703e+00
-8.433427810668945312e+00
-9.187202453613281250e+00
-1.065042400360107422e+01
-1.279319286346435547e+01
-1.388136672973632812e+01
-1.453158760070800781e+01
-1.388964271545410156e+01
-1.068872451782226562e+01
-7.256433963775634766e+00
-6.416163921356201172e+00
-6.189824581146240234e+00
-6.788397312164306641e+00
-7.420548915863037109e+00
-8.796958923339843750e+00
-9.572227478027343750e+00
-1.014839267730712891e+01
-1.019380950927734375e+01
-1.052038192749023438e+01
-1.116648292541503906e+01
-1.106526088714599609e+01
-1.166725158691406250e+01
-1.517434024810791016e+01
-1.842345809936523438e+01
-2.014808273315429688e+01
-1.906920814514160156e+01
-1.815991210937500000e+01
-1.835048866271972656e+01
-2.121655273437500000e+01
-2.314940071105957031e+01
-2.410227966308593750e+01
-2.419923400878906250e+01
-2.303115844726562500e+01
-2.138549804687500000e+01
-2.044681930541992188e+01
-2.091932296752929688e+01
-2.253856658935546875e+01
-2.344990348815917969e+01
-2.332613182067871094e+01
-2.189211082458496094e+01
-2.071695137023925781e+01
-1.970815849304199219e+01
-1.972609519958496094e+01
-1.723511886596679688e+01
-1.491889858245849609e+01
-1.195337581634521484e+01
-8.530703544616699219e+00
-8.568933486938476562e+00
-9.731445312500000000e+00
-1.043582534790039062e+01
-1.121722316741943359e+01
-1.156722450256347656e+01
-1.091615581512451172e+01
-8.599196434020996094e+00
-9.169091224670410156e+00
-9.180578231811523438e+00
-9.091367721557617188e+00
-8.913545608520507812e+00
-9.144886016845703125e+00
-9.452469825744628906e+00
-1.119819355010986328e+01
-1.222551918029785156e+01
-1.210597229003906250e+01
-1.108872699737548828e+01
-1.019158840179443359e+01
-9.608654975891113281e+00
-8.913299560546875000e+00
-9.175327301025390625e+00
-6.895436763763427734e+00
-5.460290908813476562e+00
-5.961867332458496094e+00
-7.944884777069091797e+00
-1.011231136322021484e+01
-9.337505340576171875e+00
-8.234251022338867188e+00
-8.375539779663085938e+00
-9.567785263061523438e+00
-1.003367424011230469e+01
-1.098144245147705078e+01
-1.231803989410400391e+01
-1.353615188598632812e+01
-1.373634529113769531e+01
-1.458711624145507812e+01
-1.524107646942138672e+01
-1.584278392791748047e+01
-1.622446441650390625e+01
-1.606940269470214844e+01
-1.610273361206054688e+01
-1.639040946960449219e+01
-1.558977127075195312e+01
-1.412904739379882812e+01
-1.237441444396972656e+01
-1.424637794494628906e+01
-1.521003627777099609e+01
-1.729293823242187500e+01
-1.913396835327148438e+01
-2.037853813171386719e+01
-2.117889213562011719e+01
-2.076768684387207031e+01
-1.825173377990722656e+01
-1.046094608306884766e+01
-4.121613025665283203e+00
-2.786036968231201172e+00
-2.092440366744995117e+00
-5.223881006240844727e-01
-1.082593441009521484e+00
-1.805502414703369141e+00
-2.014750719070434570e+00
-1.900596261024475098e+00
-1.226554989814758301e+00
-2.310107946395874023e+00
-3.072727203369140625e+00
-3.975610017776489258e+00
-4.461153984069824219e+00
-7.867513179779052734e+00
-7.745044708251953125e+00
-6.768842220306396484e+00
-7.899576187133789062e+00
-7.813325881958007812e+00
-7.501723766326904297e+00
-8.453227043151855469e+00
-9.039081573486328125e+00
-9.894433975219726562e+00
-1.082159042358398438e+01
-1.107674789428710938e+01
-1.173497009277343750e+01
-1.244822502136230469e+01
-1.360749912261962891e+01
-1.437888908386230469e+01
-1.636507606506347656e+01
-1.762539672851562500e+01
-1.766552543640136719e+01
-1.788488578796386719e+01
-1.798406791687011719e+01
-1.794637107849121094e+01
-1.787333106994628906e+01
-1.858236122131347656e+01
-1.925411415100097656e+01
-2.062076187133789062e+01
-2.077089309692382812e+01
-2.094737434387207031e+01
-2.128560829162597656e+01
-2.340205192565917969e+01
-2.287923622131347656e+01
-2.320679855346679688e+01
-2.304916191101074219e+01
-2.418247032165527344e+01
-2.361665725708007812e+01
-2.457775115966796875e+01
-2.480897903442382812e+01
-2.475416183471679688e+01
-2.453838920593261719e+01
-2.540741157531738281e+01
-2.519443511962890625e+01
-2.393312454223632812e+01
-2.268245887756347656e+01
-2.085449790954589844e+01
-1.916321182250976562e+01
-1.777552413940429688e+01
-1.786973762512207031e+01
-1.874312591552734375e+01
-1.902168083190917969e+01
-1.978989791870117188e+01
-1.905596351623535156e+01
-1.816199493408203125e+01
-1.618204307556152344e+01
-1.476472854614257812e+01
-1.331601238250732422e+01
-1.259542655944824219e+01
-1.175892829895019531e+01
-1.221191692352294922e+01
-1.236655712127685547e+01
-1.283360290527343750e+01
-1.342826652526855469e+01
-1.403681373596191406e+01
-1.350416088104248047e+01
-1.336583423614501953e+01
-1.398787307739257812e+01
-1.574237060546875000e+01
-1.699716186523437500e+01
-1.794425201416015625e+01
-1.805396842956542969e+01
-1.873735427856445312e+01
-1.864673233032226562e+01
-1.849930953979492188e+01
-1.817873001098632812e+01
-1.765721702575683594e+01
-1.712639045715332031e+01
-1.718942451477050781e+01
-1.711540031433105469e+01
-1.714763450622558594e+01
-1.713491821289062500e+01
-1.735635566711425781e+01
-1.686806106567382812e+01
-1.616689300537109375e+01
-1.574589061737060547e+01
-1.643733787536621094e+01
-1.748936080932617188e+01
-1.826726913452148438e+01
-1.891034507751464844e+01
-2.049850463867187500e+01
-2.137626647949218750e+01
-2.165844535827636719e+01
-2.052196884155273438e+01
-1.734180641174316406e+01
-1.411354541778564453e+01
-9.249282836914062500e+00
-5.676374912261962891e+00
-4.274806022644042969e+00
-4.909353733062744141e+00
-4.152090072631835938e+00
-4.294040203094482422e+00
-5.065786838531494141e+00
-5.897567272186279297e+00
-5.521984100341796875e+00
-4.294324398040771484e+00
-2.977882146835327148e+00
-2.382758378982543945e+00
-2.094199657440185547e+00
-2.157549381256103516e+00
-3.020406007766723633e+00
-5.297478199005126953e+00
-6.136798858642578125e+00
-6.024159431457519531e+00
-5.575432300567626953e+00
-5.232861995697021484e+00
-5.607702255249023438e+00
-6.223753452301025391e+00
-8.030607223510742188e+00
-8.868307113647460938e+00
-9.369003295898437500e+00
-9.272782325744628906e+00
-8.158079147338867188e+00
-7.644770622253417969e+00
-6.221218109130859375e+00
-5.356988430023193359e+00
-4.629743099212646484e+00
-4.646304130554199219e+00
-4.683790206909179688e+00
-4.312469959259033203e+00
-4.374444484710693359e+00
-4.161356449127197266e+00
-2.989964008331298828e+00
-2.383359670639038086e+00
-3.624828100204467773e+00
-4.772472858428955078e+00
-4.636189937591552734e+00
-5.452645301818847656e+00
-8.520769119262695312e+00
-1.067611217498779297e+01
-1.235063076019287109e+01
-1.345194244384765625e+01
-1.430627346038818359e+01
-1.419444561004638672e+01
-1.258218479156494141e+01
-1.112261867523193359e+01
-9.545698165893554688e+00
-1.002659225463867188e+01
-1.222058200836181641e+01
-1.333120155334472656e+01
-1.463905048370361328e+01
-1.501568889617919922e+01
-1.629799652099609375e+01
-1.679308700561523438e+01
-1.796134185791015625e+01
-1.877219390869140625e+01
-1.967951202392578125e+01
-1.923300743103027344e+01
-1.844431686401367188e+01
-1.829197120666503906e+01
-1.916997718811035156e+01
-2.007687568664550781e+01
-2.070070838928222656e+01
-1.572503757476806641e+01
-1.096586990356445312e+01
-1.040129661560058594e+01
-1.242454814910888672e+01
-1.561447525024414062e+01
-1.742164421081542969e+01
-1.440996360778808594e+01
-6.526228904724121094e+00
-1.036229324340820312e+01
-1.394781112670898438e+01
-1.335431003570556641e+01
-1.022297859191894531e+01
-4.155577182769775391e+00
-3.015226125717163086e+00
-2.677941083908081055e+00
-2.094940662384033203e+00
-1.696136474609375000e+00
-1.641458630561828613e+00
-1.457892656326293945e+00
-1.438303112983703613e+00
-1.077869057655334473e+00
-2.120487689971923828e+00
-2.389207839965820312e+00
-1.576943874359130859e+00
-1.179024696350097656e+00
-1.012160420417785645e+00
-2.177983760833740234e+00
-4.184116363525390625e+00
-6.585455417633056641e+00
-7.499647140502929688e+00
-6.833496570587158203e+00
-5.511130809783935547e+00
-5.872658252716064453e+00
-6.963824748992919922e+00
-7.915818691253662109e+00
-8.921297073364257812e+00
-9.407125473022460938e+00
-1.033206367492675781e+01
-1.198124790191650391e+01
-1.364202308654785156e+01
-1.467667675018310547e+01
-1.431409358978271484e+01
-1.365657997131347656e+01
-1.284008598327636719e+01
-1.159678649902343750e+01
-1.023777675628662109e+01
-9.578075408935546875e+00
-9.060714721679687500e+00
-8.079405784606933594e+00
-8.567842483520507812e+00
-8.855235099792480469e+00
-7.854371070861816406e+00
-4.240170478820800781e+00
-5.209290027618408203e+00
-7.925647735595703125e+00
-6.470981597900390625e+00
-5.641494274139404297e+00
-1.303090763092041016e+01
-1.513977909088134766e+01
-1.791712379455566406e+01
-2.079693031311035156e+01
-2.278766632080078125e+01
-2.243576049804687500e+01
-2.271515655517578125e+01
-2.274732017517089844e+01
-2.297217941284179688e+01
-2.268619346618652344e+01
-2.330565643310546875e+01
-2.397226715087890625e+01
-2.533835983276367188e+01
-2.608726501464843750e+01
-2.624722862243652344e+01
-2.645277023315429688e+01
-2.679753112792968750e+01
-2.642532730102539062e+01
-2.597586441040039062e+01
-2.506872177124023438e+01
-2.242095756530761719e+01
-2.079470825195312500e+01
-2.170950126647949219e+01
-2.265349960327148438e+01
-2.294276237487792969e+01
-2.255741119384765625e+01
-2.149968719482421875e+01
-1.854300117492675781e+01
-1.684600639343261719e+01
-1.616720771789550781e+01
-1.637057304382324219e+01
-1.738619995117187500e+01
-1.846739387512207031e+01
-1.864010810852050781e+01
-1.928952026367187500e+01
-1.873301315307617188e+01
-1.858577919006347656e+01
-1.873593902587890625e+01
-1.906575393676757812e+01
-1.999974250793457031e+01
-2.142076492309570312e+01
-2.203339195251464844e+01
-2.277657127380371094e+01
-2.276468849182128906e+01
-2.002539634704589844e+01
-1.296615028381347656e+01
-6.576788425445556641e+00
-7.947668075561523438e+00
-7.105179786682128906e+00
-6.856115818023681641e+00
-6.508752346038818359e+00
-5.763683319091796875e+00
-6.558857917785644531e+00
-8.366096496582031250e+00
-6.235518932342529297e+00
-4.928658485412597656e+00
-3.880864620208740234e+00
-3.980185508728027344e+00
-4.444170951843261719e+00
-6.308841705322265625e+00
-8.472923278808593750e+00
-6.559172153472900391e+00
-6.260680198669433594e+00
-5.469308853149414062e+00
-8.868764877319335938e+00
-1.066043376922607422e+01
-6.058405876159667969e+00
-3.355823755264282227e+00
-4.064184665679931641e+00
-4.830536842346191406e+00
-5.386021137237548828e+00
-3.926140546798706055e+00
-6.252292633056640625e+00
-7.763962745666503906e+00
-8.963117599487304688e+00
-9.744410514831542969e+00
-1.031490325927734375e+01
-1.094905853271484375e+01
-1.170001792907714844e+01
-1.190222167968750000e+01
-1.181420516967773438e+01
-1.150979518890380859e+01
-1.133046150207519531e+01
-1.138246250152587891e+01
-1.301702785491943359e+01
-1.401074028015136719e+01
-1.665434265136718750e+01
-1.785244178771972656e+01
-1.934652519226074219e+01
-1.919604873657226562e+01
-1.876289367675781250e+01
-1.863080215454101562e+01
-1.958336257934570312e+01
-2.044238090515136719e+01
-2.130012512207031250e+01
-2.194034576416015625e+01
-2.251168441772460938e+01
-2.127662467956542969e+01
-2.190077781677246094e+01
-2.191423797607421875e+01
-2.433333206176757812e+01
-2.571041679382324219e+01
-2.607546424865722656e+01
-2.418490219116210938e+01
-2.064468765258789062e+01
-1.624944114685058594e+01
-1.323962593078613281e+01
-1.438593292236328125e+01
-1.517769050598144531e+01
-1.755242729187011719e+01
-1.865881729125976562e+01
-1.822667884826660156e+01
-2.135999107360839844e+01
-2.178616333007812500e+01
-2.359788131713867188e+01
-2.266783332824707031e+01
-2.249698829650878906e+01
-2.077896308898925781e+01
-1.737355232238769531e+01
-1.335624980926513672e+01
-7.635858058929443359e+00
-5.189418792724609375e+00
-9.252137184143066406e+00
-9.917758941650390625e+00
-1.148122501373291016e+01
-1.304767608642578125e+01
-1.449994659423828125e+01
-1.744553565979003906e+01
-2.125855064392089844e+01
-2.148101043701171875e+01
-2.125671958923339844e+01
-2.094540023803710938e+01
-2.092799186706542969e+01
-2.022777938842773438e+01
-1.963494300842285156e+01
-1.921229362487792969e+01
-2.050319480895996094e+01
-1.701864814758300781e+01
-1.124508953094482422e+01
-7.623491287231445312e+00
-5.199213504791259766e+00
-4.325331687927246094e+00
-3.196185827255249023e+00
-2.261205911636352539e+00
-2.022149324417114258e+00
-5.093936443328857422e+00
-8.605326652526855469e+00
-9.256784439086914062e+00
-6.934439182281494141e+00
-3.907712221145629883e+00
-2.449948549270629883e+00
-2.094587802886962891e+00
-1.487522602081298828e+00
-1.985542178153991699e+00
-5.699310779571533203e+00
-9.658970832824707031e+00
-1.271479892730712891e+01
-1.319889831542968750e+01
-1.355056095123291016e+01
-1.448310756683349609e+01
-1.740649223327636719e+01
-1.721820831298828125e+01
-1.639305496215820312e+01
-1.597339057922363281e+01
-1.646105194091796875e+01
-1.465666770935058594e+01
-1.181431198120117188e+01
-1.115877151489257812e+01
-1.177489185333251953e+01
-1.010114479064941406e+01
-7.502464771270751953e+00
-5.536923408508300781e+00
-5.498094081878662109e+00
-5.687227249145507812e+00
-5.337820529937744141e+00
-5.543722152709960938e+00
-6.262686729431152344e+00
-7.045563697814941406e+00
-7.032422542572021484e+00
-6.032790184020996094e+00
-5.709563732147216797e+00
-4.564739227294921875e+00
-3.581630229949951172e+00
-2.807386398315429688e+00
-2.062210798263549805e+00
-2.318564891815185547e+00
-2.411790370941162109e+00
-2.448925971984863281e+00
-2.912486314773559570e+00
-3.487488746643066406e+00
-3.295009136199951172e+00
-2.382336616516113281e+00
-4.145537853240966797e+00
-6.969742298126220703e+00
-8.222626686096191406e+00
-8.432545661926269531e+00
-8.601064682006835938e+00
-8.693444252014160156e+00
-6.872110366821289062e+00
-5.260379314422607422e+00
-4.738577842712402344e+00
-5.350996971130371094e+00
-4.646092414855957031e+00
-4.469926834106445312e+00
-5.522440910339355469e+00
-6.706304550170898438e+00
-8.080533981323242188e+00
-9.349977493286132812e+00
-9.663305282592773438e+00
-9.732009887695312500e+00
-9.979768753051757812e+00
-1.034584045410156250e+01
-9.106269836425781250e+00
-9.655589103698730469e+00
-1.122042560577392578e+01
-1.384250259399414062e+01
-1.580959415435791016e+01
-1.600943565368652344e+01
-1.439230823516845703e+01
-1.328116416931152344e+01
-1.360429000854492188e+01
-1.367951107025146484e+01
-1.426360797882080078e+01
-1.524265766143798828e+01
-1.741297531127929688e+01
-1.802620697021484375e+01
-1.795729255676269531e+01
-1.721285247802734375e+01
-1.665250587463378906e+01
-1.445428276062011719e+01
-1.099320888519287109e+01
-1.016541194915771484e+01
-1.189760398864746094e+01
-1.241796112060546875e+01
-1.236464977264404297e+01
-1.421762561798095703e+01
-1.611784744262695312e+01
-1.700624465942382812e+01
-1.670454788208007812e+01
-1.437332344055175781e+01
-1.229718303680419922e+01
-1.126418304443359375e+01
-1.065627574920654297e+01
-1.016019725799560547e+01
-1.093087959289550781e+01
-1.134035778045654297e+01
-1.106356620788574219e+01
-9.986636161804199219e+00
-8.312647819519042969e+00
-6.422080039978027344e+00
-4.950151443481445312e+00
-4.005733966827392578e+00
-3.930862665176391602e+00
-3.845349788665771484e+00
-3.089285850524902344e+00
-3.273448705673217773e+00
-6.346153736114501953e+00
-6.946419239044189453e+00
-7.230361461639404297e+00
-7.630323886871337891e+00
-3.051975250244140625e+00
-1.542524337768554688e+00
-2.852907896041870117e+00
-3.999459743499755859e+00
-2.579569578170776367e+00
-6.704358458518981934e-01
3.831010758876800537e-01
6.311056613922119141e-01
5.429890751838684082e-01
-2.585261762142181396e-01
-3.948439359664916992e-01
-1.729789823293685913e-01
-2.834354937076568604e-01
-3.718829154968261719e+00
-5.002189636230468750e+00
-5.207635879516601562e+00
-6.919393539428710938e+00
-9.256999015808105469e+00
-8.477327346801757812e+00
-5.220354080200195312e+00
-6.324918270111083984e-01
-1.125435233116149902e+00
-1.130507111549377441e+00
-1.781224846839904785e+00
-4.646901607513427734e+00
-9.339689254760742188e+00
-9.944464683532714844e+00
-7.610773086547851562e+00
-7.493834495544433594e+00
-7.432034492492675781e+00
-7.231275081634521484e+00
-9.083050727844238281e+00
-1.238202095031738281e+01
-1.294208717346191406e+01
-9.976490020751953125e+00
-5.687154769897460938e+00
-4.859674453735351562e+00
-5.191146373748779297e+00
-6.270260334014892578e+00
-7.642514228820800781e+00
-9.491508483886718750e+00
-1.079019737243652344e+01
-1.188259601593017578e+01
-1.210980987548828125e+01
-1.405347347259521484e+01
-1.464711570739746094e+01
-1.295550823211669922e+01
-9.363611221313476562e+00
-7.390284538269042969e+00
-5.774180412292480469e+00
-5.488724231719970703e+00
-5.613835811614990234e+00
-6.764439582824707031e+00
-7.651149272918701172e+00
-9.105356216430664062e+00
-1.069471740722656250e+01
-1.442701911926269531e+01
-1.680545234680175781e+01
-1.764850807189941406e+01
-1.784232521057128906e+01
-1.868418312072753906e+01
-1.889364242553710938e+01
-1.806235694885253906e+01
-1.744659042358398438e+01
-1.823781585693359375e+01
-1.843096351623535156e+01
-1.754693031311035156e+01
-1.648427200317382812e+01
-1.782636833190917969e+01
-1.751264953613281250e+01
-1.555305957794189453e+01
-1.409247779846191406e+01
-1.489241123199462891e+01
-1.685210037231445312e+01
-1.467329311370849609e+01
-1.332785320281982422e+01
-1.519477939605712891e+01
-1.576097583770751953e+01
-1.403966045379638672e+01
-1.306924152374267578e+01
-1.474545097351074219e+01
-1.565632915496826172e+01
-1.462805843353271484e+01
-1.373380279541015625e+01
-1.567792987823486328e+01
-1.670489311218261719e+01
-1.532401275634765625e+01
-1.425260829925537109e+01
-1.649522590637207031e+01
-1.757346153259277344e+01
-1.543228340148925781e+01
-1.459215259552001953e+01
-1.676570892333984375e+01
-1.777002716064453125e+01
-1.505021667480468750e+01
-1.395080757141113281e+01
-1.565841102600097656e+01
-1.458330917358398438e+01
-1.055755329132080078e+01
-6.775010108947753906e+00
-4.575061798095703125e+00
-3.725875616073608398e+00
-3.550311803817749023e+00
-2.564351320266723633e+00
-2.319658756256103516e+00
-3.956510305404663086e+00
-8.036385536193847656e+00
-7.132129669189453125e+00
-5.945522785186767578e+00
-3.925681591033935547e+00
-3.023295164108276367e+00
-3.553725957870483398e+00
-7.187201023101806641e+00
-7.744126796722412109e+00
-5.633425712585449219e+00
-4.708840847015380859e+00
-7.180859088897705078e+00
-9.014206886291503906e+00
-8.899170875549316406e+00
-8.256202697753906250e+00
-7.239660263061523438e+00
-6.117173671722412109e+00
-4.474718570709228516e+00
-6.246690750122070312e+00
-9.923112869262695312e+00
-1.081528282165527344e+01
-9.025941848754882812e+00
-7.953797340393066406e+00
-1.022555351257324219e+01
-1.099616622924804688e+01
-7.858952045440673828e+00
-3.539107561111450195e+00
-3.559544086456298828e+00
-3.763857603073120117e+00
-2.845650672912597656e+00
-1.450777769088745117e+00
-1.732638120651245117e+00
-1.632581233978271484e+00
-1.733520984649658203e+00
-2.009395122528076172e+00
-2.604658126831054688e+00
-2.942855596542358398e+00
-2.751157045364379883e+00
-3.240964174270629883e+00
-4.156917572021484375e+00
-4.977740764617919922e+00
-5.891084671020507812e+00
-5.100594997406005859e+00
-4.633337020874023438e+00
-3.889498472213745117e+00
-3.415931463241577148e+00
-2.693233489990234375e+00
-4.265080451965332031e+00
-4.370850563049316406e+00
-3.344760894775390625e+00
-3.314953804016113281e+00
-5.935302257537841797e+00
-6.617693901062011719e+00
-5.286944866180419922e+00
-4.831944465637207031e+00
-6.942612648010253906e+00
-7.782319545745849609e+00
-5.776084423065185547e+00
-4.909388542175292969e+00
-7.608621120452880859e+00
-8.662652969360351562e+00
-6.879124641418457031e+00
-5.656854629516601562e+00
-7.660768032073974609e+00
-8.500583648681640625e+00
-6.175450325012207031e+00
-4.905440330505371094e+00
-5.622996330261230469e+00
-5.570112705230712891e+00
-4.313738822937011719e+00
-3.399160861968994141e+00
-4.328431606292724609e+00
-4.766341209411621094e+00
-4.006224632263183594e+00
-3.304168701171875000e+00
-4.837900638580322266e+00
-6.061259269714355469e+00
-5.530192375183105469e+00
-5.231841564178466797e+00
-6.264203071594238281e+00
-6.392342567443847656e+00
-4.854458808898925781e+00
-4.276885509490966797e+00
-5.530015945434570312e+00
-6.305071353912353516e+00
-5.732109069824218750e+00
-4.548320770263671875e+00
-5.523850440979003906e+00
-7.508314609527587891e+00
-6.077149868011474609e+00
-4.191199779510498047e+00
-5.510285854339599609e+00
-6.779305934906005859e+00
-6.030325412750244141e+00
-5.046761989593505859e+00
-6.374939918518066406e+00
-6.968050956726074219e+00
-4.533452987670898438e+00
-2.863232612609863281e+00
-5.015580177307128906e+00
-5.537802696228027344e+00
-3.826149463653564453e+00
-2.617833137512207031e+00
-4.145604133605957031e+00
-4.749817371368408203e+00
-3.202806949615478516e+00
-2.448788404464721680e+00
-3.289869308471679688e+00
-3.512506246566772461e+00
-1.981983423233032227e+00
-1.448098182678222656e+00
-2.797169923782348633e+00
-4.097724914550781250e+00
-3.295647382736206055e+00
-2.988520622253417969e+00
-5.408534049987792969e+00
-6.496210575103759766e+00
-4.691541194915771484e+00
-4.715676784515380859e+00
-6.236438274383544922e+00
-6.602084636688232422e+00
-4.393401145935058594e+00
-3.670065402984619141e+00
-5.365621566772460938e+00
-5.892421245574951172e+00
-4.631574153900146484e+00
-3.395320892333984375e+00
-3.936392784118652344e+00
-3.666366815567016602e+00
-2.286255836486816406e+00
-1.587974190711975098e+00
-2.863478183746337891e+00
-2.950222015380859375e+00
-1.582582116127014160e+00
-4.472351074218750000e-01
-2.711799383163452148e+00
-3.440665721893310547e+00
-2.594085216522216797e+00
-2.594086170196533203e+00
-4.230730533599853516e+00
-4.621321678161621094e+00
-2.473623752593994141e+00
-1.405749917030334473e+00
-2.327863216400146484e+00
-2.487085103988647461e+00
-2.140392065048217773e+00
-1.067652702331542969e+00
-2.639853000640869141e+00
-1.905528306961059570e+00
5.229802802205085754e-02
2.216641604900360107e-01
7.305105030536651611e-02
9.593757390975952148e-01
1.568551540374755859e+00
8.190741539001464844e-01
1.764242649078369141e-01
2.964274026453495026e-02
3.970192372798919678e-01
8.337348699569702148e-02
-1.257630944252014160e+00
-2.345903873443603516e+00
-2.543105363845825195e+00
-1.955382227897644043e+00
-2.437899351119995117e+00
-1.664075851440429688e+00
-3.240254819393157959e-01
5.318876504898071289e-01
-1.635430574417114258e+00
-2.401608705520629883e+00
-1.097531557083129883e+00
-4.554095268249511719e-01
-2.334772586822509766e+00
-3.277466297149658203e+00
-1.876884579658508301e+00
-1.240187287330627441e+00
-2.521649837493896484e+00
-3.049509048461914062e+00
-1.493302226066589355e+00
-7.736340165138244629e-01
-2.144479274749755859e+00
-2.832437515258789062e+00
-2.006929159164428711e+00
-1.927620291709899902e+00
-4.164633750915527344e+00
-5.419665813446044922e+00
-4.018627166748046875e+00
-3.090236186981201172e+00
-4.690768241882324219e+00
-5.403318405151367188e+00
-3.939036607742309570e+00
-3.613555431365966797e+00
-5.635326862335205078e+00
-6.380718708038330078e+00
-4.196977615356445312e+00
-3.236067295074462891e+00
-4.001080513000488281e+00
-4.108082771301269531e+00
-2.628861188888549805e+00
-1.855425357818603516e+00
-3.757726907730102539e+00
-4.671601772308349609e+00
-2.753199577331542969e+00
-1.733662366867065430e+00
-3.411350250244140625e+00
-4.267723560333251953e+00
-2.327902793884277344e+00
-1.161231875419616699e+00
-2.958256244659423828e+00
-3.326336145401000977e+00
-1.346804976463317871e+00
-3.350883722305297852e-01
-2.238831520080566406e+00
-3.220422506332397461e+00
-4.625961482524871826e-01
-5.019836425781250000e-01
-2.023416519165039062e+00
-1.955028891563415527e+00
-1.635388880968093872e-01
4.890479445457458496e-01
-1.337655037641525269e-01
-3.052100539207458496e-01
3.963489234447479248e-01
9.913977980613708496e-01
-6.502867490053176880e-02
-1.739330589771270752e-01
7.093238234519958496e-01
1.227952361106872559e+00
-5.800979137420654297e-01
-6.892154216766357422e-01
2.318811267614364624e-01
3.695014715194702148e-01
-5.847135782241821289e-01
-9.999700188636779785e-01
-2.086358368396759033e-01
8.985552936792373657e-02
-1.815824866294860840e+00
-2.685409784317016602e+00
-8.181692957878112793e-01
1.483427286148071289e-01
-1.432665944099426270e+00
-2.646373033523559570e+00
-1.582370162010192871e+00
-1.023400068283081055e+00
-2.550186395645141602e+00
-3.079489707946777344e+00
-1.199916362762451172e+00
