9.450683593750000000e-01
-8.701037764549255371e-01
-1.833406090736389160e+00
8.654404878616333008e-01
1.602163195610046387e+00
-4.834894537925720215e-01
-1.262596845626831055e+00
-1.909142136573791504e-01
6.562639474868774414e-01
4.816139638423919678e-01
4.775267541408538818e-01
1.301379799842834473e+00
1.527890443801879883e+00
5.581033229827880859e-01
3.561829626560211182e-01
9.183236956596374512e-01
1.681400775909423828e+00
1.010178446769714355e+00
9.537690877914428711e-01
1.974470138549804688e+00
1.763458251953125000e+00
7.021730542182922363e-01
4.198833405971527100e-01
1.438259243965148926e+00
1.948327898979187012e+00
1.002498149871826172e+00
5.811451673507690430e-01
1.618474006652832031e+00
2.099193334579467773e+00
1.018177270889282227e+00
6.844857335090637207e-01
2.299670219421386719e+00
2.373727798461914062e+00
7.355341315269470215e-01
9.926404803991317749e-02
1.708072066307067871e+00
1.890755653381347656e+00
1.905528306961059570e-01
-1.115010604262351990e-01
1.543358564376831055e+00
2.084077596664428711e+00
5.382690429687500000e-01
4.339428246021270752e-01
1.889943480491638184e+00
2.039189815521240234e+00
5.698344111442565918e-01
-2.746796235442161560e-02
1.729671001434326172e+00
1.739498734474182129e+00
-7.091583609580993652e-01
-2.108010292053222656e+00
6.499221324920654297e-01
1.320792198181152344e+00
-5.046295523643493652e-01
-1.527442812919616699e+00
1.120136499404907227e+00
1.558262348175048828e+00
1.396768093109130859e-01
5.507619585841894150e-03
1.457777023315429688e+00
1.940012097358703613e+00
3.988497555255889893e-01
-4.160183072090148926e-01
1.748625636100769043e+00
1.836883544921875000e+00
-5.870736241340637207e-01
-1.815508365631103516e+00
5.449973940849304199e-01
1.161433219909667969e+00
-4.349750578403472900e-01
-8.266928195953369141e-01
1.028464317321777344e+00
1.881559729576110840e+00
1.726887971162796021e-01
-8.705594539642333984e-01
3.297231495380401611e-01
4.354563951492309570e-01
-1.889852404594421387e+00
-3.692405223846435547e+00
-8.459681272506713867e-01
-3.306857943534851074e-01
-2.125592231750488281e+00
-3.465082645416259766e+00
-1.440559744834899902e+00
-6.864318847656250000e-01
-1.941818475723266602e+00
-2.763839483261108398e+00
-8.537554740905761719e-01
7.396336644887924194e-02
-1.153339028358459473e+00
-2.229391574859619141e+00
7.090036571025848389e-02
5.119141936302185059e-01
-1.120960950851440430e+00
-1.198613762855529785e+00
6.119058132171630859e-01
1.382658839225769043e+00
4.772071242332458496e-01
8.746070414781570435e-02
9.556724429130554199e-01
9.868185520172119141e-01
5.245944857597351074e-01
3.430058062076568604e-01
7.623842358589172363e-01
5.811810493469238281e-01
-1.179466918110847473e-01
-5.438435673713684082e-01
3.306402862071990967e-01
4.988767504692077637e-01
-2.478177249431610107e-01
-5.919002294540405273e-01
2.828642129898071289e-01
6.269124150276184082e-01
-3.751135170459747314e-01
-1.920182585716247559e+00
-1.383128881454467773e+00
-1.194527626037597656e+00
-3.153058528900146484e+00
-3.711045026779174805e+00
-9.115354418754577637e-01
3.302858471870422363e-01
-1.682078599929809570e+00
-3.364703178405761719e+00
-1.202383995056152344e+00
-3.244109451770782471e-01
-2.456254482269287109e+00
-3.485444784164428711e+00
-1.112082004547119141e+00
-3.898406326770782471e-01
-1.851409435272216797e+00
-2.428880691528320312e+00
-5.910199880599975586e-01
2.516806125640869141e-01
-3.486868739128112793e-01
-3.316002488136291504e-01
7.781361341476440430e-01
1.113586425781250000e+00
1.072623282670974731e-01
-4.180956482887268066e-01
4.578295350074768066e-01
6.309300661087036133e-01
9.373340010643005371e-02
-6.714081019163131714e-02
5.085294246673583984e-01
8.048743605613708496e-01
2.635562419891357422e-01
4.004050791263580322e-01
5.432353615760803223e-01
7.266583442687988281e-01
-7.996837049722671509e-02
-4.022768139839172363e-01
1.202274784445762634e-01
1.284019052982330322e-01
-1.010328292846679688e+00
-1.535016536712646484e+00
-5.998637080192565918e-01
4.179837554693222046e-02
-1.465892076492309570e+00
-1.953444123268127441e+00
-6.687782406806945801e-01
-5.629406571388244629e-01
-1.849616289138793945e+00
-3.312945365905761719e+00
-1.308013916015625000e+00
-2.928450703620910645e-01
-3.068323612213134766e+00
-4.857030868530273438e+00
-1.800253391265869141e+00
-9.968690276145935059e-01
-3.476216554641723633e+00
-4.885005950927734375e+00
-3.186140537261962891e+00
-2.793929815292358398e+00
-5.018011569976806641e+00
-6.158786296844482422e+00
-4.016266345977783203e+00
-2.733926296234130859e+00
-4.455762863159179688e+00
-5.597486972808837891e+00
-2.958642244338989258e+00
-1.692367792129516602e+00
-3.981948614120483398e+00
-5.498799800872802734e+00
-2.641228437423706055e+00
-1.661751151084899902e+00
-3.163840293884277344e+00
-3.943685531616210938e+00
-2.513369321823120117e+00
-1.122087478637695312e+00
-8.799679279327392578e-01
-7.406187653541564941e-01
-2.859604172408580780e-02
3.176746070384979248e-01
-8.352901935577392578e-01
-1.151296496391296387e+00
-4.867687523365020752e-01
-1.332740187644958496e-01
-3.475261628627777100e-01
-5.323941707611083984e-01
-7.316723465919494629e-02
1.065218746662139893e-01
-9.138231873512268066e-01
-1.464481830596923828e+00
-8.950827121734619141e-01
-1.057048082351684570e+00
-2.885251760482788086e+00
-3.891506195068359375e+00
-3.282609462738037109e+00
-2.545359373092651367e+00
-3.587445735931396484e+00
-4.135705471038818359e+00
-2.575621604919433594e+00
-1.989491820335388184e+00
-4.009326934814453125e+00
-4.973052978515625000e+00
-3.153621196746826172e+00
-2.239889144897460938e+00
-4.276144504547119141e+00
-4.912453651428222656e+00
-3.633953332901000977e+00
-2.655462503433227539e+00
-4.058969497680664062e+00
-4.263391017913818359e+00
-3.811525583267211914e+00
-3.218203783035278320e+00
-3.882030248641967773e+00
-4.355559825897216797e+00
-3.253541707992553711e+00
-3.092597723007202148e+00
-3.658263683319091797e+00
-4.091983795166015625e+00
-3.546998023986816406e+00
-3.260661363601684570e+00
-3.361249923706054688e+00
-3.858318090438842773e+00
-3.790035963058471680e+00
-4.117559432983398438e+00
-5.975785255432128906e+00
-7.254107952117919922e+00
-7.153763771057128906e+00
-6.486733436584472656e+00
-7.535583972930908203e+00
-8.050865173339843750e+00
-7.327144622802734375e+00
-6.420916080474853516e+00
-7.290256500244140625e+00
-7.738456726074218750e+00
-7.044472694396972656e+00
-6.118091583251953125e+00
-7.839715480804443359e+00
-8.197859764099121094e+00
-8.212656021118164062e+00
-7.663761615753173828e+00
-8.601807594299316406e+00
-8.375821113586425781e+00
-7.119026660919189453e+00
-6.432860851287841797e+00
-7.046233654022216797e+00
-7.719532012939453125e+00
-7.310410976409912109e+00
-6.845793247222900391e+00
-8.330332756042480469e+00
-9.489147186279296875e+00
-9.491720199584960938e+00
-8.491526603698730469e+00
-9.570359230041503906e+00
-1.034580039978027344e+01
-9.119446754455566406e+00
-8.387377738952636719e+00
-1.031874465942382812e+01
-1.095674419403076172e+01
-9.521069526672363281e+00
-8.806330680847167969e+00
-1.041894531250000000e+01
-1.149999809265136719e+01
-1.190292644500732422e+01
-1.134515094757080078e+01
-1.173366928100585938e+01
-1.207493305206298828e+01
-1.168000411987304688e+01
-1.181124687194824219e+01
-1.289515686035156250e+01
-1.333351993560791016e+01
-1.260103321075439453e+01
-1.204650115966796875e+01
-1.305187606811523438e+01
-1.338253211975097656e+01
-1.340765094757080078e+01
-1.248539638519287109e+01
-1.271099090576171875e+01
-1.339025211334228516e+01
-1.271152210235595703e+01
-1.246714591979980469e+01
-1.407535552978515625e+01
-1.245735073089599609e+01
-1.048388004302978516e+01
-1.000340938568115234e+01
-1.090519428253173828e+01
-1.141727256774902344e+01
-1.137686347961425781e+01
-1.182865333557128906e+01
-1.370974254608154297e+01
-1.457946872711181641e+01
-1.399470806121826172e+01
-1.281828022003173828e+01
-1.297087192535400391e+01
-1.172725105285644531e+01
-8.766693115234375000e+00
-7.154291152954101562e+00
-7.185966968536376953e+00
-7.559329509735107422e+00
-8.443538665771484375e+00
-7.215811252593994141e+00
-7.095839500427246094e+00
-6.196132659912109375e+00
-6.129119396209716797e+00
-5.510252475738525391e+00
-5.892317295074462891e+00
-6.454355716705322266e+00
-6.938525199890136719e+00
-7.583640575408935547e+00
-8.917244911193847656e+00
-9.728800773620605469e+00
-9.727605819702148438e+00
-9.776155471801757812e+00
-1.037346363067626953e+01
-9.614468574523925781e+00
-6.934506416320800781e+00
-4.750487804412841797e+00
-3.637088060379028320e+00
-3.405925512313842773e+00
-3.441085577011108398e+00
-3.567891359329223633e+00
-2.680654525756835938e+00
-1.339546561241149902e+00
-9.972919821739196777e-01
-1.672075271606445312e+00
-2.662157058715820312e+00
-3.034075736999511719e+00
-3.786336183547973633e+00
-4.835080146789550781e+00
-5.185824871063232422e+00
-4.320821285247802734e+00
-4.059285163879394531e+00
-4.380258560180664062e+00
-5.383762836456298828e+00
-6.528625011444091797e+00
-6.781632900238037109e+00
-7.199533462524414062e+00
-9.093270301818847656e+00
-9.887314796447753906e+00
-7.293778896331787109e+00
-5.720415592193603516e+00
-5.478433132171630859e+00
-5.375131607055664062e+00
-5.057013988494873047e+00
-4.980097770690917969e+00
-5.833021163940429688e+00
-6.300632476806640625e+00
-7.010259628295898438e+00
-7.716399669647216797e+00
-9.592696189880371094e+00
-1.145060157775878906e+01
-1.247112464904785156e+01
-1.349721622467041016e+01
-1.463806152343750000e+01
-1.539722728729248047e+01
-1.621569252014160156e+01
-1.654286003112792969e+01
-1.769787025451660156e+01
-1.804325866699218750e+01
-1.727708435058593750e+01
-1.597304153442382812e+01
-1.594633579254150391e+01
-1.666899490356445312e+01
-1.655600547790527344e+01
-1.531340789794921875e+01
-1.472618007659912109e+01
-1.315771293640136719e+01
-1.204314994812011719e+01
-1.301145744323730469e+01
-1.499786090850830078e+01
-1.589373493194580078e+01
-1.592635536193847656e+01
-1.612295722961425781e+01
-1.725520324707031250e+01
-1.797783088684082031e+01
-1.686478424072265625e+01
-1.524534034729003906e+01
-1.112649440765380859e+01
-8.878490447998046875e+00
-1.231997871398925781e+01
-1.581276893615722656e+01
-1.701459884643554688e+01
-1.739659690856933594e+01
-1.685530853271484375e+01
-1.494927024841308594e+01
-1.113544273376464844e+01
-7.236455440521240234e+00
-3.708226203918457031e+00
-4.169600009918212891e+00
-4.369123458862304688e+00
-7.684936523437500000e+00
-1.278547763824462891e+01
-1.340032863616943359e+01
-1.145979785919189453e+01
-1.016276645660400391e+01
-1.419116592407226562e+01
-1.729790687561035156e+01
-1.918206214904785156e+01
-2.012655448913574219e+01
-2.039456939697265625e+01
-2.060642242431640625e+01
-2.092753601074218750e+01
-2.069524765014648438e+01
-2.064986610412597656e+01
-1.990599060058593750e+01
-2.029010963439941406e+01
-1.937228202819824219e+01
-1.852411842346191406e+01
-1.743355178833007812e+01
-1.612306404113769531e+01
-1.366929244995117188e+01
-1.141043853759765625e+01
-1.031514930725097656e+01
-8.170764923095703125e+00
-7.973211765289306641e+00
-9.773795127868652344e+00
-1.109256649017333984e+01
-1.280757045745849609e+01
-1.319851207733154297e+01
-1.378242588043212891e+01
-1.425176715850830078e+01
-1.478720283508300781e+01
-1.500075149536132812e+01
-1.502019691467285156e+01
-1.437212562561035156e+01
-1.423164558410644531e+01
-1.373761272430419922e+01
-1.422632884979248047e+01
-1.530847454071044922e+01
-1.678325843811035156e+01
-1.807233047485351562e+01
-1.911701965332031250e+01
-1.990155601501464844e+01
-2.094363975524902344e+01
-2.156941032409667969e+01
-2.209064674377441406e+01
-2.227044296264648438e+01
-2.326718330383300781e+01
-2.387428474426269531e+01
-2.411383247375488281e+01
-2.387079811096191406e+01
-2.415139198303222656e+01
-2.456372833251953125e+01
-2.521591949462890625e+01
-2.467572975158691406e+01
-2.552540779113769531e+01
-2.649113845825195312e+01
-2.697739601135253906e+01
-2.695357513427734375e+01
-2.789834976196289062e+01
-2.824278450012207031e+01
-2.871818923950195312e+01
-2.871508407592773438e+01
-2.794778442382812500e+01
-2.704211807250976562e+01
-2.683287048339843750e+01
-2.645277404785156250e+01
-2.553055000305175781e+01
-2.311441230773925781e+01
-1.912491226196289062e+01
-1.661931800842285156e+01
-1.762363433837890625e+01
-1.888814926147460938e+01
-2.132986259460449219e+01
-2.325707626342773438e+01
-2.521116256713867188e+01
-2.525696563720703125e+01
-2.478340148925781250e+01
-2.195887756347656250e+01
-1.909235763549804688e+01
-1.803991127014160156e+01
-1.819743728637695312e+01
-1.726749992370605469e+01
-1.778492927551269531e+01
-1.861724090576171875e+01
-1.874076843261718750e+01
-1.839960670471191406e+01
-1.419620418548583984e+01
-9.693253517150878906e+00
-5.442110061645507812e+00
-2.045473814010620117e+00
-1.129981279373168945e+00
-1.064127564430236816e+00
-8.693268775939941406e+00
-1.228882884979248047e+01
-1.433311748504638672e+01
-1.631560516357421875e+01
-1.761264610290527344e+01
-1.899374198913574219e+01
-2.044604492187500000e+01
-2.258106231689453125e+01
-2.383616256713867188e+01
-2.410002517700195312e+01
-2.403540611267089844e+01
-2.296995925903320312e+01
-2.086263656616210938e+01
-1.766732406616210938e+01
-1.653969001770019531e+01
-1.650900268554687500e+01
-1.834805870056152344e+01
-1.886214637756347656e+01
-1.723997879028320312e+01
-1.540839767456054688e+01
-1.524516201019287109e+01
-1.413947963714599609e+01
-1.398670959472656250e+01
-1.414046669006347656e+01
-1.578641128540039062e+01
-1.725629425048828125e+01
-1.844819450378417969e+01
-1.835581207275390625e+01
-1.737334060668945312e+01
-1.691619110107421875e+01
-1.708348274230957031e+01
-1.767334747314453125e+01
-1.827244949340820312e+01
-1.839724540710449219e+01
-1.739951705932617188e+01
-1.446034812927246094e+01
-8.754611968994140625e+00
-6.180136680603027344e+00
-6.953462600708007812e+00
-7.740004062652587891e+00
-6.285025119781494141e+00
-5.680531978607177734e+00
-5.534631252288818359e+00
-6.149094104766845703e+00
-6.825391769409179688e+00
-6.981511116027832031e+00
-7.046092987060546875e+00
-6.748304367065429688e+00
-7.123147487640380859e+00
-7.264924526214599609e+00
-8.025075912475585938e+00
-9.746136665344238281e+00
-1.136238002777099609e+01
-1.112624835968017578e+01
-1.090505886077880859e+01
-1.055307674407958984e+01
-9.590935707092285156e+00
-1.029080486297607422e+01
-1.170998859405517578e+01
-1.288363456726074219e+01
-1.450576114654541016e+01
-1.550176334381103516e+01
-1.541794586181640625e+01
-1.521345424652099609e+01
-1.489308166503906250e+01
-1.598198890686035156e+01
-1.616992187500000000e+01
-1.589735794067382812e+01
-1.425990486145019531e+01
-1.464524841308593750e+01
-1.523579025268554688e+01
-1.568096065521240234e+01
-1.607419395446777344e+01
-1.598332595825195312e+01
-1.605516624450683594e+01
-1.676768112182617188e+01
-1.814342880249023438e+01
-1.851700210571289062e+01
-1.728141975402832031e+01
-1.698595046997070312e+01
-1.765692710876464844e+01
-1.754580116271972656e+01
-1.602138137817382812e+01
-1.338158035278320312e+01
-1.159132385253906250e+01
-1.038931465148925781e+01
-9.837567329406738281e+00
-9.207318305969238281e+00
-1.025683784484863281e+01
-1.055230426788330078e+01
-1.026688194274902344e+01
-1.085044479370117188e+01
-1.458235931396484375e+01
-1.608082008361816406e+01
-1.711747932434082031e+01
-1.764252090454101562e+01
-1.863704299926757812e+01
-2.010163879394531250e+01
-2.207518196105957031e+01
-2.257521438598632812e+01
-2.328261756896972656e+01
-2.109983062744140625e+01
-1.879361915588378906e+01
-1.889582443237304688e+01
-1.980505180358886719e+01
-2.119196319580078125e+01
-2.198202705383300781e+01
-2.298242759704589844e+01
-2.310585212707519531e+01
-2.296083450317382812e+01
-2.253404998779296875e+01
-2.246570396423339844e+01
-2.278255844116210938e+01
-2.313220405578613281e+01
-2.370442771911621094e+01
-2.383193778991699219e+01
-2.274816894531250000e+01
-1.959502410888671875e+01
-1.279833602905273438e+01
-9.033760070800781250e+00
-1.295705890655517578e+01
-1.368786048889160156e+01
-1.319833278656005859e+01
-1.332323646545410156e+01
-1.439470672607421875e+01
-1.618433189392089844e+01
-1.804857826232910156e+01
-1.912388801574707031e+01
-1.896164512634277344e+01
-1.638311958312988281e+01
-1.274654388427734375e+01
-1.066191196441650391e+01
-1.026607227325439453e+01
-1.005079841613769531e+01
-1.026148891448974609e+01
-1.072659873962402344e+01
-1.217298889160156250e+01
-1.396528530120849609e+01
-1.416481399536132812e+01
-1.349211025238037109e+01
-1.242673110961914062e+01
-1.093546104431152344e+01
-1.081447029113769531e+01
-1.196338558197021484e+01
-1.236352539062500000e+01
-1.152441501617431641e+01
-9.570993423461914062e+00
-8.919676780700683594e+00
-1.023573589324951172e+01
-1.192019367218017578e+01
-1.330530643463134766e+01
-1.474358844757080078e+01
-1.661279869079589844e+01
-1.828428840637207031e+01
-1.963163757324218750e+01
-2.046520805358886719e+01
-2.088366889953613281e+01
-1.922518730163574219e+01
-1.556652069091796875e+01
-9.036753654479980469e+00
-4.927742958068847656e+00
-3.744267940521240234e+00
-2.656695365905761719e+00
-1.673236012458801270e+00
-5.366291046142578125e+00
-1.073882484436035156e+01
-1.451548576354980469e+01
-1.618320655822753906e+01
-1.667420959472656250e+01
-1.519622039794921875e+01
-1.236482620239257812e+01
-1.104915809631347656e+01
-1.380117321014404297e+01
-1.142537784576416016e+01
-4.344918251037597656e+00
-9.373629093170166016e-01
-3.666231930255889893e-01
-9.718879461288452148e-01
-1.353920340538024902e+00
-1.605941534042358398e+00
-2.929574012756347656e+00
-7.407689094543457031e+00
-1.021019268035888672e+01
-8.035327911376953125e+00
-4.161320686340332031e+00
-4.753975868225097656e+00
-5.761322021484375000e+00
-5.423401832580566406e+00
-4.934508800506591797e+00
-5.150910377502441406e+00
-5.273907661437988281e+00
-5.793842315673828125e+00
-7.088829040527343750e+00
-8.911432266235351562e+00
-1.106142139434814453e+01
-1.179624080657958984e+01
-1.090667724609375000e+01
-1.041859531402587891e+01
-9.680744171142578125e+00
-9.587339401245117188e+00
-1.038716506958007812e+01
-1.104337787628173828e+01
-1.158005046844482422e+01
-1.249814987182617188e+01
-1.522648715972900391e+01
-1.586487197875976562e+01
-1.463090801239013672e+01
-1.196419525146484375e+01
-1.003691577911376953e+01
-1.077198123931884766e+01
-1.219215011596679688e+01
-1.295695400238037109e+01
-1.390726089477539062e+01
-1.449219608306884766e+01
-1.420477008819580078e+01
-1.403674221038818359e+01
-1.349358463287353516e+01
-1.387008571624755859e+01
-1.547822761535644531e+01
-1.760157775878906250e+01
-1.621315765380859375e+01
-1.009578895568847656e+01
-3.277358770370483398e+00
-6.255819797515869141e-01
-3.230044618248939514e-03
-3.484411537647247314e-01
-5.862988829612731934e-01
-2.707536220550537109e+00
-6.656944274902343750e+00
-1.337249183654785156e+01
-1.550010967254638672e+01
-1.606852149963378906e+01
-1.584866714477539062e+01
-1.334669971466064453e+01
-7.889322757720947266e+00
-7.957464218139648438e+00
-1.190866851806640625e+01
-1.336921787261962891e+01
-1.234023952484130859e+01
-1.096801376342773438e+01
-8.420495033264160156e+00
-4.665152549743652344e+00
-2.754924535751342773e+00
-1.946890830993652344e+00
-2.675117254257202148e-01
-1.575510054826736450e-01
-1.007999897003173828e+00
-9.050169587135314941e-01
-7.049276828765869141e-01
-4.946936964988708496e-01
-4.608347117900848389e-01
-1.251464843750000000e+00
-5.219613075256347656e+00
-1.102076053619384766e+01
-1.423133182525634766e+01
-1.570075988769531250e+01
-1.516081523895263672e+01
-9.914268493652343750e+00
-4.070420265197753906e+00
-1.090482473373413086e+00
-9.195674657821655273e-01
-4.958207011222839355e-01
-2.423030853271484375e+00
-3.705616712570190430e+00
-4.099872589111328125e+00
-2.315430164337158203e+00
-8.132704496383666992e-01
-4.283859431743621826e-01
-1.616970658302307129e+00
-4.113367080688476562e+00
-7.139848709106445312e+00
-8.106145858764648438e+00
-8.187781333923339844e+00
-8.486594200134277344e+00
-8.663534164428710938e+00
-7.510851383209228516e+00
-7.421639919281005859e+00
-9.390601158142089844e+00
-1.304232406616210938e+01
-1.590239906311035156e+01
-1.687715148925781250e+01
-1.544729518890380859e+01
-1.318410301208496094e+01
-1.072825908660888672e+01
-1.173866653442382812e+01
-1.760714340209960938e+01
-1.965449905395507812e+01
-1.860779953002929688e+01
-1.877388954162597656e+01
-1.869535064697265625e+01
-1.899818038940429688e+01
-1.970710182189941406e+01
-1.992304611206054688e+01
-2.079851722717285156e+01
-2.176463508605957031e+01
-2.161123657226562500e+01
-1.965263366699218750e+01
-1.958815574645996094e+01
-1.827650260925292969e+01
-1.683149147033691406e+01
-1.719640159606933594e+01
-2.121983146667480469e+01
-2.286284828186035156e+01
-2.334822463989257812e+01
-2.367670059204101562e+01
-2.368444824218750000e+01
-2.348838424682617188e+01
-2.220702743530273438e+01
-2.138792800903320312e+01
-2.028672409057617188e+01
-1.889649772644042969e+01
-1.435140514373779297e+01
-1.035319900512695312e+01
-8.832967758178710938e+00
-6.674383640289306641e+00
-5.799303054809570312e+00
-5.879280090332031250e+00
-6.505406379699707031e+00
-6.558502674102783203e+00
-7.571981430053710938e+00
-1.062164211273193359e+01
-1.341343498229980469e+01
-1.526310157775878906e+01
-1.626804542541503906e+01
-1.741001701354980469e+01
-1.753308486938476562e+01
-1.627872085571289062e+01
-1.326499938964843750e+01
-1.064595127105712891e+01
-6.840576171875000000e+00
-5.235856533050537109e+00
-7.859200000762939453e+00
-9.080338478088378906e+00
-8.913793563842773438e+00
-8.760422706604003906e+00
-9.397893905639648438e+00
-1.181357479095458984e+01
-1.521359062194824219e+01
-1.875292205810546875e+01
-1.960337638854980469e+01
-1.952298164367675781e+01
-1.769734191894531250e+01
-1.455389308929443359e+01
-1.305060386657714844e+01
-1.371436119079589844e+01
-1.411062335968017578e+01
-1.443205356597900391e+01
-1.441232776641845703e+01
-1.389890766143798828e+01
-1.411347579956054688e+01
-1.453764915466308594e+01
-1.462837505340576172e+01
-1.465296459197998047e+01
-1.364670944213867188e+01
-1.324622154235839844e+01
-1.352374649047851562e+01
-1.523318004608154297e+01
-1.691834259033203125e+01
-1.933243560791015625e+01
-2.047510910034179688e+01
-2.064052772521972656e+01
-2.058852195739746094e+01
-2.084449386596679688e+01
-2.101375198364257812e+01
-2.015953063964843750e+01
-1.923470115661621094e+01
-2.112438583374023438e+01
-2.157917404174804688e+01
-2.239735412597656250e+01
-2.212718582153320312e+01
-2.140237426757812500e+01
-1.961750221252441406e+01
-1.608810997009277344e+01
-1.040841197967529297e+01
-6.324836730957031250e+00
-6.491137981414794922e+00
-9.046620368957519531e+00
-1.125636672973632812e+01
-1.180296993255615234e+01
-9.731093406677246094e+00
-8.755033493041992188e+00
-9.637162208557128906e+00
-9.560424804687500000e+00
-6.346963882446289062e+00
-4.269697189331054688e+00
-3.206506490707397461e+00
-4.198632717132568359e+00
-4.761199474334716797e+00
-5.645967483520507812e+00
-7.394830226898193359e+00
-9.121704101562500000e+00
-9.459761619567871094e+00
-9.591604232788085938e+00
-9.286133766174316406e+00
-7.579693794250488281e+00
-4.903186321258544922e+00
-3.192835807800292969e+00
-1.877413034439086914e+00
-1.222077488899230957e+00
-4.168227195739746094e+00
-5.081289291381835938e+00
-5.138402938842773438e+00
-6.855163097381591797e+00
-7.689094066619873047e+00
-4.270896434783935547e+00
-2.539299726486206055e+00
-2.077289819717407227e+00
-1.824561357498168945e+00
-1.657597064971923828e+00
-1.308365106582641602e+00
-1.071525692939758301e+00
-1.424493074417114258e+00
-1.740850567817687988e+00
-1.951119899749755859e+00
-4.172911167144775391e+00
-6.392097473144531250e+00
-1.228830242156982422e+01
-1.558621597290039062e+01
-1.643744277954101562e+01
-1.656298255920410156e+01
-1.639090156555175781e+01
-1.629059600830078125e+01
-1.461568832397460938e+01
-1.060631656646728516e+01
-1.072705745697021484e+01
-1.251298427581787109e+01
-1.403836345672607422e+01
-1.246020603179931641e+01
-6.748936176300048828e+00
-4.652608394622802734e+00
-3.945695400238037109e+00
-1.742683291435241699e+00
-1.321047067642211914e+00
-6.699084639549255371e-01
-1.047288298606872559e+00
-4.411789894104003906e+00
-8.557833671569824219e+00
-9.967082023620605469e+00
-9.144922256469726562e+00
-5.996712684631347656e+00
-3.993225097656250000e+00
-1.833723068237304688e+00
-2.204587697982788086e+00
-1.078468680381774902e+00
-5.776666998863220215e-01
-1.153585314750671387e+00
-1.496649503707885742e+00
-1.346027016639709473e+00
-2.126719713211059570e+00
-2.133873224258422852e+00
-4.383077144622802734e+00
-6.232595443725585938e+00
-4.311449050903320312e+00
-2.597363471984863281e+00
-2.502128839492797852e+00
-2.855091810226440430e+00
-1.897812128067016602e+00
-1.638886570930480957e+00
-2.804357767105102539e+00
-5.014981269836425781e+00
-5.714919567108154297e+00
-5.922442913055419922e+00
-9.341695785522460938e+00
-1.323561286926269531e+01
-1.553048229217529297e+01
-1.605777168273925781e+01
-1.681898307800292969e+01
-1.690882682800292969e+01
-1.722704887390136719e+01
-1.759914779663085938e+01
-1.770474052429199219e+01
-1.571531391143798828e+01
-1.633777427673339844e+01
-1.873714256286621094e+01
-2.052105331420898438e+01
-2.109788703918457031e+01
-2.120507049560546875e+01
-2.068481636047363281e+01
-2.061414337158203125e+01
-2.114918708801269531e+01
-2.258334922790527344e+01
-2.289181327819824219e+01
-2.298767662048339844e+01
-2.325495719909667969e+01
-2.369312095642089844e+01
-2.376562118530273438e+01
-2.475962448120117188e+01
-2.469989395141601562e+01
-2.331781196594238281e+01
-2.151913642883300781e+01
-2.054487037658691406e+01
-2.143711280822753906e+01
-2.350782585144042969e+01
-2.544003868103027344e+01
-2.626730537414550781e+01
-2.616802024841308594e+01
-2.570562553405761719e+01
-2.468471145629882812e+01
-2.401475524902343750e+01
-2.144757461547851562e+01
-1.769491004943847656e+01
-1.628584098815917969e+01
-1.888095664978027344e+01
-2.083371162414550781e+01
-1.929449272155761719e+01
-1.564516448974609375e+01
-1.274823188781738281e+01
-1.243557643890380859e+01
-1.100032520294189453e+01
-1.117617321014404297e+01
-1.195594787597656250e+01
-1.306441783905029297e+01
-1.418887710571289062e+01
-1.473991775512695312e+01
-1.499317264556884766e+01
-1.612993240356445312e+01
-1.838382148742675781e+01
-1.940314483642578125e+01
-2.087838554382324219e+01
-2.184838676452636719e+01
-2.169561576843261719e+01
-2.076300239562988281e+01
-2.008261108398437500e+01
-1.873340606689453125e+01
-1.703944015502929688e+01
-1.588178443908691406e+01
-1.522081661224365234e+01
-1.383009910583496094e+01
-1.269246006011962891e+01
-1.246957874298095703e+01
-1.289202117919921875e+01
-1.412517070770263672e+01
-1.485569190979003906e+01
-1.650618553161621094e+01
-1.648916625976562500e+01
-1.574318313598632812e+01
-1.660652923583984375e+01
-1.726654815673828125e+01
-1.836194229125976562e+01
-1.877011871337890625e+01
-1.786441612243652344e+01
-1.589259910583496094e+01
-1.360679435729980469e+01
-1.108580017089843750e+01
-6.331142902374267578e+00
-3.992202520370483398e+00
-2.020317316055297852e+00
-2.671564579010009766e+00
-8.584116935729980469e+00
-1.156799983978271484e+01
-1.046932792663574219e+01
-6.253275871276855469e+00
-7.202423572540283203e+00
-9.930370330810546875e+00
-1.043427276611328125e+01
-1.298707675933837891e+01
-1.549546051025390625e+01
-1.636497306823730469e+01
-1.633114433288574219e+01
-1.286746120452880859e+01
-9.400536537170410156e+00
-5.572470664978027344e+00
-3.002119541168212891e+00
-1.002493667602539062e+01
-1.353988742828369141e+01
-1.317698478698730469e+01
-1.268594264984130859e+01
-1.299267959594726562e+01
-1.332915496826171875e+01
-1.263023948669433594e+01
-9.316293716430664062e+00
-4.843289375305175781e+00
-4.756615161895751953e+00
-6.169707298278808594e+00
-6.929434299468994141e+00
-7.142383575439453125e+00
-3.771397113800048828e+00
-3.356143236160278320e+00
-1.798878431320190430e+00
-2.665897831320762634e-02
8.307361006736755371e-01
1.018914461135864258e+00
-3.369204998016357422e-01
-1.927090287208557129e+00
-2.612901210784912109e+00
-3.515676498413085938e+00
-4.854355812072753906e+00
-5.153833866119384766e+00
-4.021092891693115234e+00
-2.757180213928222656e+00
-2.220652818679809570e+00
-1.615314722061157227e+00
-1.289691090583801270e+00
-1.548475265502929688e+00
-3.535160064697265625e+00
-7.135936737060546875e+00
-9.735286712646484375e+00
-1.095684814453125000e+01
-1.080791664123535156e+01
-9.332256317138671875e+00
-6.627101421356201172e+00
-5.016918182373046875e+00
-4.786670684814453125e+00
-4.912627220153808594e+00
-5.832316398620605469e+00
-7.031221389770507812e+00
-1.041313552856445312e+01
-1.198977184295654297e+01
-7.145237922668457031e+00
-3.589137077331542969e+00
-4.805485725402832031e+00
-8.009361267089843750e+00
-9.625603675842285156e+00
-1.094920063018798828e+01
-1.239576148986816406e+01
-1.393290805816650391e+01
-1.392833232879638672e+01
-1.293888092041015625e+01
-1.441376495361328125e+01
-1.689589691162109375e+01
-1.679495429992675781e+01
-1.560105037689208984e+01
-1.668499565124511719e+01
-1.691943359375000000e+01
-1.493638038635253906e+01
-1.394439601898193359e+01
-1.603441619873046875e+01
-1.765612030029296875e+01
-1.709856033325195312e+01
-1.525252246856689453e+01
-1.218362998962402344e+01
-7.053740024566650391e+00
-3.705650568008422852e+00
-1.575078010559082031e+00
-1.040453433990478516e+00
-4.124937951564788818e-01
-2.831538617610931396e-01
-4.087604582309722900e-01
-9.067682921886444092e-02
1.630334705114364624e-01
1.381627172231674194e-01
7.312119007110595703e-02
-8.044262528419494629e-01
-1.773298263549804688e+00
-2.895962953567504883e+00
-3.998226165771484375e+00
-7.100385189056396484e+00
-9.091790199279785156e+00
-8.394248962402343750e+00
-9.511309623718261719e+00
-1.284019088745117188e+01
-1.436867237091064453e+01
-1.278399372100830078e+01
-1.175688171386718750e+01
-1.314453411102294922e+01
-1.379433536529541016e+01
-1.230317020416259766e+01
-1.106067943572998047e+01
-1.080157566070556641e+01
-9.610488891601562500e+00
-7.470860004425048828e+00
-6.929716587066650391e+00
-7.752478122711181641e+00
-8.348725318908691406e+00
-7.613835811614990234e+00
-7.005078792572021484e+00
-7.564544677734375000e+00
-7.157818317413330078e+00
-6.377933979034423828e+00
-5.784892082214355469e+00
-6.222059726715087891e+00
-6.776065826416015625e+00
-7.963451862335205078e+00
-8.226468086242675781e+00
-8.127146720886230469e+00
-6.247782230377197266e+00
-4.248805522918701172e+00
-4.071053981781005859e+00
-4.970163345336914062e+00
-5.708684444427490234e+00
-5.448595046997070312e+00
-6.148886203765869141e+00
-8.047555923461914062e+00
-6.848047733306884766e+00
-3.679684877395629883e+00
-2.859603166580200195e+00
-3.849013566970825195e+00
-5.625357151031494141e+00
-6.456185817718505859e+00
-7.434077262878417969e+00
-1.024454212188720703e+01
-1.102597618103027344e+01
-8.765953063964843750e+00
-6.827825069427490234e+00
-5.948865413665771484e+00
-4.785121440887451172e+00
-1.190563774108886719e+01
-1.154312610626220703e+01
-1.165470790863037109e+01
-1.228340435028076172e+01
-1.252256393432617188e+01
-1.275725650787353516e+01
-1.400672245025634766e+01
-1.488627719879150391e+01
-1.455346488952636719e+01
-1.389732170104980469e+01
-1.511983871459960938e+01
-1.573119449615478516e+01
-1.381762790679931641e+01
-1.288113307952880859e+01
-1.435341262817382812e+01
-1.506466293334960938e+01
-1.384031391143798828e+01
-1.196095466613769531e+01
-1.030563640594482422e+01
-7.054477214813232422e+00
-4.587603569030761719e+00
-5.293426990509033203e+00
-6.947440624237060547e+00
-8.532606124877929688e+00
-1.067396163940429688e+01
-1.257918262481689453e+01
-1.485922145843505859e+01
-1.547012615203857422e+01
-1.494786548614501953e+01
-1.335973548889160156e+01
-1.351405715942382812e+01
-1.414585781097412109e+01
-9.800642013549804688e+00
-7.810154914855957031e+00
-7.709916591644287109e+00
-8.650955200195312500e+00
-8.368103981018066406e+00
-9.872025489807128906e+00
-1.148967742919921875e+01
-1.136220359802246094e+01
-1.068858623504638672e+01
-1.037571716308593750e+01
-1.242951869964599609e+01
-1.378460788726806641e+01
-1.167887783050537109e+01
-8.994407653808593750e+00
-8.345802307128906250e+00
-7.701424598693847656e+00
-5.893232822418212891e+00
-5.632087230682373047e+00
-6.176787853240966797e+00
-6.808799266815185547e+00
-6.339316844940185547e+00
-6.407176971435546875e+00
-8.621642112731933594e+00
-1.028502559661865234e+01
-9.549642562866210938e+00
-6.676745414733886719e+00
-3.711818695068359375e+00
-8.461084365844726562e-01
-4.798241257667541504e-01
-1.450282573699951172e+00
-3.766742944717407227e+00
-5.476742744445800781e+00
-5.409624576568603516e+00
-4.399881362915039062e+00
-4.971960067749023438e+00
-4.703555583953857422e+00
-3.001734733581542969e+00
-2.666312694549560547e+00
-3.850461244583129883e+00
-5.317596912384033203e+00
-5.345677375793457031e+00
-5.419276714324951172e+00
-7.266721725463867188e+00
-8.270545005798339844e+00
-6.834412097930908203e+00
-6.071687698364257812e+00
-6.701619625091552734e+00
-7.537380218505859375e+00
-7.691137790679931641e+00
-7.227504730224609375e+00
-9.031822204589843750e+00
-1.057249069213867188e+01
-8.757888793945312500e+00
-7.625111579895019531e+00
-9.611547470092773438e+00
-9.476851463317871094e+00
-7.405752182006835938e+00
-5.811245441436767578e+00
-6.288969993591308594e+00
-6.417640686035156250e+00
-4.874048709869384766e+00
-4.250319004058837891e+00
-5.731303215026855469e+00
-6.662297725677490234e+00
-5.101093292236328125e+00
-4.585174083709716797e+00
-5.104578495025634766e+00
-4.132676124572753906e+00
-2.149164676666259766e+00
-1.042916774749755859e+00
-7.886079549789428711e-01
-4.333517551422119141e-01
-4.022537916898727417e-02
-2.676509320735931396e-01
-2.599090099334716797e+00
-4.089728832244873047e+00
-3.126139879226684570e+00
-2.266420602798461914e+00
-3.668446302413940430e+00
-5.007407188415527344e+00
-3.231275558471679688e+00
-2.167905569076538086e+00
-4.082328319549560547e+00
-5.635329246520996094e+00
-3.381580591201782227e+00
-2.146345615386962891e+00
-4.289216995239257812e+00
-4.544795513153076172e+00
-1.744725823402404785e+00
2.743712365627288818e-01
-5.398618578910827637e-01
-1.227010130882263184e+00
-2.320326417684555054e-01
1.271346211433410645e-01
-1.669748902320861816e+00
-2.181296825408935547e+00
-1.005148410797119141e+00
-1.060732156038284302e-01
-6.893904805183410645e-01
-8.048143982887268066e-01
4.170307219028472900e-01
6.551015973091125488e-01
-3.344919383525848389e-01
-1.019489526748657227e+00
-3.629567921161651611e-01
-1.316169649362564087e-01
-6.222025752067565918e-01
-1.120993614196777344e+00
-5.021624565124511719e-01
1.003193110227584839e-01
-4.119648039340972900e-01
-9.467008113861083984e-01
-3.189520537853240967e-01
2.635192871093750000e-01
-3.525984883308410645e-01
-1.174830913543701172e+00
-6.274499893188476562e-01
-1.449001431465148926e-01
-2.036278963088989258e+00
-3.315938949584960938e+00
-7.441791892051696777e-01
-2.381270527839660645e-01
-2.560121774673461914e+00
-4.040083885192871094e+00
-1.027592658996582031e+00
-2.642693817615509033e-01
-2.761900186538696289e+00
-4.011086940765380859e+00
-2.029370784759521484e+00
-2.128058195114135742e+00
-4.275616645812988281e+00
-5.376893520355224609e+00
-3.331267356872558594e+00
-2.731073856353759766e+00
-4.707465648651123047e+00
-6.117280483245849609e+00
-4.084336280822753906e+00
-3.128080606460571289e+00
-4.697988033294677734e+00
-5.476425647735595703e+00
-3.409096240997314453e+00
-2.157375335693359375e+00
-3.683913469314575195e+00
-4.756087303161621094e+00
-2.192746400833129883e+00
-1.198333263397216797e+00
-3.163768053054809570e+00
-4.439977169036865234e+00
-2.330579280853271484e+00
-1.412652850151062012e+00
-3.506266832351684570e+00
-4.737202644348144531e+00
-1.620634436607360840e+00
-4.539639651775360107e-01
-9.979253411293029785e-01
-6.733944416046142578e-01
-5.667595937848091125e-02
-2.484505623579025269e-01
-1.564790368080139160e+00
-2.299362897872924805e+00
-1.048624634742736816e+00
-3.397045433521270752e-01
-2.084160566329956055e+00
-3.165531158447265625e+00
-1.439710617065429688e+00
-4.413163065910339355e-01
-1.946186780929565430e+00
-2.444734811782836914e+00
7.411488331854343414e-03
5.017651915550231934e-01
-1.455777883529663086e+00
-2.642706632614135742e+00
1.082115843892097473e-01
7.096049189567565918e-01
-1.170109272003173828e+00
-2.509527444839477539e+00
-3.815237879753112793e-01
1.351307630538940430e-01
-1.762731194496154785e+00
-2.937746763229370117e+00
1.805302128195762634e-02
9.114192724227905273e-01
-2.508796453475952148e-01
-4.034065008163452148e-01
1.339603900909423828e+00
1.585003733634948730e+00
2.067239284515380859e-01
-4.017831981182098389e-01
1.190042614936828613e+00
1.160939574241638184e+00
-6.575408577919006348e-01
-1.386544704437255859e+00
4.935206472873687744e-01
8.563858866691589355e-01
-1.083120226860046387e+00
-2.167378664016723633e+00
1.486259549856185913e-01
1.204311490058898926e+00
6.691969186067581177e-02
2.243775427341461182e-01
1.463873624801635742e+00
1.618510961532592773e+00
-9.155969321727752686e-02
-6.692392230033874512e-01
3.504397869110107422e-01
7.417731285095214844e-01
-7.882540225982666016e-01
-1.708610653877258301e+00
6.221913099288940430e-01
1.375155806541442871e+00
-3.208891153335571289e-01
-8.965967893600463867e-01
1.067431569099426270e+00
1.169854402542114258e+00
-2.510900609195232391e-02
-3.588347733020782471e-01
4.438781738281250000e-01
7.442750334739685059e-01
-4.807053804397583008e-01
-1.365019679069519043e+00
-1.754841059446334839e-01
6.968501806259155273e-01
-4.701361358165740967e-01
-8.653457164764404297e-01
7.534356117248535156e-01
1.266533017158508301e+00
2.897703051567077637e-01
1.120883896946907043e-01
1.377060770988464355e+00
1.740310907363891602e+00
3.278562426567077637e-01
1.629676222801208496e-01
1.657055735588073730e+00
2.000859737396240234e+00
-2.539469301700592041e-01
-1.143087863922119141e+00
1.472505807876586914e+00
