1.608506590127944946e-01
-1.221693634986877441e+00
-1.624367117881774902e+00
-1.584665328264236450e-01
3.606931567192077637e-01
-9.934852719306945801e-01
-1.801061749458312988e+00
8.742697536945343018e-02
4.484933018684387207e-01
-8.783836960792541504e-01
-1.574866056442260742e+00
-9.413012862205505371e-02
6.812417507171630859e-01
-7.264554500579833984e-01
-1.338311433792114258e+00
-1.554383337497711182e-01
1.925942897796630859e-01
-1.934523701667785645e+00
-3.054301023483276367e+00
-6.219214797019958496e-01
9.767766296863555908e-02
-1.199245572090148926e+00
-2.372893333435058594e+00
-8.183807730674743652e-01
-2.931620180606842041e-01
-1.917752504348754883e+00
-2.620125293731689453e+00
-5.841166377067565918e-01
-2.659623026847839355e-01
-1.290642499923706055e+00
-1.745639681816101074e+00
-7.077149748802185059e-01
-3.377653360366821289e-01
-1.668798565864562988e+00
-2.299890279769897461e+00
-9.730883240699768066e-01
-6.879106760025024414e-01
-1.620421290397644043e+00
-1.873185515403747559e+00
-2.341608330607414246e-02
2.999497652053833008e-01
-1.265767931938171387e+00
-2.852770328521728516e+00
-2.119921207427978516e+00
-1.319111585617065430e+00
-2.420949935913085938e+00
-3.000253677368164062e+00
-1.139985203742980957e+00
-1.106833457946777344e+00
-2.460902690887451172e+00
-3.265064477920532227e+00
-1.527899503707885742e+00
-9.487417340278625488e-01
-2.085497856140136719e+00
-2.173015356063842773e+00
-7.430173754692077637e-01
-3.774746060371398926e-01
-1.077447175979614258e+00
-1.227048158645629883e+00
-8.045825362205505371e-02
8.696760237216949463e-02
-3.559816479682922363e-01
-2.981669008731842041e-01
-2.326301485300064087e-01
-3.476059064269065857e-02
-7.607025504112243652e-01
-1.083788990974426270e+00
-9.138248115777969360e-02
1.090253889560699463e-01
-1.419455051422119141e+00
-2.048329591751098633e+00
-1.527971267700195312e+00
-1.107253789901733398e+00
-1.540866732597351074e+00
-1.529416322708129883e+00
-1.289901494979858398e+00
-8.521674871444702148e-01
-1.490835666656494141e+00
-1.965390920639038086e+00
-5.336978435516357422e-01
6.167067214846611023e-02
-1.076003789901733398e+00
-1.864623546600341797e+00
-9.011787176132202148e-01
-1.056202650070190430e+00
-2.104206800460815430e+00
-1.959153532981872559e+00
-1.088759541511535645e+00
-9.434214830398559570e-01
-9.201312065124511719e-01
-1.236242413520812988e+00
-4.836302697658538818e-01
-8.102149516344070435e-02
-9.766792058944702148e-01
-1.240258455276489258e+00
-4.487508237361907959e-01
2.163000172004103661e-03
-8.971959352493286133e-01
-1.230147004127502441e+00
-1.495864540338516235e-01
1.283306926488876343e-01
-1.080303549766540527e+00
-2.041492700576782227e+00
-8.901137113571166992e-01
-4.050956964492797852e-01
-1.497107744216918945e+00
-1.688951492309570312e+00
-7.590476870536804199e-01
-5.985278487205505371e-01
-1.314213275909423828e+00
-1.718298673629760742e+00
-1.606786370277404785e+00
-1.724005460739135742e+00
-2.717967271804809570e+00
-3.412549972534179688e+00
-2.955646753311157227e+00
-2.412354469299316406e+00
-3.717947959899902344e+00
-4.340232372283935547e+00
-3.514195442199707031e+00
-2.612229824066162109e+00
-4.045158386230468750e+00
-4.392024517059326172e+00
-4.106569290161132812e+00
-2.948952198028564453e+00
-3.511024236679077148e+00
-3.709987163543701172e+00
-3.496298313140869141e+00
-2.748480558395385742e+00
-4.177035331726074219e+00
-4.835117340087890625e+00
-4.319340705871582031e+00
-3.597733259201049805e+00
-4.589049339294433594e+00
-4.503750324249267578e+00
-3.162498712539672852e+00
-2.588412046432495117e+00
-3.515674352645874023e+00
-4.233336925506591797e+00
-3.876848697662353516e+00
-3.337891101837158203e+00
-4.190637111663818359e+00
-4.775748729705810547e+00
-2.254229545593261719e+00
-1.479104042053222656e+00
-2.204833030700683594e+00
-2.308349132537841797e+00
-1.228455066680908203e+00
-8.340941071510314941e-01
-1.314707398414611816e+00
-1.816670775413513184e+00
-2.565056085586547852e+00
-3.190299034118652344e+00
-4.940390586853027344e+00
-6.133347034454345703e+00
-5.440101146697998047e+00
-4.605468750000000000e+00
-5.697302341461181641e+00
-6.042692184448242188e+00
-4.916117191314697266e+00
-4.050902366638183594e+00
-4.623858451843261719e+00
-5.427029609680175781e+00
-4.112029075622558594e+00
-3.983711719512939453e+00
-4.833247184753417969e+00
-4.899522304534912109e+00
-3.113457441329956055e+00
-2.254756450653076172e+00
-3.653120517730712891e+00
-4.602718830108642578e+00
-3.806982755661010742e+00
-3.355613231658935547e+00
-4.534049510955810547e+00
-5.624900341033935547e+00
-5.483157634735107422e+00
-5.321226119995117188e+00
-6.409255027770996094e+00
-7.138930797576904297e+00
-6.570094585418701172e+00
-5.914725780487060547e+00
-6.780715465545654297e+00
-7.593472480773925781e+00
-6.471794128417968750e+00
-5.921703815460205078e+00
-6.584573745727539062e+00
-6.951385974884033203e+00
-5.944252490997314453e+00
-5.399196147918701172e+00
-6.511219978332519531e+00
-6.703730583190917969e+00
-5.232826232910156250e+00
-4.316592216491699219e+00
-5.628704071044921875e+00
-6.531829357147216797e+00
-5.859589099884033203e+00
-5.793030738830566406e+00
-7.007617473602294922e+00
-7.125719547271728516e+00
-4.991408824920654297e+00
-3.606718301773071289e+00
-3.629409074783325195e+00
-4.658563613891601562e+00
-4.313632965087890625e+00
-3.653963327407836914e+00
-4.346683502197265625e+00
-4.554944038391113281e+00
-4.208920001983642578e+00
-3.880480766296386719e+00
-4.591901302337646484e+00
-5.026887416839599609e+00
-5.035346984863281250e+00
-4.650880813598632812e+00
-5.822486877441406250e+00
-6.566958427429199219e+00
-5.528748989105224609e+00
-5.072550296783447266e+00
-6.139231204986572266e+00
-6.708313465118408203e+00
-5.625533580780029297e+00
-3.889393091201782227e+00
-2.845968246459960938e+00
-3.005643129348754883e+00
-3.939420461654663086e+00
-3.866914510726928711e+00
-5.079562187194824219e+00
-5.547032833099365234e+00
-5.815790653228759766e+00
-6.088318347930908203e+00
-8.006297111511230469e+00
-9.031785011291503906e+00
-8.740410804748535156e+00
-8.383748054504394531e+00
-9.636737823486328125e+00
-9.338000297546386719e+00
-6.798722267150878906e+00
-2.844101190567016602e+00
-1.929591178894042969e+00
-1.860076904296875000e+00
-1.943296194076538086e+00
-1.812512874603271484e+00
-1.824808716773986816e+00
-1.583217740058898926e+00
-1.236663818359375000e+00
-1.602174401283264160e+00
-3.238076686859130859e+00
-4.020425796508789062e+00
-3.772207260131835938e+00
-4.266136169433593750e+00
-5.048205852508544922e+00
-5.465925693511962891e+00
-4.557236194610595703e+00
-4.013484477996826172e+00
-3.581667661666870117e+00
-3.079597234725952148e+00
-2.204232215881347656e+00
-1.573915123939514160e+00
-2.090642452239990234e+00
-2.298233270645141602e+00
-1.995655298233032227e+00
-1.936815261840820312e+00
-2.726633787155151367e+00
-3.322950839996337891e+00
-3.310337066650390625e+00
-2.907307386398315430e+00
-2.856783628463745117e+00
-3.254213094711303711e+00
-3.723937988281250000e+00
-4.355031013488769531e+00
-4.746538162231445312e+00
-5.379044055938720703e+00
-5.416002273559570312e+00
-5.192308902740478516e+00
-5.640401363372802734e+00
-5.387745857238769531e+00
-5.312769412994384766e+00
-5.180576324462890625e+00
-5.064976692199707031e+00
-5.667322635650634766e+00
-7.140023231506347656e+00
-8.081801414489746094e+00
-1.001281833648681641e+01
-1.108967685699462891e+01
-1.089254856109619141e+01
-1.018461322784423828e+01
-7.940832614898681641e+00
-7.575574874877929688e+00
-9.166659355163574219e+00
-8.114778518676757812e+00
-8.185314178466796875e+00
-8.407353401184082031e+00
-9.599075317382812500e+00
-1.082863903045654297e+01
-1.276186943054199219e+01
-1.378178977966308594e+01
-1.317113494873046875e+01
-1.241827678680419922e+01
-1.229929733276367188e+01
-1.199692726135253906e+01
-1.272790527343750000e+01
-1.235115814208984375e+01
-1.155594635009765625e+01
-1.107280063629150391e+01
-7.329999923706054688e+00
-6.388292312622070312e+00
-5.621728420257568359e+00
-6.869575023651123047e+00
-8.277205467224121094e+00
-9.373441696166992188e+00
-1.024338054656982422e+01
-8.803688049316406250e+00
-5.296456813812255859e+00
-4.755418777465820312e+00
-5.041618347167968750e+00
-5.232367038726806641e+00
-5.353250980377197266e+00
-5.973177909851074219e+00
-6.643343925476074219e+00
-7.253931999206542969e+00
-8.590249061584472656e+00
-9.755403518676757812e+00
-1.098577690124511719e+01
-1.204717063903808594e+01
-1.361612892150878906e+01
-1.406024074554443359e+01
-1.247472095489501953e+01
-7.676338672637939453e+00
-5.424705505371093750e+00
-1.052767372131347656e+01
-1.389644336700439453e+01
-1.381146240234375000e+01
-1.347899532318115234e+01
-1.405263137817382812e+01
-1.487228870391845703e+01
-1.582978248596191406e+01
-1.595676326751708984e+01
-1.571513748168945312e+01
-1.427079486846923828e+01
-1.157652568817138672e+01
-9.189915657043457031e+00
-7.715129852294921875e+00
-7.142982959747314453e+00
-7.213199138641357422e+00
-7.202243804931640625e+00
-7.784505367279052734e+00
-8.499382972717285156e+00
-8.868800163269042969e+00
-9.015722274780273438e+00
-8.152269363403320312e+00
-5.573635578155517578e+00
-3.673344612121582031e+00
-2.617974996566772461e+00
-1.958095073699951172e+00
-1.725875020027160645e+00
-1.734121203422546387e+00
-2.355170965194702148e+00
-3.117931127548217773e+00
-4.529399871826171875e+00
-5.246108531951904297e+00
-3.942171812057495117e+00
-3.570500850677490234e+00
-3.793344497680664062e+00
-5.488865852355957031e+00
-5.649562358856201172e+00
-4.349746227264404297e+00
-3.455146074295043945e+00
-1.941361308097839355e+00
-5.068488121032714844e-01
4.983129799365997314e-01
4.960230886936187744e-01
-1.020909324288368225e-01
-6.746280193328857422e-01
-4.665093719959259033e-01
-1.670965850353240967e-01
-7.489281147718429565e-02
-2.395003437995910645e-01
-4.711598157882690430e-01
-1.739474654197692871e+00
-2.570301294326782227e+00
-2.100542068481445312e+00
-9.960235953330993652e-01
-1.083015322685241699e+00
-1.905951738357543945e+00
-2.411122083663940430e+00
-2.797382116317749023e+00
-3.875757694244384766e+00
-4.475598812103271484e+00
-4.826027870178222656e+00
-5.463249206542968750e+00
-6.223647594451904297e+00
-7.114515304565429688e+00
-6.809609413146972656e+00
-6.038359165191650391e+00
-4.417109966278076172e+00
-3.538508415222167969e+00
-3.610769748687744141e+00
-3.667670011520385742e+00
-2.741678237915039062e+00
-2.054634571075439453e+00
-2.226714611053466797e+00
-2.438108682632446289e+00
-2.413130283355712891e+00
-2.141097784042358398e+00
-2.600674390792846680e+00
-2.184679031372070312e+00
-1.276090979576110840e+00
-9.245005846023559570e-01
-1.214223265647888184e+00
-1.402578234672546387e+00
-1.416847586631774902e+00
-1.673694252967834473e+00
-2.394668817520141602e+00
-2.862210512161254883e+00
-4.033249855041503906e+00
-5.285675525665283203e+00
-5.566658020019531250e+00
-4.854142665863037109e+00
-4.796184539794921875e+00
-6.777406692504882812e+00
-9.141571998596191406e+00
-1.069030952453613281e+01
-1.211027145385742188e+01
-1.151511573791503906e+01
-1.090618515014648438e+01
-9.354700088500976562e+00
-1.130727481842041016e+01
-1.230993652343750000e+01
-1.190588378906250000e+01
-1.106494522094726562e+01
-9.135161399841308594e+00
-7.821782588958740234e+00
-8.128624916076660156e+00
-8.873628616333007812e+00
-1.236662864685058594e+01
-1.357141876220703125e+01
-1.396113014221191406e+01
-1.435708045959472656e+01
-1.492623615264892578e+01
-1.523092555999755859e+01
-1.543023777008056641e+01
-1.531830215454101562e+01
-1.524445533752441406e+01
-1.542192649841308594e+01
-1.586991405487060547e+01
-1.646496582031250000e+01
-1.707093620300292969e+01
-1.694645309448242188e+01
-1.699057006835937500e+01
-1.749690055847167969e+01
-1.741315460205078125e+01
-1.771234893798828125e+01
-1.715930366516113281e+01
-1.646154975891113281e+01
-1.375924491882324219e+01
-1.123056983947753906e+01
-9.191676139831542969e+00
-8.030749320983886719e+00
-6.704649925231933594e+00
-7.381792068481445312e+00
-7.250936985015869141e+00
-8.707466125488281250e+00
-1.069133377075195312e+01
-1.370963573455810547e+01
-1.523420333862304688e+01
-1.577619361877441406e+01
-1.584799671173095703e+01
-1.582284164428710938e+01
-1.521532249450683594e+01
-1.371798515319824219e+01
-1.292383670806884766e+01
-1.153804969787597656e+01
-1.125643348693847656e+01
-1.096262645721435547e+01
-9.214998245239257812e+00
-7.630254745483398438e+00
-5.788908004760742188e+00
-6.161356449127197266e+00
-5.996500492095947266e+00
-3.020160436630249023e+00
-2.747526407241821289e+00
-3.804691791534423828e+00
-4.837266445159912109e+00
-6.251200199127197266e+00
-4.795623779296875000e+00
-3.090693473815917969e+00
-4.548849105834960938e+00
-5.639837741851806641e+00
-5.570285797119140625e+00
-5.722423553466796875e+00
-5.926986217498779297e+00
-6.285763740539550781e+00
-6.662122249603271484e+00
-7.319640636444091797e+00
-8.756583213806152344e+00
-9.392361640930175781e+00
-1.097340774536132812e+01
-1.191363239288330078e+01
-1.267135429382324219e+01
-1.267928314208984375e+01
-1.043952178955078125e+01
-9.697057723999023438e+00
-9.566234588623046875e+00
-1.022174835205078125e+01
-1.181339740753173828e+01
-1.299151611328125000e+01
-1.430704784393310547e+01
-1.541047382354736328e+01
-1.754213714599609375e+01
-1.893335342407226562e+01
-2.021491241455078125e+01
-2.054896163940429688e+01
-2.198586463928222656e+01
-2.267340850830078125e+01
-2.329254913330078125e+01
-2.397455787658691406e+01
-2.397346878051757812e+01
-2.277561569213867188e+01
-2.231218910217285156e+01
-2.257097816467285156e+01
-2.294498062133789062e+01
-2.334497833251953125e+01
-2.381365203857421875e+01
-2.437403106689453125e+01
-2.498803138732910156e+01
-2.489904022216796875e+01
-2.557829284667968750e+01
-2.604297637939453125e+01
-2.666731262207031250e+01
-2.711772346496582031e+01
-2.711237525939941406e+01
-2.696436119079589844e+01
-2.571016693115234375e+01
-2.562966346740722656e+01
-2.590941047668457031e+01
-2.584845542907714844e+01
-2.512174606323242188e+01
-2.385557174682617188e+01
-2.218549156188964844e+01
-2.083942031860351562e+01
-2.203853988647460938e+01
-2.355557060241699219e+01
-2.414089775085449219e+01
-2.472776985168457031e+01
-2.514877128601074219e+01
-2.495885658264160156e+01
-2.493630981445312500e+01
-2.507124900817871094e+01
-2.548788452148437500e+01
-2.501843452453613281e+01
-2.489455986022949219e+01
-2.586473464965820312e+01
-2.598143386840820312e+01
-2.466339874267578125e+01
-2.194013595581054688e+01
-1.979987525939941406e+01
-1.893180274963378906e+01
-1.905349540710449219e+01
-2.039037895202636719e+01
-2.164801979064941406e+01
-2.210784149169921875e+01
-2.266237831115722656e+01
-2.426991653442382812e+01
-2.433942985534667969e+01
-2.129720115661621094e+01
-1.716067504882812500e+01
-1.631402397155761719e+01
-1.646030998229980469e+01
-1.797057533264160156e+01
-2.010822677612304688e+01
-2.189615631103515625e+01
-2.219109916687011719e+01
-2.200648117065429688e+01
-2.292063522338867188e+01
-2.373917007446289062e+01
-2.351050186157226562e+01
-2.297150802612304688e+01
-2.268157768249511719e+01
-2.290213775634765625e+01
-2.374275970458984375e+01
-2.159583663940429688e+01
-1.949658203125000000e+01
-1.929508399963378906e+01
-1.913023376464843750e+01
-1.969868087768554688e+01
-2.079597854614257812e+01
-2.196969032287597656e+01
-2.308507156372070312e+01
-2.310983467102050781e+01
-2.311195182800292969e+01
-2.378098869323730469e+01
-2.471219444274902344e+01
-2.517350006103515625e+01
-2.299145317077636719e+01
-2.381900596618652344e+01
-2.401725959777832031e+01
-2.360676193237304688e+01
-2.446806526184082031e+01
-2.515909004211425781e+01
-2.569836807250976562e+01
-2.468044853210449219e+01
-2.225983428955078125e+01
-1.963170623779296875e+01
-2.071797180175781250e+01
-2.152910995483398438e+01
-2.139575004577636719e+01
-2.198716926574707031e+01
-2.224982833862304688e+01
-2.059705162048339844e+01
-1.592558193206787109e+01
-9.719324111938476562e+00
-8.090608596801757812e+00
-1.077293014526367188e+01
-9.310587882995605469e+00
-7.033866882324218750e+00
-7.242867469787597656e+00
-6.633902549743652344e+00
-5.374674797058105469e+00
-3.150273323059082031e+00
-1.238532900810241699e+00
-1.411807417869567871e+00
-1.931142687797546387e+00
-3.895592927932739258e+00
-6.339811801910400391e+00
-7.193788051605224609e+00
-6.266107082366943359e+00
-5.001311302185058594e+00
-5.741062641143798828e+00
-1.009057617187500000e+01
-1.209977245330810547e+01
-1.486655044555664062e+01
-1.625817871093750000e+01
-1.633129119873046875e+01
-1.551504707336425781e+01
-1.200573348999023438e+01
-9.046266555786132812e+00
-1.530734825134277344e+01
-1.725252532958984375e+01
-1.641500473022460938e+01
-1.707385826110839844e+01
-1.827763366699218750e+01
-1.889934921264648438e+01
-1.913125419616699219e+01
-1.806217956542968750e+01
-1.534941482543945312e+01
-1.157663440704345703e+01
-9.336448669433593750e+00
-7.958662509918212891e+00
-7.782143592834472656e+00
-6.253524303436279297e+00
-2.478697776794433594e+00
-4.175941467285156250e+00
-4.519286155700683594e+00
-4.196377754211425781e+00
-3.389330863952636719e+00
-3.367911338806152344e+00
-2.262120723724365234e+00
-6.728219985961914062e+00
-1.025715732574462891e+01
-1.255047416687011719e+01
-1.254572105407714844e+01
-6.066579341888427734e+00
-3.145974159240722656e+00
-4.711731433868408203e+00
-6.215296745300292969e+00
-7.184378623962402344e+00
-8.830393791198730469e+00
-1.111751079559326172e+01
-1.337982273101806641e+01
-1.471335506439208984e+01
-1.587512874603271484e+01
-1.691576766967773438e+01
-1.726450729370117188e+01
-1.730805206298828125e+01
-1.687436676025390625e+01
-1.369455432891845703e+01
-6.423983573913574219e+00
-3.340920925140380859e+00
-4.266984939575195312e+00
-6.568650722503662109e+00
-9.597171783447265625e+00
-9.045246124267578125e+00
-3.366640329360961914e+00
-5.652277469635009766e+00
-7.613731384277343750e+00
-8.878313064575195312e+00
-1.010082626342773438e+01
-1.114999485015869141e+01
-1.159554958343505859e+01
-8.280550003051757812e+00
-8.019650459289550781e+00
-9.109477043151855469e+00
-1.134775829315185547e+01
-1.352202320098876953e+01
-1.406306076049804688e+01
-1.520041561126708984e+01
-1.695889282226562500e+01
-1.803829193115234375e+01
-1.886940574645996094e+01
-1.821480751037597656e+01
-1.786254882812500000e+01
-1.759569740295410156e+01
-1.825779151916503906e+01
-1.846622657775878906e+01
-1.613109588623046875e+01
-1.473692798614501953e+01
-1.265433692932128906e+01
-1.039428329467773438e+01
-1.059623718261718750e+01
-1.025363254547119141e+01
-7.764175891876220703e+00
-7.241987228393554688e+00
-7.533399105072021484e+00
-8.103610992431640625e+00
-9.637303352355957031e+00
-1.006421947479248047e+01
-1.017467308044433594e+01
-1.082401943206787109e+01
-1.141219902038574219e+01
-1.130029964447021484e+01
-1.418556404113769531e+01
-1.729181289672851562e+01
-1.826800918579101562e+01
-1.757600212097167969e+01
-1.832660293579101562e+01
-1.807747459411621094e+01
-1.953552055358886719e+01
-2.011217689514160156e+01
-2.033819007873535156e+01
-1.926585006713867188e+01
-1.829679107666015625e+01
-1.821090126037597656e+01
-1.768899345397949219e+01
-1.745518493652343750e+01
-1.770414161682128906e+01
-1.748041152954101562e+01
-1.832456207275390625e+01
-1.852168655395507812e+01
-1.979039001464843750e+01
-2.137668609619140625e+01
-2.332292366027832031e+01
-2.426054382324218750e+01
-2.518399238586425781e+01
-2.533955764770507812e+01
-2.565478134155273438e+01
-2.630518150329589844e+01
-2.683160209655761719e+01
-2.761669921875000000e+01
-2.662207412719726562e+01
-2.365105056762695312e+01
-1.555612468719482422e+01
-1.387470245361328125e+01
-1.721200752258300781e+01
-1.701984977722167969e+01
-1.706568527221679688e+01
-1.693884849548339844e+01
-1.889001274108886719e+01
-2.120757102966308594e+01
-2.341473770141601562e+01
-2.082695007324218750e+01
-2.231367111206054688e+01
-2.494222831726074219e+01
-2.584144973754882812e+01
-2.610167312622070312e+01
-2.477392578125000000e+01
-1.983753204345703125e+01
-1.466888999938964844e+01
-2.258864021301269531e+01
-2.526263999938964844e+01
-2.581445693969726562e+01
-2.712839889526367188e+01
-2.798277091979980469e+01
-3.029870796203613281e+01
-3.148154640197753906e+01
-3.304645538330078125e+01
-3.245418548583984375e+01
-3.198904609680175781e+01
-3.225321578979492188e+01
-3.203900527954101562e+01
-2.984927368164062500e+01
-2.808773231506347656e+01
-2.755324363708496094e+01
-2.685686111450195312e+01
-2.670704841613769531e+01
-2.602381515502929688e+01
-2.630504226684570312e+01
-2.689946556091308594e+01
-2.846355819702148438e+01
-2.945212745666503906e+01
-3.058398818969726562e+01
-3.154172325134277344e+01
-3.205725097656250000e+01
-3.228908157348632812e+01
-3.170396423339843750e+01
-3.199623107910156250e+01
-3.159672164916992188e+01
-2.931986236572265625e+01
-2.454420471191406250e+01
-1.671944999694824219e+01
-1.061163520812988281e+01
-7.836369514465332031e+00
-5.559612751007080078e+00
-5.452714443206787109e+00
-5.297374725341796875e+00
-4.622694969177246094e+00
-4.557374477386474609e+00
-4.566183567047119141e+00
-5.112788200378417969e+00
-5.920080184936523438e+00
-2.504664897918701172e+00
-1.117646813392639160e+00
-1.757972002029418945e+00
-1.670946121215820312e+00
-1.534913182258605957e+00
-3.566519260406494141e+00
-5.354309558868408203e+00
-5.875720024108886719e+00
-5.877201557159423828e+00
-6.576014995574951172e+00
-6.992364883422851562e+00
-8.709827423095703125e+00
-8.811229705810546875e+00
-7.159647941589355469e+00
-4.825779914855957031e+00
-4.081024169921875000e+00
-5.055324077606201172e+00
-6.910338878631591797e+00
-7.033970832824707031e+00
-8.582814216613769531e+00
-1.533965492248535156e+01
-1.827283859252929688e+01
-1.829799270629882812e+01
-1.824299621582031250e+01
-1.739179992675781250e+01
-1.672935295104980469e+01
-1.652010536193847656e+01
-1.601243019104003906e+01
-1.603589439392089844e+01
-1.640087318420410156e+01
-1.678924751281738281e+01
-1.663369178771972656e+01
-1.668108177185058594e+01
-1.829095077514648438e+01
-1.931689643859863281e+01
-1.932796096801757812e+01
-1.896030616760253906e+01
-1.894733810424804688e+01
-1.904373550415039062e+01
-1.897527694702148438e+01
-1.870592117309570312e+01
-1.887324333190917969e+01
-1.850826454162597656e+01
-1.791067504882812500e+01
-1.759470748901367188e+01
-1.753777122497558594e+01
-1.838971138000488281e+01
-1.919185447692871094e+01
-1.970738220214843750e+01
-2.034415054321289062e+01
-2.037384986877441406e+01
-2.049963378906250000e+01
-2.089990997314453125e+01
-2.181759262084960938e+01
-2.277413177490234375e+01
-2.389074325561523438e+01
-2.350440788269042969e+01
-2.321172332763671875e+01
-2.219560813903808594e+01
-2.146744346618652344e+01
-2.200735855102539062e+01
-2.328727149963378906e+01
-2.360049247741699219e+01
-2.254258155822753906e+01
-2.268185615539550781e+01
-2.475919532775878906e+01
-2.488082122802734375e+01
-2.368592643737792969e+01
-1.881376838684082031e+01
-1.891147422790527344e+01
-2.042662429809570312e+01
-2.344789695739746094e+01
-2.439249420166015625e+01
-2.508097839355468750e+01
-2.501554870605468750e+01
-2.528025817871093750e+01
-2.526412200927734375e+01
-2.399425888061523438e+01
-1.931591033935546875e+01
-1.663591575622558594e+01
-2.006228637695312500e+01
-2.167235755920410156e+01
-2.162215805053710938e+01
-2.008487129211425781e+01
-1.786046981811523438e+01
-1.718688392639160156e+01
-1.661928176879882812e+01
-1.761545944213867188e+01
-1.894293403625488281e+01
-1.842120552062988281e+01
-1.772703742980957031e+01
-1.837822151184082031e+01
-1.892897987365722656e+01
-1.854078674316406250e+01
-1.812795829772949219e+01
-1.750923538208007812e+01
-1.711494255065917969e+01
-1.777633476257324219e+01
-1.804819679260253906e+01
-1.739870643615722656e+01
-1.592561244964599609e+01
-1.328712558746337891e+01
-9.888654708862304688e+00
-7.985437870025634766e+00
-7.808991432189941406e+00
-9.106446266174316406e+00
-9.189667701721191406e+00
-9.333982467651367188e+00
-9.342260360717773438e+00
-9.379011154174804688e+00
-9.645087242126464844e+00
-1.031391334533691406e+01
-1.031775760650634766e+01
-1.068407344818115234e+01
-1.101939010620117188e+01
-1.180941581726074219e+01
-1.235161495208740234e+01
-1.375314998626708984e+01
-1.522458553314208984e+01
-1.524227237701416016e+01
-1.511902523040771484e+01
-1.528916931152343750e+01
-1.504264354705810547e+01
-1.516884803771972656e+01
-1.543545436859130859e+01
-1.673893928527832031e+01
-1.767856025695800781e+01
-1.806750297546386719e+01
-1.849501419067382812e+01
-1.898306465148925781e+01
-1.874936103820800781e+01
-1.710165596008300781e+01
-1.572809791564941406e+01
-1.512924575805664062e+01
-1.442899131774902344e+01
-1.302403736114501953e+01
-1.143499469757080078e+01
-8.587287902832031250e+00
-7.864905834197998047e+00
-9.037073135375976562e+00
-1.076701354980468750e+01
-1.140268611907958984e+01
-1.190792655944824219e+01
-1.271965980529785156e+01
-1.293722248077392578e+01
-1.025021648406982422e+01
-9.367735862731933594e+00
-8.109987258911132812e+00
-7.737045764923095703e+00
-8.310568809509277344e+00
-8.988803863525390625e+00
-8.762608528137207031e+00
-8.782445907592773438e+00
-9.815830230712890625e+00
-1.323867702484130859e+01
-1.428580379486083984e+01
-1.474425601959228516e+01
-1.529938507080078125e+01
-1.514713954925537109e+01
-1.437536430358886719e+01
-1.384338378906250000e+01
-1.506402873992919922e+01
-1.607250213623046875e+01
-1.696756172180175781e+01
-1.820631599426269531e+01
-2.048050117492675781e+01
-2.130188751220703125e+01
-2.065331840515136719e+01
-2.016284370422363281e+01
-2.085009574890136719e+01
-2.106540107727050781e+01
-2.013902473449707031e+01
-1.822312355041503906e+01
-1.720446586608886719e+01
-1.446644306182861328e+01
-1.204254722595214844e+01
-1.587590408325195312e+01
-1.973789596557617188e+01
-2.095089721679687500e+01
-2.081870651245117188e+01
-2.021234512329101562e+01
-2.142168045043945312e+01
-2.121947669982910156e+01
-1.993759918212890625e+01
-1.810203170776367188e+01
-1.531038093566894531e+01
-1.310933685302734375e+01
-1.157479763031005859e+01
-1.098813343048095703e+01
-1.039456462860107422e+01
-1.233889675140380859e+01
-1.327204322814941406e+01
-1.302653980255126953e+01
-1.289511871337890625e+01
-1.452193641662597656e+01
-1.479601001739501953e+01
-1.358861064910888672e+01
-1.178915500640869141e+01
-1.050727748870849609e+01
-9.205277442932128906e+00
-8.735409736633300781e+00
-9.978780746459960938e+00
-9.088230133056640625e+00
-8.337309837341308594e+00
-7.917405128479003906e+00
-8.374977111816406250e+00
-8.809254646301269531e+00
-9.532694816589355469e+00
-1.144503879547119141e+01
-1.393784236907958984e+01
-1.646626663208007812e+01
-1.620244026184082031e+01
-1.510750675201416016e+01
-1.541143035888671875e+01
-1.551969623565673828e+01
-1.654043006896972656e+01
-1.660681152343750000e+01
-1.783214187622070312e+01
-1.709852218627929688e+01
-1.637740707397460938e+01
-1.484826469421386719e+01
-1.352255439758300781e+01
-1.222248935699462891e+01
-1.188044643402099609e+01
-1.294177246093750000e+01
-1.514661026000976562e+01
-1.751124572753906250e+01
-1.767768287658691406e+01
-1.770227432250976562e+01
-1.968578338623046875e+01
-2.088924217224121094e+01
-1.982199668884277344e+01
-1.823975753784179688e+01
-1.986935234069824219e+01
-2.013243484497070312e+01
-1.892482376098632812e+01
-1.811629676818847656e+01
-2.008695030212402344e+01
-2.090234375000000000e+01
-1.865391540527343750e+01
-1.578845596313476562e+01
-1.312142181396484375e+01
-1.207162284851074219e+01
-1.171686077117919922e+01
-1.217534542083740234e+01
-1.333948040008544922e+01
-1.261131954193115234e+01
-1.117103099822998047e+01
-9.973986625671386719e+00
-1.092767429351806641e+01
-1.229206943511962891e+01
-1.265983581542968750e+01
-1.206799316406250000e+01
-1.355352210998535156e+01
-1.454448509216308594e+01
-1.363677406311035156e+01
-1.334187698364257812e+01
-1.499888229370117188e+01
-1.545462131500244141e+01
-1.461167335510253906e+01
-1.416090011596679688e+01
-1.455163383483886719e+01
-1.283980369567871094e+01
-1.085171127319335938e+01
-9.672287940979003906e+00
-1.144049167633056641e+01
-1.177629661560058594e+01
-1.234023761749267578e+01
-1.193223571777343750e+01
-1.271071147918701172e+01
-1.289047145843505859e+01
-1.249202251434326172e+01
-1.217270278930664062e+01
-1.268788242340087891e+01
-1.352406501770019531e+01
-1.359421443939208984e+01
-1.383601474761962891e+01
-1.513576316833496094e+01
-1.532841873168945312e+01
-1.423985958099365234e+01
-1.516282081604003906e+01
-1.724650001525878906e+01
-1.839488601684570312e+01
-1.720556259155273438e+01
-1.634467697143554688e+01
-1.783679580688476562e+01
-1.813388061523437500e+01
-1.558924579620361328e+01
-1.423513698577880859e+01
-1.617644309997558594e+01
-1.717081832885742188e+01
-1.519509792327880859e+01
-1.401123428344726562e+01
-1.526460838317871094e+01
-1.570111179351806641e+01
-1.411908245086669922e+01
-1.291678619384765625e+01
-1.590070819854736328e+01
-1.766566658020019531e+01
-1.578581237792968750e+01
-1.487729835510253906e+01
-1.238206100463867188e+01
-8.012285232543945312e+00
-3.659602165222167969e+00
-2.063337326049804688e+00
-2.442303657531738281e+00
-3.582159757614135742e+00
-3.585403680801391602e+00
-3.480233192443847656e+00
-4.981753826141357422e+00
-5.619402408599853516e+00
-5.804656982421875000e+00
-5.976347923278808594e+00
-7.924908638000488281e+00
-9.198934555053710938e+00
-8.221571922302246094e+00
-8.799181938171386719e+00
-1.233382606506347656e+01
-1.500769424438476562e+01
-1.342967891693115234e+01
-1.078921031951904297e+01
-8.340375900268554688e+00
-5.599708080291748047e+00
-6.194581508636474609e+00
-5.981949806213378906e+00
-7.357798099517822266e+00
-1.059454536437988281e+01
-1.260494232177734375e+01
-1.240524101257324219e+01
-1.382668590545654297e+01
-1.468157291412353516e+01
-1.497111988067626953e+01
-1.566771221160888672e+01
-1.486129570007324219e+01
-1.006918811798095703e+01
-1.179486370086669922e+01
-1.283325004577636719e+01
-1.332414913177490234e+01
-1.126165199279785156e+01
-7.265874385833740234e+00
-4.873941898345947266e+00
-6.644365310668945312e+00
-7.518497467041015625e+00
-8.693552017211914062e+00
-1.128857040405273438e+01
-1.479287910461425781e+01
-1.691893959045410156e+01
-1.693448066711425781e+01
-1.609121704101562500e+01
-1.705560874938964844e+01
-1.769315147399902344e+01
-1.623323440551757812e+01
-1.529149150848388672e+01
-1.669249725341796875e+01
-1.737897872924804688e+01
-1.528853321075439453e+01
-1.458933639526367188e+01
-1.618623161315917969e+01
-1.675933265686035156e+01
-1.488923740386962891e+01
-1.376843929290771484e+01
-1.696375656127929688e+01
-1.704521369934082031e+01
-1.357377719879150391e+01
-1.159054851531982422e+01
-1.211524105072021484e+01
-1.082613563537597656e+01
-6.167381286621093750e+00
-4.645528316497802734e+00
-8.134015083312988281e+00
-1.076662731170654297e+01
-8.994052886962890625e+00
-8.222731590270996094e+00
-1.052584457397460938e+01
-1.215892791748046875e+01
-1.005738544464111328e+01
-8.464644432067871094e+00
-9.582831382751464844e+00
-1.016488170623779297e+01
-9.830941200256347656e+00
-9.529242515563964844e+00
-1.165072917938232422e+01
-1.256470775604248047e+01
-9.927903175354003906e+00
-1.007532119750976562e+01
-1.204734516143798828e+01
-1.326728725433349609e+01
-1.119336795806884766e+01
-1.002507591247558594e+01
-1.191871070861816406e+01
-1.264715003967285156e+01
-1.022492027282714844e+01
-8.781173706054687500e+00
-1.080372524261474609e+01
-1.177707004547119141e+01
-9.267706871032714844e+00
-7.296353340148925781e+00
-9.110921859741210938e+00
-1.051506137847900391e+01
-8.451571464538574219e+00
-7.693109989166259766e+00
-1.045026588439941406e+01
-1.193530273437500000e+01
-9.270772933959960938e+00
-8.296263694763183594e+00
-1.109447002410888672e+01
-1.192456054687500000e+01
-9.490170478820800781e+00
-9.266788482666015625e+00
-1.122705078125000000e+01
-1.152441787719726562e+01
-9.616021156311035156e+00
-8.708596229553222656e+00
-9.905813217163085938e+00
-1.061071777343750000e+01
-7.800783157348632812e+00
-6.330862522125244141e+00
-8.094061851501464844e+00
-7.429425716400146484e+00
-4.617623329162597656e+00
-2.723919153213500977e+00
-4.962096691131591797e+00
-4.979077816009521484e+00
-3.368508338928222656e+00
-2.674137115478515625e+00
-4.221533298492431641e+00
-5.054580211639404297e+00
-3.115218400955200195e+00
-2.554836988449096680e+00
-4.264800071716308594e+00
-4.488071441650390625e+00
-1.999000906944274902e+00
-1.726931333541870117e+00
-4.045085906982421875e+00
-4.371696949005126953e+00
-2.546979904174804688e+00
-1.268198132514953613e+00
-3.120116710662841797e+00
-4.176330089569091797e+00
-1.979905009269714355e+00
-7.864235043525695801e-01
-1.966905593872070312e+00
-1.543050169944763184e+00
9.105588495731353760e-02
1.439733654260635376e-01
-1.608550548553466797e+00
-2.891772270202636719e+00
-1.046687126159667969e+00
-5.703746080398559570e-01
-2.191303968429565430e+00
-2.687523603439331055e+00
-8.197551369667053223e-01
-5.597325563430786133e-01
-2.495858669281005859e+00
-2.895467758178710938e+00
-7.845919132232666016e-01
-3.097909092903137207e-01
-2.217832803726196289e+00
-2.917171478271484375e+00
-7.697914242744445801e-01
-2.762483358383178711e-01
-2.063338994979858398e+00
-3.428438901901245117e+00
-8.464944362640380859e-01
-4.761973619461059570e-01
-2.544934272766113281e+00
-3.428193807601928711e+00
-8.377920985221862793e-01
-8.518500328063964844e-01
-2.795337915420532227e+00
-4.018590450286865234e+00
-1.488086342811584473e+00
-1.121382832527160645e+00
-2.671951055526733398e+00
-2.733503341674804688e+00
-1.450178146362304688e+00
-9.580431580543518066e-01
-1.269010305404663086e+00
-1.509018182754516602e+00
-1.469796150922775269e-01
3.857796788215637207e-01
-3.498492240905761719e-01
-8.041805028915405273e-01
-4.762509092688560486e-02
2.263852804899215698e-01
-6.027548313140869141e-01
-7.718730568885803223e-01
-2.514541335403919220e-02
2.708145976066589355e-01
-6.495431065559387207e-01
-1.446266055107116699e+00
-4.412440359592437744e-01
-5.751653313636779785e-01
-2.165406942367553711e+00
-2.595143556594848633e+00
-1.546503424644470215e+00
-1.632225751876831055e+00
-2.942189455032348633e+00
-3.528255462646484375e+00
-2.299890279769897461e+00
-1.204463005065917969e+00
-2.271703243255615234e+00
-2.762219429016113281e+00
-8.617173433303833008e-01
-4.286300837993621826e-01
-1.102885484695434570e+00
-1.414486050605773926e+00
-7.186332941055297852e-01
-4.434996545314788818e-01
-7.351555824279785156e-01
-4.990282654762268066e-01
1.494354754686355591e-01
2.887466251850128174e-01
-5.353527665138244629e-01
-8.956817984580993652e-01
-2.398879677057266235e-01
9.447225183248519897e-02
-8.287016153335571289e-01
-1.082522749900817871e+00
-5.054514110088348389e-02
4.979719221591949463e-02
-2.619088292121887207e-01
-3.560871183872222900e-01
2.591868638992309570e-01
3.618174791336059570e-01
-5.097045898437500000e-01
-7.098977565765380859e-01
2.323030121624469757e-02
3.809161186218261719e-01
-6.037051677703857422e-01
-9.259456396102905273e-01
-8.601288199424743652e-01
-1.151295423507690430e+00
-2.185102462768554688e+00
-2.675827741622924805e+00
-9.712187051773071289e-01
-1.007509946823120117e+00
-2.440118551254272461e+00
-2.717333316802978516e+00
-1.300470709800720215e+00
-7.128916978836059570e-01
-2.161319732666015625e+00
-2.680725574493408203e+00
-1.979939818382263184e+00
-1.641173839569091797e+00
-2.341747045516967773e+00
-2.969635009765625000e+00
-1.781262278556823730e+00
-1.429285407066345215e+00
-2.326491594314575195e+00
-2.507554531097412109e+00
-7.526015043258666992e-01
5.850059166550636292e-02
7.985058426856994629e-02
-3.769445717334747314e-01
3.402924239635467529e-01
1.062042236328125000e+00
-1.856309324502944946e-01
-4.860283136367797852e-01
3.632287681102752686e-01
4.834096729755401611e-01
-5.915821790695190430e-01
-1.214853882789611816e+00
3.655882775783538818e-01
4.878133237361907959e-01
-1.218027234077453613e+00
-1.317243099212646484e+00
3.481140136718750000e-01
5.473573803901672363e-01
-1.030974268913269043e+00
-1.396658420562744141e+00
-3.475962877273559570e-01
-9.557409584522247314e-02
-1.410222649574279785e+00
-1.767910122871398926e+00
-9.242874979972839355e-01
-5.000813603401184082e-01
-7.792674303054809570e-01
-7.278297543525695801e-01
-2.688148915767669678e-01
-1.499537378549575806e-02
-2.604664564132690430e-01
-4.210911691188812256e-01
-5.450332537293434143e-03
5.670380219817161560e-02
-4.420219659805297852e-01
-7.252240180969238281e-01
-1.297843009233474731e-01
-2.316086143255233765e-01
-1.348707199096679688e+00
-1.340496420860290527e+00
-7.140893936157226562e-01
-8.623518049716949463e-02
-8.955019116401672363e-01
-1.131071448326110840e+00
-3.994938433170318604e-01
-2.301651835441589355e-01
-1.221866488456726074e+00
-1.437847971916198730e+00
-1.949687749147415161e-01
7.164135575294494629e-02
-9.448638558387756348e-01
-1.430798411369323730e+00
-6.198419928550720215e-01
1.749819070100784302e-01
-1.685497045516967773e+00
-1.602982401847839355e+00
3.622773885726928711e-01
1.393234580755233765e-01
-9.836918115615844727e-01
-1.336586952209472656e+00
3.773916065692901611e-01
-1.278820335865020752e-01
-1.008108019828796387e+00
-1.566624641418457031e+00
-5.862640738487243652e-01
-1.941207051277160645e-01
-1.025020122528076172e+00
-1.303995251655578613e+00
1.614492386579513550e-01
2.677483856678009033e-01
-9.272487759590148926e-01
-1.290183067321777344e+00
6.909661293029785156e-01
3.420892059803009033e-01
-1.104823112487792969e+00
-1.736165404319763184e+00
-3.382252454757690430e-01
-1.755879670381546021e-01
-1.173703908920288086e+00
-1.732005834579467773e+00
-8.733777403831481934e-01
-2.929858863353729248e-01
-9.414843916893005371e-01
-2.409922361373901367e+00
-5.202727913856506348e-01
-2.720566987991333008e-01
-1.484070897102355957e+00
-2.032119989395141602e+00
-8.230296373367309570e-01
3.145387768745422363e-01
-1.379113435745239258e+00
-1.779677033424377441e+00
-1.293629407882690430e-01
2.721503973007202148e-01
-1.243429064750671387e+00
-1.354697227478027344e+00
-2.324202656745910645e-01
3.557600080966949463e-01
-9.718177914619445801e-01
-1.553090453147888184e+00
8.120288252830505371e-01
9.708235859870910645e-01
-1.458879411220550537e-01
-5.829167962074279785e-01
7.792609930038452148e-01
