3.729901313781738281e-01
-8.781711459159851074e-01
-1.806522250175476074e+00
-5.185482501983642578e-01
-4.693587422370910645e-01
-1.899432778358459473e+00
-2.809887170791625977e+00
-9.918662905693054199e-01
-3.810660243034362793e-01
-1.519023180007934570e+00
-1.624191045761108398e+00
-8.156663179397583008e-01
-7.314934730529785156e-01
-2.202225446701049805e+00
-3.239379405975341797e+00
-1.606258511543273926e+00
-1.219297170639038086e+00
-2.665010213851928711e+00
-3.305265188217163086e+00
-2.359013557434082031e+00
-1.718370437622070312e+00
-2.774267435073852539e+00
-3.252872943878173828e+00
-2.119957685470581055e+00
-1.271864533424377441e+00
-2.449348926544189453e+00
-2.955893993377685547e+00
-1.127373933792114258e+00
-9.488852024078369141e-01
-2.381947755813598633e+00
-3.087454319000244141e+00
-8.849347829818725586e-01
-3.837435543537139893e-01
-1.638074874877929688e+00
-1.876990079879760742e+00
-7.911120057106018066e-01
-3.703586459159851074e-01
-7.108143568038940430e-01
-1.001978874206542969e+00
-6.188884377479553223e-01
-3.550297319889068604e-01
-7.870574593544006348e-01
-1.268301486968994141e+00
-4.789085984230041504e-01
2.813469171524047852e-01
-2.117732465267181396e-01
-1.099784970283508301e+00
-1.923940628767013550e-01
6.498140096664428711e-01
2.041304670274257660e-02
-4.265902340412139893e-01
3.524828553199768066e-01
8.891885280609130859e-01
-5.077295303344726562e-01
-8.997288942337036133e-01
2.274748086929321289e-01
5.861147046089172363e-01
2.952302694320678711e-01
3.384238779544830322e-01
4.908431172370910645e-01
9.975644946098327637e-01
7.105910778045654297e-01
-5.261203646659851074e-01
3.788741230964660645e-01
9.958025217056274414e-01
-9.649122506380081177e-02
-1.091612696647644043e+00
6.480531096458435059e-01
9.573631882667541504e-01
4.911959469318389893e-01
2.481941133737564087e-01
1.129051327705383301e+00
1.402497410774230957e+00
2.533365786075592041e-01
-6.051635742187500000e-02
5.653241872787475586e-01
8.448277711868286133e-01
-3.632737398147583008e-01
-1.060887932777404785e+00
-1.778441369533538818e-01
1.046902835369110107e-01
-1.437459349632263184e+00
-2.600076675415039062e+00
-3.227560520172119141e-01
4.418624099344015121e-03
-1.780027747154235840e+00
-3.357514381408691406e+00
-2.424273639917373657e-01
2.278303205966949463e-01
-1.504755377769470215e+00
-3.114089250564575195e+00
-4.956798851490020752e-01
1.211430057883262634e-01
-1.823189139366149902e+00
-3.073325157165527344e+00
-2.881935536861419678e-01
3.479731976985931396e-01
-1.179728746414184570e+00
-1.408001780509948730e+00
-5.265802741050720215e-01
-1.552584469318389893e-01
-3.283926844596862793e-01
-3.562643527984619141e-01
2.582365274429321289e-01
6.430861949920654297e-01
5.049374103546142578e-01
8.157268166542053223e-01
1.017329216003417969e+00
1.360499858856201172e+00
1.053089857101440430e+00
8.898577690124511719e-01
1.386218667030334473e+00
1.208364367485046387e+00
5.162471532821655273e-01
3.346209526062011719e-01
9.150139093399047852e-01
1.213013768196105957e+00
3.235773369669914246e-02
-8.348688483238220215e-01
7.292619943618774414e-01
1.622703671455383301e+00
1.436226814985275269e-01
-6.643082499504089355e-01
3.888089358806610107e-01
5.935139060020446777e-01
-4.630555212497711182e-01
-1.180398464202880859e+00
1.339684128761291504e-01
6.934680342674255371e-01
-1.549398899078369141e-01
-9.912339448928833008e-01
2.285348922014236450e-01
6.390712857246398926e-01
-1.590298891067504883e+00
-3.989031791687011719e+00
-8.640415072441101074e-01
-3.119062483310699463e-01
-3.498269557952880859e+00
-5.107469558715820312e+00
-3.245016574859619141e+00
-2.289463043212890625e+00
-4.158538341522216797e+00
-5.776894092559814453e+00
-3.953164100646972656e+00
-2.190704345703125000e+00
-4.303627490997314453e+00
-5.765901088714599609e+00
-2.949233770370483398e+00
-1.264818191528320312e+00
-3.458101987838745117e+00
-5.343069553375244141e+00
-2.562763929367065430e+00
-1.244837760925292969e+00
-2.874541759490966797e+00
-3.706145763397216797e+00
-2.181649684906005859e+00
-1.381788253784179688e+00
-2.635343790054321289e+00
-3.792644262313842773e+00
-1.939704775810241699e+00
-1.537907123565673828e+00
-4.199161529541015625e+00
-5.864799022674560547e+00
-3.504683017730712891e+00
-2.979040384292602539e+00
-4.753584861755371094e+00
-5.910919189453125000e+00
-4.898676872253417969e+00
-4.648699760437011719e+00
-6.723497390747070312e+00
-7.687403202056884766e+00
-6.029161930084228516e+00
-5.356529235839843750e+00
-6.817397117614746094e+00
-7.526598930358886719e+00
-6.501918315887451172e+00
-5.113387107849121094e+00
-6.729315280914306641e+00
-7.176384449005126953e+00
-3.970182657241821289e+00
-2.656518220901489258e+00
-3.874490261077880859e+00
-4.101739883422851562e+00
-3.108241558074951172e+00
-2.972384691238403320e+00
-4.439379215240478516e+00
-3.894924163818359375e+00
-1.389153718948364258e+00
-2.481330782175064087e-01
-1.656959891319274902e+00
-2.635519504547119141e+00
-1.984906673431396484e+00
-1.720835924148559570e+00
-2.775466680526733398e+00
-3.540305137634277344e+00
-4.215119838714599609e+00
-5.103625774383544922e+00
-7.202034473419189453e+00
-8.912208557128906250e+00
-6.483668327331542969e+00
-4.250319004058837891e+00
-5.160104751586914062e+00
-4.150854587554931641e+00
-2.541974544525146484e+00
-2.136553287506103516e+00
-2.551701068878173828e+00
-2.224880218505859375e+00
-1.403105139732360840e+00
-1.285711407661437988e+00
-1.544073224067687988e+00
-1.607211470603942871e+00
-9.924300312995910645e-01
-6.350980997085571289e-01
-1.142768740653991699e+00
-1.500840544700622559e+00
-1.093865156173706055e+00
-1.252731084823608398e+00
-1.908629894256591797e+00
-2.355453729629516602e+00
-1.960387110710144043e+00
-1.020019054412841797e+00
-2.358766794204711914e+00
-2.613499641418457031e+00
-1.824494957923889160e+00
-1.133747816085815430e+00
-1.345744848251342773e+00
-1.592482686042785645e+00
-1.107500553131103516e+00
-5.379247665405273438e-01
-1.170111894607543945e+00
-1.416283845901489258e+00
-8.915919065475463867e-01
-6.394305229187011719e-01
-1.550908684730529785e+00
-1.996393084526062012e+00
-1.888757586479187012e+00
-1.554854035377502441e+00
-1.922652363777160645e+00
-2.707185983657836914e+00
-1.864799141883850098e+00
-8.321217298507690430e-01
-7.219495177268981934e-01
-1.285181403160095215e+00
-1.692050814628601074e+00
-1.372770667076110840e+00
-2.257539510726928711e+00
-2.143632411956787109e+00
-2.127037763595581055e+00
-1.855216622352600098e+00
-2.335194349288940430e+00
-2.162163972854614258e+00
-1.241384983062744141e+00
-6.359766721725463867e-01
-7.352294921875000000e-01
-1.225670576095581055e+00
-1.081674098968505859e+00
-7.342079281806945801e-01
-9.561735391616821289e-01
-1.519091725349426270e+00
-1.718511700630187988e+00
-1.700896739959716797e+00
-2.160720586776733398e+00
-2.545184135437011719e+00
-2.711903810501098633e+00
-2.950998306274414062e+00
-2.825814247131347656e+00
-1.673447489738464355e+00
2.006129175424575806e-02
4.686814546585083008e-01
7.093623280525207520e-02
-3.949841856956481934e-01
-7.452355027198791504e-01
-6.465116739273071289e-01
-9.282692074775695801e-01
-8.613270521163940430e-01
-8.469195365905761719e-01
-1.035487651824951172e+00
-1.399160265922546387e+00
-1.988818764686584473e+00
-1.829248785972595215e+00
-1.709738254547119141e+00
-2.544162750244140625e+00
-2.954484462738037109e+00
-2.702851295471191406e+00
-2.698304891586303711e+00
-3.487419366836547852e+00
-3.657772064208984375e+00
-3.378337621688842773e+00
-2.961110353469848633e+00
-3.393805265426635742e+00
-4.055127620697021484e+00
-4.485356807708740234e+00
-4.806083679199218750e+00
-6.440083503723144531e+00
-7.806316852569580078e+00
-7.077131748199462891e+00
-6.111255168914794922e+00
-5.358007907867431641e+00
-3.546962261199951172e+00
-2.103855609893798828e+00
-1.606505274772644043e+00
-2.600183248519897461e+00
-4.128976821899414062e+00
-5.129592418670654297e+00
-5.482416629791259766e+00
-6.059179306030273438e+00
-6.378531455993652344e+00
-5.466279983520507812e+00
-4.881978511810302734e+00
-5.022660255432128906e+00
-4.831206321716308594e+00
-4.565091133117675781e+00
-4.215827465057373047e+00
-4.268957138061523438e+00
-3.923426628112792969e+00
-3.440594673156738281e+00
-3.288597822189331055e+00
-3.733664512634277344e+00
-3.334614992141723633e+00
-2.899802684783935547e+00
-2.925910711288452148e+00
-3.368438243865966797e+00
-3.983252286911010742e+00
-2.453013658523559570e+00
-9.071633815765380859e-01
-2.156131118535995483e-01
-5.733680129051208496e-01
-1.126948833465576172e+00
-1.398101806640625000e+00
-1.232119917869567871e+00
-1.870611906051635742e+00
-4.237035751342773438e+00
-5.313052654266357422e+00
-5.783939838409423828e+00
-6.082575321197509766e+00
-6.117279052734375000e+00
-6.109069824218750000e+00
-7.216019630432128906e+00
-7.886785984039306641e+00
-8.766023635864257812e+00
-8.835963249206542969e+00
-9.558698654174804688e+00
-9.119272232055664062e+00
-7.377175331115722656e+00
-9.883968353271484375e+00
-1.146976947784423828e+01
-1.171055221557617188e+01
-1.070042324066162109e+01
-9.409836769104003906e+00
-9.489109992980957031e+00
-9.537875175476074219e+00
-1.006978797912597656e+01
-1.094779205322265625e+01
-1.257960796356201172e+01
-1.364368247985839844e+01
-1.381938648223876953e+01
-1.292619419097900391e+01
-1.304806613922119141e+01
-1.248437309265136719e+01
-1.291097831726074219e+01
-1.363409423828125000e+01
-1.503182601928710938e+01
-1.577971458435058594e+01
-1.601574134826660156e+01
-1.611982345581054688e+01
-1.680700492858886719e+01
-1.731615638732910156e+01
-1.696453094482421875e+01
-1.619194412231445312e+01
-1.595693492889404297e+01
-1.594065856933593750e+01
-1.609099960327148438e+01
-1.544179821014404297e+01
-1.472561550140380859e+01
-1.345462131500244141e+01
-1.225099182128906250e+01
-1.234650802612304688e+01
-1.317927169799804688e+01
-1.397737216949462891e+01
-1.404758930206298828e+01
-1.419606208801269531e+01
-1.472624969482421875e+01
-1.503207206726074219e+01
-1.448525524139404297e+01
-1.380698204040527344e+01
-1.037529277801513672e+01
-6.441388607025146484e+00
-2.652008056640625000e+00
-1.861029386520385742e+00
-4.579113006591796875e+00
-6.302075862884521484e+00
-6.904280662536621094e+00
-7.029108524322509766e+00
-9.491050720214843750e+00
-1.122810935974121094e+01
-1.059116744995117188e+01
-8.351366996765136719e+00
-5.116946220397949219e+00
-3.468462944030761719e+00
-2.094481945037841797e+00
-1.181563019752502441e+00
-9.278494715690612793e-01
-5.366580486297607422e-01
-6.446383148431777954e-02
-1.438443362712860107e-01
-6.587379574775695801e-01
-7.749371528625488281e-01
-9.371466636657714844e-01
-1.100488543510437012e+00
-1.890519022941589355e+00
-2.850230455398559570e+00
-2.670542478561401367e+00
-2.642707586288452148e+00
-3.162994861602783203e+00
-3.399726152420043945e+00
-4.346996307373046875e+00
-5.633814811706542969e+00
-6.946489334106445312e+00
-7.873786449432373047e+00
-8.433177947998046875e+00
-8.884479522705078125e+00
-9.495490074157714844e+00
-9.881007194519042969e+00
-1.026543903350830078e+01
-1.049642562866210938e+01
-1.148629283905029297e+01
-1.206538486480712891e+01
-1.251467609405517578e+01
-1.222964096069335938e+01
-1.233022785186767578e+01
-1.181709671020507812e+01
-1.174528884887695312e+01
-1.110972404479980469e+01
-1.049455642700195312e+01
-9.106094360351562500e+00
-7.543865680694580078e+00
-5.881325244903564453e+00
-5.284406661987304688e+00
-4.927075862884521484e+00
-5.384856224060058594e+00
-5.633286476135253906e+00
-5.712628841400146484e+00
-5.481006145477294922e+00
-5.712875843048095703e+00
-6.455057621002197266e+00
-6.642780303955078125e+00
-5.383132457733154297e+00
-4.090820312500000000e+00
-3.751773118972778320e+00
-4.110619068145751953e+00
-4.214487552642822266e+00
-5.027134418487548828e+00
-5.238711833953857422e+00
-5.590827941894531250e+00
-5.986637115478515625e+00
-4.604800224304199219e+00
-4.190740585327148438e+00
-4.226430892944335938e+00
-5.113245964050292969e+00
-7.534139156341552734e+00
-9.756283760070800781e+00
-1.161750030517578125e+01
-1.250681877136230469e+01
-1.285478115081787109e+01
-1.267660999298095703e+01
-1.190302944183349609e+01
-1.166961383819580078e+01
-1.359326171875000000e+01
-1.460328674316406250e+01
-1.461801052093505859e+01
-1.278716468811035156e+01
-8.276430130004882812e+00
-6.670719146728515625e+00
-7.182055950164794922e+00
-9.356319427490234375e+00
-1.060152435302734375e+01
-9.747581481933593750e+00
-6.726105213165283203e+00
-3.298993110656738281e+00
-1.607526302337646484e+00
-1.756562829017639160e+00
-3.073501348495483398e+00
-5.339441776275634766e+00
-8.167453765869140625e+00
-1.043423843383789062e+01
-1.185137844085693359e+01
-1.309172153472900391e+01
-1.428079891204833984e+01
-1.502904129028320312e+01
-1.552089118957519531e+01
-1.550119686126708984e+01
-1.504686832427978516e+01
-1.520295619964599609e+01
-1.476366996765136719e+01
-1.316380977630615234e+01
-1.054155540466308594e+01
-8.145571708679199219e+00
-6.731601715087890625e+00
-6.013308525085449219e+00
-5.439890384674072266e+00
-5.096722126007080078e+00
-4.634215831756591797e+00
-4.305636405944824219e+00
-4.250108242034912109e+00
-4.051393508911132812e+00
-3.561620950698852539e+00
-3.869979143142700195e+00
-4.015317916870117188e+00
-4.258458137512207031e+00
-5.649878025054931641e+00
-6.876021862030029297e+00
-8.473662376403808594e+00
-9.229868888854980469e+00
-1.069027519226074219e+01
-1.243406295776367188e+01
-1.397388744354248047e+01
-1.429594993591308594e+01
-1.185902404785156250e+01
-7.065927505493164062e+00
-2.471511125564575195e+00
-1.530033648014068604e-01
1.109077811241149902e+00
1.011585950851440430e+00
-1.219117283821105957e+00
-2.793892383575439453e+00
-2.532500267028808594e+00
-2.272833108901977539e+00
-2.034622907638549805e+00
-2.096810340881347656e+00
-2.098957300186157227e+00
-1.103099584579467773e+00
-1.010009288787841797e+00
-1.337221384048461914e+00
-3.693286657333374023e+00
-6.119008064270019531e+00
-8.603140830993652344e+00
-9.803780555725097656e+00
-1.022615146636962891e+01
-1.036599349975585938e+01
-1.074066066741943359e+01
-1.114869022369384766e+01
-1.264433383941650391e+01
-1.295237541198730469e+01
-1.385078048706054688e+01
-1.442021560668945312e+01
-1.517331886291503906e+01
-1.545289802551269531e+01
-1.537443065643310547e+01
-1.545743846893310547e+01
-1.457569980621337891e+01
-1.307709884643554688e+01
-1.202271652221679688e+01
-1.063499450683593750e+01
-1.156532001495361328e+01
-1.232349872589111328e+01
-1.444255352020263672e+01
-1.401084423065185547e+01
-1.029492568969726562e+01
-4.482574462890625000e+00
-3.024618625640869141e-01
7.279266715049743652e-01
1.052245616912841797e+00
1.180529713630676270e+00
-1.833051741123199463e-01
-3.582653999328613281e+00
-2.731530427932739258e+00
-2.312294483184814453e+00
-4.348160266876220703e+00
-8.273645401000976562e+00
-7.408041477203369141e+00
-5.549639701843261719e+00
-5.045917034149169922e+00
-5.921314239501953125e+00
-8.000308036804199219e+00
-1.217675495147705078e+01
-1.332813549041748047e+01
-1.370555019378662109e+01
-1.426603698730468750e+01
-1.528381156921386719e+01
-1.665356254577636719e+01
-1.743358802795410156e+01
-1.809720230102539062e+01
-1.793791198730468750e+01
-1.782040977478027344e+01
-1.829070091247558594e+01
-1.882036018371582031e+01
-1.795616340637207031e+01
-1.807877349853515625e+01
-1.803477096557617188e+01
-1.883300781250000000e+01
-1.953379440307617188e+01
-1.964505577087402344e+01
-1.883568763732910156e+01
-1.679121971130371094e+01
-1.430722427368164062e+01
-1.250167465209960938e+01
-1.184810161590576172e+01
-1.099489879608154297e+01
-1.020885086059570312e+01
-9.845917701721191406e+00
-9.359490394592285156e+00
-1.096999454498291016e+01
-1.054609966278076172e+01
-1.194615554809570312e+01
-1.182125473022460938e+01
-1.228893184661865234e+01
-1.204044246673583984e+01
-1.226261806488037109e+01
-1.262780952453613281e+01
-1.408074665069580078e+01
-1.546667289733886719e+01
-1.666343116760253906e+01
-1.575590038299560547e+01
-1.366612339019775391e+01
-1.133740043640136719e+01
-1.036620235443115234e+01
-1.057724761962890625e+01
-1.105923843383789062e+01
-1.153262233734130859e+01
-1.236190414428710938e+01
-1.277219200134277344e+01
-1.218732452392578125e+01
-1.075961112976074219e+01
-8.799778938293457031e+00
-6.026063442230224609e+00
-5.231380939483642578e+00
-3.792712926864624023e+00
-2.672480106353759766e+00
-1.017233848571777344e+00
-4.939123153686523438e+00
-1.071909332275390625e+01
-1.166140079498291016e+01
-8.605184555053710938e+00
-6.085712432861328125e+00
-4.431453227996826172e+00
-3.707906723022460938e+00
-2.806436538696289062e+00
-2.666949272155761719e+00
-1.466594457626342773e+00
-5.396846532821655273e-01
-2.241827249526977539e+00
-5.506972789764404297e+00
-8.074013710021972656e+00
-8.744919776916503906e+00
-8.728186607360839844e+00
-6.651799201965332031e+00
-5.188468456268310547e+00
-4.781421184539794922e+00
-4.581120491027832031e+00
-4.799742221832275391e+00
-5.157500267028808594e+00
-6.250884532928466797e+00
-6.684529781341552734e+00
-7.861278533935546875e+00
-6.885360240936279297e+00
-6.904526710510253906e+00
-8.452487945556640625e+00
-1.084466552734375000e+01
-1.235873222351074219e+01
-1.243272399902343750e+01
-1.223031044006347656e+01
-1.412806415557861328e+01
-1.488747596740722656e+01
-1.303464412689208984e+01
-1.060078334808349609e+01
-8.249579429626464844e+00
-6.446494579315185547e+00
-6.102833747863769531e+00
-3.292264223098754883e+00
-3.622174263000488281e-01
-1.160786971449851990e-01
-8.570995926856994629e-02
-6.955577135086059570e-01
-1.516448974609375000e+00
-2.279421567916870117e+00
-2.890676975250244141e+00
-4.628086566925048828e+00
-7.500775337219238281e+00
-9.638532638549804688e+00
-1.123807811737060547e+01
-1.181692409515380859e+01
-1.236225509643554688e+01
-1.219218540191650391e+01
-9.117932319641113281e+00
-4.820176124572753906e+00
-2.504805803298950195e+00
-1.694129824638366699e+00
-1.298113942146301270e+00
-1.205026149749755859e+00
-3.510812759399414062e+00
-3.270101547241210938e+00
-3.939317226409912109e+00
-3.926916360855102539e+00
-3.144214868545532227e+00
-2.900929212570190430e+00
-3.871811628341674805e+00
-5.317525863647460938e+00
-6.277907848358154297e+00
-6.206172466278076172e+00
-5.859269142150878906e+00
-5.202350139617919922e+00
-5.839750289916992188e+00
-6.775538444519042969e+00
-7.931635379791259766e+00
-9.204008102416992188e+00
-1.039819622039794922e+01
-1.063277626037597656e+01
-1.081697368621826172e+01
-1.144362735748291016e+01
-1.165425109863281250e+01
-1.159594058990478516e+01
-1.151606655120849609e+01
-1.157821750640869141e+01
-1.182509803771972656e+01
-1.211178398132324219e+01
-1.216125488281250000e+01
-1.187664127349853516e+01
-1.190799713134765625e+01
-1.094275760650634766e+01
-1.006488990783691406e+01
-8.660079002380371094e+00
-7.131779193878173828e+00
-5.943934440612792969e+00
-5.273976325988769531e+00
-4.706552028656005859e+00
-2.791143655776977539e+00
-2.007457971572875977e+00
-2.652078151702880859e+00
-3.897991418838500977e+00
-3.962463855743408203e+00
-5.667528629302978516e+00
-5.953516483306884766e+00
-7.075546741485595703e+00
-8.620090484619140625e+00
-1.048144721984863281e+01
-1.246439838409423828e+01
-1.521609115600585938e+01
-1.669933509826660156e+01
-1.382213497161865234e+01
-1.198639202117919922e+01
-1.245822906494140625e+01
-1.184662246704101562e+01
-1.092330741882324219e+01
-5.622678756713867188e+00
-2.675580501556396484e+00
-5.834112644195556641e+00
-1.008979988098144531e+01
-1.088349151611328125e+01
-1.405242061614990234e+01
-1.563733577728271484e+01
-1.467132282257080078e+01
-1.147082710266113281e+01
-9.005361557006835938e+00
-1.259486293792724609e+01
-1.359861755371093750e+01
-1.453243255615234375e+01
-1.672660064697265625e+01
-1.744087982177734375e+01
-1.912301063537597656e+01
-1.932482528686523438e+01
-1.990673255920410156e+01
-1.901304626464843750e+01
-1.181100177764892578e+01
-1.433382415771484375e+01
-1.990662765502929688e+01
-2.053856658935546875e+01
-1.899613380432128906e+01
-1.403579235076904297e+01
-6.787375926971435547e+00
-4.518793582916259766e+00
-4.074790000915527344e+00
-3.390385150909423828e+00
-1.348432254791259766e+01
-1.841197204589843750e+01
-1.634450340270996094e+01
-9.846970558166503906e+00
-9.489360809326171875e+00
-1.611598205566406250e+01
-1.942302131652832031e+01
-2.011658096313476562e+01
-1.972957611083984375e+01
-1.833382797241210938e+01
-1.391130924224853516e+01
-1.326256656646728516e+01
-1.536816120147705078e+01
-1.917441940307617188e+01
-2.113238143920898438e+01
-2.191285896301269531e+01
-1.962261772155761719e+01
-1.339895439147949219e+01
-1.745018196105957031e+01
-2.083018875122070312e+01
-2.193157386779785156e+01
-2.566200065612792969e+01
-2.822763633728027344e+01
-3.000358772277832031e+01
-2.987343788146972656e+01
-2.950222778320312500e+01
-2.954359245300292969e+01
-3.036385345458984375e+01
-2.958462905883789062e+01
-2.785948562622070312e+01
-2.606425857543945312e+01
-2.556644821166992188e+01
-2.485954284667968750e+01
-2.314770507812500000e+01
-1.885340881347656250e+01
-1.523789978027343750e+01
-1.745222473144531250e+01
-2.366122627258300781e+01
-2.402747726440429688e+01
-2.294741249084472656e+01
-2.229736328125000000e+01
-2.583806419372558594e+01
-2.461396598815917969e+01
-1.672984504699707031e+01
-1.391406059265136719e+01
-1.966982841491699219e+01
-2.437035942077636719e+01
-2.852306747436523438e+01
-2.614424514770507812e+01
-2.205386924743652344e+01
-2.422249412536621094e+01
-2.732976341247558594e+01
-2.905835533142089844e+01
-3.050826644897460938e+01
-3.073964118957519531e+01
-3.113865661621093750e+01
-3.094191741943359375e+01
-3.088522338867187500e+01
-2.943802642822265625e+01
-2.667263031005859375e+01
-2.267671775817871094e+01
-1.928603172302246094e+01
-1.806782150268554688e+01
-1.718533515930175781e+01
-1.725875854492187500e+01
-1.936949539184570312e+01
-2.067586708068847656e+01
-2.087899017333984375e+01
-2.092538642883300781e+01
-2.193139648437500000e+01
-2.226343345642089844e+01
-2.273329925537109375e+01
-2.275950622558593750e+01
-2.307111358642578125e+01
-2.280897903442382812e+01
-2.271747970581054688e+01
-2.237994575500488281e+01
-2.262115287780761719e+01
-2.157751655578613281e+01
-1.930477523803710938e+01
-1.608500671386718750e+01
-1.401753520965576172e+01
-1.078540611267089844e+01
-8.138842582702636719e+00
-6.930810451507568359e+00
-4.784945964813232422e+00
-3.876388788223266602e+00
-4.448223114013671875e+00
-4.405556201934814453e+00
-4.754712581634521484e+00
-1.688985228538513184e+00
-5.710585594177246094e+00
-7.708084583282470703e+00
-7.790988922119140625e+00
-9.222537994384765625e+00
-1.208567714691162109e+01
-1.196588516235351562e+01
-8.095541000366210938e+00
-4.075599193572998047e+00
-3.477128982543945312e+00
-3.595902919769287109e+00
-9.274152755737304688e+00
-1.514848041534423828e+01
-1.317680931091308594e+01
-1.206288337707519531e+01
-1.398170471191406250e+01
-1.606397819519042969e+01
-1.686193656921386719e+01
-1.634404373168945312e+01
-2.134127616882324219e+01
-2.266995239257812500e+01
-2.095600509643554688e+01
-1.855308151245117188e+01
-1.746131706237792969e+01
-1.840707397460937500e+01
-2.101533126831054688e+01
-2.216421699523925781e+01
-2.229320144653320312e+01
-2.025240325927734375e+01
-1.668407440185546875e+01
-1.639143180847167969e+01
-1.875919723510742188e+01
-2.031973266601562500e+01
-2.188189125061035156e+01
-2.110764694213867188e+01
-1.967754364013671875e+01
-1.962683868408203125e+01
-2.057696914672851562e+01
-2.108971786499023438e+01
-2.253465461730957031e+01
-2.383422660827636719e+01
-2.551505279541015625e+01
-2.639632987976074219e+01
-2.778972244262695312e+01
-2.710899353027343750e+01
-2.322096252441406250e+01
-1.959622573852539062e+01
-2.181385803222656250e+01
-2.306201934814453125e+01
-2.393122482299804688e+01
-2.409326171875000000e+01
-2.347248840332031250e+01
-2.160711288452148438e+01
-2.039481735229492188e+01
-2.042592620849609375e+01
-1.974258232116699219e+01
-1.642222785949707031e+01
-1.387960243225097656e+01
-1.504852581024169922e+01
-1.741350746154785156e+01
-1.739536094665527344e+01
-1.433255767822265625e+01
-1.162839031219482422e+01
-1.754992675781250000e+01
-2.144729423522949219e+01
-2.338965415954589844e+01
-2.300315475463867188e+01
-2.331559371948242188e+01
-2.059180259704589844e+01
-1.677881622314453125e+01
-1.620610809326171875e+01
-1.810160446166992188e+01
-1.973789978027343750e+01
-2.055692100524902344e+01
-2.064123153686523438e+01
-2.107336616516113281e+01
-2.224549865722656250e+01
-2.253582382202148438e+01
-2.277311706542968750e+01
-2.381536674499511719e+01
-2.410037231445312500e+01
-2.377309417724609375e+01
-2.299221992492675781e+01
-2.301583290100097656e+01
-2.150176620483398438e+01
-1.780818557739257812e+01
-1.506684780120849609e+01
-1.380761909484863281e+01
-1.349971866607666016e+01
-1.355390834808349609e+01
-1.381100177764892578e+01
-1.414687824249267578e+01
-1.395154666900634766e+01
-1.381487846374511719e+01
-1.418708229064941406e+01
-1.545694351196289062e+01
-1.628495407104492188e+01
-1.750577545166015625e+01
-1.802183914184570312e+01
-1.863309097290039062e+01
-1.914009475708007812e+01
-2.012979125976562500e+01
-2.108555793762207031e+01
-2.256731605529785156e+01
-2.311969757080078125e+01
-2.336598014831542969e+01
-2.401490402221679688e+01
-2.527708816528320312e+01
-2.549754142761230469e+01
-2.417316055297851562e+01
-2.351829147338867188e+01
-2.394950103759765625e+01
-2.404132843017578125e+01
-2.352840042114257812e+01
-2.314334678649902344e+01
-2.407170104980468750e+01
-2.425579071044921875e+01
-2.436451911926269531e+01
-2.438101005554199219e+01
-2.498327255249023438e+01
-2.467711067199707031e+01
-2.418577957153320312e+01
-2.329481506347656250e+01
-2.298035240173339844e+01
-2.062594223022460938e+01
-1.792759132385253906e+01
-1.567644977569580078e+01
-1.762849998474121094e+01
-2.037758827209472656e+01
-2.274989700317382812e+01
-2.369427299499511719e+01
-2.534875106811523438e+01
-2.440595054626464844e+01
-1.834157562255859375e+01
-1.290241336822509766e+01
-1.273650360107421875e+01
-1.388027000427246094e+01
-1.588626289367675781e+01
-1.620022392272949219e+01
-1.494776058197021484e+01
-1.432699298858642578e+01
-1.296547889709472656e+01
-1.465546703338623047e+01
-1.761419486999511719e+01
-2.184571075439453125e+01
-2.166648292541503906e+01
-1.464031791687011719e+01
-1.421343708038330078e+01
-1.695487594604492188e+01
-1.671708679199218750e+01
-1.640214157104492188e+01
-1.629686355590820312e+01
-1.667079734802246094e+01
-1.585842418670654297e+01
-1.607172584533691406e+01
-1.842602920532226562e+01
-1.967408943176269531e+01
-1.932608985900878906e+01
-1.870462036132812500e+01
-1.903690147399902344e+01
-1.846440696716308594e+01
-1.838279724121093750e+01
-1.908055305480957031e+01
-2.192255210876464844e+01
-2.320989608764648438e+01
-2.323878097534179688e+01
-2.208120536804199219e+01
-2.102013015747070312e+01
-1.764808845520019531e+01
-1.103714656829833984e+01
-9.088762283325195312e+00
-1.025384426116943359e+01
-1.131069278717041016e+01
-1.115781784057617188e+01
-1.069118976593017578e+01
-1.212475395202636719e+01
-1.406041717529296875e+01
-1.556980037689208984e+01
-1.590412807464599609e+01
-1.763343048095703125e+01
-1.858655166625976562e+01
-1.833579635620117188e+01
-1.671427154541015625e+01
-1.510052776336669922e+01
-1.328705024719238281e+01
-1.273621845245361328e+01
-1.280502796173095703e+01
-1.329410171508789062e+01
-1.287518310546875000e+01
-1.203314304351806641e+01
-1.096216869354248047e+01
-1.131618595123291016e+01
-1.164787387847900391e+01
-1.288920497894287109e+01
-1.328370666503906250e+01
-1.435419273376464844e+01
-1.398857498168945312e+01
-1.305303382873535156e+01
-1.378006935119628906e+01
-1.743770790100097656e+01
-1.799245071411132812e+01
-1.413349056243896484e+01
-1.095353507995605469e+01
-1.540149116516113281e+01
-1.691671752929687500e+01
-1.647609901428222656e+01
-1.489952659606933594e+01
-1.064739704132080078e+01
-8.279706001281738281e+00
-1.045854854583740234e+01
-1.157229518890380859e+01
-8.554733276367187500e+00
-3.925611495971679688e+00
-3.480300664901733398e+00
-7.638218402862548828e+00
-1.023827075958251953e+01
-1.190412521362304688e+01
-1.311709117889404297e+01
-1.392403125762939453e+01
-1.582731628417968750e+01
-1.706660079956054688e+01
-1.531619167327880859e+01
-1.288433933258056641e+01
-9.665384292602539062e+00
-7.079316616058349609e+00
-6.635805130004882812e+00
-7.940585613250732422e+00
-9.638324737548828125e+00
-1.032484054565429688e+01
-9.840209007263183594e+00
-1.008366870880126953e+01
-1.179391288757324219e+01
-1.324033260345458984e+01
-1.383210468292236328e+01
-1.392508888244628906e+01
-1.520295333862304688e+01
-1.666776466369628906e+01
-1.750201034545898438e+01
-1.713372230529785156e+01
-1.855219650268554688e+01
-1.791335487365722656e+01
-1.514189529418945312e+01
-1.236257266998291016e+01
-1.103112030029296875e+01
-1.301540660858154297e+01
-1.554996490478515625e+01
-1.664789199829101562e+01
-1.856530761718750000e+01
-1.918297767639160156e+01
-1.735632133483886719e+01
-1.586328983306884766e+01
-1.748397445678710938e+01
-1.814740753173828125e+01
-1.629901695251464844e+01
-1.508062648773193359e+01
-1.659609794616699219e+01
-1.745648574829101562e+01
-1.596451377868652344e+01
-1.452803134918212891e+01
-1.537418746948242188e+01
-1.490547752380371094e+01
-1.209987735748291016e+01
-9.831611633300781250e+00
-9.788488388061523438e+00
-9.586494445800781250e+00
-9.192380905151367188e+00
-7.821852684020996094e+00
-7.920540809631347656e+00
-7.853068351745605469e+00
-7.664710521697998047e+00
-7.409521102905273438e+00
-7.957568645477294922e+00
-8.740270614624023438e+00
-7.930193424224853516e+00
-7.993048191070556641e+00
-1.020525932312011719e+01
-1.241736221313476562e+01
-1.270278453826904297e+01
-1.190726089477539062e+01
-1.398550987243652344e+01
-1.528857040405273438e+01
-1.340113830566406250e+01
-1.218993282318115234e+01
-1.389330768585205078e+01
-1.476691055297851562e+01
-1.273864936828613281e+01
-1.175388908386230469e+01
-1.373268318176269531e+01
-1.502724552154541016e+01
-1.368951988220214844e+01
-1.262350940704345703e+01
-1.493645286560058594e+01
-1.625265121459960938e+01
-1.439801979064941406e+01
-1.269478607177734375e+01
-1.503227996826171875e+01
-1.610463333129882812e+01
-1.357533168792724609e+01
-1.221399593353271484e+01
-1.451957225799560547e+01
-1.593534088134765625e+01
-1.346818923950195312e+01
-1.224013996124267578e+01
-1.405273628234863281e+01
-1.501723766326904297e+01
-1.249955844879150391e+01
-1.104253196716308594e+01
-1.347745323181152344e+01
-1.471275329589843750e+01
-1.208669948577880859e+01
-1.004452705383300781e+01
-1.011879825592041016e+01
-1.035210990905761719e+01
-8.740200996398925781e+00
-7.504506587982177734e+00
-8.942401885986328125e+00
-9.160704612731933594e+00
-7.744763851165771484e+00
-7.016458511352539062e+00
-7.989138603210449219e+00
-7.592730998992919922e+00
-5.722036838531494141e+00
-3.979835271835327148e+00
-4.065907955169677734e+00
-5.025832653045654297e+00
-4.344039440155029297e+00
-3.224686384201049805e+00
-3.096614837646484375e+00
-3.354169368743896484e+00
-4.243096828460693359e+00
-4.893461704254150391e+00
-6.648489475250244141e+00
-8.490432739257812500e+00
-8.382938385009765625e+00
-6.546031951904296875e+00
-6.308525085449218750e+00
-4.922212123870849609e+00
-2.709333896636962891e+00
-1.473219990730285645e+00
-2.681746006011962891e+00
-3.571660518646240234e+00
-2.484616041183471680e+00
-8.040739297866821289e-01
-6.487324833869934082e-01
-7.078873515129089355e-01
-1.701622605323791504e-01
5.564264580607414246e-02
-1.994061321020126343e-01
2.273709475994110107e-01
9.904474616050720215e-01
4.758696854114532471e-01
9.750419855117797852e-02
-2.913995087146759033e-01
-4.169011712074279785e-01
-4.988162517547607422e-01
-5.157989859580993652e-01
-2.890737354755401611e-01
-7.950792461633682251e-02
-5.243610739707946777e-01
-2.215015172958374023e+00
-3.019313812255859375e+00
-3.465927839279174805e+00
-4.937116146087646484e+00
-6.488319396972656250e+00
-7.178533554077148438e+00
-7.241599559783935547e+00
-7.373233795166015625e+00
-8.731427192687988281e+00
-8.684532165527343750e+00
-7.638145923614501953e+00
-7.795812129974365234e+00
-9.241355895996093750e+00
-1.030542755126953125e+01
-9.760334968566894531e+00
-8.526968955993652344e+00
-9.590409278869628906e+00
-9.257281303405761719e+00
-7.218837261199951172e+00
-6.178232192993164062e+00
-7.208445549011230469e+00
-6.795201778411865234e+00
-6.741645336151123047e+00
-4.826660633087158203e+00
-3.629937887191772461e+00
-3.641458034515380859e+00
-2.346503019332885742e+00
-2.410945415496826172e+00
-3.834640741348266602e+00
-4.876760005950927734e+00
-5.346839904785156250e+00
-5.912152767181396484e+00
-6.984681129455566406e+00
-8.225339889526367188e+00
-7.136183738708496094e+00
-6.139334201812744141e+00
-6.786952972412109375e+00
-6.912170410156250000e+00
-5.850284576416015625e+00
-5.455499172210693359e+00
-6.900156974792480469e+00
-8.281677246093750000e+00
-7.819915294647216797e+00
-7.743849277496337891e+00
-9.968529701232910156e+00
-1.140155601501464844e+01
-9.881959915161132812e+00
-9.026398658752441406e+00
-1.074463939666748047e+01
-1.158353996276855469e+01
-9.902890205383300781e+00
-8.864958763122558594e+00
-1.069094562530517578e+01
-1.181583023071289062e+01
-9.728732109069824219e+00
-8.647536277770996094e+00
-9.911344528198242188e+00
-1.038135337829589844e+01
-8.458266258239746094e+00
-7.080373287200927734e+00
-8.912065505981445312e+00
-1.023837947845458984e+01
-7.851483821868896484e+00
-6.725648880004882812e+00
-8.932535171508789062e+00
-1.006182289123535156e+01
-7.931637287139892578e+00
-6.689639568328857422e+00
-8.796433448791503906e+00
-9.578924179077148438e+00
-6.979819774627685547e+00
-5.730599403381347656e+00
-7.634097099304199219e+00
-8.363244056701660156e+00
-5.673484325408935547e+00
-4.431380271911621094e+00
-5.879599571228027344e+00
-6.669064521789550781e+00
-4.398720741271972656e+00
-2.676493883132934570e+00
-2.825707197189331055e+00
-2.600288152694702148e+00
-1.459866166114807129e+00
-6.334758400917053223e-01
-1.370021343231201172e+00
-2.223223686218261719e+00
-1.070119261741638184e+00
-4.480794370174407959e-01
-2.263671398162841797e+00
-3.797363281250000000e+00
-1.818926930427551270e+00
-6.996085047721862793e-01
-2.587073564529418945e+00
-3.605941057205200195e+00
-2.370603799819946289e+00
-1.448485851287841797e+00
-3.446973323822021484e+00
-4.197186946868896484e+00
-2.016195297241210938e+00
-9.194271564483642578e-01
-2.459954977035522461e+00
-3.470966100692749023e+00
-2.197997570037841797e+00
-1.694940447807312012e+00
-3.867020368576049805e+00
-4.624741077423095703e+00
-2.886413097381591797e+00
-2.140428066253662109e+00
-4.032895088195800781e+00
-4.534435272216796875e+00
-1.812655210494995117e+00
-4.972319900989532471e-01
-1.945623040199279785e+00
-2.211668252944946289e+00
-1.573633074760437012e+00
-9.529006481170654297e-01
-1.691418051719665527e+00
-1.764245271682739258e+00
-4.441694319248199463e-01
1.202296242117881775e-01
-6.584563851356506348e-01
-1.057188391685485840e+00
-5.248488113284111023e-02
-1.049831435084342957e-01
-1.451868414878845215e+00
-2.423981189727783203e+00
-1.459970593452453613e+00
-1.354271054267883301e+00
-2.681180715560913086e+00
-3.308224916458129883e+00
-1.285922884941101074e+00
-9.007177352905273438e-01
-2.632703304290771484e+00
-3.778197288513183594e+00
-1.788273334503173828e+00
-1.260588049888610840e+00
-3.374495029449462891e+00
-4.621285915374755859e+00
-1.966690897941589355e+00
-1.463318347930908203e+00
-3.492704153060913086e+00
-4.720009326934814453e+00
-2.154979467391967773e+00
-1.105280280113220215e+00
-3.029881477355957031e+00
-3.320416450500488281e+00
-2.694509327411651611e-01
7.886679172515869141e-01
3.171445727348327637e-01
-1.542369127273559570e-01
1.231898784637451172e+00
1.876132369041442871e+00
8.872846364974975586e-01
2.868438065052032471e-01
8.465549349784851074e-01
1.265264630317687988e+00
3.746091723442077637e-01
1.838587671518325806e-01
6.615819931030273438e-01
9.322418570518493652e-01
2.378357946872711182e-01
-1.286572962999343872e-01
3.602707087993621826e-01
3.131274878978729248e-01
3.444149494171142578e-01
1.199817359447479248e-01
5.934790968894958496e-01
9.758600592613220215e-01
2.115242928266525269e-02
-7.880494929850101471e-03
7.334209084510803223e-01
1.078916907310485840e+00
-3.680323660373687744e-01
-1.442495822906494141e+00
6.539017558097839355e-01
1.082899689674377441e+00
-7.224742174148559570e-01
-1.695364475250244141e+00
6.367947906255722046e-02
8.444411754608154297e-01
-1.055177927017211914e+00
-1.964931607246398926e+00
-7.538339495658874512e-01
-1.802373528480529785e-01
-1.297441959381103516e+00
-1.119905114173889160e+00
4.973278343677520752e-01
1.105449438095092773e+00
-4.623503983020782471e-01
-1.273447632789611816e+00
7.041090726852416992e-01
1.085258126258850098e+00
-6.738880872726440430e-01
-1.662069797515869141e+00
7.550546526908874512e-01
1.615550279617309570e+00
-5.086316540837287903e-02
-8.009381294250488281e-01
-1.567029505968093872e-01
3.983202576637268066e-01
3.823975622653961182e-01
6.445644497871398926e-01
1.419480204582214355e+00
1.038258314132690430e+00
2.195129394531250000e-01
9.366219490766525269e-02
1.125036358833312988e+00
1.408240079879760742e+00
3.020313978195190430e-01
1.329468786716461182e-01
9.946075081825256348e-01
1.161608815193176270e+00
1.806153357028961182e-01
-1.060041487216949463e-01
8.046628832817077637e-01
1.256879329681396484e+00
-1.046303212642669678e-01
-6.925975084304809570e-01
1.244654059410095215e+00
1.482441186904907227e+00
-4.177444279193878174e-01
-1.647480249404907227e+00
8.350353837013244629e-01
1.440267443656921387e+00
-4.406144022941589355e-01
-2.112204074859619141e+00
-9.832388907670974731e-02
8.237957954406738281e-01
-9.419389963150024414e-01
-2.159626722335815430e+00
-6.964272260665893555e-02
5.783991217613220215e-01
-1.315620303153991699e+00
-2.402983665466308594e+00
2.401968985795974731e-01
7.432545423507690430e-01
-4.427607953548431396e-01
-1.186420679092407227e+00
4.413071870803833008e-01
7.925773859024047852e-01
-5.334494113922119141e-01
-1.962959170341491699e+00
-8.214796781539916992e-01
