1.315894961357116699e+00
1.800178438425064087e-01
-2.136407196521759033e-01
9.106102585792541504e-01
9.534526467323303223e-01
-2.498581260442733765e-01
-7.106350064277648926e-01
1.668749302625656128e-01
5.647963285446166992e-01
-6.276282668113708496e-01
-1.360438823699951172e+00
6.537272334098815918e-01
8.021288514137268066e-01
-1.502203643321990967e-01
-6.482378244400024414e-01
7.008334994316101074e-01
5.885780453681945801e-01
-1.221763193607330322e-01
-3.193043470382690430e-01
6.846597194671630859e-01
1.006441354751586914e+00
1.142749469727277756e-02
-2.488028556108474731e-01
6.751136183738708496e-01
9.645144939422607422e-01
9.454399347305297852e-02
-8.416105806827545166e-02
9.201231598854064941e-01
1.171756625175476074e+00
-1.277776360511779785e-01
-4.327901303768157959e-01
9.594051837921142578e-01
1.059539794921875000e+00
-4.879637658596038818e-01
-1.217252016067504883e+00
6.989280581474304199e-01
5.707172751426696777e-01
-6.870657801628112793e-01
-8.792976140975952148e-01
3.000552654266357422e-01
3.632994592189788818e-01
-1.056191995739936829e-01
-1.713963598012924194e-01
7.185904383659362793e-01
7.031919360160827637e-01
-4.593163356184959412e-02
-1.011764779686927795e-01
6.309648752212524414e-01
1.110202670097351074e+00
2.345602512359619141e-01
-2.895673811435699463e-01
7.599889039993286133e-01
9.381970763206481934e-01
-1.996872276067733765e-01
-5.088929533958435059e-01
3.437103927135467529e-01
4.334149360656738281e-01
-1.212246537208557129e+00
-2.811649799346923828e+00
-1.038550615310668945e+00
-2.005342245101928711e-01
-1.369071006774902344e+00
-2.280831336975097656e+00
-2.915745675563812256e-01
2.052430212497711182e-01
-1.085131168365478516e+00
-2.237670421600341797e+00
6.912836432456970215e-01
2.684882879257202148e-01
-1.062613010406494141e+00
-1.895241141319274902e+00
-2.742770016193389893e-01
2.100380361080169678e-01
-1.342506289482116699e+00
-2.376804351806640625e+00
-2.367874979972839355e-01
2.325145006179809570e-01
-1.101406693458557129e+00
-1.550168752670288086e+00
-2.676900327205657959e-01
1.609561294317245483e-01
3.557600080966949463e-01
1.169840469956398010e-01
8.209052085876464844e-01
1.277419805526733398e+00
5.043731331825256348e-01
1.301440875977277756e-02
-3.662805259227752686e-02
-1.148478165268898010e-01
-5.322522521018981934e-01
-9.081185460090637207e-01
-2.035276144742965698e-01
-1.918677687644958496e-01
-1.187655806541442871e+00
-1.838725805282592773e+00
5.074377059936523438e-01
6.684157848358154297e-01
-5.382443964481353760e-02
-6.340803205966949463e-02
4.260853528976440430e-01
5.784323215484619141e-01
1.607901602983474731e-02
-9.511472284793853760e-02
9.123005270957946777e-01
9.544056653976440430e-01
2.661978602409362793e-01
6.143670529127120972e-03
7.232778668403625488e-01
6.879358291625976562e-01
-3.721538232639431953e-03
-1.631855219602584839e-01
3.594253361225128174e-01
5.358014106750488281e-01
-1.870775669813156128e-01
-6.038464903831481934e-01
1.623668968677520752e-01
3.474099636077880859e-01
-5.959178209304809570e-01
-9.877431988716125488e-01
-2.729395776987075806e-02
2.178928256034851074e-01
7.481196522712707520e-02
9.243024885654449463e-02
3.619604408740997314e-01
4.034686088562011719e-01
1.724077165126800537e-01
-5.001884698867797852e-02
7.068224549293518066e-01
9.936186075210571289e-01
-8.387788534164428711e-01
-1.914232730865478516e+00
2.267006337642669678e-01
5.170212984085083008e-01
-8.610823750495910645e-01
-1.192516088485717773e+00
-1.098429337143898010e-01
3.199275434017181396e-01
-8.792259097099304199e-01
-1.428226947784423828e+00
-4.455448687076568604e-01
-3.146539032459259033e-01
-1.947350263595581055e+00
-3.393980979919433594e+00
-1.915006399154663086e+00
-8.256739377975463867e-01
-2.247673273086547852e+00
-3.127197265625000000e+00
-1.280038952827453613e+00
-1.020968794822692871e+00
-2.756193399429321289e+00
-3.440944671630859375e+00
-2.309086322784423828e+00
-1.690431833267211914e+00
-3.138929843902587891e+00
-3.870191097259521484e+00
-2.526192665100097656e+00
-2.031133890151977539e+00
-3.359558105468750000e+00
-4.301266670227050781e+00
-3.299944877624511719e+00
-2.651728153228759766e+00
-4.294256210327148438e+00
-5.651886940002441406e+00
-3.420793056488037109e+00
-3.034886360168457031e+00
-4.718072891235351562e+00
-5.894960403442382812e+00
-3.875864028930664062e+00
-3.217851638793945312e+00
-4.591478347778320312e+00
-5.647272109985351562e+00
-3.700190544128417969e+00
-2.914532661437988281e+00
-3.901617765426635742e+00
-4.556177139282226562e+00
-3.715905904769897461e+00
-2.984714984893798828e+00
-4.490573883056640625e+00
-4.946909427642822266e+00
-4.327583789825439453e+00
-2.724871158599853516e+00
-2.221285104751586914e+00
-2.412495851516723633e+00
-2.374407291412353516e+00
-2.235377788543701172e+00
-4.356193065643310547e+00
-5.349131584167480469e+00
-4.032577037811279297e+00
-3.536145210266113281e+00
-3.944812536239624023e+00
-3.054123640060424805e+00
-1.934314370155334473e+00
-1.765653371810913086e+00
-3.324573278427124023e+00
-4.259020328521728516e+00
-3.352123498916625977e+00
-4.089093685150146484e+00
-6.539618968963623047e+00
-7.747792243957519531e+00
-7.103065013885498047e+00
-5.925119876861572266e+00
-7.768296718597412109e+00
-7.814593791961669922e+00
-6.046884059906005859e+00
-4.925910949707031250e+00
-5.236597061157226562e+00
-4.803936481475830078e+00
-2.821411132812500000e+00
-2.994545936584472656e+00
-3.844645738601684570e+00
-6.025850296020507812e+00
-5.986848354339599609e+00
-5.370689868927001953e+00
-6.209907531738281250e+00
-5.991427898406982422e+00
-3.267739772796630859e+00
-1.851935625076293945e+00
-1.854756712913513184e+00
-1.991675138473510742e+00
-1.953797459602355957e+00
-2.434376955032348633e+00
-3.353920459747314453e+00
-4.434096336364746094e+00
-4.154518127441406250e+00
-4.401115894317626953e+00
-5.417303085327148438e+00
-6.935319900512695312e+00
-5.923533439636230469e+00
-4.390759468078613281e+00
-3.892915487289428711e+00
-3.627331733703613281e+00
-2.355313062667846680e+00
-3.018678903579711914e+00
-3.968526124954223633e+00
-3.898058414459228516e+00
-3.361354827880859375e+00
-2.774128675460815430e+00
-3.036296606063842773e+00
-2.847834587097167969e+00
-2.021586179733276367e+00
-1.601678729057312012e+00
-2.427714586257934570e+00
-3.876214742660522461e+00
-6.216565608978271484e+00
-7.277853965759277344e+00
-7.682716369628906250e+00
-7.772490978240966797e+00
-9.045921325683593750e+00
-9.221024513244628906e+00
-9.973283767700195312e+00
-9.894572257995605469e+00
-8.716629028320312500e+00
-7.901903152465820312e+00
-8.863726615905761719e+00
-9.702026367187500000e+00
-8.599795341491699219e+00
-8.105901718139648438e+00
-9.143195152282714844e+00
-9.889006614685058594e+00
-9.142911911010742188e+00
-8.799037933349609375e+00
-1.035975360870361328e+01
-1.146705818176269531e+01
-8.468308448791503906e+00
-7.289269924163818359e+00
-7.421252727508544922e+00
-8.022748947143554688e+00
-7.438131332397460938e+00
-7.313403129577636719e+00
-7.825445652008056641e+00
-7.851800441741943359e+00
-7.766819477081298828e+00
-7.041195392608642578e+00
-7.621870040893554688e+00
-7.301391124725341797e+00
-6.095084190368652344e+00
-6.114920139312744141e+00
-9.011706352233886719e+00
-1.054550457000732422e+01
-9.765059471130371094e+00
-8.121613502502441406e+00
-8.523092269897460938e+00
-8.866687774658203125e+00
-8.999409675598144531e+00
-9.248470306396484375e+00
-9.528256416320800781e+00
-8.149518966674804688e+00
-5.756176948547363281e+00
-4.038041591644287109e+00
-2.508893966674804688e+00
-4.131128311157226562e+00
-6.253841400146484375e+00
-7.272818565368652344e+00
-7.395604133605957031e+00
-7.414065361022949219e+00
-7.205096244812011719e+00
-7.500245094299316406e+00
-8.680304527282714844e+00
-9.677961349487304688e+00
-9.517473220825195312e+00
-7.389684677124023438e+00
-3.817199707031250000e+00
-3.214752197265625000e+00
-4.646759033203125000e+00
-4.922599792480468750e+00
-4.338155269622802734e+00
-3.888156175613403320e+00
-3.755224466323852539e+00
-3.885550975799560547e+00
-4.857736587524414062e+00
-6.360491275787353516e+00
-7.758151054382324219e+00
-8.524574279785156250e+00
-8.868693351745605469e+00
-1.002870941162109375e+01
-1.149044990539550781e+01
-1.218401527404785156e+01
-1.317212295532226562e+01
-1.401958179473876953e+01
-1.402247142791748047e+01
-1.395503616333007812e+01
-1.485809040069580078e+01
-1.577731800079345703e+01
-1.545909786224365234e+01
-1.534250831604003906e+01
-1.594534587860107422e+01
-1.610801506042480469e+01
-1.526876449584960938e+01
-1.465744113922119141e+01
-1.464764404296875000e+01
-1.441468143463134766e+01
-1.366996669769287109e+01
-1.194661426544189453e+01
-9.688036918640136719e+00
-5.734544754028320312e+00
-1.809552669525146484e+00
-9.482459425926208496e-01
-1.854090094566345215e+00
-2.264761924743652344e+00
-1.717524528503417969e+00
-7.400550246238708496e-01
-2.055197715759277344e+00
-6.092652320861816406e+00
-6.021658420562744141e+00
-3.447005510330200195e+00
-4.058721542358398438e+00
-7.522160530090332031e+00
-1.148534393310546875e+01
-1.138799476623535156e+01
-9.676870346069335938e+00
-7.550768375396728516e+00
-5.335637569427490234e+00
-4.500931262969970703e+00
-4.857771873474121094e+00
-6.178197860717773438e+00
-6.331285953521728516e+00
-6.759998321533203125e+00
-7.347227096557617188e+00
-9.103663444519042969e+00
-1.145437335968017578e+01
-1.203600120544433594e+01
-9.997665405273437500e+00
-8.518725395202636719e+00
-6.741817951202392578e+00
-5.058421134948730469e+00
-4.903398036956787109e+00
-4.002031803131103516e+00
-1.955134868621826172e+00
-1.893669217824935913e-01
6.604544520378112793e-01
4.271058142185211182e-01
4.292206466197967529e-01
5.907303690910339355e-01
8.130477070808410645e-01
7.352883815765380859e-01
-4.575216770172119141e-01
-1.399652838706970215e+00
-1.973667621612548828e+00
-1.281269311904907227e+00
-8.731678724288940430e-01
-3.532318770885467529e-01
-2.822715342044830322e-01
1.371363550424575806e-01
5.423546433448791504e-01
3.277132809162139893e-01
-4.242269992828369141e-01
-9.475799202919006348e-01
-4.156665503978729248e-01
-2.617696225643157959e-01
-6.505298018455505371e-01
-1.803601145744323730e+00
-5.847852706909179688e+00
-7.990653514862060547e+00
-8.100861549377441406e+00
-8.028282165527343750e+00
-6.915342807769775391e+00
-6.988732814788818359e+00
-7.930405139923095703e+00
-8.928027153015136719e+00
-9.380771636962890625e+00
-9.961868286132812500e+00
-1.085795021057128906e+01
-1.165389823913574219e+01
-1.161961650848388672e+01
-1.123909854888916016e+01
-1.076074218750000000e+01
-1.056325817108154297e+01
-9.482807159423828125e+00
-8.746294975280761719e+00
-8.038359642028808594e+00
-6.877537727355957031e+00
-6.122916698455810547e+00
-5.868391990661621094e+00
-5.597943782806396484e+00
-4.581051826477050781e+00
-2.781916141510009766e+00
-3.244524955749511719e+00
-3.628951311111450195e+00
-2.310178041458129883e+00
-2.448785066604614258e+00
-3.064834833145141602e+00
-3.495627880096435547e+00
-3.589912176132202148e+00
-2.473766565322875977e+00
-1.158764243125915527e+00
-1.013004779815673828e+00
-2.239996194839477539e+00
-3.421993255615234375e+00
-3.969689607620239258e+00
-3.250724315643310547e+00
-1.708822131156921387e+00
1.865020245313644409e-01
-1.524977326393127441e+00
-4.188238143920898438e+00
-4.677273273468017578e+00
-5.234834194183349609e+00
-5.838869094848632812e+00
-3.593223094940185547e+00
-1.643466353416442871e+00
-1.490800857543945312e+00
-2.814399003982543945e+00
-4.318460464477539062e+00
-5.244417190551757812e+00
-5.592661380767822266e+00
-6.213393688201904297e+00
-6.580909252166748047e+00
-7.149219036102294922e+00
-8.161885261535644531e+00
-8.563045501708984375e+00
-9.015087127685546875e+00
-8.906603813171386719e+00
-9.541397094726562500e+00
-8.694186210632324219e+00
-8.240807533264160156e+00
-7.758257389068603516e+00
-7.215528011322021484e+00
-7.194775104522705078e+00
-6.915659904479980469e+00
-5.576345443725585938e+00
-4.800659179687500000e+00
-4.907729148864746094e+00
-5.063144207000732422e+00
-4.770817279815673828e+00
-5.497776508331298828e+00
-5.965144157409667969e+00
-5.063776493072509766e+00
-5.938120365142822266e+00
-7.852363586425781250e+00
-8.556987762451171875e+00
-1.010875320434570312e+01
-1.156158828735351562e+01
-1.297918701171875000e+01
-1.422305011749267578e+01
-1.526834392547607422e+01
-1.555193233489990234e+01
-1.633897018432617188e+01
-1.613267707824707031e+01
-1.638466835021972656e+01
-1.608701896667480469e+01
-1.633298110961914062e+01
-1.518977832794189453e+01
-1.058581161499023438e+01
-6.754608631134033203e+00
-3.606680870056152344e+00
-2.685621738433837891e+00
-2.515482664108276367e+00
-1.233282208442687988e+00
5.485181212425231934e-01
6.882517132908105850e-03
-2.021728992462158203e+00
-2.978339910507202148e+00
-3.636313915252685547e+00
-2.776768684387207031e+00
-2.452520608901977539e+00
-3.780415773391723633e+00
-4.845159530639648438e+00
-6.157903671264648438e+00
-6.834376335144042969e+00
-7.623383045196533203e+00
-8.406190872192382812e+00
-9.138295173645019531e+00
-8.702113151550292969e+00
-8.204165458679199219e+00
-7.279650211334228516e+00
-6.852416515350341797e+00
-6.110164165496826172e+00
-7.203127861022949219e+00
-8.991306304931640625e+00
-1.149070167541503906e+01
-1.280432987213134766e+01
-1.385652351379394531e+01
-1.408560752868652344e+01
-1.429492568969726562e+01
-1.313857936859130859e+01
-1.209311294555664062e+01
-1.218580818176269531e+01
-1.323398971557617188e+01
-1.489346885681152344e+01
-1.630268096923828125e+01
-1.729790496826171875e+01
-1.786896324157714844e+01
-1.851446914672851562e+01
-1.910412597656250000e+01
-1.953713989257812500e+01
-1.968807983398437500e+01
-1.911134719848632812e+01
-1.767986679077148438e+01
-1.761975860595703125e+01
-1.599953556060791016e+01
-1.594908523559570312e+01
-1.552357101440429688e+01
-1.616495323181152344e+01
-1.670225524902343750e+01
-1.643875122070312500e+01
-1.618228912353515625e+01
-1.574384975433349609e+01
-1.568659687042236328e+01
-1.648533248901367188e+01
-1.704767799377441406e+01
-1.629059600830078125e+01
-1.424017429351806641e+01
-1.112741184234619141e+01
-7.651605129241943359e+00
-5.665664196014404297e+00
-5.901443958282470703e+00
-5.343668937683105469e+00
-5.716538906097412109e+00
-7.866456985473632812e+00
-4.511889457702636719e+00
-2.664164781570434570e+00
-2.870382785797119141e+00
-3.366712093353271484e+00
-4.230094432830810547e+00
-5.608868122100830078e+00
-6.357110977172851562e+00
-5.449684619903564453e+00
-5.005043506622314453e+00
-4.985489845275878906e+00
-4.835889339447021484e+00
-3.983885765075683594e+00
-3.229371070861816406e+00
-3.380450248718261719e+00
-3.456413507461547852e+00
-3.328235864639282227e+00
-3.662455320358276367e+00
-4.413168907165527344e+00
-5.795849800109863281e+00
-7.113140583038330078e+00
-8.457876205444335938e+00
-9.935900688171386719e+00
-1.007034873962402344e+01
-9.887845039367675781e+00
-9.772349357604980469e+00
-1.023703956604003906e+01
-1.053201007843017578e+01
-1.051657581329345703e+01
-1.148199367523193359e+01
-1.233220291137695312e+01
-1.319421195983886719e+01
-1.317723369598388672e+01
-1.337639999389648438e+01
-1.376967430114746094e+01
-1.383714199066162109e+01
-1.377816581726074219e+01
-1.376748943328857422e+01
-1.275542259216308594e+01
-1.154182147979736328e+01
-1.092009925842285156e+01
-1.030077362060546875e+01
-9.229057312011718750e+00
-7.265452384948730469e+00
-5.952459812164306641e+00
-8.241089820861816406e+00
-8.617767333984375000e+00
-2.621285438537597656e+00
-2.664880454540252686e-01
-8.232625573873519897e-02
-1.578387856483459473e+00
-2.782687425613403320e+00
-9.484954476356506348e-01
3.216188549995422363e-01
-1.307976961135864258e+00
-1.952212691307067871e+00
-1.809517860412597656e+00
-1.124132633209228516e+00
-5.863711833953857422e-01
-9.733367562294006348e-01
-3.460291385650634766e+00
-5.207739353179931641e+00
-7.572050094604492188e+00
-1.041447353363037109e+01
-1.271567821502685547e+01
-1.447930145263671875e+01
-1.467952919006347656e+01
-1.499021625518798828e+01
-1.722254180908203125e+01
-1.765590858459472656e+01
-1.708079910278320312e+01
-1.620240402221679688e+01
-1.368691253662109375e+01
-9.398281097412109375e+00
-5.428263664245605469e+00
-3.360156059265136719e+00
-3.869413137435913086e+00
-5.383197307586669922e+00
-6.977564811706542969e+00
-6.947439193725585938e+00
-5.350857734680175781e+00
-4.252466201782226562e+00
-3.688705682754516602e+00
-4.290556907653808594e+00
-4.704437255859375000e+00
-5.014418125152587891e+00
-4.061999797821044922e+00
-4.326316356658935547e+00
-5.658792495727539062e+00
-7.184767723083496094e+00
-9.630747795104980469e+00
-1.186001300811767578e+01
-1.348675155639648438e+01
-1.426815223693847656e+01
-1.497862529754638672e+01
-1.454635334014892578e+01
-1.342981529235839844e+01
-1.294388294219970703e+01
-1.350450801849365234e+01
-1.425120544433593750e+01
-1.575557994842529297e+01
-1.696523857116699219e+01
-1.770449256896972656e+01
-1.848521804809570312e+01
-1.864352416992187500e+01
-1.921366310119628906e+01
-1.939341926574707031e+01
-1.950325012207031250e+01
-1.921898078918457031e+01
-1.930692481994628906e+01
-1.916754722595214844e+01
-1.942259407043457031e+01
-1.961757469177246094e+01
-1.985180473327636719e+01
-1.988516998291015625e+01
-1.969085884094238281e+01
-1.846845436096191406e+01
-1.807965660095214844e+01
-1.714953994750976562e+01
-1.752301216125488281e+01
-1.755352020263671875e+01
-1.824147605895996094e+01
-2.000943756103515625e+01
-2.188492584228515625e+01
-2.273907661437988281e+01
-2.279273033142089844e+01
-2.254008102416992188e+01
-2.185311317443847656e+01
-1.941407012939453125e+01
-1.781727790832519531e+01
-1.712592887878417969e+01
-1.717208480834960938e+01
-1.739381027221679688e+01
-1.766020774841308594e+01
-1.796099472045898438e+01
-1.769156646728515625e+01
-1.836585235595703125e+01
-1.797321701049804688e+01
-1.758815574645996094e+01
-1.646397399902343750e+01
-1.601514434814453125e+01
-1.385307025909423828e+01
-1.175836277008056641e+01
-1.172714710235595703e+01
-1.127073764801025391e+01
-1.099546432495117188e+01
-9.626767158508300781e+00
-6.967418670654296875e+00
-6.235486507415771484e+00
-3.014063835144042969e+00
-1.470259308815002441e+00
-1.368788361549377441e+00
-1.704208135604858398e+00
-2.398931026458740234e+00
-3.617497920989990234e+00
-4.120062351226806641e+00
-5.341098308563232422e+00
-6.244192123413085938e+00
-5.945448398590087891e+00
-3.230289459228515625e+00
-1.690923810005187988e+00
-6.115257143974304199e-01
-2.006032913923263550e-01
1.488717049360275269e-01
-1.301382035017013550e-01
-2.352950811386108398e+00
-4.279209136962890625e+00
-3.035379409790039062e+00
-3.252415180206298828e+00
-3.917155504226684570e+00
-4.602966308593750000e+00
-5.980151653289794922e+00
-8.268360137939453125e+00
-9.422525405883789062e+00
-7.341627597808837891e+00
-3.749551296234130859e+00
-9.978910684585571289e-01
-5.714303851127624512e-01
-1.050986289978027344e+00
-4.306067824363708496e-01
-2.960515618324279785e-01
-1.463001966476440430e+00
-1.620037436485290527e+00
-2.376770019531250000e+00
-3.917579412460327148e+00
-5.016953468322753906e+00
-5.315764427185058594e+00
-5.215737342834472656e+00
-4.137538909912109375e+00
-3.375484466552734375e+00
-3.046586513519287109e+00
-2.388573408126831055e+00
-4.094634354114532471e-01
-2.621240317821502686e-01
-2.723604440689086914e+00
-6.358343124389648438e+00
-5.275599002838134766e+00
-6.859710216522216797e+00
-6.722512245178222656e+00
-6.051749229431152344e+00
-5.649984359741210938e+00
-5.920079708099365234e+00
-6.636895656585693359e+00
-6.747104644775390625e+00
-7.348599433898925781e+00
-7.693708419799804688e+00
-8.298130989074707031e+00
-9.124627113342285156e+00
-9.554257392883300781e+00
-7.997523307800292969e+00
-6.529927730560302734e+00
-5.173423767089843750e+00
-4.778494834899902344e+00
-5.222009658813476562e+00
-6.667723178863525391e+00
-8.874295234680175781e+00
-1.264707946777343750e+01
-1.460691738128662109e+01
-1.594756793975830078e+01
-1.641922950744628906e+01
-1.605442810058593750e+01
-1.557808303833007812e+01
-1.562250709533691406e+01
-1.496438980102539062e+01
-1.367887783050537109e+01
-1.179105854034423828e+01
-1.219859981536865234e+01
-1.224461364746093750e+01
-9.866562843322753906e+00
-9.355086326599121094e+00
-1.148840999603271484e+01
-1.256798076629638672e+01
-1.009268951416015625e+01
-7.059270381927490234e+00
-6.090008258819580078e+00
-8.015703201293945312e+00
-1.090738296508789062e+01
-1.283307456970214844e+01
-1.382982158660888672e+01
-1.499489879608154297e+01
-1.495470333099365234e+01
-1.104398059844970703e+01
-6.402880191802978516e+00
-7.406280994415283203e+00
-8.685729026794433594e+00
-9.201293945312500000e+00
-7.347827911376953125e+00
-9.569655418395996094e+00
-1.067734909057617188e+01
-1.243994808197021484e+01
-1.439213657379150391e+01
-1.701952743530273438e+01
-1.859416389465332031e+01
-1.933733367919921875e+01
-1.873263168334960938e+01
-1.847229385375976562e+01
-1.879245185852050781e+01
-1.853261184692382812e+01
-1.799333190917968750e+01
-1.632353591918945312e+01
-1.702967643737792969e+01
-1.755817222595214844e+01
-1.796225929260253906e+01
-1.856967735290527344e+01
-1.918991661071777344e+01
-1.983267402648925781e+01
-2.003314590454101562e+01
-2.060317993164062500e+01
-2.003082084655761719e+01
-1.798184776306152344e+01
-1.637638854980468750e+01
-1.255974102020263672e+01
-9.725526809692382812e+00
-1.063739013671875000e+01
-1.308231353759765625e+01
-1.518907165527343750e+01
-1.586166667938232422e+01
-1.628355026245117188e+01
-1.628668785095214844e+01
-1.621026039123535156e+01
-1.567549991607666016e+01
-1.530258846282958984e+01
-1.458168792724609375e+01
-1.493599414825439453e+01
-1.316194057464599609e+01
-1.312370967864990234e+01
-1.260564613342285156e+01
-1.211746120452880859e+01
-1.361975765228271484e+01
-1.419905853271484375e+01
-1.403765583038330078e+01
-1.209871292114257812e+01
-1.041443538665771484e+01
-5.438375949859619141e+00
-8.330758094787597656e+00
-1.458306694030761719e+01
-1.483829307556152344e+01
-1.268622589111328125e+01
-1.125911045074462891e+01
-8.106322288513183594e+00
-4.310777664184570312e+00
-1.718442678451538086e+00
-1.294518232345581055e+00
-1.956826210021972656e+00
-3.885023117065429688e+00
-7.125259876251220703e+00
-1.017559051513671875e+01
-1.226589488983154297e+01
-1.271818161010742188e+01
-1.116366672515869141e+01
-8.987148284912109375e+00
-1.007070446014404297e+01
-1.235767841339111328e+01
-1.408772182464599609e+01
-1.171336841583251953e+01
-1.173848915100097656e+01
-1.417453479766845703e+01
-1.383644008636474609e+01
-1.409850311279296875e+01
-1.530850982666015625e+01
-1.644326019287109375e+01
-1.590352439880371094e+01
-1.477963352203369141e+01
-1.099895095825195312e+01
-8.311765670776367188e+00
-7.840208530426025391e+00
-9.635119438171386719e+00
-1.277177143096923828e+01
-9.928997039794921875e+00
-1.305479717254638672e+01
-1.312923812866210938e+01
-9.660766601562500000e+00
-4.133557319641113281e+00
-1.533045768737792969e+00
-5.271451473236083984e-01
-1.162216439843177795e-01
5.451713800430297852e-01
2.441422343254089355e-01
2.165195345878601074e-01
-4.661913514137268066e-01
-1.411844372749328613e+00
-2.364718675613403320e+00
-2.591587066650390625e+00
-2.387091875076293945e+00
-1.762904644012451172e+00
-1.582936048507690430e+00
-1.551295757293701172e+00
-2.153532266616821289e+00
-2.074925899505615234e+00
-2.887471437454223633e+00
-5.537555694580078125e+00
-7.726967811584472656e+00
-7.632859706878662109e+00
-6.965126037597656250e+00
-5.160844802856445312e+00
-2.125910282135009766e+00
-6.585270166397094727e-01
-1.706462144851684570e+00
-4.902234077453613281e+00
-5.217394828796386719e+00
-4.355523586273193359e+00
-3.111411571502685547e+00
-2.349149465560913086e+00
-1.666189074516296387e+00
-4.475868642330169678e-01
-2.857965826988220215e-01
-6.844947934150695801e-01
-4.558314383029937744e-01
-9.887647032737731934e-01
-1.677502036094665527e+00
-2.349674224853515625e+00
-3.412762641906738281e+00
-4.359858036041259766e+00
-4.371660232543945312e+00
-4.773599147796630859e+00
-5.999460697174072266e+00
-7.764456748962402344e+00
-9.263515472412109375e+00
-1.086887264251708984e+01
-1.194742202758789062e+01
-1.173842048645019531e+01
-1.020909976959228516e+01
-6.879861354827880859e+00
-3.397787094116210938e+00
-2.529950141906738281e-01
4.845714867115020752e-01
1.032549381256103516e+00
8.728391528129577637e-01
5.422855615615844727e-01
-3.129620552062988281e-01
-2.146029233932495117e+00
-3.484107255935668945e+00
-3.598932027816772461e+00
-3.922827959060668945e+00
-4.130246162414550781e+00
-5.131074905395507812e+00
-5.454266071319580078e+00
-6.224103450775146484e+00
-8.088603019714355469e+00
-1.047774982452392578e+01
-1.046918964385986328e+01
-6.678013801574707031e+00
-3.157355070114135742e+00
-2.603247404098510742e+00
-3.789402008056640625e+00
-4.564913749694824219e+00
-5.499467372894287109e+00
-6.858160018920898438e+00
-8.810383796691894531e+00
-9.418684005737304688e+00
-9.101021766662597656e+00
-7.651499748229980469e+00
-4.459181308746337891e+00
-3.314356803894042969e+00
-3.469274759292602539e+00
-3.658968210220336914e+00
-4.503643989562988281e+00
-4.484971523284912109e+00
-4.286891460418701172e+00
-3.807333469390869141e+00
-4.103608608245849609e+00
-4.937958240509033203e+00
-5.434885978698730469e+00
-5.940972805023193359e+00
-6.090925693511962891e+00
-5.387782096862792969e+00
-5.021075725555419922e+00
-5.693037986755371094e+00
-7.054653644561767578e+00
-8.382903099060058594e+00
-9.674719810485839844e+00
-1.027625465393066406e+01
-1.027759170532226562e+01
-1.023725318908691406e+01
-1.040869235992431641e+01
-1.205407333374023438e+01
-1.409983921051025391e+01
-1.435115528106689453e+01
-1.531971836090087891e+01
-1.591205596923828125e+01
-1.606044960021972656e+01
-1.578869819641113281e+01
-1.560066318511962891e+01
-1.511641883850097656e+01
-1.430289363861083984e+01
-1.432329082489013672e+01
-1.498711585998535156e+01
-1.565597820281982422e+01
-1.532904815673828125e+01
-1.485978126525878906e+01
-1.450688838958740234e+01
-1.357701969146728516e+01
-1.234717845916748047e+01
-1.137270355224609375e+01
-9.963735580444335938e+00
-7.854336738586425781e+00
-3.909898757934570312e+00
-1.819067120552062988e+00
-2.984891653060913086e+00
-3.536289215087890625e+00
-8.321702003479003906e+00
-9.879566192626953125e+00
-9.153446197509765625e+00
-1.099588680267333984e+01
-1.478061580657958984e+01
-1.605703163146972656e+01
-1.724283409118652344e+01
-1.821871757507324219e+01
-1.908140182495117188e+01
-1.889614295959472656e+01
-1.911962890625000000e+01
-1.915965080261230469e+01
-1.772302818298339844e+01
-1.535290336608886719e+01
-1.172087669372558594e+01
-7.622044563293457031e+00
-4.672375202178955078e+00
-3.500033140182495117e+00
-4.193418502807617188e+00
-4.582458972930908203e+00
-4.813871383666992188e+00
-4.513475418090820312e+00
-4.836734771728515625e+00
-4.721419811248779297e+00
-4.250283241271972656e+00
-3.927127838134765625e+00
-4.457170963287353516e+00
-4.614274978637695312e+00
-4.681395053863525391e+00
-4.150891780853271484e+00
-4.145114898681640625e+00
-4.601944446563720703e+00
-5.422027111053466797e+00
-6.728925704956054688e+00
-8.568368911743164062e+00
-9.698572158813476562e+00
-9.567610740661621094e+00
-9.685290336608886719e+00
-1.007154846191406250e+01
-1.020842933654785156e+01
-1.043025493621826172e+01
-1.037941551208496094e+01
-1.059944629669189453e+01
-1.073664093017578125e+01
-1.127257442474365234e+01
-1.164980983734130859e+01
-1.225694751739501953e+01
-1.224207782745361328e+01
-1.189351367950439453e+01
-1.110091686248779297e+01
-1.062590599060058594e+01
-9.821925163269042969e+00
-9.211793899536132812e+00
-8.310252189636230469e+00
-6.397909641265869141e+00
-6.681186199188232422e+00
-8.063970565795898438e+00
-8.271212577819824219e+00
-9.753572463989257812e+00
-1.190740013122558594e+01
-1.163776397705078125e+01
-1.128553390502929688e+01
-1.214493846893310547e+01
-1.214959144592285156e+01
-1.089230442047119141e+01
-1.082697772979736328e+01
-1.222361755371093750e+01
-1.323124408721923828e+01
-1.408300113677978516e+01
-1.416308403015136719e+01
-1.533137702941894531e+01
-1.656784057617187500e+01
-1.680129432678222656e+01
-1.664282035827636719e+01
-1.814152526855468750e+01
-1.910113334655761719e+01
-1.790944671630859375e+01
-1.645319366455078125e+01
-1.735558509826660156e+01
-1.827798271179199219e+01
-1.726602363586425781e+01
-1.754562950134277344e+01
-1.933634376525878906e+01
-2.021735000610351562e+01
-1.927511024475097656e+01
-1.856517028808593750e+01
-1.938989830017089844e+01
-1.811908340454101562e+01
-1.546575260162353516e+01
-1.440076541900634766e+01
-1.336350631713867188e+01
-1.215529727935791016e+01
-1.043836021423339844e+01
-8.556601524353027344e+00
-6.176084518432617188e+00
-6.324553966522216797e+00
-7.633391857147216797e+00
-7.861310958862304688e+00
-7.748215198516845703e+00
-5.785666942596435547e+00
-5.180610179901123047e+00
-5.132131576538085938e+00
-6.056857109069824219e+00
-6.242640018463134766e+00
-5.975009918212890625e+00
-6.384733676910400391e+00
-8.500333786010742188e+00
-9.005435943603515625e+00
-8.867320060729980469e+00
-9.182093620300292969e+00
-1.041256809234619141e+01
-1.060141944885253906e+01
-1.027554702758789062e+01
-8.238091468811035156e+00
-7.766466617584228516e+00
-6.129435539245605469e+00
-4.986689567565917969e+00
-3.050705671310424805e+00
-4.553958415985107422e+00
-5.934031009674072266e+00
-5.061911106109619141e+00
-4.506391525268554688e+00
-5.588503837585449219e+00
-6.369126319885253906e+00
-5.449264049530029297e+00
-4.585632324218750000e+00
-4.314443588256835938e+00
-4.044805049896240234e+00
-5.664078712463378906e+00
-7.936499118804931641e+00
-8.274633407592773438e+00
-6.183553218841552734e+00
-2.930562973022460938e+00
-2.068938732147216797e+00
-4.431451320648193359e+00
-3.895806074142456055e+00
-3.311818361282348633e+00
-3.271793365478515625e+00
-4.693796634674072266e+00
-5.407404422760009766e+00
-4.976716518402099609e+00
-5.080829620361328125e+00
-7.159294128417968750e+00
-7.352620124816894531e+00
-5.517507553100585938e+00
-4.554133892059326172e+00
-4.884511947631835938e+00
-4.329733371734619141e+00
-3.673485994338989258e+00
-3.055426836013793945e+00
-3.109898567199707031e+00
-2.787092208862304688e+00
-1.830974936485290527e+00
-1.189521670341491699e+00
-1.459227502346038818e-01
5.966989789158105850e-03
-1.324782013893127441e+00
-4.197401046752929688e+00
-8.505302429199218750e+00
-1.003931236267089844e+01
-6.059854507446289062e+00
-4.496739387512207031e+00
-7.732854843139648438e+00
-9.667354583740234375e+00
-9.629621505737304688e+00
-8.567594528198242188e+00
-8.613854408264160156e+00
-8.608498573303222656e+00
-6.679776191711425781e+00
-5.380276203155517578e+00
-4.081165313720703125e+00
-4.081517219543457031e+00
-4.395127773284912109e+00
-4.519429683685302734e+00
-6.667231559753417969e+00
-8.179924964904785156e+00
-7.158873081207275391e+00
-6.768878936767578125e+00
-9.517545700073242188e+00
-1.108848190307617188e+01
-9.508666038513183594e+00
-8.395093917846679688e+00
-1.000058650970458984e+01
-1.123589515686035156e+01
-1.016685771942138672e+01
-9.151614189147949219e+00
-1.079174613952636719e+01
-1.202310562133789062e+01
-1.100621032714843750e+01
-1.001647949218750000e+01
-1.243839454650878906e+01
-1.393734550476074219e+01
-1.240041542053222656e+01
-1.172224807739257812e+01
-1.343725395202636719e+01
-1.466909980773925781e+01
-1.360125827789306641e+01
-1.258933162689208984e+01
-1.361648082733154297e+01
-1.331023597717285156e+01
-1.061582756042480469e+01
-9.201398849487304688e+00
-1.232459449768066406e+01
-1.289550781250000000e+01
-1.214691162109375000e+01
-1.142354583740234375e+01
-1.186702251434326172e+01
-1.180540084838867188e+01
-1.021262073516845703e+01
-7.808921337127685547e+00
-6.733927726745605469e+00
-5.227890968322753906e+00
-3.947950839996337891e+00
-4.175978660583496094e+00
-4.918090820312500000e+00
-5.766077041625976562e+00
-4.052415370941162109e+00
-2.950399875640869141e+00
-3.902712106704711914e+00
-3.344935417175292969e+00
-2.253560304641723633e+00
-2.300667285919189453e+00
-2.102903127670288086e+00
-2.107592105865478516e+00
-1.628281950950622559e+00
-1.849648475646972656e+00
-3.951014518737792969e+00
-5.647024631500244141e+00
-4.312573909759521484e+00
-2.864955425262451172e+00
-2.968859195709228516e+00
-2.722653627395629883e+00
-1.280846357345581055e+00
-4.312754869461059570e-01
-1.169262766838073730e+00
-2.141658306121826172e+00
-1.626306414604187012e+00
-1.360968351364135742e+00
-2.003160476684570312e+00
-2.017039537429809570e+00
-1.463810920715332031e+00
-1.011703729629516602e+00
-1.416810631752014160e+00
-1.573491096496582031e+00
-1.774037718772888184e+00
-1.285180330276489258e+00
-1.789047479629516602e+00
-1.094113588333129883e+00
-2.541932165622711182e-01
1.380925774574279785e-01
-8.542121648788452148e-01
-1.472476840019226074e+00
-6.582454442977905273e-01
-3.236737251281738281e-01
-1.918317317962646484e+00
-2.893356561660766602e+00
-1.523358225822448730e+00
-8.096752762794494629e-01
-2.512909412384033203e+00
-3.473538637161254883e+00
-2.833739757537841797e+00
-2.224456310272216797e+00
-3.022096395492553711e+00
-3.318652153015136719e+00
-1.944250822067260742e+00
-8.817636370658874512e-01
-1.443343281745910645e+00
-1.793063998222351074e+00
-6.420738101005554199e-01
2.420627474784851074e-01
-2.229108333587646484e+00
-2.958574295043945312e+00
-9.617058038711547852e-01
-2.845282256603240967e-01
-2.348197460174560547e+00
-3.430658102035522461e+00
-1.502814054489135742e+00
-8.525540828704833984e-01
-3.091083288192749023e+00
-4.482609748840332031e+00
-2.359225034713745117e+00
-1.347508430480957031e+00
-2.846391201019287109e+00
-3.441053867340087891e+00
-2.408901214599609375e+00
-2.298270225524902344e+00
-3.955877542495727539e+00
-4.718881130218505859e+00
-3.830237150192260742e+00
-3.399971485137939453e+00
-4.687420368194580078e+00
-4.686784267425537109e+00
-3.235538959503173828e+00
-3.075193643569946289e+00
-4.999831199645996094e+00
-5.877907752990722656e+00
-4.609379291534423828e+00
-3.380345821380615234e+00
-4.405519485473632812e+00
-4.673396110534667969e+00
-2.789768695831298828e+00
-1.925824046134948730e+00
-3.797608375549316406e+00
-4.737765312194824219e+00
-3.161547660827636719e+00
-2.427611827850341797e+00
-3.852399826049804688e+00
-4.673187255859375000e+00
-2.619419097900390625e+00
-1.356384754180908203e+00
-3.236139059066772461e+00
-3.629620552062988281e+00
-2.154412984848022461e+00
-1.768473863601684570e+00
-3.288564682006835938e+00
-3.244945764541625977e+00
-1.700931429862976074e+00
-1.618835449218750000e+00
-2.118125438690185547e+00
-2.131017923355102539e+00
-6.431665420532226562e-01
-1.587112098932266235e-01
-2.062245607376098633e+00
-3.096788883209228516e+00
-1.792676925659179688e+00
-1.510354518890380859e+00
-3.761531829833984375e+00
-4.641756057739257812e+00
-1.995161652565002441e+00
-5.403897762298583984e-01
-1.973565340042114258e+00
-2.916996002197265625e+00
-2.532070279121398926e-01
5.095171928405761719e-01
-6.916803717613220215e-01
-9.785498976707458496e-01
-6.992487609386444092e-02
3.070330619812011719e-01
-1.097071647644042969e+00
-2.512133121490478516e+00
-1.246075555682182312e-01
4.197799861431121826e-01
-1.578497052192687988e+00
-2.451956748962402344e+00
-8.629493117332458496e-01
-2.125485092401504517e-01
-1.296314954757690430e+00
-1.473395586013793945e+00
-2.302358597517013550e-01
6.482656598091125488e-01
-3.817004859447479248e-01
-8.656985759735107422e-01
4.916221275925636292e-02
3.136917948722839355e-01
-1.886256217956542969e+00
-3.102391719818115234e+00
-1.641210675239562988e+00
-5.375719666481018066e-01
-1.405821204185485840e+00
-2.042406558990478516e+00
-8.796397596597671509e-02
5.511619448661804199e-01
-1.119725227355957031e+00
-1.916979908943176270e+00
-1.607564240694046021e-01
-2.247726768255233765e-01
-2.561460256576538086e+00
-3.492073535919189453e+00
-5.938056707382202148e-01
3.363808095455169678e-01
-1.516871452331542969e+00
-2.708031415939331055e+00
2.926223576068878174e-01
7.638994455337524414e-01
-1.347190499305725098e+00
-2.552935123443603516e+00
1.377381384372711182e-01
6.504136323928833008e-01
-1.274540424346923828e+00
-2.205958843231201172e+00
-5.169618725776672363e-01
4.296179115772247314e-02
-1.324889659881591797e+00
-1.946890354156494141e+00
-1.056181266903877258e-01
4.413398504257202148e-01
-1.345851421356201172e+00
-2.487929582595825195e+00
-3.709904253482818604e-01
8.675879836082458496e-01
-4.198522865772247314e-02
2.258568406105041504e-01
1.871623754501342773e+00
1.887585043907165527e+00
3.706622123718261719e-01
-1.041698753833770752e-01
1.000381231307983398e+00
1.444603085517883301e+00
-4.305350184440612793e-01
-1.230991244316101074e+00
1.261248707771301270e+00
1.621681094169616699e+00
2.156388163566589355e-01
-1.199212297797203064e-01
1.125284790992736816e+00
1.478671431541442871e+00
-1.843256354331970215e-01
-7.319881916046142578e-01
1.211324095726013184e+00
1.528842329978942871e+00
-4.415957927703857422e-01
-1.297829627990722656e+00
8.521910309791564941e-01
1.247190237045288086e+00
-2.812906801700592041e-01
-1.032347559928894043e+00
1.067607641220092773e+00
1.629642963409423828e+00
-1.790755391120910645e-01
-1.083402395248413086e+00
8.424693346023559570e-01
1.254307746887207031e+00
-8.079855442047119141e-01
-2.013411045074462891e+00
3.329644501209259033e-01
3.015013635158538818e-01
-1.455251097679138184e+00
-2.119037866592407227e+00
-3.688065409660339355e-01
-4.085982590913772583e-02
-1.897955656051635742e+00
-2.782511949539184570e+00
-7.427694797515869141e-01
2.650687098503112793e-01
-5.873573422431945801e-01
-1.424597978591918945e+00
2.030934095382690430e-01
7.977932095527648926e-01
-5.004727840423583984e-01
-9.537412524223327637e-01
1.008944272994995117e+00
1.339111328125000000e+00
3.883506357669830322e-01
9.795981645584106445e-02
5.463010668754577637e-01
1.132258892059326172e+00
-9.370502829551696777e-02
-7.895604372024536133e-01
8.459553122520446777e-01
1.075992465019226074e+00
-4.008242860436439514e-02
-2.099743187427520752e-01
8.659684062004089355e-01
1.308887124061584473e+00
1.460881829261779785e-01
-2.804072797298431396e-01
1.278017282485961914e+00
