1.482441186904907227e+00
-4.177444279193878174e-01
-1.647480249404907227e+00
8.350353837013244629e-01
1.440267443656921387e+00
-4.406144022941589355e-01
-2.112204074859619141e+00
-9.832388907670974731e-02
8.237957954406738281e-01
-9.419389963150024414e-01
-2.159626722335815430e+00
-6.964272260665893555e-02
5.783991217613220215e-01
-1.315620303153991699e+00
-2.402983665466308594e+00
2.401968985795974731e-01
7.432545423507690430e-01
-4.427607953548431396e-01
-1.186420679092407227e+00
4.413071870803833008e-01
7.925773859024047852e-01
-5.334494113922119141e-01
-1.962959170341491699e+00
-8.214796781539916992e-01
3.249645531177520752e-01
-9.944040179252624512e-01
-1.517646074295043945e+00
5.599033236503601074e-01
8.790069222450256348e-01
1.509511917829513550e-01
2.541498541831970215e-01
1.179401040077209473e+00
1.818069219589233398e+00
5.100467205047607422e-01
-5.917256474494934082e-01
1.203359484672546387e+00
1.284994006156921387e+00
-9.259798526763916016e-01
-2.502868652343750000e+00
-4.265543520450592041e-01
-1.006127074360847473e-01
-1.770480990409851074e+00
-2.892616748809814453e+00
-5.412683486938476562e-01
1.656060516834259033e-01
-1.669468402862548828e+00
-2.552229404449462891e+00
3.547357916831970215e-01
8.516642451286315918e-01
-8.726399540901184082e-01
-1.591108322143554688e+00
5.886128544807434082e-01
9.975634217262268066e-01
-7.775076031684875488e-01
-1.657804250717163086e+00
5.433397889137268066e-01
1.068417787551879883e+00
-1.247103512287139893e-01
-6.599367260932922363e-01
1.757681369781494141e+00
1.869792222976684570e+00
-1.553660631179809570e-01
-4.038284122943878174e-01
1.125671386718750000e+00
1.983031749725341797e+00
-3.084497153759002686e-01
-7.778282761573791504e-01
2.921640574932098389e-01
1.022684216499328613e+00
-1.004444360733032227e+00
-1.445597290992736816e+00
-1.862305700778961182e-01
3.994151353836059570e-01
-5.875688791275024414e-01
-1.551012039184570312e+00
1.773745864629745483e-01
3.104842305183410645e-01
-1.809659242630004883e+00
-2.499487638473510742e+00
-2.729026377201080322e-01
1.732177734375000000e-01
-1.731091380119323730e+00
-2.734807014465332031e+00
3.077242709696292877e-02
2.834263741970062256e-01
-1.663443088531494141e+00
-2.579887628555297852e+00
-4.638661146163940430e-01
5.623308420181274414e-01
-1.504047036170959473e+00
-2.841986417770385742e+00
-1.047287225723266602e+00
-3.696861863136291504e-01
-1.881145834922790527e+00
-3.093865633010864258e+00
-5.159023404121398926e-01
1.113490089774131775e-01
-3.686657249927520752e-01
-1.641374528408050537e-01
7.956419587135314941e-01
1.074690937995910645e+00
-2.293888628482818604e-01
-6.986929774284362793e-01
2.976609468460083008e-01
6.138407588005065918e-01
-9.591000080108642578e-01
-2.471334934234619141e+00
-1.016705393791198730e+00
-1.917617470026016235e-01
-1.413465023040771484e+00
-2.487825155258178711e+00
-1.336252242326736450e-01
3.600228428840637207e-01
-1.144564390182495117e+00
-2.880461692810058594e+00
-7.841464877128601074e-02
4.985597729682922363e-01
-1.466349840164184570e+00
-3.032666206359863281e+00
-1.895746588706970215e-01
5.651137828826904297e-01
-8.964908123016357422e-01
-1.736726999282836914e+00
3.337032794952392578e-01
7.770407199859619141e-01
-1.326757550239562988e+00
-2.402419328689575195e+00
1.367524862289428711e-01
9.225517511367797852e-01
-4.375460445880889893e-01
-1.126703619956970215e+00
1.489434540271759033e-01
7.220437526702880859e-01
-4.912414550781250000e-01
-9.278141260147094727e-01
6.799375414848327637e-01
1.117990612983703613e+00
-8.954928070306777954e-02
-7.175427079200744629e-01
4.621282219886779785e-01
6.106032133102416992e-01
-9.046304225921630859e-01
-2.236927747726440430e+00
7.756122946739196777e-02
6.317732930183410645e-01
-1.350116372108459473e+00
-2.843254327774047852e+00
-4.250027835369110107e-01
2.378695309162139893e-01
-1.960775852203369141e+00
-2.554660797119140625e+00
-2.694503962993621826e-01
2.763800323009490967e-01
-1.438163399696350098e+00
-1.872338056564331055e+00
-3.014065921306610107e-01
5.999595522880554199e-01
-7.093324065208435059e-01
-2.702921628952026367e+00
-2.016617536544799805e+00
-7.711315751075744629e-01
-1.521982789039611816e+00
-1.910389184951782227e+00
-3.665166497230529785e-01
1.853027343750000000e-01
-5.668527483940124512e-01
-1.070859193801879883e+00
-5.610710382461547852e-01
-2.977776825428009033e-01
-1.739265322685241699e+00
-3.037704706192016602e+00
-1.862013936042785645e+00
-1.700895071029663086e+00
-3.888794422149658203e+00
-5.534702301025390625e+00
-3.692051410675048828e+00
-2.641897678375244141e+00
-4.278434276580810547e+00
-5.725067615509033203e+00
-3.634905338287353516e+00
-2.653597116470336914e+00
-4.474679470062255859e+00
-5.149005413055419922e+00
-3.694800138473510742e+00
-3.166907072067260742e+00
-4.638901710510253906e+00
-5.852537631988525391e+00
-4.047096252441406250e+00
-3.696810007095336914e+00
-5.860007762908935547e+00
-7.683947563171386719e+00
-5.093585491180419922e+00
-3.733169317245483398e+00
-6.625339984893798828e+00
-7.978323459625244141e+00
-5.132024288177490234e+00
-3.547031879425048828e+00
-5.449965953826904297e+00
-6.278014659881591797e+00
-5.345467090606689453e+00
-5.064025402069091797e+00
-6.937436103820800781e+00
-8.453545570373535156e+00
-7.922688961029052734e+00
-7.593790531158447266e+00
-9.314355850219726562e+00
-9.729898452758789062e+00
-7.715309619903564453e+00
-6.431911468505859375e+00
-7.433584690093994141e+00
-8.337100982666015625e+00
-8.214417457580566406e+00
-8.351438522338867188e+00
-9.694592475891113281e+00
-1.046408176422119141e+01
-8.683368682861328125e+00
-6.708312988281250000e+00
-7.432104110717773438e+00
-7.543513774871826172e+00
-6.506992816925048828e+00
-5.716965675354003906e+00
-7.013007640838623047e+00
-8.551068305969238281e+00
-7.775063514709472656e+00
-6.605540275573730469e+00
-6.802383899688720703e+00
-5.432281017303466797e+00
-2.623750448226928711e+00
-1.524625062942504883e+00
-1.244241237640380859e+00
-1.061840415000915527e+00
-3.539385795593261719e-01
1.180789321660995483e-01
-4.321208894252777100e-01
-5.943694710731506348e-01
-1.967307627201080322e-01
-1.439150124788284302e-01
-1.108312726020812988e+00
-1.617743253707885742e+00
-1.149534583091735840e+00
-6.433758735656738281e-01
-1.426644325256347656e+00
-1.947633385658264160e+00
-1.523178339004516602e+00
-1.391338109970092773e+00
-2.969707727432250977e+00
-4.240911483764648438e+00
-4.806365966796875000e+00
-5.355683326721191406e+00
-6.548743724822998047e+00
-7.318301677703857422e+00
-6.342382907867431641e+00
-5.194245338439941406e+00
-6.065840721130371094e+00
-6.188168525695800781e+00
-5.173671245574951172e+00
-4.474118232727050781e+00
-6.098711013793945312e+00
-5.707556247711181641e+00
-6.399568557739257812e+00
-5.773266315460205078e+00
-7.381334781646728516e+00
-9.317987442016601562e+00
-6.660995006561279297e+00
-4.485957145690917969e+00
-5.932164669036865234e+00
-5.996994495391845703e+00
-4.747774124145507812e+00
-4.527003765106201172e+00
-5.956229209899902344e+00
-6.975625514984130859e+00
-6.089233398437500000e+00
-4.130314350128173828e+00
-2.945113420486450195e+00
-1.878822684288024902e+00
-1.153412342071533203e+00
-9.984917640686035156e-01
-1.899713873863220215e+00
-2.566922903060913086e+00
-2.075243473052978516e+00
-1.653647422790527344e+00
-2.084617137908935547e+00
-2.445757389068603516e+00
-2.300138235092163086e+00
-2.057628870010375977e+00
-3.562464714050292969e+00
-3.370622158050537109e+00
-2.812953948974609375e+00
-3.722635269165039062e+00
-4.062208175659179688e+00
-4.456995964050292969e+00
-4.086170196533203125e+00
-4.645034313201904297e+00
-6.383043289184570312e+00
-8.180595397949218750e+00
-7.482734680175781250e+00
-6.947649002075195312e+00
-8.356512069702148438e+00
-9.001100540161132812e+00
-7.540412425994873047e+00
-5.023296356201171875e+00
-3.481392860412597656e+00
-2.242321252822875977e+00
-1.826008558273315430e+00
-2.143561601638793945e+00
-3.371536970138549805e+00
-3.490379571914672852e+00
-1.384643077850341797e+00
-7.809962034225463867e-01
-7.508025765419006348e-01
-6.347463726997375488e-01
-8.117199540138244629e-01
-1.425127506256103516e+00
-3.248962879180908203e+00
-4.393398761749267578e+00
-3.997732639312744141e+00
-3.984946727752685547e+00
-4.283084869384765625e+00
-5.052573680877685547e+00
-4.551312923431396484e+00
-3.298498868942260742e+00
-3.663547992706298828e+00
-3.965601444244384766e+00
-3.724888324737548828e+00
-3.786512851715087891e+00
-4.460414886474609375e+00
-5.057049274444580078e+00
-5.028827190399169922e+00
-4.232631683349609375e+00
-2.727196931838989258e+00
-2.145009994506835938e+00
-2.102092981338500977e+00
-1.220809102058410645e+00
-5.556811690330505371e-01
-6.554972529411315918e-01
-5.459578633308410645e-01
-6.352041363716125488e-01
-1.094145655632019043e+00
-1.598577141761779785e+00
-2.941975831985473633e+00
-5.176558971405029297e+00
-8.445089340209960938e+00
-1.072607231140136719e+01
-1.197740745544433594e+01
-1.161654949188232422e+01
-1.186684608459472656e+01
-1.225726604461669922e+01
-1.230077266693115234e+01
-1.226036357879638672e+01
-1.291830158233642578e+01
-1.301096630096435547e+01
-1.273026752471923828e+01
-1.239167785644531250e+01
-1.273233795166015625e+01
-1.297393512725830078e+01
-1.155253124237060547e+01
-1.015688133239746094e+01
-8.743264198303222656e+00
-7.168702125549316406e+00
-5.552882194519042969e+00
-4.404040813446044922e+00
-4.353690624237060547e+00
-4.501601696014404297e+00
-4.759224414825439453e+00
-4.705988883972167969e+00
-4.317931652069091797e+00
-3.673024415969848633e+00
-2.658703088760375977e+00
-2.634956836700439453e+00
-3.239907264709472656e+00
-3.371115207672119141e+00
-3.643711566925048828e+00
-4.009466171264648438e+00
-5.695823192596435547e+00
-6.627488613128662109e+00
-7.458425521850585938e+00
-5.134350776672363281e+00
-2.748511552810668945e+00
-2.492862701416015625e+00
-1.878786802291870117e+00
-1.235784173011779785e+00
-1.435274839401245117e+00
-2.758415460586547852e+00
-3.557039022445678711e+00
-4.029903411865234375e+00
-4.195319652557373047e+00
-4.587006092071533203e+00
-3.692050218582153320e+00
-2.623505592346191406e+00
-1.882484793663024902e+00
-1.069766879081726074e+00
-7.453773617744445801e-01
-9.684731960296630859e-01
-1.708681821823120117e+00
-2.196130514144897461e+00
-2.932921886444091797e+00
-3.429462194442749023e+00
-3.812515020370483398e+00
-4.186829566955566406e+00
-4.638905525207519531e+00
-5.024565219879150391e+00
-3.559435367584228516e+00
-3.458421230316162109e+00
-2.879826068878173828e+00
-1.032313823699951172e+00
-1.572962760925292969e+00
-2.277129173278808594e+00
-2.972523927688598633e+00
-5.721613883972167969e+00
-7.630640506744384766e+00
-9.009628295898437500e+00
-8.126405715942382812e+00
-7.496368885040283203e+00
-7.442040920257568359e+00
-8.138385772705078125e+00
-9.115326881408691406e+00
-1.031648731231689453e+01
-1.167535495758056641e+01
-1.317237186431884766e+01
-1.347847270965576172e+01
-1.406936836242675781e+01
-1.518526458740234375e+01
-1.574096012115478516e+01
-1.588119029998779297e+01
-1.590867233276367188e+01
-1.579965782165527344e+01
-1.554164505004882812e+01
-1.538369655609130859e+01
-1.518307971954345703e+01
-1.549355030059814453e+01
-1.532905292510986328e+01
-1.495466327667236328e+01
-1.425613594055175781e+01
-1.412017726898193359e+01
-1.300981044769287109e+01
-1.236711883544921875e+01
-1.278462505340576172e+01
-1.264549732208251953e+01
-1.185081100463867188e+01
-1.037525844573974609e+01
-9.465082168579101562e+00
-8.722970008850097656e+00
-7.216725349426269531e+00
-6.631857872009277344e+00
-6.387835502624511719e+00
-5.719286441802978516e+00
-4.985244274139404297e+00
-5.004656791687011719e+00
-4.406648635864257812e+00
-4.093955039978027344e+00
-3.885022163391113281e+00
-3.465785980224609375e+00
-4.040506362915039062e+00
-4.185102939605712891e+00
-5.245862007141113281e+00
-6.920343875885009766e+00
-7.210593700408935547e+00
-7.595057487487792969e+00
-8.015563011169433594e+00
-8.668289184570312500e+00
-7.344094276428222656e+00
-6.195215225219726562e+00
-5.851835250854492188e+00
-6.292743206024169922e+00
-6.090889930725097656e+00
-6.271530628204345703e+00
-6.802632331848144531e+00
-5.805011272430419922e+00
-3.498058557510375977e+00
-3.982581853866577148e+00
-4.278013229370117188e+00
-4.775185585021972656e+00
-5.588468551635742188e+00
-7.292018413543701172e+00
-9.022310256958007812e+00
-7.930229187011718750e+00
-6.408726215362548828e+00
-7.180083751678466797e+00
-8.730441093444824219e+00
-9.583185195922851562e+00
-7.173284530639648438e+00
-6.954591751098632812e+00
-8.703134536743164062e+00
-1.000076389312744141e+01
-1.063404273986816406e+01
-1.074464130401611328e+01
-1.075140476226806641e+01
-1.164604282379150391e+01
-1.226430988311767578e+01
-1.019310283660888672e+01
-1.061240959167480469e+01
-1.088088703155517578e+01
-1.124191951751708984e+01
-1.199889945983886719e+01
-1.209142017364501953e+01
-1.256318950653076172e+01
-1.139775657653808594e+01
-1.053193759918212891e+01
-9.091471672058105469e+00
-7.292124748229980469e+00
-6.604763984680175781e+00
-7.392714023590087891e+00
-8.548672676086425781e+00
-9.901021957397460938e+00
-1.099063777923583984e+01
-9.155984878540039062e+00
-7.815124034881591797e+00
-7.839751243591308594e+00
-7.954011917114257812e+00
-6.375572204589843750e+00
-5.009553432464599609e+00
-3.797400236129760742e+00
-3.533575296401977539e+00
-3.290113925933837891e+00
-3.032280206680297852e+00
-3.198471784591674805e+00
-3.726898670196533203e+00
-3.622116327285766602e+00
-4.300172805786132812e+00
-4.550189018249511719e+00
-3.926528692245483398e+00
-1.853983521461486816e+00
1.382339186966419220e-02
2.620753347873687744e-01
5.505644083023071289e-01
2.696506381034851074e-01
-1.042249202728271484e+00
-1.487841129302978516e+00
-1.741271972656250000e+00
-1.908206343650817871e+00
-1.683772563934326172e+00
-2.452028036117553711e+00
-3.422344446182250977e+00
-3.841088056564331055e+00
-4.518124580383300781e+00
-5.278664112091064453e+00
-7.178252696990966797e+00
-9.803215980529785156e+00
-1.112297153472900391e+01
-1.169910049438476562e+01
-1.125449752807617188e+01
-1.110898590087890625e+01
-1.109563064575195312e+01
-1.129071426391601562e+01
-1.143830776214599609e+01
-1.191846275329589844e+01
-1.341868591308593750e+01
-1.464722347259521484e+01
-1.421505832672119141e+01
-1.153051567077636719e+01
-1.024655246734619141e+01
-1.153925132751464844e+01
-1.237367153167724609e+01
-1.123159503936767578e+01
-7.770376682281494141e+00
-5.502956867218017578e+00
-4.128027439117431641e+00
-3.895627260208129883e+00
-6.387551784515380859e+00
-1.349158096313476562e+01
-1.681351661682128906e+01
-1.456466960906982422e+01
-1.330875396728515625e+01
-1.503330612182617188e+01
-1.648976707458496094e+01
-1.704514503479003906e+01
-1.511455345153808594e+01
-1.333458232879638672e+01
-1.204695415496826172e+01
-1.261343765258789062e+01
-1.311606788635253906e+01
-1.495152568817138672e+01
-1.572968769073486328e+01
-1.627635955810546875e+01
-1.536357688903808594e+01
-1.473432064056396484e+01
-1.393241596221923828e+01
-1.298193550109863281e+01
-9.244099617004394531e+00
-6.452414035797119141e+00
-5.135371208190917969e+00
-4.609131336212158203e+00
-4.833635330200195312e+00
-4.945362091064453125e+00
-5.397187709808349609e+00
-5.783870697021484375e+00
-6.526158809661865234e+00
-6.378952980041503906e+00
-4.893038749694824219e+00
-4.092228412628173828e+00
-2.216564416885375977e+00
-8.621718883514404297e-01
-2.501954078674316406e+00
-2.749429225921630859e+00
-1.052010536193847656e+00
-7.596810460090637207e-01
-2.026552915573120117e+00
-4.914989471435546875e+00
-4.412355422973632812e+00
-2.099766731262207031e+00
-2.220956832170486450e-01
4.299766197800636292e-02
1.018708869814872742e-01
-4.824684560298919678e-01
-1.606716752052307129e+00
-2.740126132965087891e+00
-3.212002992630004883e+00
-3.831187009811401367e+00
-4.149025440216064453e+00
-4.126615524291992188e+00
-4.573265552520751953e+00
-4.272515773773193359e+00
-3.568455219268798828e+00
-2.857242584228515625e+00
-2.413410902023315430e+00
-1.214079260826110840e+00
-1.383445382118225098e+00
-1.110813617706298828e+00
-9.102659821510314941e-01
-1.903873980045318604e-01
-4.550572335720062256e-01
-2.639513611793518066e-01
-2.860797941684722900e-01
-2.019075155258178711e-01
-4.914186596870422363e-01
-2.956776857376098633e+00
-6.277344226837158203e+00
-9.089146614074707031e+00
-8.662119865417480469e+00
-8.866404533386230469e+00
-1.175684738159179688e+01
-1.018584442138671875e+01
-1.056678199768066406e+01
-1.452334117889404297e+01
-1.577475070953369141e+01
-1.617203521728515625e+01
-1.547554588317871094e+01
-1.342914962768554688e+01
-1.107153224945068359e+01
-8.593347549438476562e+00
-5.819456577301025391e+00
-4.760247707366943359e+00
-4.917668342590332031e+00
-6.826804637908935547e+00
-8.984822273254394531e+00
-9.532203674316406250e+00
-9.184733390808105469e+00
-7.140235424041748047e+00
-3.810682773590087891e+00
-8.056956529617309570e-01
-1.683670878410339355e-01
6.207135915756225586e-01
1.008488178253173828e+00
6.289581656455993652e-01
8.469083309173583984e-01
-1.125503778457641602e+00
-4.325963973999023438e+00
-5.887983798980712891e+00
-3.403142452239990234e+00
-1.314883589744567871e+00
-1.059726119041442871e+00
-7.415364384651184082e-01
-4.577010273933410645e-01
-3.042243719100952148e-01
-2.728007078170776367e+00
-6.305140972137451172e+00
-9.472656250000000000e+00
-1.193882560729980469e+01
-1.326052093505859375e+01
-1.409853172302246094e+01
-1.430331516265869141e+01
-1.465106391906738281e+01
-1.460205268859863281e+01
-1.460973453521728516e+01
-1.479414463043212891e+01
-1.547188949584960938e+01
-1.591719532012939453e+01
-1.652817344665527344e+01
-1.653063774108886719e+01
-1.707678031921386719e+01
-1.751697921752929688e+01
-1.616347503662109375e+01
-1.236225605010986328e+01
-7.409730434417724609e+00
-6.783395767211914062e+00
-6.667654991149902344e+00
-5.546681404113769531e+00
-4.799848556518554688e+00
-6.903048515319824219e+00
-8.897162437438964844e+00
-1.115573787689208984e+01
-1.337199974060058594e+01
-1.592889404296875000e+01
-1.641581344604492188e+01
-1.513621807098388672e+01
-1.289416694641113281e+01
-1.147128677368164062e+01
-9.836297035217285156e+00
-9.113773345947265625e+00
-8.813448905944824219e+00
-1.007443904876708984e+01
-1.282518672943115234e+01
-1.442585182189941406e+01
-9.617570877075195312e+00
-4.983375549316406250e+00
-2.701794624328613281e+00
-3.792642116546630859e+00
-6.260432720184326172e+00
-7.809238910675048828e+00
-1.177400493621826172e+01
-1.611418342590332031e+01
-1.858140945434570312e+01
-2.059934425354003906e+01
-2.175308227539062500e+01
-2.227911186218261719e+01
-2.202338981628417969e+01
-2.139124107360839844e+01
-2.211971855163574219e+01
-2.254800987243652344e+01
-2.289131927490234375e+01
-2.259426879882812500e+01
-2.237008285522460938e+01
-2.245488929748535156e+01
-2.228006362915039062e+01
-2.021565818786621094e+01
-1.572348594665527344e+01
-1.270045661926269531e+01
-1.213549613952636719e+01
-1.141086101531982422e+01
-9.022627830505371094e+00
-1.118579292297363281e+01
-1.351155662536621094e+01
-1.561694145202636719e+01
-1.956684303283691406e+01
-2.099412536621093750e+01
-2.158420944213867188e+01
-2.098863029479980469e+01
-1.766954421997070312e+01
-1.452601909637451172e+01
-1.437289714813232422e+01
-1.435595321655273438e+01
-1.602814292907714844e+01
-1.873988533020019531e+01
-2.052549362182617188e+01
-2.067883110046386719e+01
-1.986180496215820312e+01
-1.866244697570800781e+01
-1.799100875854492188e+01
-1.744951438903808594e+01
-1.586081886291503906e+01
-1.334902858734130859e+01
-1.049202060699462891e+01
-7.644102573394775391e+00
-6.555190086364746094e+00
-8.278153419494628906e+00
-1.022957038879394531e+01
-1.053317070007324219e+01
-1.067635536193847656e+01
-1.108763217926025391e+01
-1.129416847229003906e+01
-1.243124294281005859e+01
-1.377097892761230469e+01
-1.364382362365722656e+01
-1.195478725433349609e+01
-7.620317459106445312e+00
-4.879579067230224609e+00
-1.561303973197937012e+00
-7.573927193880081177e-02
1.421412378549575806e-01
3.530830144882202148e-01
-1.315832853317260742e+00
-5.135722160339355469e+00
-1.365971279144287109e+01
-1.352501678466796875e+01
-9.778483390808105469e+00
-9.304632186889648438e+00
-9.696175575256347656e+00
-9.241564750671386719e+00
-7.710658550262451172e+00
-4.588379859924316406e+00
-1.796659231185913086e+00
-8.842291831970214844e-01
-4.438005387783050537e-02
-3.768684148788452148e+00
-7.993260860443115234e+00
-1.140596389770507812e+01
-1.526489257812500000e+01
-1.521271324157714844e+01
-1.318529987335205078e+01
-1.191046714782714844e+01
-1.325231266021728516e+01
-1.719248962402343750e+01
-2.030211830139160156e+01
-2.032300567626953125e+01
-1.872230720520019531e+01
-1.547255802154541016e+01
-1.709669494628906250e+01
-2.049089622497558594e+01
-2.119840621948242188e+01
-2.141410255432128906e+01
-2.174621582031250000e+01
-2.127454376220703125e+01
-2.178771781921386719e+01
-2.613849830627441406e+01
-2.563121414184570312e+01
-2.502946662902832031e+01
-2.432170677185058594e+01
-2.435986518859863281e+01
-2.294238090515136719e+01
-2.565126419067382812e+01
-2.564509391784667969e+01
-2.328560829162597656e+01
-1.619722557067871094e+01
-9.349625587463378906e+00
-1.272254943847656250e+01
-1.580026054382324219e+01
-1.695614624023437500e+01
-2.029531860351562500e+01
-2.163325500488281250e+01
-2.216108131408691406e+01
-2.332594871520996094e+01
-2.493447685241699219e+01
-2.535128402709960938e+01
-2.473291397094726562e+01
-2.319309234619140625e+01
-2.043247795104980469e+01
-1.592011928558349609e+01
-1.474249553680419922e+01
-1.816227912902832031e+01
-2.200594711303710938e+01
-1.866751480102539062e+01
-1.406027507781982422e+01
-1.025225925445556641e+01
-7.220812797546386719e+00
-7.765796184539794922e+00
-1.471275615692138672e+01
-1.653391265869140625e+01
-1.377090835571289062e+01
-1.075041770935058594e+01
-1.062981891632080078e+01
-1.240861988067626953e+01
-1.510665988922119141e+01
-1.363772773742675781e+01
-1.535677909851074219e+01
-1.653595733642578125e+01
-1.841363143920898438e+01
-1.961067581176757812e+01
-2.385906410217285156e+01
-2.393918800354003906e+01
-2.412777900695800781e+01
-2.364829826354980469e+01
-2.286288452148437500e+01
-2.256964492797851562e+01
-2.305497360229492188e+01
-2.081846046447753906e+01
-2.076624298095703125e+01
-2.111719894409179688e+01
-2.157223320007324219e+01
-2.221970558166503906e+01
-2.304694557189941406e+01
-2.239118576049804688e+01
-2.049466514587402344e+01
-1.960887908935546875e+01
-2.138866996765136719e+01
-2.179497337341308594e+01
-2.212464904785156250e+01
-2.271275711059570312e+01
-2.391815376281738281e+01
-2.439414978027343750e+01
-2.440411567687988281e+01
-2.436789512634277344e+01
-2.410121917724609375e+01
-2.286901664733886719e+01
-2.153724861145019531e+01
-1.960961151123046875e+01
-1.794879722595214844e+01
-1.654022026062011719e+01
-1.268231296539306641e+01
-8.253806114196777344e+00
-1.183055591583251953e+01
-1.712072181701660156e+01
-1.922286033630371094e+01
-2.023277664184570312e+01
-2.020561408996582031e+01
-1.939507865905761719e+01
-1.877219581604003906e+01
-1.800200080871582031e+01
-1.635161781311035156e+01
-1.368201637268066406e+01
-1.096174716949462891e+01
-9.113529205322265625e+00
-8.838113784790039062e+00
-9.105989456176757812e+00
-1.196641159057617188e+01
-1.376970767974853516e+01
-1.322951602935791016e+01
-1.241034889221191406e+01
-1.301921367645263672e+01
-1.293296432495117188e+01
-1.292890548706054688e+01
-1.308950328826904297e+01
-1.387107658386230469e+01
-1.449899578094482422e+01
-1.532137012481689453e+01
-1.586163425445556641e+01
-1.675253295898437500e+01
-1.593414020538330078e+01
-1.285819721221923828e+01
-9.457576751708984375e+00
-1.224972248077392578e+01
-1.397265434265136719e+01
-1.187093448638916016e+01
-1.028407478332519531e+01
-1.151990604400634766e+01
-1.205999183654785156e+01
-1.148537731170654297e+01
-9.678561210632324219e+00
-9.342651367187500000e+00
-8.505761146545410156e+00
-6.932854175567626953e+00
-6.418980121612548828e+00
-5.799371719360351562e+00
-5.810329437255859375e+00
-6.575273513793945312e+00
-7.154046535491943359e+00
-7.900210380554199219e+00
-8.833146095275878906e+00
-1.087323760986328125e+01
-1.253295898437500000e+01
-1.371837711334228516e+01
-1.433385848999023438e+01
-1.522567844390869141e+01
-1.496171188354492188e+01
-1.424517822265625000e+01
-1.326404476165771484e+01
-1.490685176849365234e+01
-1.651255989074707031e+01
-1.910194396972656250e+01
-2.073382759094238281e+01
-2.001912689208984375e+01
-1.847764968872070312e+01
-1.874541664123535156e+01
-1.929396057128906250e+01
-1.951980590820312500e+01
-1.986889457702636719e+01
-2.103161430358886719e+01
-2.353125190734863281e+01
-2.368201828002929688e+01
-2.380082893371582031e+01
-2.460286521911621094e+01
-2.482197570800781250e+01
-2.513051414489746094e+01
-2.550409317016601562e+01
-2.639291572570800781e+01
-2.677138710021972656e+01
-2.696164703369140625e+01
-2.694050598144531250e+01
-2.736605072021484375e+01
-2.702633285522460938e+01
-2.654646110534667969e+01
-2.597586631774902344e+01
-2.679206848144531250e+01
-2.680507278442382812e+01
-2.784634590148925781e+01
-2.804551506042480469e+01
-2.939144897460937500e+01
-2.964135551452636719e+01
-2.901668357849121094e+01
-2.837608146667480469e+01
-2.870085716247558594e+01
-2.848639106750488281e+01
-2.740494728088378906e+01
-2.604013061523437500e+01
-2.601207923889160156e+01
-2.383185958862304688e+01
-1.981844139099121094e+01
-1.603712654113769531e+01
-1.305543136596679688e+01
-1.118550968170166016e+01
-1.048528766632080078e+01
-1.012883567810058594e+01
-1.027283763885498047e+01
-9.149290084838867188e+00
-7.497319221496582031e+00
-7.749481678009033203e+00
-9.273207664489746094e+00
-1.172193241119384766e+01
-1.384183120727539062e+01
-1.435880756378173828e+01
-1.416251850128173828e+01
-1.499779033660888672e+01
-1.647560310363769531e+01
-1.781188392639160156e+01
-1.932045555114746094e+01
-1.980790138244628906e+01
-1.912001800537109375e+01
-1.854018402099609375e+01
-1.910060310363769531e+01
-2.031881332397460938e+01
-2.108200073242187500e+01
-2.123445129394531250e+01
-2.242719650268554688e+01
-2.342477989196777344e+01
-2.359636688232421875e+01
-2.334216308593750000e+01
-2.401324272155761719e+01
-2.440728378295898438e+01
-2.413789939880371094e+01
-2.404248619079589844e+01
-2.514777755737304688e+01
-2.518358039855957031e+01
-2.407317733764648438e+01
-2.326747131347656250e+01
-2.428760147094726562e+01
-2.393971252441406250e+01
-2.168441009521484375e+01
-1.756398200988769531e+01
-1.445928764343261719e+01
-1.140811252593994141e+01
-8.172278404235839844e+00
-4.644225597381591797e+00
-3.157884597778320312e+00
-3.535722255706787109e+00
-2.839764595031738281e+00
-1.518952488899230957e+00
-1.538610577583312988e+00
-1.313544511795043945e+00
-1.447501182556152344e+00
-1.851657271385192871e+00
-2.528834819793701172e+00
-3.265594005584716797e+00
-4.112100124359130859e+00
-5.525823116302490234e+00
-7.784716129302978516e+00
-1.021642398834228516e+01
-1.002433490753173828e+01
-8.413767814636230469e+00
-8.857809066772460938e+00
-9.641705513000488281e+00
-1.074446487426757812e+01
-1.116726112365722656e+01
-1.223816871643066406e+01
-1.225158882141113281e+01
-1.212619495391845703e+01
-1.248007488250732422e+01
-1.357842922210693359e+01
-1.401465034484863281e+01
-1.384419250488281250e+01
-1.412802791595458984e+01
-1.537693214416503906e+01
-1.658200836181640625e+01
-1.700106620788574219e+01
-1.711170005798339844e+01
-1.793706321716308594e+01
-1.794478225708007812e+01
-1.710577964782714844e+01
-1.687194061279296875e+01
-1.734835815429687500e+01
-1.815385818481445312e+01
-1.807423019409179688e+01
-1.802370643615722656e+01
-1.928092575073242188e+01
-1.945057296752929688e+01
-1.911004257202148438e+01
-1.806454277038574219e+01
-1.870179748535156250e+01
-1.855018997192382812e+01
-1.916349411010742188e+01
-1.845932769775390625e+01
-1.954010391235351562e+01
-2.005066108703613281e+01
-2.011767196655273438e+01
-1.976953506469726562e+01
-2.153136062622070312e+01
-2.294314002990722656e+01
-2.338785743713378906e+01
-2.330756378173828125e+01
-2.458915901184082031e+01
-2.426032638549804688e+01
-2.177707862854003906e+01
-1.880351638793945312e+01
-1.802997779846191406e+01
-1.802536010742187500e+01
-1.655783271789550781e+01
-1.522462081909179688e+01
-1.450706386566162109e+01
-1.299162387847900391e+01
-1.198466587066650391e+01
-1.145310688018798828e+01
-1.261977672576904297e+01
-1.324245071411132812e+01
-1.206756973266601562e+01
-1.098154735565185547e+01
-1.103837680816650391e+01
-1.040273952484130859e+01
-8.678121566772460938e+00
-8.371382713317871094e+00
-1.039957046508789062e+01
-1.122468948364257812e+01
-1.101543903350830078e+01
-1.281094932556152344e+01
-1.445608711242675781e+01
-1.520341014862060547e+01
-1.438927936553955078e+01
-1.337383079528808594e+01
-1.466476631164550781e+01
-1.427893352508544922e+01
-1.203406047821044922e+01
-1.023555946350097656e+01
-9.872340202331542969e+00
-9.558450698852539062e+00
-9.547000885009765625e+00
-1.025874423980712891e+01
-1.212376689910888672e+01
-1.361211299896240234e+01
-1.484942531585693359e+01
-1.442117023468017578e+01
-1.460223388671875000e+01
-1.371833992004394531e+01
-1.320873069763183594e+01
-1.369614219665527344e+01
-1.597606754302978516e+01
-1.761017799377441406e+01
-1.697058868408203125e+01
-1.630032157897949219e+01
-1.753002357482910156e+01
-1.792910575866699219e+01
-1.719728088378906250e+01
-1.643476676940917969e+01
-1.755027961730957031e+01
-1.805541610717773438e+01
-1.751120567321777344e+01
-1.692975807189941406e+01
-1.753840637207031250e+01
-1.727257728576660156e+01
-1.608180427551269531e+01
-1.489899539947509766e+01
-1.529903125762939453e+01
-1.493472576141357422e+01
-1.357282447814941406e+01
-1.179563903808593750e+01
-1.056819057464599609e+01
-9.268484115600585938e+00
-7.838129997253417969e+00
-6.383784294128417969e+00
-5.115041732788085938e+00
-3.534560918807983398e+00
-1.525682926177978516e+00
-1.316431403160095215e+00
-3.569652795791625977e+00
-5.169512748718261719e+00
-3.343317508697509766e+00
-3.221198797225952148e+00
-9.524452209472656250e+00
-1.227910804748535156e+01
-1.073628997802734375e+01
-7.260167598724365234e+00
-7.495876789093017578e+00
-9.121667861938476562e+00
-8.306658744812011719e+00
-8.362395286560058594e+00
-1.155929851531982422e+01
-1.431705188751220703e+01
-1.439069175720214844e+01
-1.277843093872070312e+01
-1.069055461883544922e+01
-8.153572082519531250e+00
-7.066315650939941406e+00
-7.338207721710205078e+00
-9.401803970336914062e+00
-1.020141696929931641e+01
-1.066600322723388672e+01
-1.153199291229248047e+01
-1.382224464416503906e+01
-1.306159973144531250e+01
-1.022505760192871094e+01
-9.877801895141601562e+00
-1.173655509948730469e+01
-1.307276439666748047e+01
-1.017024135589599609e+01
-9.564513206481933594e+00
-1.206221103668212891e+01
-1.347938919067382812e+01
-1.087320518493652344e+01
-8.487790107727050781e+00
-9.428229331970214844e+00
-9.306850433349609375e+00
-7.624512195587158203e+00
-6.372295856475830078e+00
-7.716224670410156250e+00
-8.328645706176757812e+00
-9.000218391418457031e+00
-8.888142585754394531e+00
-9.966764450073242188e+00
-1.115288257598876953e+01
-1.111722946166992188e+01
-1.151261615753173828e+01
-1.366534996032714844e+01
-1.527440547943115234e+01
-1.486707592010498047e+01
-1.345296573638916016e+01
-1.433107852935791016e+01
-1.483786964416503906e+01
-1.213792896270751953e+01
-7.875230312347412109e+00
-5.891050815582275391e+00
-8.023278236389160156e+00
-8.005381584167480469e+00
-8.250674247741699219e+00
-7.702731132507324219e+00
-3.258900403976440430e+00
-9.649481773376464844e-01
-5.480362772941589355e-01
-2.710531711578369141e+00
-3.968029975891113281e+00
-3.507184505462646484e+00
-2.536656856536865234e+00
-1.440137386322021484e+00
-1.101652979850769043e+00
-1.259355545043945312e+00
-6.975659728050231934e-01
-6.841409206390380859e-01
-1.037140965461730957e+00
-4.392737746238708496e-01
-1.065325811505317688e-01
-8.341958522796630859e-01
-1.164120912551879883e+00
-6.121590733528137207e-01
2.247646450996398926e-01
-1.445119827985763550e-01
-7.068310379981994629e-01
-1.571248322725296021e-01
3.102036714553833008e-01
3.120342195034027100e-01
2.003109604120254517e-01
2.657047808170318604e-01
8.675505220890045166e-02
-2.950996160507202148e-01
-2.570126056671142578e-01
2.684898972511291504e-01
4.310902357101440430e-01
-1.661708950996398926e-02
-4.717915952205657959e-01
-1.421040892601013184e+00
-2.899627685546875000e+00
-5.042252063751220703e+00
-6.209166049957275391e+00
-4.702217578887939453e+00
-3.451551437377929688e+00
-4.565019607543945312e+00
-5.154576778411865234e+00
-3.893903732299804688e+00
-2.716134071350097656e+00
-3.122369527816772461e+00
-3.412409782409667969e+00
-2.004355430603027344e+00
-1.198894858360290527e+00
-1.596429705619812012e+00
-1.852962017059326172e+00
-1.367238879203796387e+00
-1.538257241249084473e+00
-2.594367742538452148e+00
-3.201999664306640625e+00
-2.589754819869995117e+00
-1.858459472656250000e+00
-2.995884418487548828e+00
-4.261876583099365234e+00
-4.372437477111816406e+00
-3.863215923309326172e+00
-4.433284759521484375e+00
-4.215156078338623047e+00
-3.332921504974365234e+00
-2.077993392944335938e+00
-2.873273849487304688e+00
-2.677835464477539062e+00
-8.253200650215148926e-01
2.512244582176208496e-01
-1.996524184942245483e-01
-5.210105776786804199e-01
-3.343848586082458496e-01
-5.596618652343750000e-01
-1.475865364074707031e+00
-2.476196765899658203e+00
-2.227558851242065430e+00
-1.578142642974853516e+00
-2.708452224731445312e+00
-2.954801797866821289e+00
-2.154625177383422852e+00
-1.941328048706054688e+00
-3.204147100448608398e+00
-4.303838253021240234e+00
-3.346910953521728516e+00
-3.262244939804077148e+00
-4.819156646728515625e+00
-5.413043975830078125e+00
-4.840119838714599609e+00
-4.681992530822753906e+00
-5.970037460327148438e+00
-5.955595970153808594e+00
-3.698747158050537109e+00
-2.423804521560668945e+00
-3.199388980865478516e+00
-3.481993675231933594e+00
-2.636263132095336914e+00
-2.743580102920532227e+00
-3.793134689331054688e+00
-4.652046203613281250e+00
-3.695574283599853516e+00
-2.515412330627441406e+00
-4.916188716888427734e+00
-6.480955123901367188e+00
-3.925082445144653320e+00
-2.935598373413085938e+00
-2.441986083984375000e+00
-3.290854454040527344e+00
-2.243272304534912109e+00
-1.537942409515380859e+00
-3.188855171203613281e+00
-3.993823766708374023e+00
-2.913580656051635742e+00
-2.085673570632934570e+00
-2.997221231460571289e+00
-1.651320099830627441e+00
2.284213900566101074e-02
3.671403825283050537e-01
-1.125505924224853516e+00
-2.004673004150390625e+00
-1.576486110687255859e+00
-1.850671052932739258e+00
-3.265239000320434570e+00
-4.324519634246826172e+00
-3.247872352600097656e+00
-2.416406393051147461e+00
-4.285726070404052734e+00
-5.523606777191162109e+00
-4.240348339080810547e+00
-3.600975275039672852e+00
-5.860993862152099609e+00
-7.411635875701904297e+00
-4.907202243804931641e+00
-3.793380975723266602e+00
-6.060730934143066406e+00
-7.762873172760009766e+00
-4.643625259399414062e+00
-3.523813962936401367e+00
-5.684652805328369141e+00
-6.719764232635498047e+00
-4.364015102386474609e+00
-3.707695722579956055e+00
-6.089128017425537109e+00
-7.191745758056640625e+00
-4.674031734466552734e+00
-2.473413228988647461e+00
-2.845511436462402344e+00
-2.969212055206298828e+00
-1.213907361030578613e+00
-1.045243144035339355e-01
-2.203635692596435547e+00
-3.684828281402587891e+00
-1.535793423652648926e+00
-1.279331684112548828e+00
-3.457507133483886719e+00
-4.188416004180908203e+00
-1.879139184951782227e+00
-6.809221208095550537e-02
-1.819136738777160645e+00
-3.210840702056884766e+00
-2.162764072418212891e+00
-1.714214086532592773e+00
-3.667495489120483398e+00
-5.010998249053955078e+00
-3.700402498245239258e+00
-2.315428018569946289e+00
-3.762063026428222656e+00
-4.179996013641357422e+00
-2.687983036041259766e+00
-1.404903531074523926e+00
-3.334754705429077148e+00
-4.291718959808349609e+00
-2.555789947509765625e+00
-1.087944746017456055e+00
-2.378741979598999023e+00
-3.300648927688598633e+00
-1.702129721641540527e+00
-7.769084572792053223e-01
-2.260993719100952148e+00
-3.166166543960571289e+00
-1.189168810844421387e+00
-3.460463285446166992e-01
-2.465591192245483398e+00
-3.857399940490722656e+00
-8.424077630043029785e-01
-1.888347417116165161e-01
-2.278823614120483398e+00
-3.648787736892700195e+00
-7.452001571655273438e-01
4.564037546515464783e-02
-2.272019863128662109e+00
-3.533012628555297852e+00
-1.241279959678649902e+00
-6.274884939193725586e-01
-2.563398838043212891e+00
-3.929909706115722656e+00
-2.415878057479858398e+00
-1.891014218330383301e+00
-3.524237394332885742e+00
-4.703978538513183594e+00
-3.135863304138183594e+00
-2.154061794281005859e+00
-3.914338111877441406e+00
-4.606807231903076172e+00
-2.560545921325683594e+00
-1.664253592491149902e+00
-3.229163885116577148e+00
-4.217129230499267578e+00
-2.116047143936157227e+00
-1.550027370452880859e+00
-2.763769865036010742e+00
-3.781156778335571289e+00
-1.442530035972595215e+00
-5.375719666481018066e-01
-2.241897344589233398e+00
-2.972909927368164062e+00
-6.646921038627624512e-01
-2.923524975776672363e-01
-1.883578658103942871e+00
-2.532321929931640625e+00
-7.793408036231994629e-01
1.934792995452880859e-01
-1.363784551620483398e+00
-2.142961502075195312e+00
-6.817461252212524414e-01
-2.401572838425636292e-02
-1.960492014884948730e+00
-3.373757839202880859e+00
-1.062368869781494141e+00
-4.336697757244110107e-01
-2.478592157363891602e+00
-3.662245273590087891e+00
-1.325064182281494141e+00
-6.267486214637756348e-01
-2.247110366821289062e+00
-2.847623586654663086e+00
-1.188643574714660645e-01
6.423457860946655273e-01
-1.346168875694274902e+00
-2.412107706069946289e+00
1.162457391619682312e-01
6.391055583953857422e-01
-3.154618144035339355e-01
-6.422145962715148926e-01
3.289114832878112793e-01
1.288131475448608398e+00
3.445225656032562256e-01
5.768892914056777954e-02
1.454432964324951172e+00
1.809017300605773926e+00
6.028849482536315918e-01
3.653098642826080322e-01
1.510733604431152344e+00
