-9.701982736587524414e-01
-1.450563669204711914e+00
-1.471811890602111816e+00
8.651144802570343018e-02
3.671746551990509033e-01
-7.697577476501464844e-01
-8.848641514778137207e-01
4.768237844109535217e-02
1.333687752485275269e-01
-5.786550641059875488e-01
-8.850381374359130859e-01
2.169414311647415161e-01
6.787773370742797852e-01
-8.003797382116317749e-02
-5.066720843315124512e-01
3.284901380538940430e-01
7.956783771514892578e-01
-4.726728498935699463e-01
-5.287646651268005371e-01
4.431023895740509033e-01
1.006373882293701172e+00
-5.093153715133666992e-01
-2.104701519012451172e+00
3.801762163639068604e-01
7.797546386718750000e-01
-1.001274824142456055e+00
-1.932025074958801270e+00
4.835842251777648926e-01
5.446466803550720215e-01
-1.660132169723510742e+00
-2.863971471786499023e+00
-4.105213880538940430e-01
3.862727582454681396e-01
-1.293532490730285645e+00
-2.263565301895141602e+00
-2.341105192899703979e-01
3.625258207321166992e-01
-1.355999827384948730e+00
-2.187041759490966797e+00
6.959774345159530640e-02
1.214036941528320312e+00
-7.235332131385803223e-01
-2.101950645446777344e+00
5.685328245162963867e-01
1.121127963066101074e+00
-9.159385561943054199e-01
-2.117101907730102539e+00
5.732877254486083984e-01
1.058869481086730957e+00
-9.527935981750488281e-01
-2.297248125076293945e+00
2.715523838996887207e-01
8.126600980758666992e-01
-1.081745386123657227e+00
-2.621920824050903320e+00
1.899863779544830322e-01
7.185540199279785156e-01
-1.518316388130187988e+00
-2.689145326614379883e+00
-1.351762712001800537e-01
3.637930750846862793e-01
-1.262737631797790527e+00
-2.082045793533325195e+00
-3.938213288784027100e-01
1.359418928623199463e-01
-1.421778678894042969e+00
-1.999598979949951172e+00
-2.034912109375000000e-01
3.739372491836547852e-01
-1.040841102600097656e+00
-1.284969925880432129e+00
5.748409032821655273e-01
8.244998455047607422e-01
-1.626929640769958496e-01
-1.222111210227012634e-01
9.315014481544494629e-01
9.320298433303833008e-01
-9.983477741479873657e-02
-2.367901653051376343e-01
4.622331559658050537e-01
6.549586057662963867e-01
8.386551588773727417e-02
3.852710360661149025e-03
7.888087034225463867e-01
1.091353058815002441e+00
3.848625421524047852e-01
4.014233946800231934e-01
1.392807245254516602e+00
1.557133674621582031e+00
2.154059149324893951e-02
-2.218831330537796021e-01
7.515660524368286133e-01
7.768303155899047852e-01
-5.656545758247375488e-01
-1.202667713165283203e+00
-6.072628498077392578e-01
-2.891460247337818146e-02
-8.455789089202880859e-01
-9.010015130043029785e-01
-3.410055637359619141e-01
-9.874631464481353760e-02
-3.621461987495422363e-01
-4.287725090980529785e-01
8.501490354537963867e-01
5.963305830955505371e-01
-3.523527383804321289e-01
-4.649240672588348389e-01
3.717571198940277100e-01
6.938557028770446777e-01
-6.168823242187500000e-01
-1.484564542770385742e+00
-6.347436904907226562e-01
-1.368327885866165161e-01
-1.514232397079467773e+00
-1.819771766662597656e+00
-1.366428256034851074e+00
-7.790912985801696777e-01
-1.709561586380004883e+00
-1.516520738601684570e+00
-8.197883367538452148e-01
-4.933198690414428711e-01
-1.879878044128417969e+00
-2.567591667175292969e+00
-1.763996839523315430e+00
-7.257155179977416992e-01
-2.287101984024047852e+00
-3.218486547470092773e+00
-1.906762361526489258e+00
-9.319007992744445801e-01
-2.696931600570678711e+00
-3.658545255661010742e+00
-2.061433553695678711e+00
-1.550836443901062012e+00
-3.142593622207641602e+00
-4.138629913330078125e+00
-2.098147153854370117e+00
-1.396623015403747559e+00
-2.917137861251831055e+00
-3.461418390274047852e+00
-1.149042010307312012e+00
-2.841432690620422363e-01
-3.058450222015380859e-01
7.763189822435379028e-02
4.509577155113220215e-01
2.917774915695190430e-01
-3.313893079757690430e-01
-6.150148510932922363e-01
-7.429450750350952148e-01
-4.197189509868621826e-01
-1.757163047790527344e+00
-2.621780633926391602e+00
-1.702234625816345215e+00
-1.405821681022644043e+00
-1.965848207473754883e+00
-1.674118876457214355e+00
-6.355226635932922363e-01
3.287332074251025915e-04
-5.802382230758666992e-01
-1.391479969024658203e+00
-3.770869672298431396e-01
-2.012382596731185913e-01
-1.194948911666870117e+00
-1.796764731407165527e+00
-2.586334228515625000e+00
-1.920995354652404785e+00
-2.819013118743896484e+00
-3.143332958221435547e+00
-1.469730257987976074e+00
1.864656209945678711e-01
-2.065932899713516235e-01
-3.715895414352416992e-01
2.616170346736907959e-01
2.920580506324768066e-01
-2.923166453838348389e-01
4.048060476779937744e-01
1.293627262115478516e+00
1.338266968727111816e+00
1.119115948677062988e+00
5.998540520668029785e-01
3.417037129402160645e-01
-2.922459542751312256e-01
-1.377879381179809570e+00
-1.776786923408508301e+00
-7.272312045097351074e-01
-2.273479253053665161e-01
-5.017052292823791504e-01
-4.835601150989532471e-01
-4.067516624927520752e-01
-1.345760971307754517e-01
-3.780737221240997314e-01
-6.983059048652648926e-01
-1.587460190057754517e-01
3.644291460514068604e-01
-9.055448770523071289e-01
-1.056588172912597656e+00
-8.443116545677185059e-01
-5.664624571800231934e-01
-1.002824187278747559e+00
-1.126633524894714355e+00
-7.438252568244934082e-01
-7.543956041336059570e-01
-1.298110723495483398e+00
-1.396868824958801270e+00
-9.187932610511779785e-01
-4.751399457454681396e-01
-1.073642134666442871e+00
-1.360545396804809570e+00
-1.024351954460144043e+00
-8.018231391906738281e-01
-2.132640600204467773e+00
-3.343705654144287109e+00
-1.662137746810913086e+00
-1.209994673728942871e+00
-9.834819436073303223e-01
-4.529788494110107422e-01
4.181925356388092041e-01
8.175948262214660645e-01
5.396771430969238281e-01
3.603751063346862793e-01
4.072367250919342041e-01
-1.754466295242309570e-01
-1.076669812202453613e+00
-1.737327218055725098e+00
-1.100452661514282227e+00
-5.891172289848327637e-01
-1.025091290473937988e+00
-1.377420544624328613e+00
-1.661187410354614258e+00
-1.864375114440917969e+00
-2.397381782531738281e+00
-2.533909320831298828e+00
-1.076318025588989258e+00
-1.475262045860290527e+00
-2.580523014068603516e+00
-3.232754945755004883e+00
-2.477146148681640625e+00
-2.207512617111206055e+00
-3.277746438980102539e+00
-3.905705451965332031e+00
-3.557885408401489258e+00
-3.396729469299316406e+00
-4.800589084625244141e+00
-5.932200431823730469e+00
-5.605203628540039062e+00
-4.851781845092773438e+00
-5.374921321868896484e+00
-5.226800441741943359e+00
-3.694625139236450195e+00
-2.647533655166625977e+00
-3.356704950332641602e+00
-4.276427268981933594e+00
-5.631803989410400391e+00
-5.167999267578125000e+00
-6.111924648284912109e+00
-6.929858207702636719e+00
-6.871054172515869141e+00
-7.412866115570068359e+00
-8.609378814697265625e+00
-9.182938575744628906e+00
-7.289905071258544922e+00
-5.838375091552734375e+00
-5.871777057647705078e+00
-6.560158729553222656e+00
-5.859763145446777344e+00
-6.391853809356689453e+00
-8.121369361877441406e+00
-8.539793014526367188e+00
-7.552426338195800781e+00
-7.033794403076171875e+00
-8.658811569213867188e+00
-9.518004417419433594e+00
-8.260854721069335938e+00
-6.578619480133056641e+00
-7.368651390075683594e+00
-7.071070671081542969e+00
-6.275089740753173828e+00
-6.361444950103759766e+00
-8.607795715332031250e+00
-9.739056587219238281e+00
-1.011700057983398438e+01
-9.095274925231933594e+00
-9.793277740478515625e+00
-9.915539741516113281e+00
-9.443977355957031250e+00
-8.046040534973144531e+00
-7.527940273284912109e+00
-7.100422859191894531e+00
-5.967365264892578125e+00
-5.698853969573974609e+00
-7.321402549743652344e+00
-8.066158294677734375e+00
-7.160774230957031250e+00
-6.873699188232421875e+00
-7.722108364105224609e+00
-8.666318893432617188e+00
-9.082666397094726562e+00
-9.643571853637695312e+00
-1.174169921875000000e+01
-1.307180976867675781e+01
-1.177034282684326172e+01
-1.197832298278808594e+01
-1.372665500640869141e+01
-1.427822780609130859e+01
-1.410227203369140625e+01
-1.263094329833984375e+01
-1.323525905609130859e+01
-1.343418502807617188e+01
-1.162440681457519531e+01
-1.085181903839111328e+01
-1.144648361206054688e+01
-1.043603324890136719e+01
-8.766272544860839844e+00
-7.766289234161376953e+00
-8.315536499023437500e+00
-7.552565574645996094e+00
-5.824740409851074219e+00
-5.155523777008056641e+00
-6.332481384277343750e+00
-7.712736129760742188e+00
-9.850531578063964844e+00
-1.089233779907226562e+01
-1.255783367156982422e+01
-1.328832054138183594e+01
-1.162944602966308594e+01
-8.627736091613769531e+00
-5.147141456604003906e+00
-2.518299341201782227e+00
-1.914972186088562012e+00
-2.004602909088134766e+00
-2.565089702606201172e+00
-3.163592338562011719e+00
-3.066103696823120117e+00
-3.283489465713500977e+00
-4.703061103820800781e+00
-6.539724826812744141e+00
-7.480160236358642578e+00
-7.892705440521240234e+00
-7.215317249298095703e+00
-4.413342475891113281e+00
-1.826537609100341797e+00
-1.000569701194763184e+00
-6.397121548652648926e-01
-3.710616230964660645e-01
-6.811453700065612793e-01
-4.882459044456481934e-01
-7.182477712631225586e-01
-8.483629822731018066e-01
-1.901018142700195312e+00
-3.386476278305053711e+00
-4.994825839996337891e+00
-6.034871101379394531e+00
-6.156176567077636719e+00
-6.094625949859619141e+00
-6.420811176300048828e+00
-6.267582893371582031e+00
-5.402472972869873047e+00
-4.603072166442871094e+00
-4.469081401824951172e+00
-4.528343677520751953e+00
-5.127799034118652344e+00
-5.853278636932373047e+00
-6.202334880828857422e+00
-6.699048519134521484e+00
-7.186423778533935547e+00
-7.601258277893066406e+00
-8.974921226501464844e+00
-9.415334701538085938e+00
-9.147983551025390625e+00
-9.214541435241699219e+00
-1.034513378143310547e+01
-1.148312187194824219e+01
-1.122409152984619141e+01
-1.114544963836669922e+01
-1.262142753601074219e+01
-1.341195392608642578e+01
-1.262446212768554688e+01
-1.237539768218994141e+01
-1.372404575347900391e+01
-1.455871677398681641e+01
-1.511733531951904297e+01
-1.575977611541748047e+01
-1.686337661743164062e+01
-1.718889236450195312e+01
-1.645798683166503906e+01
-1.539313888549804688e+01
-1.517272281646728516e+01
-1.550451278686523438e+01
-1.606591606140136719e+01
-1.588908100128173828e+01
-1.518364429473876953e+01
-1.269453811645507812e+01
-9.484953880310058594e+00
-7.121880054473876953e+00
-7.872939109802246094e+00
-8.861154556274414062e+00
-1.158258819580078125e+01
-1.288194370269775391e+01
-1.410614967346191406e+01
-1.452098655700683594e+01
-1.405763244628906250e+01
-1.400849056243896484e+01
-1.511765289306640625e+01
-1.677917289733886719e+01
-1.648363685607910156e+01
-1.466289997100830078e+01
-1.391772174835205078e+01
-1.390066909790039062e+01
-1.299796772003173828e+01
-1.199058437347412109e+01
-1.202451324462890625e+01
-1.437730407714843750e+01
-1.810420989990234375e+01
-1.815833091735839844e+01
-1.923987388610839844e+01
-1.802233314514160156e+01
-1.805893707275390625e+01
-1.769652938842773438e+01
-1.785127830505371094e+01
-1.677360534667968750e+01
-1.501319122314453125e+01
-1.288680648803710938e+01
-1.043289947509765625e+01
-8.269206047058105469e+00
-6.949024200439453125e+00
-6.097442626953125000e+00
-6.516963958740234375e+00
-6.788609981536865234e+00
-7.193822383880615234e+00
-7.340041160583496094e+00
-7.945518970489501953e+00
-8.128168106079101562e+00
-8.566641807556152344e+00
-8.861753463745117188e+00
-9.346665382385253906e+00
-1.010875511169433594e+01
-1.196768569946289062e+01
-1.346952533721923828e+01
-1.376269817352294922e+01
-1.214684104919433594e+01
-1.172901535034179688e+01
-1.234439277648925781e+01
-1.368944644927978516e+01
-1.482835388183593750e+01
-1.564924907684326172e+01
-1.689547157287597656e+01
-1.795856285095214844e+01
-1.857168006896972656e+01
-1.882440948486328125e+01
-1.891344451904296875e+01
-1.853828239440917969e+01
-1.757353210449218750e+01
-1.685048103332519531e+01
-1.337471103668212891e+01
-7.348990440368652344e+00
-7.418575286865234375e+00
-1.006140136718750000e+01
-1.234104728698730469e+01
-1.299596023559570312e+01
-1.221773624420166016e+01
-1.265835475921630859e+01
-1.271384906768798828e+01
-1.235683059692382812e+01
-1.036176395416259766e+01
-8.957729339599609375e+00
-9.624933242797851562e+00
-1.042694187164306641e+01
-1.054730129241943359e+01
-7.587447166442871094e+00
-5.707237720489501953e+00
-7.871179103851318359e+00
-1.052433013916015625e+01
-1.085245323181152344e+01
-6.921365737915039062e+00
-4.982352733612060547e+00
-7.845704078674316406e+00
-4.461891174316406250e+00
-6.894801139831542969e+00
-1.309633731842041016e+01
-1.404428005218505859e+01
-1.160213851928710938e+01
-5.722036838531494141e+00
-4.400870323181152344e+00
-5.685710906982421875e+00
-8.430958747863769531e+00
-1.031419849395751953e+01
-1.166823863983154297e+01
-1.289047145843505859e+01
-1.354541778564453125e+01
-9.952634811401367188e+00
-7.619226932525634766e+00
-7.080832004547119141e+00
-5.473642826080322266e+00
-4.927955150604248047e+00
-3.636596679687500000e+00
-1.012919139862060547e+01
-7.970958709716796875e+00
-6.247361183166503906e+00
-4.303556919097900391e+00
-5.301355838775634766e+00
-9.217466354370117188e+00
-1.190472412109375000e+01
-1.457069587707519531e+01
-1.536745452880859375e+01
-1.651861953735351562e+01
-1.718618202209472656e+01
-1.809677886962890625e+01
-1.912342834472656250e+01
-1.963057899475097656e+01
-1.939518165588378906e+01
-1.948013114929199219e+01
-1.872311401367187500e+01
-1.699341964721679688e+01
-1.615660285949707031e+01
-1.723103904724121094e+01
-1.761528396606445312e+01
-1.571946716308593750e+01
-1.250241374969482422e+01
-1.243603610992431641e+01
-1.210407257080078125e+01
-1.149823665618896484e+01
-1.066783142089843750e+01
-1.012404632568359375e+01
-9.178111076354980469e+00
-8.958786010742187500e+00
-8.855868339538574219e+00
-6.951632499694824219e+00
-6.397805213928222656e+00
-6.375783443450927734e+00
-6.381243705749511719e+00
-6.085112571716308594e+00
-5.366109848022460938e+00
-4.844698905944824219e+00
-3.542241573333740234e+00
-1.792640566825866699e+00
-1.178760230541229248e-01
-3.760991692543029785e-01
-9.386286139488220215e-01
-2.082714319229125977e+00
-1.995337247848510742e+00
-4.150431632995605469e+00
-3.944850921630859375e+00
-3.721859693527221680e+00
-4.684811592102050781e+00
-5.756740570068359375e+00
-6.020001411437988281e+00
-7.702589511871337891e+00
-9.369639396667480469e+00
-1.128663158416748047e+01
-1.326658058166503906e+01
-1.505941390991210938e+01
-1.649431228637695312e+01
-1.863228797912597656e+01
-1.955193710327148438e+01
-1.963765907287597656e+01
-2.028379440307617188e+01
-2.111353302001953125e+01
-2.046982574462890625e+01
-2.030462074279785156e+01
-2.051327133178710938e+01
-1.939835548400878906e+01
-1.505208587646484375e+01
-8.486099243164062500e+00
-8.722197532653808594e+00
-1.161398124694824219e+01
-9.350260734558105469e+00
-4.490290164947509766e+00
-3.966587066650390625e+00
-5.593400478363037109e+00
-9.964195251464843750e+00
-9.011881828308105469e+00
-4.594685554504394531e+00
-1.382530331611633301e+00
-3.362658500671386719e+00
-9.062581062316894531e+00
-1.163162994384765625e+01
-5.357267379760742188e+00
-4.198843002319335938e+00
-4.201097011566162109e+00
-5.833407878875732422e+00
-1.111483383178710938e+01
-9.326017379760742188e+00
-7.597559452056884766e+00
-2.409534215927124023e+00
-1.042002320289611816e+00
-1.434532880783081055e+00
-2.286886692047119141e+00
-1.631452083587646484e+00
-1.471175909042358398e+00
-2.362605571746826172e+00
-2.162940263748168945e+00
-1.787144660949707031e+00
-1.481993556022644043e+00
-7.979789972305297852e-01
-6.879625469446182251e-02
1.232920885086059570e-01
-5.924907326698303223e-02
5.841401815414428711e-01
6.039048433303833008e-01
-8.613077551126480103e-02
-1.315447330474853516e+00
-2.257822036743164062e+00
-2.090888261795043945e+00
2.475612759590148926e-01
6.014388203620910645e-01
9.887903928756713867e-01
6.362154483795166016e-01
4.206575155258178711e-01
5.151212215423583984e-01
4.064957499504089355e-01
5.464059710502624512e-01
-1.104897499084472656e+00
-1.214645624160766602e+00
3.927210867404937744e-01
5.331945419311523438e-01
2.558395564556121826e-01
1.661714315414428711e-01
-1.316180378198623657e-01
-2.355571538209915161e-01
-5.513129234313964844e-01
-1.128183960914611816e+00
-1.565248727798461914e+00
-1.786829352378845215e+00
-1.802790045738220215e+00
-2.276742458343505859e+00
-2.218642950057983398e+00
-2.934402704238891602e+00
-3.464307785034179688e+00
-4.210893154144287109e+00
-4.890219688415527344e+00
-5.599742889404296875e+00
-4.965373992919921875e+00
-3.213482141494750977e+00
-1.775446891784667969e+00
-2.409711360931396484e+00
-4.080743312835693359e+00
-5.248188018798828125e+00
-6.173441410064697266e+00
-5.755227088928222656e+00
-5.387464046478271484e+00
-5.193469524383544922e+00
-4.816830158233642578e+00
-5.433760166168212891e+00
-5.877801895141601562e+00
-6.820144176483154297e+00
-6.760351657867431641e+00
-5.443024635314941406e+00
-4.768771171569824219e+00
-4.656345367431640625e+00
-3.779182910919189453e+00
-4.107557773590087891e+00
-5.103240013122558594e+00
-3.985508441925048828e+00
-3.376929998397827148e+00
-5.762569904327392578e-01
-6.002861261367797852e-01
-1.240048050880432129e+00
-1.014838457107543945e+00
-5.469430088996887207e-01
-9.930955618619918823e-02
3.391653895378112793e-01
-1.087507307529449463e-01
-1.929235607385635376e-01
-5.275295376777648926e-01
-2.044066429138183594e+00
-5.134315967559814453e+00
-6.206526756286621094e+00
-4.535741329193115234e+00
-2.112981319427490234e+00
-2.876830577850341797e+00
-4.499416351318359375e+00
-7.055674552917480469e+00
-9.120646476745605469e+00
-6.262441158294677734e+00
-2.620579719543457031e+00
-2.624846458435058594e+00
-2.051885843276977539e+00
-1.480265259742736816e+00
-5.624116659164428711e-01
-2.542970776557922363e-01
-3.026396036148071289e-01
-9.585368037223815918e-01
-2.622836351394653320e+00
-3.106867313385009766e+00
-5.118952274322509766e+00
-5.952353477478027344e+00
-6.956636428833007812e+00
-7.548726558685302734e+00
-8.188872337341308594e+00
-9.116455078125000000e+00
-1.198660469055175781e+01
-1.369557666778564453e+01
-1.363864231109619141e+01
-1.283635044097900391e+01
-1.180222892761230469e+01
-1.075601768493652344e+01
-8.824090003967285156e+00
-7.252699851989746094e+00
-6.618821620941162109e+00
-6.315147399902343750e+00
-7.229057312011718750e+00
-8.895682334899902344e+00
-1.129148960113525391e+01
-1.248370456695556641e+01
-1.199724483489990234e+01
-1.155193328857421875e+01
-1.160964679718017578e+01
-1.031088829040527344e+01
-9.568140029907226562e+00
-8.617516517639160156e+00
-8.619946479797363281e+00
-8.470033645629882812e+00
-8.929858207702636719e+00
-8.648842811584472656e+00
-8.387096405029296875e+00
-8.510516166687011719e+00
-8.608039855957031250e+00
-7.836543083190917969e+00
-6.588099479675292969e+00
-5.468746185302734375e+00
-5.051237106323242188e+00
-4.266844272613525391e+00
-4.106006145477294922e+00
-4.986758232116699219e+00
-5.503240108489990234e+00
-5.163629531860351562e+00
-5.845386028289794922e+00
-8.518935203552246094e+00
-9.597737312316894531e+00
-1.218891143798828125e+01
-1.288049888610839844e+01
-1.192237567901611328e+01
-9.605594635009765625e+00
-9.489145278930664062e+00
-1.128782558441162109e+01
-1.073914432525634766e+01
-8.528697013854980469e+00
-7.164192199707031250e+00
-5.638358592987060547e+00
-4.514952659606933594e+00
-3.929205656051635742e+00
-5.317524909973144531e+00
-5.849264144897460938e+00
-6.820566177368164062e+00
-7.813006401062011719e+00
-9.689376831054687500e+00
-1.157684421539306641e+01
-1.193008804321289062e+01
-1.068682098388671875e+01
-9.687684059143066406e+00
-9.088513374328613281e+00
-8.008656501770019531e+00
-7.866526603698730469e+00
-8.511219024658203125e+00
-9.418611526489257812e+00
-9.536536216735839844e+00
-1.057386302947998047e+01
-9.800714492797851562e+00
-8.129788398742675781e+00
-8.993737220764160156e+00
-1.067424583435058594e+01
-1.192205905914306641e+01
-1.307417583465576172e+01
-1.315777969360351562e+01
-1.426536273956298828e+01
-1.464482688903808594e+01
-1.614134407043457031e+01
-1.693919754028320312e+01
-1.792688560485839844e+01
-1.833125686645507812e+01
-1.872861480712890625e+01
-1.861551666259765625e+01
-1.887204742431640625e+01
-1.898880767822265625e+01
-1.994918823242187500e+01
-2.033967018127441406e+01
-2.013825035095214844e+01
-2.116120910644531250e+01
-2.259405708312988281e+01
-2.346347045898437500e+01
-2.362606430053710938e+01
-2.383824539184570312e+01
-2.418549728393554688e+01
-2.410351181030273438e+01
-2.532514381408691406e+01
-2.556173324584960938e+01
-2.596327972412109375e+01
-2.563998222351074219e+01
-2.577728652954101562e+01
-2.563254928588867188e+01
-2.551159667968750000e+01
-2.515126609802246094e+01
-2.459535980224609375e+01
-2.357937622070312500e+01
-2.381721496582031250e+01
-2.485368728637695312e+01
-2.537701034545898438e+01
-2.582467842102050781e+01
-2.679382514953613281e+01
-2.687127113342285156e+01
-2.739673995971679688e+01
-2.714119338989257812e+01
-2.746607208251953125e+01
-2.693025779724121094e+01
-2.655427932739257812e+01
-2.650142860412597656e+01
-2.604372024536132812e+01
-2.575981903076171875e+01
-2.554668807983398438e+01
-2.321232795715332031e+01
-2.130932044982910156e+01
-2.109792900085449219e+01
-2.397138595581054688e+01
-2.489892768859863281e+01
-2.569731330871582031e+01
-2.524840736389160156e+01
-2.492482757568359375e+01
-2.549789237976074219e+01
-2.488617897033691406e+01
-2.153287506103515625e+01
-1.403526115417480469e+01
-7.807547092437744141e+00
-6.431735038757324219e+00
-9.242658615112304688e+00
-1.254511642456054688e+01
-1.213179588317871094e+01
-1.150810337066650391e+01
-1.064651584625244141e+01
-9.913353919982910156e+00
-9.552143096923828125e+00
-1.059190177917480469e+01
-1.117000579833984375e+01
-1.102410793304443359e+01
-1.138549804687500000e+01
-1.204325771331787109e+01
-1.205889987945556641e+01
-1.260279560089111328e+01
-1.430849075317382812e+01
-1.584774684906005859e+01
-1.582914829254150391e+01
-1.527418994903564453e+01
-1.611262702941894531e+01
-1.806866073608398438e+01
-1.889173889160156250e+01
-1.982795143127441406e+01
-2.065440750122070312e+01
-2.104450988769531250e+01
-2.160133171081542969e+01
-2.228749465942382812e+01
-2.266656303405761719e+01
-2.311254501342773438e+01
-2.299881362915039062e+01
-2.263401222229003906e+01
-2.223587417602539062e+01
-2.276130676269531250e+01
-2.271184158325195312e+01
-2.307516479492187500e+01
-2.268827247619628906e+01
-2.184570693969726562e+01
-2.005700302124023438e+01
-1.746681213378906250e+01
-1.412464904785156250e+01
-1.174620914459228516e+01
-1.087073802947998047e+01
-1.099468994140625000e+01
-1.149644279479980469e+01
-1.441989803314208984e+01
-1.671236801147460938e+01
-1.816590118408203125e+01
-1.817235565185546875e+01
-1.757793807983398438e+01
-1.619842529296875000e+01
-1.403490829467773438e+01
-1.265609931945800781e+01
-1.309436416625976562e+01
-1.184732627868652344e+01
-9.008180618286132812e+00
-1.011386203765869141e+01
-1.105483055114746094e+01
-8.755527496337890625e+00
-6.064606666564941406e+00
-5.881639957427978516e+00
-8.406754493713378906e+00
-1.275721740722656250e+01
-1.276905822753906250e+01
-1.178140640258789062e+01
-1.136780834197998047e+01
-1.138894844055175781e+01
-1.168571186065673828e+01
-1.205580329895019531e+01
-1.184669208526611328e+01
-1.038346576690673828e+01
-7.078683376312255859e+00
-8.992187500000000000e+00
-1.422174358367919922e+01
-1.557927417755126953e+01
-1.254123592376708984e+01
-1.264902210235595703e+01
-1.222449398040771484e+01
-1.206749629974365234e+01
-1.214617729187011719e+01
-1.363984107971191406e+01
-1.687436676025390625e+01
-1.454497528076171875e+01
-9.360440254211425781e+00
-9.613697052001953125e+00
-1.315351772308349609e+01
-1.443984031677246094e+01
-1.269778156280517578e+01
-1.408500671386718750e+01
-1.625398826599121094e+01
-1.719569206237792969e+01
-1.861752319335937500e+01
-1.896368789672851562e+01
-1.933106231689453125e+01
-1.889751815795898438e+01
-1.958710098266601562e+01
-1.991233253479003906e+01
-2.108982467651367188e+01
-2.206722259521484375e+01
-2.299363899230957031e+01
-2.260449028015136719e+01
-2.132108688354492188e+01
-1.971605300903320312e+01
-1.847838973999023438e+01
-1.787611198425292969e+01
-1.680129432678222656e+01
-1.728339195251464844e+01
-1.738792419433593750e+01
-1.825032615661621094e+01
-1.968152046203613281e+01
-2.096770095825195312e+01
-2.178902626037597656e+01
-2.205847930908203125e+01
-2.224838447570800781e+01
-2.082595825195312500e+01
-2.011037635803222656e+01
-2.011175727844238281e+01
-2.125950431823730469e+01
-2.257869529724121094e+01
-2.405213928222656250e+01
-2.347893905639648438e+01
-2.079231643676757812e+01
-1.763036537170410156e+01
-1.281824016571044922e+01
-9.585370063781738281e+00
-7.870051383972167969e+00
-5.595829963684082031e+00
-4.118512153625488281e+00
-4.774409294128417969e+00
-5.552000522613525391e+00
-6.082575321197509766e+00
-7.573284149169921875e+00
-9.693499565124511719e+00
-1.078427600860595703e+01
-1.125256156921386719e+01
-1.093472194671630859e+01
-9.355966567993164062e+00
-8.297250747680664062e+00
-8.577425003051757812e+00
-8.659058570861816406e+00
-7.654741764068603516e+00
-6.468339920043945312e+00
-5.807195663452148438e+00
-6.162483692169189453e+00
-7.361004829406738281e+00
-8.058653831481933594e+00
-9.339582443237304688e+00
-1.052073383331298828e+01
-1.047633934020996094e+01
-1.054233455657958984e+01
-9.556585311889648438e+00
-8.686787605285644531e+00
-7.863849163055419922e+00
-7.776012897491455078e+00
-7.237266540527343750e+00
-7.362627029418945312e+00
-8.149341583251953125e+00
-8.700810432434082031e+00
-9.007795333862304688e+00
-9.337011337280273438e+00
-9.865891456604003906e+00
-1.092612648010253906e+01
-1.126862335205078125e+01
-1.230000209808349609e+01
-1.310401916503906250e+01
-1.372362518310546875e+01
-1.418803310394287109e+01
-1.360048484802246094e+01
-1.314569377899169922e+01
-1.264147567749023438e+01
-1.165167999267578125e+01
-1.200013065338134766e+01
-1.156341838836669922e+01
-1.213236522674560547e+01
-1.155478572845458984e+01
-1.174049854278564453e+01
-1.147589874267578125e+01
-1.183045101165771484e+01
-1.284272956848144531e+01
-1.519787788391113281e+01
-1.706667137145996094e+01
-1.934032630920410156e+01
-2.057059478759765625e+01
-2.089698982238769531e+01
-2.102175331115722656e+01
-2.178190231323242188e+01
-2.228707695007324219e+01
-2.240299034118652344e+01
-2.146628570556640625e+01
-2.072617912292480469e+01
-1.929227256774902344e+01
-1.941121673583984375e+01
-1.717582130432128906e+01
-1.173965644836425781e+01
-1.327000236511230469e+01
-1.832980918884277344e+01
-2.024081230163574219e+01
-2.226867866516113281e+01
-2.353026962280273438e+01
-2.354915428161621094e+01
-2.316088104248046875e+01
-2.385430717468261719e+01
-2.403754997253417969e+01
-2.393608665466308594e+01
-2.372193145751953125e+01
-2.505462837219238281e+01
-2.556398773193359375e+01
-2.533782386779785156e+01
-2.474690055847167969e+01
-2.535664749145507812e+01
-2.542728042602539062e+01
-2.468379783630371094e+01
-2.384391403198242188e+01
-2.280591011047363281e+01
-1.909595108032226562e+01
-1.684907531738281250e+01
-1.628192520141601562e+01
-1.763631629943847656e+01
-1.814494323730468750e+01
-1.710006904602050781e+01
-1.513851356506347656e+01
-1.605164718627929688e+01
-1.551116847991943359e+01
-1.383820343017578125e+01
-1.125220584869384766e+01
-9.294452667236328125e+00
-7.663974761962890625e+00
-8.471547126770019531e+00
-9.495453834533691406e+00
-9.348356246948242188e+00
-6.534298419952392578e+00
-4.280124664306640625e+00
-2.550820350646972656e+00
-2.997398614883422852e+00
-3.107219457626342773e+00
-3.159928083419799805e+00
-2.725505113601684570e+00
-3.035907983779907227e+00
-3.773967504501342773e+00
-3.246425628662109375e+00
-1.804586291313171387e+00
-1.809695601463317871e+00
-2.472427606582641602e+00
-3.144110441207885742e+00
-3.263125181198120117e+00
-3.757761716842651367e+00
-4.243588447570800781e+00
-4.460484981536865234e+00
-4.886098861694335938e+00
-6.098006248474121094e+00
-6.409396171569824219e+00
-5.898200511932373047e+00
-4.829480171203613281e+00
-5.497073650360107422e+00
-6.569705963134765625e+00
-6.615897655487060547e+00
-6.058300018310546875e+00
-5.790351867675781250e+00
-5.976172924041748047e+00
-6.691296577453613281e+00
-7.208550930023193359e+00
-8.082858085632324219e+00
-8.867532730102539062e+00
-1.113304996490478516e+01
-1.304338169097900391e+01
-1.153399944305419922e+01
-1.100096130371093750e+01
-1.199005413055419922e+01
-1.291523933410644531e+01
-1.468809127807617188e+01
-1.518026256561279297e+01
-1.505705165863037109e+01
-1.461593246459960938e+01
-1.483994770050048828e+01
-1.394918918609619141e+01
-1.045224094390869141e+01
-5.290819168090820312e+00
-3.981457710266113281e+00
-1.987691283226013184e+00
-2.138736724853515625e+00
-2.899662971496582031e+00
-2.670790195465087891e+00
-1.420968055725097656e+00
-2.045367240905761719e+00
-2.779376745223999023e+00
-4.046991348266601562e+00
-4.868412017822265625e+00
-3.743985414505004883e+00
-2.741923093795776367e+00
-2.462385654449462891e+00
-2.521189928054809570e+00
-2.431943178176879883e+00
-2.809041976928710938e+00
-4.173617839813232422e+00
-5.646779060363769531e+00
-4.763629913330078125e+00
-4.350769519805908203e+00
-3.663336992263793945e+00
-4.238058567047119141e+00
-4.812922000885009766e+00
-5.383694171905517578e+00
-6.706094741821289062e+00
-6.684458732604980469e+00
-6.671212673187255859e+00
-6.884830474853515625e+00
-6.581475734710693359e+00
-6.229779720306396484e+00
-6.830183506011962891e+00
-8.459710121154785156e+00
-1.061198806762695312e+01
-1.219750976562500000e+01
-1.233414077758789062e+01
-1.221054267883300781e+01
-1.354897594451904297e+01
-1.415899753570556641e+01
-1.377404880523681641e+01
-1.324967002868652344e+01
-1.456703376770019531e+01
-1.559566020965576172e+01
-1.577326965332031250e+01
-1.538697814941406250e+01
-1.687715148925781250e+01
-1.741385841369628906e+01
-1.731700134277343750e+01
-1.681232452392578125e+01
-1.623810195922851562e+01
-1.413679885864257812e+01
-1.202613830566406250e+01
-9.367945671081542969e+00
-8.243873596191406250e+00
-7.611053466796875000e+00
-6.606982707977294922e+00
-6.147156238555908203e+00
-6.444243431091308594e+00
-6.514141559600830078e+00
-6.838643550872802734e+00
-6.930879116058349609e+00
-8.091103553771972656e+00
-8.731921195983886719e+00
-8.024723052978515625e+00
-8.098396301269531250e+00
-1.054088687896728516e+01
-7.943546772003173828e+00
-3.772632360458374023e+00
-2.825532674789428711e+00
-1.427699565887451172e+00
-2.254757642745971680e+00
-3.198402166366577148e+00
-2.728464841842651367e+00
-4.321346759796142578e+00
-4.703766345977783203e+00
-2.954202651977539062e+00
-2.157163381576538086e+00
-3.436754703521728516e+00
-4.707784175872802734e+00
-3.961091756820678711e+00
-4.215647697448730469e+00
-5.563206195831298828e+00
-6.065452098846435547e+00
-6.714443206787109375e+00
-7.738384246826171875e+00
-9.887562751770019531e+00
-1.162828063964843750e+01
-1.171048450469970703e+01
-1.189200019836425781e+01
-1.304123115539550781e+01
-1.396814250946044922e+01
-1.356408882141113281e+01
-1.327602481842041016e+01
-1.476390933990478516e+01
-1.579884910583496094e+01
-1.440537834167480469e+01
-1.342089939117431641e+01
-1.445026779174804688e+01
-1.449315166473388672e+01
-1.354770565032958984e+01
-1.280696868896484375e+01
-1.400267028808593750e+01
-1.515274620056152344e+01
-1.460321807861328125e+01
-1.419272136688232422e+01
-1.649441719055175781e+01
-1.794661521911621094e+01
-1.782238578796386719e+01
-1.731686210632324219e+01
-1.954657936096191406e+01
-2.105377578735351562e+01
-2.024274826049804688e+01
-1.908213806152343750e+01
-2.016545104980468750e+01
-2.071990776062011719e+01
-1.813817787170410156e+01
-1.663862609863281250e+01
-1.821290397644042969e+01
-1.853409004211425781e+01
-1.624514579772949219e+01
-1.524227237701416016e+01
-1.697618865966796875e+01
-1.776237869262695312e+01
-1.608719444274902344e+01
-1.501290512084960938e+01
-1.709397888183593750e+01
-1.788876342773437500e+01
-1.591938114166259766e+01
-1.503446674346923828e+01
-1.732383918762207031e+01
-1.802236175537109375e+01
-1.595722103118896484e+01
-1.467487716674804688e+01
-1.675084686279296875e+01
-1.766094779968261719e+01
-1.591057395935058594e+01
-1.516916370391845703e+01
-1.690319061279296875e+01
-1.740579032897949219e+01
-1.601619911193847656e+01
-1.527345275878906250e+01
-1.654148483276367188e+01
-1.746374702453613281e+01
-1.682800483703613281e+01
-1.530632400512695312e+01
-1.332218456268310547e+01
-1.125463581085205078e+01
-8.298415184020996094e+00
-6.644963264465332031e+00
-7.688071250915527344e+00
-8.888600349426269531e+00
-8.348691940307617188e+00
-7.702516555786132812e+00
-5.001238346099853516e+00
-4.807987689971923828e+00
-6.743087291717529297e+00
-8.722123146057128906e+00
-1.074974727630615234e+01
-1.021970081329345703e+01
-5.705547809600830078e+00
-1.522331953048706055e+00
-8.407865762710571289e-01
-3.657734632492065430e+00
-4.370077610015869141e+00
-7.871356010437011719e+00
-1.055582427978515625e+01
-8.498570442199707031e+00
-2.890536546707153320e+00
-1.726897120475769043e+00
-6.311662673950195312e+00
-9.872906684875488281e+00
-1.055540275573730469e+01
-1.035200405120849609e+01
-1.109538555145263672e+01
-1.138711452484130859e+01
-8.990704536437988281e+00
-8.049880981445312500e+00
-1.036757755279541016e+01
-1.172795772552490234e+01
-1.070377159118652344e+01
-1.036500549316406250e+01
-1.211985397338867188e+01
-1.293073749542236328e+01
-1.153762722015380859e+01
-1.048384380340576172e+01
-1.255459308624267578e+01
-1.251213645935058594e+01
-8.460628509521484375e+00
-5.311570167541503906e+00
-4.242179870605468750e+00
-4.089269161224365234e+00
-3.676304340362548828e+00
-2.865592002868652344e+00
-3.982375860214233398e+00
-4.176259517669677734e+00
-2.521471500396728516e+00
-1.982547640800476074e+00
-2.985876321792602539e+00
-4.001927852630615234e+00
-4.736181259155273438e+00
-5.010789394378662109e+00
-6.361481189727783203e+00
-6.626782894134521484e+00
-6.461893081665039062e+00
-6.701126575469970703e+00
-7.457086086273193359e+00
-7.876990795135498047e+00
-6.111642360687255859e+00
-5.161480426788330078e+00
-6.997611045837402344e+00
-7.593928813934326172e+00
-7.045740604400634766e+00
-6.947545528411865234e+00
-8.842480659484863281e+00
-9.697057723999023438e+00
-8.088882446289062500e+00
-6.450479507446289062e+00
-7.833654403686523438e+00
-8.120629310607910156e+00
-5.819631576538085938e+00
-3.901899814605712891e+00
-5.003354072570800781e+00
-5.428369998931884766e+00
-4.938843250274658203e+00
-4.121823310852050781e+00
-5.173280239105224609e+00
-5.922863960266113281e+00
-4.963083744049072266e+00
-4.786353588104248047e+00
-7.159684181213378906e+00
-8.832299232482910156e+00
-6.310499668121337891e+00
-5.743986129760742188e+00
-7.816215991973876953e+00
-9.334792137145996094e+00
-6.868939876556396484e+00
-5.472832202911376953e+00
-7.892776012420654297e+00
-8.765144348144531250e+00
-7.101762771606445312e+00
-6.214734077453613281e+00
-7.885516166687011719e+00
-8.903012275695800781e+00
-7.557076454162597656e+00
-6.667303562164306641e+00
-8.026556968688964844e+00
-8.540570259094238281e+00
-7.227118015289306641e+00
-6.057103633880615234e+00
-7.175573348999023438e+00
-7.607704162597656250e+00
-6.255146980285644531e+00
-5.556688308715820312e+00
-7.155455589294433594e+00
-7.887701034545898438e+00
-6.270405769348144531e+00
-5.361815452575683594e+00
-7.419209957122802734e+00
-8.391356468200683594e+00
-6.416232585906982422e+00
-5.087139129638671875e+00
-6.248838901519775391e+00
-6.384276866912841797e+00
-3.562499046325683594e+00
-1.887736558914184570e+00
-4.273291110992431641e+00
-5.384291648864746094e+00
-2.512557744979858398e+00
-1.081112027168273926e+00
-2.066648244857788086e+00
-2.513156890869140625e+00
-1.518844366073608398e+00
-4.582958519458770752e-01
-2.099026918411254883e+00
-2.603634595870971680e+00
-4.409297406673431396e-01
9.584607928991317749e-02
-1.448590159416198730e+00
-2.743016719818115234e+00
-1.439395308494567871e+00
-9.017028808593750000e-01
-2.269311189651489258e+00
-3.008777379989624023e+00
-1.897180438041687012e+00
-1.076390862464904785e+00
-2.770568370819091797e+00
-3.339581966400146484e+00
-1.774320363998413086e+00
-8.792960047721862793e-01
-2.603317499160766602e+00
-3.489922761917114258e+00
-1.751699924468994141e+00
-1.639413356781005859e+00
-3.571518659591674805e+00
-4.472886562347412109e+00
-2.302358627319335938e+00
-8.377567529678344727e-01
-2.839906930923461914e+00
-3.561584472656250000e+00
-1.177298545837402344e+00
-2.593383789062500000e-01
-1.289830803871154785e+00
-1.376398444175720215e+00
4.687157273292541504e-01
1.141281366348266602e+00
-1.031432032585144043e+00
-2.767926692962646484e+00
-1.545621633529663086e+00
-8.312035202980041504e-01
-1.876884102821350098e+00
-2.059636592864990234e+00
-5.397558212280273438e-01
-8.701257407665252686e-02
-1.472231626510620117e+00
-2.298409938812255859e+00
-3.705208748579025269e-02
2.238705195486545563e-02
-2.244821071624755859e+00
-3.610347270965576172e+00
-1.069873452186584473e+00
-4.520622491836547852e-01
-1.840278506278991699e+00
-2.514991044998168945e+00
-2.925961017608642578e-01
1.040226444602012634e-01
-1.557745695114135742e+00
-2.493283987045288086e+00
-2.491562217473983765e-01
3.289473708719015121e-03
-1.756916284561157227e+00
-2.568258762359619141e+00
-2.347449660301208496e-01
2.910017073154449463e-01
-1.177333354949951172e+00
-1.929804205894470215e+00
1.442929953336715698e-01
4.746013581752777100e-01
-1.019983172416687012e+00
-2.218856573104858398e+00
1.992187500000000000e-01
6.179638504981994629e-01
-1.355048418045043945e+00
-2.468163251876831055e+00
-4.563255906105041504e-01
2.434719204902648926e-01
-1.426288247108459473e+00
-2.302354812622070312e+00
-5.705855488777160645e-01
-2.147307842969894409e-01
-1.631908178329467773e+00
-1.905140638351440430e+00
-3.271960914134979248e-01
-8.578116446733474731e-02
-1.486537456512451172e+00
-1.890203118324279785e+00
-5.036444664001464844e-01
-1.298870984464883804e-02
-1.684791922569274902e+00
-2.659123897552490234e+00
-9.965183138847351074e-01
-6.598981618881225586e-01
-1.758712530136108398e+00
-2.177668094635009766e+00
-3.968179225921630859e-01
