7.450165152549743652e-01
-7.496402263641357422e-01
-1.450177073478698730e+00
1.214620992541313171e-01
6.981533169746398926e-01
-3.212756812572479248e-01
-8.657655119895935059e-01
4.710061550140380859e-01
7.086910009384155273e-01
-1.392606019973754883e+00
-2.400339841842651367e+00
-1.003658920526504517e-01
6.162028908729553223e-01
-1.673553943634033203e+00
-2.504101037979125977e+00
-8.281710147857666016e-01
1.062027812004089355e-01
-1.162885665893554688e+00
-1.433335185050964355e+00
-9.768784046173095703e-02
5.092687606811523438e-01
-9.237611889839172363e-01
-1.457821488380432129e+00
2.502029240131378174e-01
4.541668891906738281e-01
-8.983924984931945801e-01
-1.984943628311157227e+00
1.463344600051641464e-02
5.697647929191589355e-01
2.628848552703857422e-01
1.794203370809555054e-01
1.667484164237976074e+00
1.987857222557067871e+00
2.775423824787139893e-01
-2.049362510442733765e-01
1.263996839523315430e+00
1.686156153678894043e+00
2.225090116262435913e-01
-1.227031499147415161e-01
4.527914524078369141e-01
2.647180259227752686e-01
-1.720096468925476074e+00
-2.584607601165771484e+00
-3.580252528190612793e-01
-3.705422952771186829e-02
-1.031221628189086914e+00
-1.766147017478942871e+00
-2.648336887359619141e-01
3.260225057601928711e-01
-8.137271404266357422e-01
-1.425055742263793945e+00
5.207567811012268066e-01
9.141680002212524414e-01
-9.771396517753601074e-01
-1.891048550605773926e+00
8.178057670593261719e-01
1.827300548553466797e+00
-3.505527377128601074e-01
-1.071246743202209473e+00
1.438256502151489258e+00
1.882371306419372559e+00
-5.110998451709747314e-02
-1.278169870376586914e+00
-1.272834688425064087e-01
7.600231766700744629e-01
-3.717667460441589355e-01
-6.591604351997375488e-01
5.243862271308898926e-01
7.834199666976928711e-01
-2.506338953971862793e-01
-9.969396591186523438e-01
1.180705785751342773e+00
1.621929526329040527e+00
-2.756513655185699463e-01
-1.009446501731872559e+00
1.320686221122741699e+00
1.666674137115478516e+00
-4.854656159877777100e-01
-1.482590556144714355e+00
1.253109097480773926e+00
1.552343487739562988e+00
-1.161156371235847473e-01
-1.432031989097595215e+00
-2.313291281461715698e-01
5.622954964637756348e-01
-3.639777898788452148e-01
-4.090763628482818604e-01
6.585533022880554199e-01
1.131661891937255859e+00
2.941380441188812256e-01
-1.748068258166313171e-03
8.435952663421630859e-01
7.555482983589172363e-01
5.828803777694702148e-02
-5.699612945318222046e-02
8.333418965339660645e-01
9.000394344329833984e-01
-6.562365889549255371e-01
-1.406594753265380859e+00
-2.902376949787139893e-01
6.992128491401672363e-01
-6.260424256324768066e-01
-9.021627902984619141e-01
1.714937984943389893e-01
6.468912959098815918e-01
-7.310362458229064941e-01
-1.049964785575866699e+00
8.004348278045654297e-01
8.336262106895446777e-01
-5.168917179107666016e-01
-8.666124939918518066e-01
4.199909269809722900e-01
9.661741852760314941e-01
-1.694571524858474731e-01
-9.023051857948303223e-01
9.686546772718429565e-02
2.538655698299407959e-01
-1.178600668907165527e+00
-2.011616468429565430e+00
-5.188973546028137207e-01
-9.416493028402328491e-02
-1.287294030189514160e+00
-2.050864219665527344e+00
-3.076782226562500000e-01
2.520002424716949463e-01
-1.209428787231445312e+00
-2.014362096786499023e+00
-3.035856597125530243e-02
1.877328902482986450e-01
-9.457461833953857422e-01
-1.330382823944091797e+00
-2.744879424571990967e-01
-8.528372645378112793e-01
-2.878629922866821289e+00
-3.737009763717651367e+00
-9.633981585502624512e-01
3.195763230323791504e-01
-7.560494542121887207e-01
-1.105317234992980957e+00
1.899515837430953979e-01
3.181302249431610107e-01
-6.698389053344726562e-01
-5.900349020957946777e-01
4.572320282459259033e-01
1.013491988182067871e+00
2.559429109096527100e-01
2.527444437146186829e-02
1.083202660083770752e-01
8.788259327411651611e-02
-2.712803781032562256e-01
2.833905071020126343e-02
1.107596993446350098e+00
9.923497438430786133e-01
1.488133519887924194e-02
-6.074748635292053223e-01
-4.066440463066101074e-01
-4.901487231254577637e-01
-1.704349398612976074e+00
-2.118089199066162109e+00
-6.239645481109619141e-01
5.864246934652328491e-02
-1.132728934288024902e+00
-1.710372686386108398e+00
-3.907904326915740967e-01
-2.791731953620910645e-01
-1.884284257888793945e+00
-3.043024539947509766e+00
-1.259037494659423828e+00
-5.889774560928344727e-01
-2.235556602478027344e+00
-3.399056434631347656e+00
-1.162358283996582031e+00
-1.086045145988464355e+00
-3.249771833419799805e+00
-3.826009750366210938e+00
-1.521911621093750000e+00
-1.059195041656494141e+00
-3.145098686218261719e+00
-4.830640792846679688e+00
-3.750926733016967773e+00
-2.934719085693359375e+00
-4.929788589477539062e+00
-5.580220222473144531e+00
-4.375782966613769531e+00
-3.170744895935058594e+00
-4.452273845672607422e+00
-4.713422298431396484e+00
-2.876866340637207031e+00
-1.629548668861389160e+00
-3.422978878021240234e+00
-4.630906581878662109e+00
-3.261398077011108398e+00
-2.504418611526489258e+00
-4.334878444671630859e+00
-5.051658153533935547e+00
-2.426767349243164062e+00
-1.272180438041687012e+00
-3.271265506744384766e+00
-4.216283321380615234e+00
-2.617551088333129883e+00
-2.179816961288452148e+00
-3.574937343597412109e+00
-3.296455860137939453e+00
-2.577810764312744141e+00
-2.608427286148071289e+00
-3.650547981262207031e+00
-4.047377586364746094e+00
-3.574409246444702148e+00
-3.499326467514038086e+00
-5.028192043304443359e+00
-6.007528781890869141e+00
-4.101107597351074219e+00
-3.427806138992309570e+00
-4.578021049499511719e+00
-4.926440238952636719e+00
-3.705899000167846680e+00
-3.593297004699707031e+00
-5.772420883178710938e+00
-6.593101978302001953e+00
-4.729312896728515625e+00
-3.706743240356445312e+00
-5.520434856414794922e+00
-6.086029529571533203e+00
-3.892175436019897461e+00
-2.984398126602172852e+00
-4.602120876312255859e+00
-6.455905914306640625e+00
-6.527849197387695312e+00
-5.543087959289550781e+00
-6.130632400512695312e+00
-5.165178298950195312e+00
-3.679085731506347656e+00
-3.656960010528564453e+00
-4.521295547485351562e+00
-5.399653434753417969e+00
-4.902868747711181641e+00
-4.454811096191406250e+00
-7.099011421203613281e+00
-8.456819534301757812e+00
-5.835486888885498047e+00
-4.332413196563720703e+00
-6.928907871246337891e+00
-5.988821506500244141e+00
-5.843626022338867188e+00
-4.570516586303710938e+00
-6.784380912780761719e+00
-7.974623680114746094e+00
-6.726143360137939453e+00
-5.942243576049804688e+00
-7.169759273529052734e+00
-7.510534763336181641e+00
-6.287736892700195312e+00
-5.546786308288574219e+00
-7.204078674316406250e+00
-7.915254592895507812e+00
-5.938754558563232422e+00
-5.540445804595947266e+00
-7.645053386688232422e+00
-7.582585334777832031e+00
-6.225020885467529297e+00
-4.964948654174804688e+00
-5.905812740325927734e+00
-6.593770980834960938e+00
-5.606681823730468750e+00
-5.309951305389404297e+00
-6.671001911163330078e+00
-7.453244209289550781e+00
-6.855762004852294922e+00
-6.325260639190673828e+00
-8.090150833129882812e+00
-8.812851905822753906e+00
-7.903662204742431641e+00
-7.168737888336181641e+00
-9.587096214294433594e+00
-1.051495456695556641e+01
-8.602897644042968750e+00
-7.607988357543945312e+00
-8.410911560058593750e+00
-8.555225372314453125e+00
-7.574413776397705078e+00
-8.033672332763671875e+00
-9.822488784790039062e+00
-1.062664508819580078e+01
-1.025585079193115234e+01
-9.218981742858886719e+00
-8.860767364501953125e+00
-8.467777252197265625e+00
-7.958696365356445312e+00
-7.855145931243896484e+00
-8.368560791015625000e+00
-8.165726661682128906e+00
-4.504665374755859375e+00
-2.846951723098754883e+00
-2.704682350158691406e+00
-4.755666732788085938e+00
-4.084193229675292969e+00
-4.087929248809814453e+00
-5.462228298187255859e+00
-5.877131938934326172e+00
-5.918566703796386719e+00
-5.279300212860107422e+00
-6.018240451812744141e+00
-5.293003082275390625e+00
-4.421162605285644531e+00
-4.788044929504394531e+00
-6.094451427459716797e+00
-8.090680122375488281e+00
-8.259762763977050781e+00
-6.298236846923828125e+00
-4.187005519866943359e+00
-2.139582633972167969e+00
-2.509182095527648926e-01
-1.153050437569618225e-01
-2.450406789779663086e+00
-4.635415077209472656e+00
-5.499648094177246094e+00
-4.122176170349121094e+00
-3.181809186935424805e+00
-2.295733451843261719e+00
-1.840699791908264160e+00
-1.683595895767211914e+00
-3.158623933792114258e+00
-3.485166311264038086e+00
-3.471352100372314453e+00
-3.773862600326538086e+00
-4.615578174591064453e+00
-4.906743526458740234e+00
-5.182370185852050781e+00
-4.950398445129394531e+00
-6.343195915222167969e+00
-6.607967853546142578e+00
-6.354466915130615234e+00
-7.685852527618408203e+00
-1.024419021606445312e+01
-9.856486320495605469e+00
-8.607512474060058594e+00
-7.861207962036132812e+00
-8.885924339294433594e+00
-8.625306129455566406e+00
-7.302447319030761719e+00
-6.551172733306884766e+00
-7.653472423553466797e+00
-7.961551189422607422e+00
-9.174622535705566406e+00
-9.037565231323242188e+00
-1.013993358612060547e+01
-1.066966342926025391e+01
-1.000182247161865234e+01
-1.020930957794189453e+01
-1.177305412292480469e+01
-1.198942089080810547e+01
-1.129120826721191406e+01
-9.508207321166992188e+00
-8.221676826477050781e+00
-8.723991394042968750e+00
-9.938404083251953125e+00
-1.014229869842529297e+01
-1.164385795593261719e+01
-1.298412704467773438e+01
-1.276641559600830078e+01
-1.235203647613525391e+01
-1.333528900146484375e+01
-1.326217746734619141e+01
-1.219081687927246094e+01
-1.123955535888671875e+01
-1.234002399444580078e+01
-1.248472881317138672e+01
-1.229485321044921875e+01
-1.135438251495361328e+01
-1.144810485839843750e+01
-1.033688831329345703e+01
-8.552231788635253906e+00
-6.741009712219238281e+00
-6.939653396606445312e+00
-6.040401458740234375e+00
-6.565867424011230469e+00
-7.459234237670898438e+00
-7.280567169189453125e+00
-7.074770927429199219e+00
-7.328238010406494141e+00
-7.851798534393310547e+00
-8.724659919738769531e+00
-9.506340980529785156e+00
-1.067188549041748047e+01
-1.143196582794189453e+01
-1.355362510681152344e+01
-1.326182365417480469e+01
-1.107632637023925781e+01
-8.463935852050781250e+00
-8.259127616882324219e+00
-7.773687839508056641e+00
-7.695119380950927734e+00
-8.496353149414062500e+00
-1.209138584136962891e+01
-1.540304374694824219e+01
-1.441041946411132812e+01
-1.227953243255615234e+01
-1.141484355926513672e+01
-7.982726573944091797e+00
-4.671988964080810547e+00
-2.640170335769653320e+00
-1.543051242828369141e+00
-2.512206077575683594e+00
-3.876147270202636719e+00
-5.999320030212402344e+00
-9.151260375976562500e+00
-9.564019203186035156e+00
-7.160421848297119141e+00
-6.912135601043701172e+00
-7.977052688598632812e+00
-9.275845527648925781e+00
-1.025053310394287109e+01
-9.734297752380371094e+00
-8.678402900695800781e+00
-8.554732322692871094e+00
-9.234481811523437500e+00
-8.848507881164550781e+00
-7.482417106628417969e+00
-6.262933254241943359e+00
-5.422697067260742188e+00
-4.828741073608398438e+00
-3.631417274475097656e+00
-2.953109979629516602e+00
-2.492614746093750000e+00
-3.624405145645141602e+00
-7.073644161224365234e+00
-8.598847389221191406e+00
-8.624672889709472656e+00
-8.169319152832031250e+00
-8.785579681396484375e+00
-9.481713294982910156e+00
-1.000901031494140625e+01
-9.482596397399902344e+00
-7.217750072479248047e+00
-6.626256465911865234e+00
-6.875953197479248047e+00
-7.845350265502929688e+00
-8.639821052551269531e+00
-9.350541114807128906e+00
-8.630448341369628906e+00
-8.485393524169921875e+00
-9.373091697692871094e+00
-9.116028785705566406e+00
-8.988379478454589844e+00
-7.653508663177490234e+00
-8.337593078613281250e+00
-1.017178916931152344e+01
-1.155753803253173828e+01
-1.224894618988037109e+01
-1.311712360382080078e+01
-1.314396953582763672e+01
-1.299518203735351562e+01
-1.366242408752441406e+01
-1.440475082397460938e+01
-1.438562107086181641e+01
-1.460286140441894531e+01
-1.483512020111083984e+01
-1.571583843231201172e+01
-1.572426033020019531e+01
-1.517106723785400391e+01
-1.447098350524902344e+01
-1.342449283599853516e+01
-1.269894218444824219e+01
-1.307185363769531250e+01
-1.351243400573730469e+01
-1.501900196075439453e+01
-1.622541427612304688e+01
-1.746759033203125000e+01
-1.682807540893554688e+01
-1.674541664123535156e+01
-1.553252220153808594e+01
-1.433339977264404297e+01
-1.188435459136962891e+01
-9.860822677612304688e+00
-9.025094032287597656e+00
-7.913283824920654297e+00
-9.076426506042480469e+00
-1.250142669677734375e+01
-1.588100910186767578e+01
-1.527443695068359375e+01
-1.526718235015869141e+01
-1.375128364562988281e+01
-1.075358963012695312e+01
-9.012198448181152344e+00
-7.686312675476074219e+00
-6.735617637634277344e+00
-5.382390975952148438e+00
-5.111868858337402344e+00
-6.210260868072509766e+00
-7.980224132537841797e+00
-9.277711868286132812e+00
-9.662105560302734375e+00
-1.034826850891113281e+01
-1.112600231170654297e+01
-1.150221824645996094e+01
-1.149157905578613281e+01
-1.233805084228515625e+01
-1.485615158081054688e+01
-1.714651298522949219e+01
-1.725981712341308594e+01
-1.682229232788085938e+01
-1.653137779235839844e+01
-1.510352420806884766e+01
-1.401591396331787109e+01
-1.422104454040527344e+01
-1.434890842437744141e+01
-1.185941028594970703e+01
-1.050301074981689453e+01
-9.109158515930175781e+00
-1.041743087768554688e+01
-1.234277534484863281e+01
-1.282979965209960938e+01
-1.124392604827880859e+01
-7.557181358337402344e+00
-4.578478813171386719e+00
-3.377493381500244141e+00
-1.543545365333557129e+00
-3.343211412429809570e+00
-6.953147411346435547e+00
-9.168877601623535156e+00
-1.105155467987060547e+01
-1.327521514892578125e+01
-1.334011459350585938e+01
-1.229936599731445312e+01
-1.012978935241699219e+01
-9.069066047668457031e+00
-8.419934272766113281e+00
-6.988556385040283203e+00
-6.162801742553710938e+00
-5.881712913513183594e+00
-5.377244472503662109e+00
-4.917348861694335938e+00
-3.976488113403320312e+00
-3.789086103439331055e+00
-3.987728118896484375e+00
-4.187604904174804688e+00
-4.583762645721435547e+00
-4.712188720703125000e+00
-4.275825977325439453e+00
-4.277697563171386719e+00
-4.318037509918212891e+00
-4.518935680389404297e+00
-4.781139850616455078e+00
-5.295223712921142578e+00
-5.694483757019042969e+00
-6.194088935852050781e+00
-5.008321762084960938e+00
-4.696297645568847656e+00
-6.402102470397949219e+00
-7.791269779205322266e+00
-8.189473152160644531e+00
-8.736080169677734375e+00
-9.522196769714355469e+00
-1.009942054748535156e+01
-9.281239509582519531e+00
-9.083934783935546875e+00
-9.445633888244628906e+00
-1.004910373687744141e+01
-1.077807426452636719e+01
-1.197920417785644531e+01
-1.274922084808349609e+01
-1.380374240875244141e+01
-1.388714313507080078e+01
-1.375685310363769531e+01
-1.288409328460693359e+01
-1.353745460510253906e+01
-1.377467441558837891e+01
-1.451837539672851562e+01
-1.171657371520996094e+01
-9.156267166137695312e+00
-6.943952083587646484e+00
-5.598052024841308594e+00
-3.970426797866821289e+00
-3.771642923355102539e+00
-3.782177925109863281e+00
-3.599565029144287109e+00
-5.303362846374511719e+00
-7.719360351562500000e+00
-9.188749313354492188e+00
-9.851764678955078125e+00
-1.160414695739746094e+01
-1.356490039825439453e+01
-1.327856159210205078e+01
-1.147375297546386719e+01
-8.249054908752441406e+00
-3.906020879745483398e+00
-1.962852597236633301e+00
-4.217411041259765625e+00
-7.418080329895019531e+00
-1.056583213806152344e+01
-1.189256572723388672e+01
-1.291386508941650391e+01
-1.407887458801269531e+01
-1.545863914489746094e+01
-1.551747512817382812e+01
-1.497950649261474609e+01
-1.480041313171386719e+01
-1.511405944824218750e+01
-1.373070526123046875e+01
-1.160714626312255859e+01
-1.091668128967285156e+01
-1.196856498718261719e+01
-1.304095077514648438e+01
-1.489444732666015625e+01
-1.583904743194580078e+01
-1.689364433288574219e+01
-1.709877204895019531e+01
-1.681513977050781250e+01
-1.665109825134277344e+01
-1.676099014282226562e+01
-1.702305603027343750e+01
-1.701752281188964844e+01
-1.724079132080078125e+01
-1.674210357666015625e+01
-1.706783485412597656e+01
-1.712720298767089844e+01
-1.733866691589355469e+01
-1.725742149353027344e+01
-1.693557167053222656e+01
-1.726253128051757812e+01
-1.785462379455566406e+01
-1.820575141906738281e+01
-1.866645622253417969e+01
-1.719351196289062500e+01
-1.400661659240722656e+01
-1.135790252685546875e+01
-1.008423233032226562e+01
-1.060106372833251953e+01
-1.016315269470214844e+01
-9.282541275024414062e+00
-6.770642280578613281e+00
-6.557198524475097656e+00
-1.044970512390136719e+01
-1.391828536987304688e+01
-1.720958137512207031e+01
-1.921820831298828125e+01
-2.070335388183593750e+01
-2.098457908630371094e+01
-1.991067886352539062e+01
-1.876898956298828125e+01
-1.885538101196289062e+01
-1.898278427124023438e+01
-1.780455589294433594e+01
-1.719932174682617188e+01
-1.775995254516601562e+01
-1.873540687561035156e+01
-1.969811630249023438e+01
-1.970350456237792969e+01
-1.432772922515869141e+01
-1.296967411041259766e+01
-1.391049861907958984e+01
-1.317557239532470703e+01
-1.200513553619384766e+01
-1.366189670562744141e+01
-1.784257316589355469e+01
-1.921612930297851562e+01
-1.429528141021728516e+01
-8.927886009216308594e+00
-1.167940711975097656e+01
-1.496421623229980469e+01
-1.544380187988281250e+01
-1.583274364471435547e+01
-1.545190811157226562e+01
-1.312793922424316406e+01
-1.116331386566162109e+01
-9.730668067932128906e+00
-8.609380722045898438e+00
-1.073629283905029297e+01
-1.368518733978271484e+01
-1.471581840515136719e+01
-1.353530406951904297e+01
-6.581192493438720703e+00
-3.417939186096191406e+00
-4.697883129119873047e+00
-5.364281177520751953e+00
-6.477043151855468750e+00
-6.631434917449951172e+00
-7.117330551147460938e+00
-3.973845958709716797e+00
-3.819805383682250977e+00
-7.370517253875732422e+00
-8.491560935974121094e+00
-8.006682395935058594e+00
-9.580790519714355469e+00
-9.229516029357910156e+00
-8.568299293518066406e+00
-6.820988655090332031e+00
-9.333031654357910156e+00
-1.050579738616943359e+01
-1.323596382141113281e+01
-1.435366535186767578e+01
-1.451590728759765625e+01
-1.581427764892578125e+01
-1.645654296875000000e+01
-1.426226902008056641e+01
-1.002490043640136719e+01
-7.427384853363037109e+00
-5.215457916259765625e+00
-3.197557449340820312e+00
-8.414220809936523438e-01
-3.017974272370338440e-02
2.644021511077880859e-01
6.689083576202392578e-01
1.000522494316101074e+00
3.584369719028472900e-01
6.015453934669494629e-01
-3.428044915199279785e-01
-6.396414637565612793e-01
-9.513828158378601074e-01
-1.707906126976013184e+00
-1.123284101486206055e+00
-1.443375945091247559e+00
-1.522262811660766602e+00
-2.092121362686157227e+00
-2.679102897644042969e+00
-3.806134700775146484e+00
-5.785068988800048828e+00
-8.607653617858886719e+00
-1.008003997802734375e+01
-1.050248432159423828e+01
-1.127366256713867188e+01
-1.223915290832519531e+01
-1.005900478363037109e+01
-8.926969528198242188e+00
-7.555243968963623047e+00
-7.860256671905517578e+00
-8.776597023010253906e+00
-9.585189819335937500e+00
-9.296952247619628906e+00
-8.201944351196289062e+00
-5.773440361022949219e+00
-3.074030876159667969e+00
-3.250865221023559570e+00
-4.276004314422607422e+00
-2.770073652267456055e+00
-2.102727413177490234e+00
-3.286449670791625977e+00
-4.328077316284179688e+00
-4.579252719879150391e+00
-4.713666915893554688e+00
-4.424617767333984375e+00
-4.878733158111572266e+00
-6.020141124725341797e+00
-6.714936733245849609e+00
-7.003741264343261719e+00
-6.701266288757324219e+00
-5.855676174163818359e+00
-4.888036727905273438e+00
-3.807475805282592773e+00
-2.074997186660766602e+00
-1.383374691009521484e+00
-2.869995594024658203e+00
-4.106605052947998047e+00
-4.450760364532470703e+00
-4.448046207427978516e+00
-4.143527507781982422e+00
-4.363733768463134766e+00
-4.372506618499755859e+00
-6.088143348693847656e+00
-9.844964027404785156e+00
-1.299042797088623047e+01
-1.410889720916748047e+01
-1.339933872222900391e+01
-1.326838111877441406e+01
-1.356940937042236328e+01
-1.505775642395019531e+01
-1.630662727355957031e+01
-1.727672958374023438e+01
-1.831314468383789062e+01
-2.016195869445800781e+01
-2.038040542602539062e+01
-2.016474151611328125e+01
-1.961683273315429688e+01
-1.814909934997558594e+01
-1.713533973693847656e+01
-1.374846267700195312e+01
-1.027896881103515625e+01
-9.979837417602539062e+00
-9.967152595520019531e+00
-7.704950809478759766e+00
-6.332731246948242188e+00
-3.687189579010009766e+00
-1.765196204185485840e+00
-2.486871480941772461e+00
-3.853630781173706055e+00
-4.391885280609130859e+00
-5.558836936950683594e+00
-6.846848964691162109e+00
-8.168087005615234375e+00
-8.663533210754394531e+00
-7.805961608886718750e+00
-7.347791194915771484e+00
-7.630956649780273438e+00
-8.412639617919921875e+00
-8.655218124389648438e+00
-9.025304794311523438e+00
-9.967120170593261719e+00
-1.130019378662109375e+01
-1.247898483276367188e+01
-1.384468078613281250e+01
-1.531809234619140625e+01
-1.517374706268310547e+01
-1.321485614776611328e+01
-9.430096626281738281e+00
-8.670297622680664062e+00
-8.807670593261718750e+00
-9.314850807189941406e+00
-8.880393981933593750e+00
-9.853702545166015625e+00
-1.026124286651611328e+01
-8.638658523559570312e+00
-4.774796962738037109e+00
-4.162870883941650391e+00
-3.096052646636962891e+00
-3.274117469787597656e+00
-2.971080541610717773e+00
-3.913068771362304688e+00
-4.550188541412353516e+00
-3.451692342758178711e+00
-8.579449653625488281e-01
-1.607315897941589355e+00
-5.837178707122802734e+00
-6.977421283721923828e+00
-8.562907218933105469e+00
-9.481996536254882812e+00
-9.527517318725585938e+00
-1.017658042907714844e+01
-9.863497734069824219e+00
-9.816532135009765625e+00
-1.088278865814208984e+01
-1.140864181518554688e+01
-1.113632488250732422e+01
-1.126915454864501953e+01
-1.194664669036865234e+01
-1.221085834503173828e+01
-1.119861888885498047e+01
-9.093796730041503906e+00
-7.588222026824951172e+00
-7.089711189270019531e+00
-6.998774528503417969e+00
-7.397894382476806641e+00
-9.023649215698242188e+00
-1.076310253143310547e+01
-1.037173366546630859e+01
-6.964000701904296875e+00
-4.320679187774658203e+00
-5.484176158905029297e+00
-3.794969081878662109e+00
-2.056009292602539062e+00
-7.071474194526672363e-01
-2.716342210769653320e+00
-6.836140632629394531e+00
-7.739830017089843750e+00
-8.710674285888671875e+00
-9.826928138732910156e+00
-1.094649028778076172e+01
-1.106635284423828125e+01
-1.001196956634521484e+01
-8.310534477233886719e+00
-9.515077590942382812e+00
-1.162092018127441406e+01
-1.453898334503173828e+01
-1.358428192138671875e+01
-1.003621006011962891e+01
-8.754222869873046875e+00
-7.018397331237792969e+00
-6.047694683074951172e+00
-4.982004165649414062e+00
-4.680127143859863281e+00
-4.217657566070556641e+00
-6.073134899139404297e+00
-7.878259658813476562e+00
-9.505213737487792969e+00
-1.361739444732666016e+01
-1.480267047882080078e+01
-1.655385398864746094e+01
-1.716927337646484375e+01
-1.138193702697753906e+01
-9.196292877197265625e+00
-1.336988830566406250e+01
-1.303252887725830078e+01
-1.313749122619628906e+01
-1.334455108642578125e+01
-1.365587139129638672e+01
-1.417107963562011719e+01
-1.672068023681640625e+01
-1.865723037719726562e+01
-1.883607292175292969e+01
-1.674122810363769531e+01
-1.544338417053222656e+01
-1.188118743896484375e+01
-7.773512363433837891e+00
-6.475317478179931641e+00
-9.176526069641113281e+00
-9.402508735656738281e+00
-8.479475975036621094e+00
-8.411192893981933594e+00
-1.001588439941406250e+01
-1.154263496398925781e+01
-1.356039047241210938e+01
-1.446193313598632812e+01
-1.638590049743652344e+01
-1.707008934020996094e+01
-1.795760536193847656e+01
-1.836571121215820312e+01
-1.905955886840820312e+01
-1.890858078002929688e+01
-2.001458168029785156e+01
-2.059208869934082031e+01
-2.233368873596191406e+01
-2.265508079528808594e+01
-2.149108695983886719e+01
-2.047539329528808594e+01
-2.170231246948242188e+01
-2.133162689208984375e+01
-2.023665237426757812e+01
-1.784356117248535156e+01
-1.657827758789062500e+01
-1.388707065582275391e+01
-1.318843555450439453e+01
-1.337968158721923828e+01
-1.476116561889648438e+01
-1.488257884979248047e+01
-1.607997131347656250e+01
-1.700046920776367188e+01
-1.865067672729492188e+01
-1.814945220947265625e+01
-1.814864158630371094e+01
-1.836683654785156250e+01
-1.843265151977539062e+01
-1.776611518859863281e+01
-1.725728416442871094e+01
-1.751025581359863281e+01
-1.881398010253906250e+01
-1.951342582702636719e+01
-1.907741737365722656e+01
-1.849293708801269531e+01
-1.863824081420898438e+01
-1.625634956359863281e+01
-1.278494644165039062e+01
-1.145549964904785156e+01
-1.062248706817626953e+01
-1.082831954956054688e+01
-8.065840721130371094e+00
-5.707943916320800781e+00
-5.565320968627929688e+00
-3.352302312850952148e+00
-7.090850472450256348e-01
-7.713767886161804199e-01
-1.445421695709228516e+00
-1.791901707649230957e+00
-3.044539690017700195e+00
-6.412955284118652344e+00
-8.749678611755371094e+00
-6.616497516632080078e+00
-8.117951393127441406e+00
-9.982337951660156250e+00
-7.307450771331787109e+00
-5.698217868804931641e+00
-5.136818408966064453e+00
-6.205186843872070312e+00
-6.867107391357421875e+00
-8.289044380187988281e+00
-9.544180870056152344e+00
-8.863305091857910156e+00
-5.406136989593505859e+00
-5.289021492004394531e+00
-8.533910751342773438e+00
-1.179574489593505859e+01
-1.443909931182861328e+01
-1.586628341674804688e+01
-1.612433052062988281e+01
-1.568691539764404297e+01
-1.276042270660400391e+01
-7.480306148529052734e+00
-5.467126369476318359e+00
-3.269468545913696289e+00
-1.771854877471923828e+00
-1.297829627990722656e+00
-1.809905529022216797e+00
-4.910124778747558594e+00
-4.563118457794189453e+00
-3.252167224884033203e+00
-8.263321876525878906e+00
-7.432739734649658203e+00
-7.243926048278808594e+00
-1.321722316741943359e+01
-1.175674152374267578e+01
-9.108488082885742188e+00
-7.272181510925292969e+00
-5.971310138702392578e+00
-3.718970060348510742e+00
-4.654404640197753906e+00
-4.848575592041015625e+00
-6.330615043640136719e+00
-9.235327720642089844e+00
-1.220951938629150391e+01
-1.369726943969726562e+01
-1.300212192535400391e+01
-9.955877304077148438e+00
-9.962678909301757812e+00
-1.080228233337402344e+01
-7.755929470062255859e+00
-3.599567651748657227e+00
-3.426501989364624023e+00
-5.085835456848144531e+00
-6.692038536071777344e+00
-9.955629348754882812e+00
-1.196166133880615234e+01
-1.362779045104980469e+01
-1.206922435760498047e+01
-6.314656734466552734e+00
-5.446900844573974609e+00
-9.375098228454589844e+00
-1.439016437530517578e+01
-1.529216289520263672e+01
-1.427463245391845703e+01
-1.228006172180175781e+01
-9.843346595764160156e+00
-5.946858406066894531e+00
-4.385542392730712891e+00
-3.922125101089477539e+00
-5.377809047698974609e+00
-5.978989601135253906e+00
-5.595127105712890625e+00
-6.127075195312500000e+00
-6.462070941925048828e+00
-7.340078353881835938e+00
-7.129911422729492188e+00
-6.807739734649658203e+00
-5.447253704071044922e+00
-4.116010189056396484e+00
-4.452201843261718750e+00
-6.835047721862792969e+00
-7.968670845031738281e+00
-9.242834091186523438e+00
-8.204621315002441406e+00
-3.252520084381103516e+00
-4.828280925750732422e+00
-4.065485000610351562e+00
-6.458777785301208496e-01
-9.522287547588348389e-02
-1.242193952202796936e-01
-1.802748292684555054e-01
1.125081349164247513e-02
-6.062756180763244629e-01
-8.660508394241333008e-01
-1.304700851440429688e+00
-1.535898804664611816e+00
-2.565159320831298828e+00
-2.911147356033325195e+00
-2.071966886520385742e+00
-2.315783500671386719e+00
-3.225918531417846680e+00
-5.276692390441894531e+00
-5.799162387847900391e+00
-5.742858886718750000e+00
-5.104259967803955078e+00
-5.259076118469238281e+00
-5.209643363952636719e+00
-5.859233856201171875e+00
-7.412868499755859375e+00
-9.063076019287109375e+00
-1.061462783813476562e+01
-1.107442188262939453e+01
-1.263538646697998047e+01
-1.201947593688964844e+01
-8.790055274963378906e+00
-5.550487518310546875e+00
-4.968366146087646484e+00
-4.720574855804443359e+00
-4.173439979553222656e+00
-3.432033061981201172e+00
-2.849454164505004883e+00
-1.831081986427307129e+00
-1.851058721542358398e+00
-4.136308193206787109e+00
-6.914885044097900391e+00
-1.053754234313964844e+01
-1.211248970031738281e+01
-1.188580036163330078e+01
-1.198882293701171875e+01
-1.180818080902099609e+01
-1.019120216369628906e+01
-7.536818504333496094e+00
-4.074965000152587891e+00
-3.122405529022216797e+00
-3.483297348022460938e+00
-3.157991170883178711e+00
-3.061452150344848633e+00
-3.193295240402221680e+00
-6.307291984558105469e+00
-7.629621028900146484e+00
-8.975697517395019531e+00
-1.008462142944335938e+01
-1.015923976898193359e+01
-1.093161964416503906e+01
-1.244255447387695312e+01
-1.295357322692871094e+01
-1.183168315887451172e+01
-9.839222908020019531e+00
-7.729718208312988281e+00
-8.178304672241210938e+00
-8.511504173278808594e+00
-8.932711601257324219e+00
-9.395886421203613281e+00
-1.041500186920166016e+01
-1.034344291687011719e+01
-8.929753303527832031e+00
-8.169391632080078125e+00
-7.190476417541503906e+00
-7.279724121093750000e+00
-8.399777412414550781e+00
-9.074173927307128906e+00
-8.241864204406738281e+00
-6.438392162322998047e+00
-4.243733406066894531e+00
-3.262773990631103516e+00
-4.262898445129394531e+00
-4.822009563446044922e+00
-3.956123113632202148e+00
-3.951155900955200195e+00
-3.892598390579223633e+00
-3.879424095153808594e+00
-4.692774772644042969e+00
-6.316241741180419922e+00
-5.749520778656005859e+00
-3.499187231063842773e+00
-2.764191627502441406e+00
-3.290818691253662109e+00
-3.435132980346679688e+00
-3.807192564010620117e+00
-4.337904930114746094e+00
-6.313103199005126953e+00
-7.121527194976806641e+00
-8.117066383361816406e+00
-8.697744369506835938e+00
-9.708755493164062500e+00
-1.111966037750244141e+01
-1.185303115844726562e+01
-1.230384159088134766e+01
-1.318240833282470703e+01
-1.180314350128173828e+01
-9.922058105468750000e+00
-1.097784996032714844e+01
-1.426191329956054688e+01
-1.588812541961669922e+01
-1.347628879547119141e+01
-1.125675201416015625e+01
-9.086929321289062500e+00
-9.403602600097656250e+00
-1.169543838500976562e+01
-1.350542831420898438e+01
-1.443353366851806641e+01
-1.399516582489013672e+01
-1.204903602600097656e+01
-9.618912696838378906e+00
-1.167077636718750000e+01
-1.426930809020996094e+01
-1.420631694793701172e+01
-1.318758773803710938e+01
-1.442990493774414062e+01
-1.580021953582763672e+01
-1.558269119262695312e+01
-1.382999610900878906e+01
-1.014430427551269531e+01
-6.671283245086669922e+00
-5.731864929199218750e+00
-6.410595893859863281e+00
-7.061205387115478516e+00
-6.687666893005371094e+00
-5.927549362182617188e+00
-7.669011116027832031e+00
-1.004089546203613281e+01
-1.217051982879638672e+01
-1.181826114654541016e+01
-1.061706161499023438e+01
-1.256297779083251953e+01
-1.380265331268310547e+01
-1.378542041778564453e+01
-1.275109100341796875e+01
-1.220582199096679688e+01
-1.186948776245117188e+01
-1.063499546051025391e+01
-1.016819286346435547e+01
-1.190028381347656250e+01
-1.181304836273193359e+01
-9.059588432312011719e+00
-7.240190982818603516e+00
-8.552374839782714844e+00
-8.263216972351074219e+00
-7.866316795349121094e+00
-7.006206989288330078e+00
-6.756547451019287109e+00
-6.067143917083740234e+00
-5.269891262054443359e+00
-4.670753955841064453e+00
-5.202383995056152344e+00
-5.766147136688232422e+00
-5.119692802429199219e+00
-4.642462253570556641e+00
-3.959047555923461914e+00
-4.232244491577148438e+00
-3.473325490951538086e+00
-3.110672235488891602e+00
-3.261645317077636719e+00
-3.898200750350952148e+00
-4.919464588165283203e+00
-2.887367010116577148e+00
-3.747825145721435547e+00
-4.723284721374511719e+00
-5.183394432067871094e+00
-5.007264614105224609e+00
-6.685202121734619141e+00
-8.025250434875488281e+00
-5.045668601989746094e+00
-2.397943973541259766e+00
-5.352900981903076172e+00
-6.169250965118408203e+00
-5.066597938537597656e+00
-4.014224052429199219e+00
-3.405644893646240234e+00
-4.145469188690185547e+00
-4.540954589843750000e+00
-5.432278633117675781e+00
-3.823365211486816406e+00
-1.660236001014709473e+00
-8.354299664497375488e-01
-1.469803094863891602e+00
-3.086920976638793945e+00
-6.351437091827392578e+00
-5.687190055847167969e+00
-4.028842926025390625e+00
-4.558607578277587891e+00
-3.908172130584716797e+00
-2.825884342193603516e+00
-2.364650249481201172e+00
-3.051516771316528320e+00
-4.709123611450195312e+00
-3.180258274078369141e+00
-2.772505283355712891e+00
-3.985755681991577148e+00
-4.495611667633056641e+00
-4.517067909240722656e+00
-4.459495544433593750e+00
-6.108119964599609375e+00
-7.002614021301269531e+00
-5.189772129058837891e+00
-4.624071598052978516e+00
-6.139582157135009766e+00
-6.590248107910156250e+00
-4.953886985778808594e+00
-3.438550949096679688e+00
-3.519200801849365234e+00
-3.184696674346923828e+00
-8.344089388847351074e-01
8.467771112918853760e-02
-2.707713365554809570e+00
-3.554221630096435547e+00
-2.091417789459228516e+00
-1.080302476882934570e+00
-1.960593760013580322e-01
5.817817449569702148e-01
8.579347729682922363e-01
6.368145942687988281e-01
6.473126411437988281e-01
1.153398990631103516e+00
-4.496304690837860107e-01
-1.619929313659667969e+00
-2.829583406448364258e+00
-3.818503856658935547e+00
-3.278487443923950195e+00
-2.915659666061401367e+00
-2.722123622894287109e+00
-2.142859220504760742e+00
-1.906442761421203613e+00
-2.752880334854125977e+00
-3.262211322784423828e+00
-2.410735130310058594e+00
-9.111478328704833984e-01
-2.443992197513580322e-01
-2.316557884216308594e+00
-4.592431545257568359e+00
-3.309739589691162109e+00
-3.193047285079956055e+00
-5.269750118255615234e+00
-6.222627162933349609e+00
-4.695909500122070312e+00
-3.416638374328613281e+00
-6.378813743591308594e+00
-7.725453376770019531e+00
-4.348196983337402344e+00
-3.629548788070678711e+00
-3.205904722213745117e+00
-2.752883195877075195e+00
-1.021638512611389160e+00
-8.126360177993774414e-01
-1.658650159835815430e+00
-1.046514630317687988e+00
-4.015042632818222046e-02
-9.775797277688980103e-02
-3.496741652488708496e-01
-3.758523464202880859e-01
-7.791646122932434082e-01
-1.676232576370239258e+00
-4.687348365783691406e+00
-7.664678096771240234e+00
-7.575292587280273438e+00
-7.453279018402099609e+00
-9.334579467773437500e+00
-1.010731124877929688e+01
-7.355330944061279297e+00
-6.251762866973876953e+00
-8.748163223266601562e+00
-7.728484153747558594e+00
-5.911097526550292969e+00
-4.216212272644042969e+00
-3.961161375045776367e+00
-4.264694690704345703e+00
-3.564264059066772461e+00
-2.850123882293701172e+00
-4.935882091522216797e+00
-6.333188056945800781e+00
-3.244240283966064453e+00
-1.823117971420288086e+00
-4.368771553039550781e+00
-5.846057415008544922e+00
-3.318583250045776367e+00
-2.449772834777832031e+00
-5.169724941253662109e+00
-6.736148834228515625e+00
-4.176681041717529297e+00
-1.615845203399658203e+00
-2.965760946273803711e+00
-3.226131439208984375e+00
-1.830550909042358398e+00
-1.374496221542358398e+00
-1.358465313911437988e+00
-1.059865832328796387e+00
-3.005949258804321289e-01
-1.196026727557182312e-01
-5.513824820518493652e-01
-1.492210507392883301e+00
-1.250934839248657227e+00
-1.206014513969421387e+00
-2.693866491317749023e+00
-3.686980724334716797e+00
-2.261204719543457031e+00
-1.336516261100769043e+00
-3.347192049026489258e+00
-4.010768890380859375e+00
-2.822676181793212891e+00
-2.752319335937500000e+00
-4.821445465087890625e+00
-6.116504669189453125e+00
-4.854177474975585938e+00
-4.378601074218750000e+00
-6.851322174072265625e+00
-8.626889228820800781e+00
-7.569301128387451172e+00
-6.631259918212890625e+00
-8.286081314086914062e+00
-9.265591621398925781e+00
-6.057102203369140625e+00
-4.842832565307617188e+00
-6.825427055358886719e+00
-8.221675872802734375e+00
-5.958978176116943359e+00
-5.735847949981689453e+00
-7.549781799316406250e+00
-8.126440048217773438e+00
-5.525860309600830078e+00
-4.152090072631835938e+00
-5.012302875518798828e+00
-5.529981136322021484e+00
-2.960296630859375000e+00
-1.469168186187744141e+00
-2.193169832229614258e+00
-1.630639910697937012e+00
-8.232518285512924194e-02
7.061537504196166992e-01
3.518858850002288818e-01
2.447049319744110107e-01
5.549648404121398926e-01
8.967643976211547852e-01
-4.074235856533050537e-01
-9.365501999855041504e-01
-4.296179115772247314e-01
-5.979624986648559570e-01
-1.714462518692016602e+00
-1.871775269508361816e+00
-7.066548466682434082e-01
-1.941565871238708496e-01
-1.203509449958801270e+00
-1.872020006179809570e+00
-8.618223071098327637e-01
-3.963596224784851074e-01
-2.310848951339721680e+00
-3.555980920791625977e+00
-2.613886833190917969e+00
-2.318002223968505859e+00
-3.554996967315673828e+00
-4.964879035949707031e+00
-3.120610237121582031e+00
-1.956476092338562012e+00
-3.036684274673461914e+00
-3.553764581680297852e+00
-1.461592793464660645e+00
-5.495150089263916016e-01
-1.747789859771728516e+00
-2.845158576965332031e+00
-1.063249588012695312e+00
-3.402329683303833008e-01
-1.791125416755676270e+00
-2.418944835662841797e+00
-9.191460609436035156e-01
-2.547564506530761719e-01
-1.520960807800292969e+00
-2.462809801101684570e+00
-4.764104485511779785e-01
2.058705128729343414e-02
-1.356173276901245117e+00
-2.354607820510864258e+00
-4.652014076709747314e-01
1.575392335653305054e-01
-1.755539178848266602e+00
-2.539052963256835938e+00
7.572910189628601074e-02
2.931861281394958496e-01
-2.784327566623687744e-01
-1.495489776134490967e-01
1.201985716819763184e+00
8.753046393394470215e-01
4.389450252056121826e-01
1.826616227626800537e-01
1.249796032905578613e+00
9.306908249855041504e-01
3.149242699146270752e-01
7.306015118956565857e-03
7.498741745948791504e-01
7.017474174499511719e-01
-9.497658908367156982e-02
-5.206952095031738281e-01
1.058156862854957581e-01
1.701879650354385376e-01
-2.788557112216949463e-01
-3.186351060867309570e-01
5.817442536354064941e-01
6.010528206825256348e-01
-1.517012715339660645e-01
-2.317842245101928711e-01
3.038972616195678711e-01
1.828377693891525269e-01
-5.390169620513916016e-01
-1.152071237564086914e+00
-1.520867645740509033e-01
1.513741463422775269e-01
-1.903733611106872559e+00
-2.520201683044433594e+00
-7.625004053115844727e-01
