-1.078961849212646484e+00
-1.899503469467163086e+00
-1.953094482421875000e+00
-9.496545791625976562e-01
-1.322524696588516235e-01
-1.032841682434082031e+00
-1.054900050163269043e+00
3.609105199575424194e-02
9.582787156105041504e-01
-4.872966706752777100e-01
-5.933104157447814941e-01
-1.311575919389724731e-01
1.918565183877944946e-01
-4.495956599712371826e-01
-7.022512555122375488e-01
-2.626492679119110107e-01
3.686903715133666992e-01
-2.490496784448623657e-01
-3.330083489418029785e-01
4.415411502122879028e-03
5.314288288354873657e-02
-3.257167935371398926e-01
-5.982087850570678711e-01
-2.979184985160827637e-01
-2.975292503833770752e-01
-1.114722490310668945e+00
-1.381263017654418945e+00
-6.382670998573303223e-01
-1.335904300212860107e-01
-7.203609943389892578e-01
-8.131301403045654297e-01
-4.510037600994110107e-01
-3.174722194671630859e-01
-8.987801671028137207e-01
-1.134842157363891602e+00
-4.777821302413940430e-01
-2.398890405893325806e-01
-7.882904410362243652e-01
-1.042214393615722656e+00
-7.282869815826416016e-01
-6.826284527778625488e-01
-8.766174316406250000e-01
-9.686466455459594727e-01
-4.380728602409362793e-01
-1.137909442186355591e-01
-7.227911949157714844e-01
-9.591364264488220215e-01
-2.903426289558410645e-01
-1.909136921167373657e-01
-6.872772574424743652e-01
-1.096048474311828613e+00
-4.201767146587371826e-01
-1.267925053834915161e-01
-8.339865207672119141e-01
-9.739310145378112793e-01
-5.892253518104553223e-01
-4.347635805606842041e-01
-8.894765973091125488e-01
-1.111552476882934570e+00
-8.152080178260803223e-01
-6.279082894325256348e-01
-1.037845492362976074e+00
-1.201535463333129883e+00
-7.166608572006225586e-01
-3.807849586009979248e-01
-8.376165032386779785e-01
-7.568257451057434082e-01
-5.121679306030273438e-01
-5.066731572151184082e-01
-1.115924477577209473e+00
-2.005518913269042969e+00
-1.977509617805480957e+00
-2.023102760314941406e+00
-2.710423946380615234e+00
-3.386475563049316406e+00
-1.907078742980957031e+00
-9.539575576782226562e-01
-1.782141923904418945e+00
-2.028773784637451172e+00
-7.517191767692565918e-01
-3.887832462787628174e-01
-8.549520969390869141e-01
-1.254317998886108398e+00
-7.443906664848327637e-01
-8.346557617187500000e-01
-1.408705830574035645e+00
-1.476812481880187988e+00
-8.591089248657226562e-01
-5.199890136718750000e-01
-1.096191406250000000e+00
-1.721399664878845215e+00
-7.943500876426696777e-01
-4.358193874359130859e-01
-1.116870522499084473e+00
-1.719531655311584473e+00
-8.232427239418029785e-01
-6.997118592262268066e-01
-2.218855381011962891e+00
-2.527637243270874023e+00
-2.519254446029663086e+00
-2.025742292404174805e+00
-2.078449487686157227e+00
-2.090080499649047852e+00
-1.355364918708801270e+00
-9.817537069320678711e-01
-1.117506027221679688e+00
-1.286943912506103516e+00
-9.186508655548095703e-01
-7.316359281539916992e-01
-1.558343172073364258e+00
-2.147016525268554688e+00
-1.619366526603698730e+00
-1.349233508110046387e+00
-1.405218839645385742e+00
-1.774849295616149902e+00
-1.146362781524658203e+00
-1.126140356063842773e+00
-1.827349185943603516e+00
-2.922881603240966797e+00
-3.082449913024902344e+00
-3.014840602874755859e+00
-3.409695386886596680e+00
-3.624546527862548828e+00
-2.281217336654663086e+00
-1.451621651649475098e+00
-1.141357898712158203e+00
-1.265309691429138184e+00
-7.130651473999023438e-01
-6.908355355262756348e-01
-1.112255930900573730e+00
-1.185364246368408203e+00
-1.167221307754516602e+00
-9.636808633804321289e-01
-1.645719885826110840e+00
-1.460289120674133301e+00
-9.112548828125000000e-01
-7.601741552352905273e-01
-8.584734201431274414e-01
-9.919021129608154297e-01
-8.767609000205993652e-01
-9.645974636077880859e-01
-1.443518400192260742e+00
-1.460005402565002441e+00
-9.549779891967773438e-01
-1.129768729209899902e+00
-1.324889063835144043e+00
-1.360508441925048828e+00
-1.170394659042358398e+00
-1.078539371490478516e+00
-1.332111001014709473e+00
-1.183321714401245117e+00
-1.232790231704711914e+00
-1.376399040222167969e+00
-1.628035187721252441e+00
-1.723019242286682129e+00
-1.502674341201782227e+00
-1.317947149276733398e+00
-1.457011461257934570e+00
-1.446865200996398926e+00
-1.306461811065673828e+00
-1.119163155555725098e+00
-1.372243762016296387e+00
-1.445174336433410645e+00
-1.442109227180480957e+00
-1.258650898933410645e+00
-1.767555117607116699e+00
-1.835697054862976074e+00
-1.767765998840332031e+00
-1.609711766242980957e+00
-1.551753520965576172e+00
-1.616441130638122559e+00
-1.518773674964904785e+00
-1.468498945236206055e+00
-2.075493097305297852e+00
-2.320541143417358398e+00
-2.291645765304565430e+00
-2.140108823776245117e+00
-2.355066061019897461e+00
-2.370217800140380859e+00
-2.347596168518066406e+00
-1.976452231407165527e+00
-2.056432247161865234e+00
-2.377968311309814453e+00
-2.678152561187744141e+00
-2.355099916458129883e+00
-2.638091564178466797e+00
-3.107536554336547852e+00
-3.118564605712890625e+00
-2.731070518493652344e+00
-2.260431051254272461e+00
-2.935953140258789062e+00
-2.856959342956542969e+00
-2.534050703048706055e+00
-2.727268218994140625e+00
-3.036119461059570312e+00
-3.108206272125244141e+00
-3.071108102798461914e+00
-3.424279451370239258e+00
-3.897107124328613281e+00
-3.257313013076782227e+00
-2.395476818084716797e+00
-3.077766895294189453e+00
-3.581245899200439453e+00
-3.190544843673706055e+00
-2.613466024398803711e+00
-2.583691596984863281e+00
-2.880846977233886719e+00
-2.610292673110961914e+00
-1.716362714767456055e+00
-2.000092506408691406e+00
-2.568224906921386719e+00
-2.433988809585571289e+00
-2.183058261871337891e+00
-2.172208070755004883e+00
-2.585242033004760742e+00
-1.578600406646728516e+00
-1.508382678031921387e+00
-1.149466037750244141e+00
-1.332005500793457031e+00
-9.561419486999511719e-01
-8.965609073638916016e-01
-1.128287315368652344e+00
-1.365581870079040527e+00
-1.616053581237792969e+00
-1.830377936363220215e+00
-2.076407909393310547e+00
-2.684988021850585938e+00
-2.736110687255859375e+00
-2.421129226684570312e+00
-3.570955991744995117e+00
-3.361885547637939453e+00
-3.077553272247314453e+00
-2.623717784881591797e+00
-2.853471279144287109e+00
-3.201431512832641602e+00
-3.246002197265625000e+00
-3.088194131851196289e+00
-3.347826480865478516e+00
-3.277115106582641602e+00
-2.704684495925903320e+00
-2.075245141983032227e+00
-2.689496994018554688e+00
-3.145481586456298828e+00
-2.234673738479614258e+00
-2.595177412033081055e+00
-3.473750591278076172e+00
-3.853031635284423828e+00
-3.272006273269653320e+00
-2.540776252746582031e+00
-2.273326635360717773e+00
-2.305424213409423828e+00
-2.605889558792114258e+00
-2.922775506973266602e+00
-3.237405300140380859e+00
-3.418466567993164062e+00
-2.874294996261596680e+00
-2.221073150634765625e+00
-1.863881945610046387e+00
-1.575713038444519043e+00
-1.500595927238464355e+00
-1.888967990875244141e+00
-2.648839473724365234e+00
-3.121279001235961914e+00
-2.910516500473022461e+00
-2.581298351287841797e+00
-2.562448501586914062e+00
-2.509775876998901367e+00
-2.575411558151245117e+00
-3.128500938415527344e+00
-3.417834281921386719e+00
-3.625109195709228516e+00
-3.848486661911010742e+00
-3.971731662750244141e+00
-4.058017730712890625e+00
-4.131795406341552734e+00
-4.351295948028564453e+00
-4.634356975555419922e+00
-5.229161262512207031e+00
-5.553059577941894531e+00
-5.533682346343994141e+00
-4.479438781738281250e+00
-3.323690891265869141e+00
-2.668745040893554688e+00
-2.713631153106689453e+00
-2.733854055404663086e+00
-3.068431138992309570e+00
-3.029214382171630859e+00
-2.740516424179077148e+00
-2.171994924545288086e+00
-2.224737882614135742e+00
-2.324133634567260742e+00
-3.123921155929565430e+00
-3.489921808242797852e+00
-4.668214321136474609e+00
-5.109651088714599609e+00
-5.630183696746826172e+00
-4.996411323547363281e+00
-5.504366874694824219e+00
-5.555595397949218750e+00
-5.118284702301025391e+00
-4.901178359985351562e+00
-5.503911495208740234e+00
-6.027507781982421875e+00
-5.489287853240966797e+00
-5.326373100280761719e+00
-6.301830768585205078e+00
-6.837937355041503906e+00
-6.641758918762207031e+00
-6.908015727996826172e+00
-7.415580749511718750e+00
-7.729015350341796875e+00
-7.434606075286865234e+00
-7.132556438446044922e+00
-8.092932701110839844e+00
-8.988382339477539062e+00
-9.398846626281738281e+00
-9.345959663391113281e+00
-1.001644515991210938e+01
-8.252259254455566406e+00
-6.701196670532226562e+00
-6.176082134246826172e+00
-6.398403644561767578e+00
-7.033761024475097656e+00
-6.726916790008544922e+00
-4.504700660705566406e+00
-6.747493267059326172e+00
-8.402915000915527344e+00
-8.106147766113281250e+00
-4.407318115234375000e+00
-1.640682339668273926e+00
-6.865715980529785156e-01
-2.068552732467651367e+00
-4.085253715515136719e+00
-6.043325424194335938e+00
-5.561864852905273438e+00
-3.632474660873413086e+00
-2.615612268447875977e+00
-2.491487741470336914e+00
-2.201979875564575195e+00
-1.369107484817504883e+00
-9.348931312561035156e-01
-1.026607632637023926e+00
-6.095891594886779785e-01
-7.502746582031250000e-01
-7.155338525772094727e-01
-1.524307489395141602e+00
-1.539985537528991699e+00
-1.458386301994323730e+00
-7.568610906600952148e-01
-4.299016594886779785e-01
-6.117366552352905273e-01
-8.389892578125000000e-01
-9.720304012298583984e-01
-1.096438169479370117e+00
-1.178179264068603516e+00
-1.474662899971008301e+00
-1.719463706016540527e+00
-1.847041606903076172e+00
-1.525786876678466797e+00
-1.399509906768798828e+00
-1.284334421157836914e+00
-1.524870276451110840e+00
-1.465680003166198730e+00
-1.447500705718994141e+00
-1.468884348869323730e+00
-1.621446609497070312e+00
-1.189417243003845215e+00
-6.468307971954345703e-01
-2.597945332527160645e-01
-1.031995773315429688e+00
-1.200093030929565430e+00
-1.384503245353698730e+00
-1.777913451194763184e+00
-2.195494651794433594e+00
-2.482748508453369141e+00
-2.799248933792114258e+00
-3.627717018127441406e+00
-4.766410827636718750e+00
-5.219156265258789062e+00
-4.658986568450927734e+00
-4.418204307556152344e+00
-4.887329578399658203e+00
-4.858689785003662109e+00
-5.047960758209228516e+00
-5.214505195617675781e+00
-5.592059612274169922e+00
-5.173425197601318359e+00
-4.936800003051757812e+00
-4.837091445922851562e+00
-5.211372375488281250e+00
-5.228597164154052734e+00
-6.135390281677246094e+00
-7.355826854705810547e+00
-7.893584728240966797e+00
-8.139619827270507812e+00
-8.758205413818359375e+00
-8.878383636474609375e+00
-9.952037811279296875e+00
-1.016248416900634766e+01
-1.096533966064453125e+01
-1.019525051116943359e+01
-9.139637947082519531e+00
-7.574058055877685547e+00
-5.824952125549316406e+00
-3.268449306488037109e+00
-2.131933927536010742e+00
-2.251871824264526367e+00
-2.080038547515869141e+00
-1.858668327331542969e+00
-2.355243921279907227e+00
-2.215399980545043945e+00
-1.640188694000244141e+00
-2.387902498245239258e+00
-2.786637067794799805e+00
-3.572682619094848633e+00
-3.745182514190673828e+00
-3.404129266738891602e+00
-3.576027393341064453e+00
-4.676356315612792969e+00
-6.701758861541748047e+00
-5.774958133697509766e+00
-6.271038055419921875e+00
-5.708366394042968750e+00
-6.050760746002197266e+00
-5.358995914459228516e+00
-5.213482379913330078e+00
-4.450195789337158203e+00
-3.063568115234375000e+00
-2.560967683792114258e+00
-2.594335079193115234e+00
-2.269873857498168945e+00
-7.831474542617797852e-01
4.087154865264892578e-01
7.719346284866333008e-01
9.120553135871887207e-01
-8.069634437561035156e-01
-1.797891139984130859e+00
-2.817745923995971680e+00
-2.523161888122558594e+00
-1.533608436584472656e+00
-1.179306268692016602e+00
2.797963917255401611e-01
7.526866346597671509e-02
-5.481010675430297852e-02
-9.948569536209106445e-02
-6.545442342758178711e-01
-1.862158536911010742e+00
-2.734911441802978516e+00
-2.508400917053222656e+00
-2.052942752838134766e+00
-1.903521060943603516e+00
-7.969231605529785156e-01
-5.392274260520935059e-01
-4.812343716621398926e-01
-5.865125060081481934e-01
-1.090732455253601074e+00
-9.084343910217285156e-01
-1.059551000595092773e+00
-1.060606360435485840e+00
-1.331936001777648926e+00
-1.538999319076538086e+00
-2.765986919403076172e+00
-3.334685325622558594e+00
-3.876039743423461914e+00
-5.069659709930419922e+00
-6.166500091552734375e+00
-6.424758434295654297e+00
-6.447096824645996094e+00
-5.848064422607421875e+00
-5.798597812652587891e+00
-5.880125522613525391e+00
-7.240262985229492188e+00
-7.390282154083251953e+00
-7.844964981079101562e+00
-7.356848239898681641e+00
-7.549430847167968750e+00
-7.682753086090087891e+00
-8.195886611938476562e+00
-8.901144027709960938e+00
-1.036690902709960938e+01
-9.939847946166992188e+00
-8.149201393127441406e+00
-8.402172088623046875e+00
-1.086612319946289062e+01
-1.288046550750732422e+01
-1.542467308044433594e+01
-1.549591445922851562e+01
-1.505645465850830078e+01
-1.390214920043945312e+01
-1.375086021423339844e+01
-1.447863101959228516e+01
-1.657154273986816406e+01
-1.756324768066406250e+01
-1.883966636657714844e+01
-1.963219451904296875e+01
-2.001436996459960938e+01
-1.977531051635742188e+01
-1.908841323852539062e+01
-2.000697135925292969e+01
-2.150226020812988281e+01
-2.223978805541992188e+01
-2.257655143737792969e+01
-2.231286239624023438e+01
-2.263768005371093750e+01
-2.249279785156250000e+01
-2.258274650573730469e+01
-2.236797142028808594e+01
-2.206471824645996094e+01
-2.175530052185058594e+01
-2.104059982299804688e+01
-2.083568763732910156e+01
-2.135030364990234375e+01
-2.157529830932617188e+01
-2.123977851867675781e+01
-2.107397079467773438e+01
-2.067118072509765625e+01
-2.068330192565917969e+01
-2.048610115051269531e+01
-2.026223182678222656e+01
-1.951849937438964844e+01
-2.003300666809082031e+01
-2.182425308227539062e+01
-2.243378448486328125e+01
-2.247014236450195312e+01
-2.234245681762695312e+01
-2.266022491455078125e+01
-2.274538993835449219e+01
-2.254727172851562500e+01
-2.103693389892578125e+01
-1.890861892700195312e+01
-1.681546020507812500e+01
-1.425158882141113281e+01
-1.338168907165527344e+01
-1.071821498870849609e+01
-1.061653327941894531e+01
-8.738650321960449219e+00
-7.343458652496337891e+00
-6.665469646453857422e+00
-6.399742126464843750e+00
-6.424970626831054688e+00
-7.183149814605712891e+00
-8.660364151000976562e+00
-8.213291168212890625e+00
-9.334931373596191406e+00
-1.094356918334960938e+01
-1.015512180328369141e+01
-6.896422386169433594e+00
-4.901285648345947266e+00
-6.726845264434814453e+00
-1.065972805023193359e+01
-1.208208370208740234e+01
-1.533095359802246094e+01
-1.688589286804199219e+01
-1.735804939270019531e+01
-1.720707321166992188e+01
-1.766246223449707031e+01
-1.727866744995117188e+01
-1.750169372558593750e+01
-1.750666046142578125e+01
-1.787854576110839844e+01
-1.723631668090820312e+01
-1.564970779418945312e+01
-1.218739700317382812e+01
-9.024565696716308594e+00
-6.827964782714843750e+00
-9.952246665954589844e+00
-1.329899406433105469e+01
-1.405403900146484375e+01
-1.047334575653076172e+01
-8.876093864440917969e+00
-7.405680179595947266e+00
-6.353940010070800781e+00
-1.410551357269287109e+01
-1.806291961669921875e+01
-1.712850570678710938e+01
-1.234872913360595703e+01
-6.123975276947021484e+00
-2.860728979110717773e+00
-1.768755435943603516e+00
-2.575519800186157227e+00
-4.273960590362548828e+00
-7.472481727600097656e+00
-7.393383502960205078e+00
-8.131374359130859375e+00
-9.236845970153808594e+00
-9.779080390930175781e+00
-9.190795898437500000e+00
-7.242305755615234375e+00
-8.363771438598632812e+00
-6.095610618591308594e+00
-3.931496620178222656e+00
-2.948211669921875000e+00
-2.515868663787841797e+00
-2.032156944274902344e+00
-2.177841901779174805e+00
-3.127476215362548828e+00
-4.452978610992431641e+00
-4.488105773925781250e+00
-3.828334331512451172e+00
-2.094164848327636719e+00
-8.613645434379577637e-01
-1.247763156890869141e+00
-1.823645830154418945e+00
-3.605448484420776367e+00
-6.438957214355468750e+00
-8.089552879333496094e+00
-7.596922874450683594e+00
-5.954397201538085938e+00
-6.384488105773925781e+00
-7.653684616088867188e+00
-6.367960929870605469e+00
-6.183552742004394531e+00
-5.686029434204101562e+00
-5.706358432769775391e+00
-6.740342140197753906e+00
-6.427507877349853516e+00
-6.500158309936523438e+00
-7.255903720855712891e+00
-7.149853706359863281e+00
-6.912277698516845703e+00
-7.753992557525634766e+00
-9.766398429870605469e+00
-1.122148227691650391e+01
-1.223309421539306641e+01
-1.285967445373535156e+01
-1.230722236633300781e+01
-1.063189506530761719e+01
-1.066607379913330078e+01
-1.141043663024902344e+01
-1.345169544219970703e+01
-1.494311141967773438e+01
-1.645601463317871094e+01
-1.697777748107910156e+01
-1.730706787109375000e+01
-1.783570098876953125e+01
-1.796074676513671875e+01
-1.844220352172851562e+01
-1.867266082763671875e+01
-1.848335647583007812e+01
-1.741223907470703125e+01
-1.595158290863037109e+01
-1.502692413330078125e+01
-1.424010276794433594e+01
-1.353847503662109375e+01
-1.148988723754882812e+01
-1.047947692871093750e+01
-9.407337188720703125e+00
-9.795778274536132812e+00
-8.248099327087402344e+00
-6.385334968566894531e+00
-5.951510429382324219e+00
-8.325297355651855469e+00
-9.768226623535156250e+00
-1.013842201232910156e+01
-1.007574176788330078e+01
-1.036201190948486328e+01
-1.034812927246093750e+01
-1.044575691223144531e+01
-1.054825210571289062e+01
-9.903628349304199219e+00
-7.358433246612548828e+00
-3.288985967636108398e+00
-9.711844325065612793e-01
-1.063707351684570312e+00
-1.295820832252502441e+00
-1.690113782882690430e+00
-2.822149515151977539e+00
-4.572664260864257812e+00
-7.003813743591308594e+00
-8.285518646240234375e+00
-9.597526550292968750e+00
-1.032966709136962891e+01
-9.198368072509765625e+00
-8.871194839477539062e+00
-8.613078117370605469e+00
-8.914462089538574219e+00
-9.386266708374023438e+00
-1.031514930725097656e+01
-1.102266216278076172e+01
-1.135980606079101562e+01
-8.799284934997558594e+00
-4.346151828765869141e+00
-3.049506902694702148e+00
-3.323797464370727539e+00
-2.792624950408935547e+00
-3.107572317123413086e+00
-3.434921503067016602e+00
-3.955455064773559570e+00
-4.026869297027587891e+00
-4.946732997894287109e+00
-7.109828948974609375e+00
-9.780243873596191406e+00
-1.129991245269775391e+01
-1.238219833374023438e+01
-1.332908535003662109e+01
-1.448222446441650391e+01
-1.498253536224365234e+01
-1.554513359069824219e+01
-1.517078399658203125e+01
-1.448804092407226562e+01
-1.435993385314941406e+01
-1.470634174346923828e+01
-1.632431221008300781e+01
-1.808032608032226562e+01
-1.839485168457031250e+01
-1.808895874023437500e+01
-1.734899139404296875e+01
-1.713502120971679688e+01
-1.745342445373535156e+01
-1.758646583557128906e+01
-1.671772575378417969e+01
-1.552885723114013672e+01
-1.480168056488037109e+01
-1.544028282165527344e+01
-1.477871036529541016e+01
-1.218122959136962891e+01
-9.127445220947265625e+00
-7.844647884368896484e+00
-7.863778114318847656e+00
-8.752743721008300781e+00
-1.073519706726074219e+01
-1.255195236206054688e+01
-1.295487880706787109e+01
-1.371400451660156250e+01
-1.497249603271484375e+01
-1.687722015380859375e+01
-1.708781433105468750e+01
-1.797212982177734375e+01
-1.758276176452636719e+01
-1.798555374145507812e+01
-1.836652374267578125e+01
-1.899352645874023438e+01
-1.997687911987304688e+01
-2.020399475097656250e+01
-2.037955665588378906e+01
-2.040337562561035156e+01
-1.984919548034667969e+01
-1.873298263549804688e+01
-1.795196914672851562e+01
-1.837310981750488281e+01
-1.843297576904296875e+01
-1.740875053405761719e+01
-1.563420200347900391e+01
-1.083127880096435547e+01
-1.119759750366210938e+01
-1.250178146362304688e+01
-1.306124496459960938e+01
-1.396105957031250000e+01
-1.504105567932128906e+01
-1.544267845153808594e+01
-1.619905853271484375e+01
-1.745560836791992188e+01
-1.799055099487304688e+01
-1.890678596496582031e+01
-1.877230453491210938e+01
-1.996141242980957031e+01
-2.024515151977539062e+01
-2.173197364807128906e+01
-2.230011177062988281e+01
-2.283219909667968750e+01
-2.235130500793457031e+01
-2.106223678588867188e+01
-1.942625808715820312e+01
-1.839163970947265625e+01
-1.878907012939453125e+01
-1.962726593017578125e+01
-2.092196846008300781e+01
-2.219324874877929688e+01
-2.219716072082519531e+01
-2.256597709655761719e+01
-2.260808181762695312e+01
-2.185931015014648438e+01
-2.134424018859863281e+01
-2.004977607727050781e+01
-1.866818809509277344e+01
-1.649395751953125000e+01
-1.431085300445556641e+01
-1.311458683013916016e+01
-1.320605278015136719e+01
-1.380614185333251953e+01
-1.332965087890625000e+01
-1.191028690338134766e+01
-1.197494316101074219e+01
-1.354788398742675781e+01
-1.461678504943847656e+01
-1.530008602142333984e+01
-1.639062118530273438e+01
-1.719915199279785156e+01
-1.552226543426513672e+01
-1.270077705383300781e+01
-1.286767578125000000e+01
-1.070806980133056641e+01
-9.316187858581542969e+00
-7.077415943145751953e+00
-6.937856674194335938e+00
-4.643625736236572266e+00
-5.580257892608642578e+00
-7.124028682708740234e+00
-7.657349586486816406e+00
-7.819385051727294922e+00
-7.646567821502685547e+00
-7.250090599060058594e+00
-6.918865680694580078e+00
-7.132554531097412109e+00
-6.816337585449218750e+00
-7.000923156738281250e+00
-7.185441017150878906e+00
-7.567222595214843750e+00
-7.603689670562744141e+00
-8.380189895629882812e+00
-9.381652832031250000e+00
-1.068298339843750000e+01
-1.190426349639892578e+01
-1.309651279449462891e+01
-1.278265571594238281e+01
-1.287119865417480469e+01
-1.442874336242675781e+01
-1.665976524353027344e+01
-1.717103195190429688e+01
-1.798438644409179688e+01
-1.867678833007812500e+01
-1.959495544433593750e+01
-2.001032066345214844e+01
-2.073055076599121094e+01
-2.040027427673339844e+01
-1.953245162963867188e+01
-1.890844345092773438e+01
-1.718357658386230469e+01
-1.540761852264404297e+01
-1.508016777038574219e+01
-1.479111289978027344e+01
-1.529998111724853516e+01
-1.527197551727294922e+01
-1.527838993072509766e+01
-1.491203403472900391e+01
-1.481944084167480469e+01
-1.467396259307861328e+01
-1.418330669403076172e+01
-1.375293540954589844e+01
-1.401764678955078125e+01
-1.377756500244140625e+01
-1.374064540863037109e+01
-1.405474281311035156e+01
-1.472903633117675781e+01
-1.529868221282958984e+01
-1.561045646667480469e+01
-1.578725910186767578e+01
-1.770156860351562500e+01
-1.892415618896484375e+01
-2.002690696716308594e+01
-2.104296112060546875e+01
-2.197504806518554688e+01
-2.223979377746582031e+01
-2.278191757202148438e+01
-2.238631820678710938e+01
-2.226995086669921875e+01
-2.212422180175781250e+01
-2.353988647460937500e+01
-2.400383567810058594e+01
-2.416315460205078125e+01
-2.389507293701171875e+01
-2.219698333740234375e+01
-2.092601966857910156e+01
-2.216925430297851562e+01
-2.360239219665527344e+01
-2.476997947692871094e+01
-2.555778694152832031e+01
-2.581505966186523438e+01
-2.516835403442382812e+01
-2.498039245605468750e+01
-2.460976982116699219e+01
-2.426114654541015625e+01
-2.369089508056640625e+01
-2.299053573608398438e+01
-2.326083946228027344e+01
-2.411710739135742188e+01
-2.214561271667480469e+01
-1.837135124206542969e+01
-1.625690841674804688e+01
-1.586127567291259766e+01
-1.677240371704101562e+01
-1.838685226440429688e+01
-1.889283561706542969e+01
-1.837106513977050781e+01
-1.635190200805664062e+01
-1.397550582885742188e+01
-1.517307567596435547e+01
-1.967817687988281250e+01
-2.261829948425292969e+01
-1.572591400146484375e+01
-9.457581520080566406e+00
-6.985035896301269531e+00
-6.410032272338867188e+00
-6.890115261077880859e+00
-7.726122856140136719e+00
-9.436227798461914062e+00
-1.008000278472900391e+01
-8.720150947570800781e+00
-8.058969497680664062e+00
-8.087298393249511719e+00
-8.679139137268066406e+00
-7.935232639312744141e+00
-7.385244846343994141e+00
-7.723447799682617188e+00
-7.300050735473632812e+00
-7.413960456848144531e+00
-8.103894233703613281e+00
-1.057213973999023438e+01
-1.242983436584472656e+01
-1.454945087432861328e+01
-1.635510253906250000e+01
-1.694011688232421875e+01
-1.762310409545898438e+01
-1.916092109680175781e+01
-2.073872184753417969e+01
-2.056970977783203125e+01
-2.033418083190917969e+01
-2.134582328796386719e+01
-2.201648330688476562e+01
-2.224525070190429688e+01
-2.193456840515136719e+01
-2.174916839599609375e+01
-2.088617515563964844e+01
-1.741325759887695312e+01
-1.713738441467285156e+01
-1.858795928955078125e+01
-2.000545692443847656e+01
-2.156758117675781250e+01
-2.254920959472656250e+01
-2.339212226867675781e+01
-2.464694976806640625e+01
-2.457273864746093750e+01
-2.144021415710449219e+01
-2.141012573242187500e+01
-2.074711227416992188e+01
-2.249663734436035156e+01
-2.402282524108886719e+01
-2.547277641296386719e+01
-2.594169044494628906e+01
-2.599865722656250000e+01
-2.634495353698730469e+01
-2.694752120971679688e+01
-2.587767219543457031e+01
-2.464053344726562500e+01
-2.446606254577636719e+01
-2.479672431945800781e+01
-2.487497520446777344e+01
-2.142710685729980469e+01
-1.610509109497070312e+01
-1.584665489196777344e+01
-1.776375389099121094e+01
-1.632117843627929688e+01
-1.347540664672851562e+01
-1.696615028381347656e+01
-2.121028137207031250e+01
-2.035535240173339844e+01
-1.757991027832031250e+01
-1.722243499755859375e+01
-1.305064010620117188e+01
-8.897336959838867188e+00
-5.891048908233642578e+00
-3.943087816238403320e+00
-3.160811662673950195e+00
-2.896349430084228516e+00
-2.887965202331542969e+00
-3.398455619812011719e+00
-3.002121686935424805e+00
-2.733820438385009766e+00
-2.640065431594848633e+00
-2.840504884719848633e+00
-3.297549009323120117e+00
-3.865891933441162109e+00
-4.128765583038330078e+00
-6.031241416931152344e+00
-9.956933975219726562e+00
-1.399787521362304688e+01
-1.559199142456054688e+01
-1.561239433288574219e+01
-1.572340965270996094e+01
-1.378524398803710938e+01
-1.067642974853515625e+01
-7.525859832763671875e+00
-6.525912284851074219e+00
-7.161550521850585938e+00
-8.151034355163574219e+00
-9.461492538452148438e+00
-1.050773429870605469e+01
-1.098084354400634766e+01
-1.166545391082763672e+01
-1.375304412841796875e+01
-1.588294506072998047e+01
-1.620546531677246094e+01
-1.446143627166748047e+01
-1.290336132049560547e+01
-1.229626655578613281e+01
-1.322169208526611328e+01
-1.476172924041748047e+01
-1.577887058258056641e+01
-1.371457004547119141e+01
-1.041623401641845703e+01
-8.894414901733398438e+00
-1.076778793334960938e+01
-9.846233367919921875e+00
-1.169977092742919922e+01
-1.534025478363037109e+01
-1.878540611267089844e+01
-1.948749351501464844e+01
-1.997469902038574219e+01
-1.856209945678710938e+01
-1.732573890686035156e+01
-1.412714862823486328e+01
-1.233886051177978516e+01
-1.446996688842773438e+01
-1.228065872192382812e+01
-1.090713310241699219e+01
-1.296801662445068359e+01
-9.333877563476562500e+00
-8.672341346740722656e+00
-1.317117214202880859e+01
-1.548132896423339844e+01
-1.822502517700195312e+01
-2.109869575500488281e+01
-2.120108795166015625e+01
-1.858602142333984375e+01
-1.608790206909179688e+01
-1.254455375671386719e+01
-1.293676567077636719e+01
-1.507787227630615234e+01
-1.706917190551757812e+01
-1.910813903808593750e+01
-1.943485450744628906e+01
-1.992382049560546875e+01
-1.923381805419921875e+01
-2.099310493469238281e+01
-2.118678474426269531e+01
-2.027146339416503906e+01
-1.680499649047851562e+01
-9.537591934204101562e+00
-3.682083368301391602e+00
-1.388485074043273926e+00
-4.316261708736419678e-01
-1.184909224510192871e+00
-2.704225778579711914e+00
-3.780312061309814453e+00
-4.507590770721435547e+00
-4.097654342651367188e+00
-3.177369117736816406e+00
-5.311115264892578125e+00
-7.837706089019775391e+00
-1.120732116699218750e+01
-1.379849433898925781e+01
-1.551169967651367188e+01
-1.547745037078857422e+01
-1.556190681457519531e+01
-1.499486255645751953e+01
-1.227942180633544922e+01
-1.096519565582275391e+01
-1.341850757598876953e+01
-1.694363975524902344e+01
-1.764111137390136719e+01
-1.733119773864746094e+01
-1.880041694641113281e+01
-1.800098037719726562e+01
-1.598205947875976562e+01
-1.574902725219726562e+01
-1.856883049011230469e+01
-1.925974845886230469e+01
-1.989087486267089844e+01
-1.962652206420898438e+01
-2.124389266967773438e+01
-2.191600227355957031e+01
-2.168976593017578125e+01
-2.064620208740234375e+01
-2.011101150512695312e+01
-1.853437232971191406e+01
-1.753005218505859375e+01
-1.475144386291503906e+01
-1.034643554687500000e+01
-9.022452354431152344e+00
-8.828636169433593750e+00
-8.799850463867187500e+00
-1.039037704467773438e+01
-1.111486816406250000e+01
-1.108094024658203125e+01
-1.163889026641845703e+01
-1.231215667724609375e+01
-1.198103713989257812e+01
-1.044477272033691406e+01
-9.794971466064453125e+00
-1.042895412445068359e+01
-1.036056613922119141e+01
-1.048056983947753906e+01
-1.120484924316406250e+01
-1.357698822021484375e+01
-1.504140853881835938e+01
-1.473597717285156250e+01
-1.441133880615234375e+01
-1.576826381683349609e+01
-1.651530838012695312e+01
-1.523377990722656250e+01
-1.451922035217285156e+01
-1.632579040527343750e+01
-1.706684875488281250e+01
-1.594735622406005859e+01
-1.521352481842041016e+01
-1.637240219116210938e+01
-1.613074302673339844e+01
-1.436845970153808594e+01
-1.469693374633789062e+01
-1.581058406829833984e+01
-1.684350967407226562e+01
-1.604043960571289062e+01
-1.541293907165527344e+01
-1.489973640441894531e+01
-1.416386127471923828e+01
-1.344133758544921875e+01
-1.224341869354248047e+01
-1.303925704956054688e+01
-1.197916698455810547e+01
-1.011770343780517578e+01
-9.468992233276367188e+00
-1.056974411010742188e+01
-1.145754432678222656e+01
-1.229859066009521484e+01
-1.098225116729736328e+01
-9.911308288574218750e+00
-8.323536872863769531e+00
-7.150238990783691406e+00
-6.432439327239990234e+00
-5.844614028930664062e+00
-6.359927654266357422e+00
-5.468183040618896484e+00
-3.975219726562500000e+00
-4.495715618133544922e+00
-6.873344898223876953e+00
-8.064537048339843750e+00
-8.793752670288085938e+00
-1.021931552886962891e+01
-7.063110351562500000e+00
-6.698130130767822266e+00
-5.363326549530029297e+00
-2.457697391510009766e+00
-1.080864071846008301e+00
-3.902646899223327637e-01
-4.847219288349151611e-01
-1.615947484970092773e+00
-1.603685855865478516e+00
-7.250109314918518066e-01
-8.347617983818054199e-01
-3.089814186096191406e+00
-4.811545372009277344e+00
-4.730262279510498047e+00
-5.184697628021240234e+00
-4.856925487518310547e+00
-3.655303955078125000e+00
-3.860923290252685547e+00
-4.702605724334716797e+00
-4.627170562744140625e+00
-5.383729457855224609e+00
-7.368050575256347656e+00
-1.014800739288330078e+01
-1.277652549743652344e+01
-1.290262508392333984e+01
-1.331386184692382812e+01
-1.132630252838134766e+01
-9.825518608093261719e+00
-8.951950073242187500e+00
-8.799144744873046875e+00
-7.381122112274169922e+00
-7.351669788360595703e+00
-5.893938541412353516e+00
-7.079176425933837891e+00
-9.644278526306152344e+00
-1.289173889160156250e+01
-1.263362026214599609e+01
-7.892563819885253906e+00
-5.128112792968750000e+00
-5.384926795959472656e+00
-7.032386302947998047e+00
-8.770712852478027344e+00
-9.584697723388671875e+00
-1.197046756744384766e+01
-1.264436817169189453e+01
-1.238113784790039062e+01
-1.251960372924804688e+01
-1.481271171569824219e+01
-1.558674240112304688e+01
-1.377791690826416016e+01
-1.405411529541015625e+01
-1.526637172698974609e+01
-1.355020809173583984e+01
-1.069221210479736328e+01
-1.251650524139404297e+01
-1.490516281127929688e+01
-1.579676532745361328e+01
-1.528367424011230469e+01
-1.466948890686035156e+01
-1.624535369873046875e+01
-1.658189773559570312e+01
-1.595423030853271484e+01
-1.617168045043945312e+01
-1.821481132507324219e+01
-1.948326492309570312e+01
-1.771517181396484375e+01
-1.606457710266113281e+01
-1.787509346008300781e+01
-1.823263740539550781e+01
-1.528723144531250000e+01
-1.229897785186767578e+01
-1.142618560791015625e+01
-1.059433460235595703e+01
-9.943229675292968750e+00
-9.990021705627441406e+00
-1.065849685668945312e+01
-1.195661830902099609e+01
-1.257661533355712891e+01
-1.297238636016845703e+01
-1.515352249145507812e+01
-1.608761596679687500e+01
-1.431462192535400391e+01
-1.312610721588134766e+01
-1.565988826751708984e+01
-1.671937751770019531e+01
-1.468988800048828125e+01
-1.309165382385253906e+01
-1.471786594390869141e+01
-1.497510051727294922e+01
-1.256287670135498047e+01
-1.133239364624023438e+01
-1.242775058746337891e+01
-1.322063636779785156e+01
-1.204734611511230469e+01
-1.089064502716064453e+01
-1.278991508483886719e+01
-1.356049537658691406e+01
-1.124279785156250000e+01
-1.083667182922363281e+01
-1.281285095214843750e+01
-1.366101741790771484e+01
-1.347565078735351562e+01
-1.387474346160888672e+01
-1.499951839447021484e+01
-1.395528125762939453e+01
-1.071162509918212891e+01
-9.624617576599121094e+00
-8.471971511840820312e+00
-7.891402721405029297e+00
-6.982038497924804688e+00
-6.513616085052490234e+00
-8.054671287536621094e+00
-9.765447616577148438e+00
-8.332272529602050781e+00
-7.320731163024902344e+00
-8.950646400451660156e+00
-9.799375534057617188e+00
-8.706727981567382812e+00
-8.017640113830566406e+00
-1.047845458984375000e+01
-1.181635475158691406e+01
-9.729330062866210938e+00
-8.511713981628417969e+00
-9.982583999633789062e+00
-9.467477798461914062e+00
-7.327111721038818359e+00
-5.976068973541259766e+00
-6.700596332550048828e+00
-6.600783348083496094e+00
-5.234623908996582031e+00
-3.199882745742797852e+00
-3.658370733261108398e+00
-4.823454856872558594e+00
-3.768965244293212891e+00
-3.998085975646972656e+00
-6.358556270599365234e+00
-6.364615917205810547e+00
-3.218309402465820312e+00
-1.257629871368408203e+00
-2.858191728591918945e+00
-3.533046722412109375e+00
-3.588466167449951172e+00
-4.277413845062255859e+00
-6.385228157043457031e+00
-7.307028293609619141e+00
-6.431064605712890625e+00
-5.117931365966796875e+00
-6.145432949066162109e+00
-6.783079624176025391e+00
-5.565073490142822266e+00
-5.355508327484130859e+00
-5.603369235992431641e+00
-5.107994556427001953e+00
-2.820598840713500977e+00
-1.616475462913513184e+00
-2.540037393569946289e+00
-3.232297182083129883e+00
-2.281498908996582031e+00
-1.715060591697692871e+00
-2.976399660110473633e+00
-3.601643800735473633e+00
-2.698623418807983398e+00
-3.066526651382446289e+00
-4.682978630065917969e+00
-5.907608509063720703e+00
-4.977952003479003906e+00
-4.230024337768554688e+00
-5.166835784912109375e+00
-5.063673496246337891e+00
-3.538859128952026367e+00
-2.769582748413085938e+00
-2.853261232376098633e+00
-3.102710485458374023e+00
-2.518830299377441406e+00
-1.607033729553222656e+00
-2.336463689804077148e+00
-2.726737499237060547e+00
-2.698059082031250000e+00
-2.554099082946777344e+00
-3.761637449264526367e+00
-4.513475418090820312e+00
-3.798599004745483398e+00
-3.124730587005615234e+00
-4.109387874603271484e+00
-4.247782707214355469e+00
-3.181280851364135742e+00
-2.971502542495727539e+00
-5.034747600555419922e+00
-5.082698345184326172e+00
-3.411494255065917969e+00
-2.911993741989135742e+00
-3.649209499359130859e+00
-4.145184993743896484e+00
-3.006947278976440430e+00
-3.209888696670532227e+00
-5.517333984375000000e+00
-6.285518646240234375e+00
-3.913350343704223633e+00
-2.976646661758422852e+00
-4.670225620269775391e+00
-5.152460575103759766e+00
-2.835994243621826172e+00
-1.996323466300964355e+00
-4.441741466522216797e+00
-4.803688049316406250e+00
-2.891103029251098633e+00
-1.789682984352111816e+00
-2.443184852600097656e+00
-2.174710035324096680e+00
-8.387788534164428711e-01
2.863865792751312256e-01
2.625705599784851074e-01
5.265310406684875488e-01
1.080857157707214355e+00
9.396057128906250000e-01
5.236976966261863708e-02
-1.254170686006546021e-01
6.785653233528137207e-01
9.664874076843261719e-01
-1.636084914207458496e-01
-4.795414507389068604e-01
7.357145547866821289e-01
1.112353920936584473e+00
-1.023153781890869141e+00
-2.411227464675903320e+00
-6.294968128204345703e-01
-8.384035527706146240e-02
-6.027178764343261719e-01
-9.213642477989196777e-01
3.492709994316101074e-02
3.598820269107818604e-01
-8.200694322586059570e-01
-1.552460193634033203e+00
-3.554542958736419678e-01
2.438600808382034302e-01
-6.987615227699279785e-01
-8.718625903129577637e-01
-8.342006802558898926e-02
1.096223518252372742e-01
-7.428407073020935059e-01
-7.209601402282714844e-01
4.548350572586059570e-01
3.227126896381378174e-01
-2.864320874214172363e-01
-5.332036614418029785e-01
8.837258815765380859e-01
8.708319664001464844e-01
-7.344173192977905273e-01
-1.246707797050476074e+00
1.868189722299575806e-01
2.638394534587860107e-01
-1.307800769805908203e+00
-1.549041271209716797e+00
-2.050443887710571289e-01
1.318905502557754517e-01
-7.588698863983154297e-01
-8.051307797431945801e-01
8.823488652706146240e-02
3.746814429759979248e-01
-3.941725492477416992e-01
-6.289678215980529785e-01
-7.898110151290893555e-02
4.490576088428497314e-01
-5.451478362083435059e-01
-7.355116605758666992e-01
2.146879434585571289e-01
5.804759263992309570e-01
-5.149177312850952148e-01
-1.106480598449707031e+00
2.705313563346862793e-01
5.782572627067565918e-01
-9.019866585731506348e-01
-1.358995437622070312e+00
2.427689433097839355e-01
3.826770484447479248e-01
-1.041864752769470215e+00
-1.297899723052978516e+00
1.799444854259490967e-01
4.651243090629577637e-01
-5.397215485572814941e-01
-7.213102579116821289e-01
1.718808859586715698e-01
5.308345556259155273e-01
-9.035018086433410645e-01
-1.645474076271057129e+00
9.312144480645656586e-03
-2.944646477699279785e-01
-1.616865158081054688e+00
-2.845545768737792969e+00
-7.936658710241317749e-02
4.582530260086059570e-01
-1.727003693580627441e+00
-3.130863189697265625e+00
-3.860698640346527100e-01
-7.320149987936019897e-02
-2.107307910919189453e+00
-3.227293252944946289e+00
-9.021295905113220215e-01
-5.364813804626464844e-01
-2.231995582580566406e+00
-3.073292016983032227e+00
-1.007227301597595215e+00
-4.493857920169830322e-01
-1.803281068801879883e+00
-2.337941408157348633e+00
-1.409096121788024902e+00
-5.774905681610107422e-01
-2.591550111770629883e+00
-3.795531749725341797e+00
-6.376712322235107422e-01
-4.300049841403961182e-01
-2.262933015823364258e+00
-2.988978862762451172e+00
5.768454074859619141e-01
8.841209858655929565e-02
-2.218642950057983398e+00
-3.022095680236816406e+00
-8.758105635643005371e-01
4.566677212715148926e-01
-1.006485223770141602e+00
-1.883331298828125000e+00
-1.270276546478271484e+00
