1.028711199760437012e+00
5.889330506324768066e-01
9.017639160156250000e-01
1.964920878410339355e+00
1.511612772941589355e+00
1.953092813491821289e-01
-3.930770978331565857e-02
1.368922233581542969e+00
1.544240355491638184e+00
1.738870143890380859e-01
-1.403551548719406128e-01
1.704656720161437988e+00
1.422791004180908203e+00
-2.148389369249343872e-01
-5.901049971580505371e-01
6.982609033584594727e-01
5.035266280174255371e-01
-2.337228804826736450e-01
-1.208372935652732849e-01
7.095706462860107422e-01
9.666624665260314941e-01
1.226255148649215698e-01
-2.582445740699768066e-01
3.605153858661651611e-01
5.651502013206481934e-01
-4.292682707309722900e-01
-8.844047784805297852e-01
-1.563522666692733765e-01
1.288607418537139893e-01
-5.558937191963195801e-01
-1.012724757194519043e+00
-2.416510283946990967e-01
1.598623245954513550e-01
-5.006462335586547852e-01
-8.504071235656738281e-01
-1.576907485723495483e-01
-1.601203829050064087e-01
-7.874086499214172363e-01
-8.833853602409362793e-01
1.001790389418601990e-01
3.606578111648559570e-01
-1.573025882244110107e-01
-3.344191312789916992e-01
1.815528236329555511e-02
3.415628969669342041e-01
-3.937838226556777954e-02
-2.044436782598495483e-01
2.112319618463516235e-01
6.246219873428344727e-01
2.763446867465972900e-01
4.560396820306777954e-02
4.180185496807098389e-01
4.118850529193878174e-01
6.329184770584106445e-02
-3.679616749286651611e-01
-5.393334031105041504e-01
-7.944201827049255371e-01
-2.468199729919433594e+00
-3.274224996566772461e+00
-2.420176744461059570e+00
-1.684159636497497559e+00
-2.341007709503173828e+00
-2.720047712326049805e+00
-1.677959203720092773e+00
-1.034214496612548828e+00
-1.893407940864562988e+00
-2.249722242355346680e+00
-1.045773148536682129e+00
-4.225710034370422363e-01
-1.564825773239135742e+00
-2.269309520721435547e+00
-3.560518026351928711e-01
2.302958220243453979e-01
-7.978729605674743652e-01
-1.168877840042114258e+00
-8.433559536933898926e-02
4.626577198505401611e-01
-5.765059590339660645e-01
-1.039044857025146484e+00
8.034261316061019897e-02
4.618471264839172363e-01
-9.097745418548583984e-01
-1.675597071647644043e+00
-7.147270441055297852e-02
2.814191877841949463e-01
-8.822214007377624512e-01
-1.542806506156921387e+00
-1.388024568557739258e+00
-9.407407641410827637e-01
-1.954361200332641602e+00
-3.028933286666870117e+00
-2.473589420318603516e+00
-1.822730898857116699e+00
-2.816089868545532227e+00
-3.353533744812011719e+00
-1.817834138870239258e+00
-1.083753585815429688e+00
-1.920572876930236816e+00
-2.010874509811401367e+00
-5.426089763641357422e-01
-1.731899380683898926e-01
-9.579365849494934082e-01
-1.308295011520385742e+00
-1.218582987785339355e-01
7.164242118597030640e-02
-8.771137595176696777e-01
-1.460467457771301270e+00
-8.228529691696166992e-01
-9.041014313697814941e-01
-1.154678106307983398e+00
-8.013589382171630859e-01
-2.934784591197967529e-01
-5.628940463066101074e-02
-4.675988852977752686e-01
-5.165726542472839355e-01
-4.421975612640380859e-01
-2.628966271877288818e-01
-6.871712803840637207e-01
-1.008707642555236816e+00
-5.117123126983642578e-01
-4.266592860221862793e-01
-5.873557925224304199e-01
-3.677855432033538818e-01
-3.387868702411651611e-01
-5.480020046234130859e-01
-6.613823175430297852e-01
-7.153604030609130859e-01
-5.862640738487243652e-01
-4.544222652912139893e-01
-7.011247873306274414e-01
-8.095344305038452148e-01
-6.440483331680297852e-01
-5.598031878471374512e-01
-9.816503524780273438e-01
-1.477235436439514160e+00
-1.493445158004760742e+00
-1.305405497550964355e+00
-1.531919240951538086e+00
-1.535370945930480957e+00
-1.313435912132263184e+00
-1.192519903182983398e+00
-1.356422305107116699e+00
-1.970428466796875000e+00
-1.621444463729858398e+00
-1.289233803749084473e+00
-1.215629696846008301e+00
-1.024985909461975098e+00
-7.129634618759155273e-01
-7.807493805885314941e-01
-1.392186164855957031e+00
-1.569230437278747559e+00
-1.383339285850524902e+00
-1.193856239318847656e+00
-1.207669496536254883e+00
-1.349834799766540527e+00
-1.235220432281494141e+00
-1.191392898559570312e+00
-1.350007176399230957e+00
-1.484705924987792969e+00
-1.622605204582214355e+00
-1.444469809532165527e+00
-1.193009734153747559e+00
-1.092420578002929688e+00
-8.984996080398559570e-01
-7.543956041336059570e-01
-8.044626116752624512e-01
-9.250653982162475586e-01
-3.422423303127288818e-01
-6.130414009094238281e-01
-8.225338459014892578e-01
-1.432208180427551270e+00
-1.066173315048217773e+00
-9.353519678115844727e-01
-1.208652973175048828e+00
-1.377773404121398926e+00
-1.086009263992309570e+00
-1.450705051422119141e+00
-1.828472971916198730e+00
-1.703855872154235840e+00
-2.904313564300537109e+00
-2.837970495223999023e+00
-2.499694824218750000e+00
-2.133980274200439453e+00
-2.194790601730346680e+00
-1.532905936241149902e+00
-1.291627049446105957e+00
-1.080442190170288086e+00
-5.147073268890380859e-01
-9.079397320747375488e-01
-1.157145142555236816e+00
-1.165882349014282227e+00
-1.331689119338989258e+00
-2.617128610610961914e+00
-3.800744771957397461e+00
-3.736304998397827148e+00
-4.513792037963867188e+00
-3.839081287384033203e+00
-4.131620883941650391e+00
-4.858582019805908203e+00
-5.164297580718994141e+00
-4.457417964935302734e+00
-3.736412286758422852e+00
-3.164436101913452148e+00
-3.336762428283691406e+00
-2.413129329681396484e+00
-2.983658552169799805e+00
-3.253893852233886719e+00
-2.741393566131591797e+00
-2.230975866317749023e+00
-2.558290719985961914e+00
-3.125292301177978516e+00
-3.641529321670532227e+00
-2.883737564086914062e+00
-2.674417495727539062e+00
-3.249984502792358398e+00
-4.135000705718994141e+00
-3.389507055282592773e+00
-3.574726343154907227e+00
-3.641634702682495117e+00
-3.547067165374755859e+00
-3.002083301544189453e+00
-2.871861934661865234e+00
-2.901000022888183594e+00
-3.025407314300537109e+00
-2.858014583587646484e+00
-3.669292688369750977e+00
-3.652766704559326172e+00
-4.084511756896972656e+00
-3.498590946197509766e+00
-3.373510599136352539e+00
-2.603672027587890625e+00
-2.548283100128173828e+00
-2.151244163513183594e+00
-2.028244256973266602e+00
-1.791550517082214355e+00
-2.559203624725341797e+00
-2.369088649749755859e+00
-2.553392887115478516e+00
-3.240999937057495117e+00
-2.157760858535766602e+00
-1.805959582328796387e+00
-9.786906838417053223e-01
-6.931596994400024414e-01
-1.285286903381347656e+00
-1.268130064010620117e+00
-1.237828254699707031e+00
-6.735352873802185059e-01
-1.013042211532592773e+00
-1.063635587692260742e+00
-8.079148530960083008e-01
-1.057609677314758301e+00
-1.040982484817504883e+00
-1.360687732696533203e+00
-1.250898361206054688e+00
-1.697197079658508301e+00
-1.329293727874755859e+00
-2.045473814010620117e+00
-2.080424070358276367e+00
-2.357956647872924805e+00
-5.409485816955566406e+00
-6.168507575988769531e+00
-6.826307773590087891e+00
-7.123533725738525391e+00
-7.359877586364746094e+00
-6.554978370666503906e+00
-6.876516342163085938e+00
-6.886064529418945312e+00
-6.699257850646972656e+00
-5.956830024719238281e+00
-5.648785591125488281e+00
-4.585206508636474609e+00
-4.601875305175781250e+00
-4.584680080413818359e+00
-4.341748714447021484e+00
-3.712062835693359375e+00
-3.536463260650634766e+00
-3.853171825408935547e+00
-5.396341323852539062e+00
-6.705495834350585938e+00
-7.008004188537597656e+00
-6.289359092712402344e+00
-5.964086055755615234e+00
-5.802472591400146484e+00
-5.096439361572265625e+00
-4.198666572570800781e+00
-4.160544395446777344e+00
-4.415916919708251953e+00
-4.456892013549804688e+00
-4.234076023101806641e+00
-4.614628314971923828e+00
-5.716926574707031250e+00
-6.555647850036621094e+00
-6.578938484191894531e+00
-6.535388946533203125e+00
-6.471055984497070312e+00
-5.495805263519287109e+00
-5.456099033355712891e+00
-6.129964351654052734e+00
-8.441459655761718750e+00
-8.595708847045898438e+00
-7.721615314483642578e+00
-7.943547725677490234e+00
-8.438961982727050781e+00
-7.232193946838378906e+00
-6.095787048339843750e+00
-6.828527450561523438e+00
-7.417553901672363281e+00
-7.428792953491210938e+00
-7.530580520629882812e+00
-8.166292190551757812e+00
-9.107256889343261719e+00
-8.444665908813476562e+00
-8.361306190490722656e+00
-1.114432334899902344e+01
-1.170660495758056641e+01
-1.168877983093261719e+01
-1.063397121429443359e+01
-1.040897560119628906e+01
-9.725524902343750000e+00
-8.892230987548828125e+00
-8.089975357055664062e+00
-8.418945312500000000e+00
-7.973211288452148438e+00
-7.457261085510253906e+00
-7.025304794311523438e+00
-8.179289817810058594e+00
-8.050620079040527344e+00
-7.561516284942626953e+00
-6.595850467681884766e+00
-6.242570400238037109e+00
-5.060923576354980469e+00
-3.751668214797973633e+00
-3.133785247802734375e+00
-3.723444938659667969e+00
-3.197203636169433594e+00
-3.086467981338500977e+00
-2.806789398193359375e+00
-2.883843660354614258e+00
-3.256432771682739258e+00
-3.018397331237792969e+00
-3.055427312850952148e+00
-3.979062795639038086e+00
-5.057964801788330078e+00
-4.938385009765625000e+00
-4.874963283538818359e+00
-4.982637405395507812e+00
-4.630201339721679688e+00
-3.983005523681640625e+00
-3.841511964797973633e+00
-3.927444219589233398e+00
-4.062739849090576172e+00
-4.638938426971435547e+00
-5.035484790802001953e+00
-5.856944084167480469e+00
-5.840208053588867188e+00
-5.503170013427734375e+00
-4.999972820281982422e+00
-4.690835475921630859e+00
-4.702042579650878906e+00
-4.592537879943847656e+00
-4.148321151733398438e+00
-3.901865005493164062e+00
-4.839132308959960938e+00
-7.850638389587402344e+00
-9.800359725952148438e+00
-9.788661956787109375e+00
-9.945169448852539062e+00
-9.843521118164062500e+00
-1.000368976593017578e+01
-1.047384166717529297e+01
-1.059405612945556641e+01
-1.059486103057861328e+01
-9.907361030578613281e+00
-1.041947460174560547e+01
-1.097816371917724609e+01
-1.184010028839111328e+01
-1.057869243621826172e+01
-7.798914909362792969e+00
-6.928906917572021484e+00
-5.599918365478515625e+00
-2.947790384292602539e+00
-3.046104013919830322e-01
1.191358044743537903e-01
-1.723160624504089355e+00
-3.611652612686157227e+00
-5.066172599792480469e+00
-6.183693885803222656e+00
-6.696650028228759766e+00
-6.223683834075927734e+00
-5.031399726867675781e+00
-1.890622854232788086e+00
4.021617174148559570e-01
-1.164508461952209473e+00
-2.800375461578369141e+00
-3.152002096176147461e+00
-2.987319707870483398e+00
-1.660482287406921387e+00
-1.854017257690429688e+00
-3.089461565017700195e+00
-4.484338760375976562e+00
-5.728695869445800781e+00
-6.697565555572509766e+00
-7.358186721801757812e+00
-6.046038627624511719e+00
-4.907556056976318359e+00
-3.953515291213989258e+00
-2.873625755310058594e+00
-1.678876876831054688e+00
-1.484633088111877441e+00
-4.937819480895996094e+00
-7.375836849212646484e+00
-7.718513965606689453e+00
-8.401857376098632812e+00
-8.958995819091796875e+00
-7.490483760833740234e+00
-4.560580730438232422e+00
-3.196288108825683594e+00
-3.503838777542114258e+00
-4.047940254211425781e+00
-4.630096435546875000e+00
-5.636774539947509766e+00
-7.449896335601806641e+00
-7.515044689178466797e+00
-7.168526649475097656e+00
-7.173212051391601562e+00
-7.874420642852783203e+00
-8.546808242797851562e+00
-8.611039161682128906e+00
-9.026011466979980469e+00
-9.802827835083007812e+00
-1.051231384277343750e+01
-1.196014308929443359e+01
-1.244040584564208984e+01
-1.277747440338134766e+01
-1.073082828521728516e+01
-6.860448837280273438e+00
-5.289445400238037109e+00
-5.074981689453125000e+00
-5.835063934326171875e+00
-7.805116176605224609e+00
-9.163947105407714844e+00
-7.923920154571533203e+00
-5.762519836425781250e+00
-6.365177631378173828e+00
-1.209029388427734375e+01
-1.033928489685058594e+01
-1.134948730468750000e+01
-1.334790325164794922e+01
-1.322926902770996094e+01
-1.242176437377929688e+01
-1.268435764312744141e+01
-1.373514556884765625e+01
-1.395545864105224609e+01
-1.384260654449462891e+01
-1.458796310424804688e+01
-1.655201911926269531e+01
-1.706134986877441406e+01
-1.799333190917968750e+01
-1.913664627075195312e+01
-1.932926368713378906e+01
-1.894349670410156250e+01
-2.012972068786621094e+01
-1.776847839355468750e+01
-1.437572097778320312e+01
-9.736310005187988281e+00
-7.347651004791259766e+00
-6.204339504241943359e+00
-8.244120597839355469e+00
-9.080337524414062500e+00
-6.341081142425537109e+00
-9.274154663085937500e+00
-1.005241680145263672e+01
-9.741521835327148438e+00
-9.070646286010742188e+00
-8.328537940979003906e+00
-8.708244323730468750e+00
-6.337344646453857422e+00
-4.661875247955322266e+00
-6.818593978881835938e+00
-6.510094165802001953e+00
-5.363329410552978516e+00
-2.761900901794433594e+00
-2.562340974807739258e+00
-3.246954679489135742e+00
-4.200922489166259766e+00
-4.702605724334716797e+00
-4.657187461853027344e+00
-4.549060344696044922e+00
-4.953322410583496094e+00
-5.594281673431396484e+00
-5.411986351013183594e+00
-4.910691261291503906e+00
-4.152970790863037109e+00
-3.695468187332153320e+00
-3.225707530975341797e+00
-3.152002811431884766e+00
-5.007371425628662109e+00
-9.872834205627441406e+00
-1.409850120544433594e+01
-1.559773731231689453e+01
-1.627688789367675781e+01
-1.649075698852539062e+01
-1.668079757690429688e+01
-1.732806968688964844e+01
-1.748495483398437500e+01
-1.788175201416015625e+01
-1.792808532714843750e+01
-1.859740829467773438e+01
-1.906293487548828125e+01
-1.963082313537597656e+01
-1.964879226684570312e+01
-1.937126159667968750e+01
-1.888642120361328125e+01
-1.721599197387695312e+01
-1.607067108154296875e+01
-1.480390548706054688e+01
-1.334176921844482422e+01
-1.170519828796386719e+01
-1.179719161987304688e+01
-1.240563011169433594e+01
-1.334398746490478516e+01
-1.641770935058593750e+01
-1.813218879699707031e+01
-1.949324035644531250e+01
-1.809519386291503906e+01
-1.734405899047851562e+01
-1.656319046020507812e+01
-1.624218368530273438e+01
-1.578235530853271484e+01
-1.391155719757080078e+01
-1.113417816162109375e+01
-9.540832519531250000e+00
-8.718603134155273438e+00
-5.637652397155761719e+00
-3.710055589675903320e+00
-5.586248874664306641e+00
-6.061826705932617188e+00
-5.230535984039306641e+00
-5.968492507934570312e+00
-6.469644546508789062e+00
-6.959312915802001953e+00
-6.553603649139404297e+00
-6.214380741119384766e+00
-5.860993862152099609e+00
-6.076269626617431641e+00
-6.384837150573730469e+00
-6.989509105682373047e+00
-8.227030754089355469e+00
-8.949060440063476562e+00
-9.851590156555175781e+00
-1.055374813079833984e+01
-1.201285076141357422e+01
-1.182101058959960938e+01
-1.139440345764160156e+01
-1.068759918212890625e+01
-1.142583465576171875e+01
-1.159058284759521484e+01
-1.227138996124267578e+01
-1.268470764160156250e+01
-1.273156929016113281e+01
-1.222428417205810547e+01
-1.208514976501464844e+01
-1.212933254241943359e+01
-1.160312366485595703e+01
-1.066927623748779297e+01
-9.815229415893554688e+00
-7.410083293914794922e+00
-5.376930236816406250e+00
-3.541889429092407227e+00
-3.330668210983276367e+00
-4.451040744781494141e+00
-5.866314411163330078e+00
-5.944849014282226562e+00
-4.748583793640136719e+00
-4.437229633331298828e+00
-5.170920848846435547e+00
-4.929048061370849609e+00
-5.323129653930664062e+00
-5.733839035034179688e+00
-5.401554107666015625e+00
-5.488651275634765625e+00
-5.607775688171386719e+00
-5.403213977813720703e+00
-5.112751960754394531e+00
-5.390777587890625000e+00
-5.994350433349609375e+00
-6.327972412109375000e+00
-6.995673656463623047e+00
-7.693249225616455078e+00
-9.440703392028808594e+00
-1.084082603454589844e+01
-1.152399349212646484e+01
-1.194432163238525391e+01
-1.152216148376464844e+01
-1.143746566772460938e+01
-1.040798664093017578e+01
-8.213184356689453125e+00
-7.318689823150634766e+00
-6.688194751739501953e+00
-7.017660140991210938e+00
-6.849878787994384766e+00
-6.336357593536376953e+00
-4.216951370239257812e+00
-2.278891086578369141e+00
-3.053030490875244141e+00
-5.406455039978027344e+00
-9.342155456542968750e+00
-1.166668796539306641e+01
-1.256037330627441406e+01
-1.242225933074951172e+01
-1.163539600372314453e+01
-9.439576148986816406e+00
-8.001504898071289062e+00
-6.558749198913574219e+00
-6.744463920593261719e+00
-7.221271514892578125e+00
-7.890661239624023438e+00
-8.116011619567871094e+00
-8.342313766479492188e+00
-9.305159568786621094e+00
-1.040463924407958984e+01
-1.221029472351074219e+01
-1.301914119720458984e+01
-1.194383144378662109e+01
-8.929895401000976562e+00
-6.477819919586181641e+00
-5.801310062408447266e+00
-5.790704250335693359e+00
-5.769916057586669922e+00
-6.128589630126953125e+00
-5.773440361022949219e+00
-6.504560947418212891e+00
-7.205204010009765625e+00
-8.062491416931152344e+00
-7.202247142791748047e+00
-6.664061546325683594e+00
-9.220284461975097656e+00
-1.286052227020263672e+01
-1.409621047973632812e+01
-1.220391941070556641e+01
-6.692949771881103516e+00
-2.746043920516967773e+00
-4.766545891761779785e-01
4.061434566974639893e-01
-4.124536037445068359e+00
-1.147632408142089844e+01
-1.400996303558349609e+01
-1.370125293731689453e+01
-1.040950393676757812e+01
-5.145272731781005859e+00
-3.406559467315673828e+00
-1.899043560028076172e+00
-2.355949640274047852e+00
-3.388026714324951172e+00
-4.371695995330810547e+00
-5.936993598937988281e+00
-7.456589698791503906e+00
-1.011791610717773438e+01
-1.155813312530517578e+01
-1.208074569702148438e+01
-1.074710464477539062e+01
-9.148094177246093750e+00
-5.750435352325439453e+00
-3.204958200454711914e+00
-1.998930335044860840e+00
-2.600780725479125977e+00
-5.500984668731689453e+00
-9.637478828430175781e+00
-1.174877834320068359e+01
-1.380804347991943359e+01
-1.542935562133789062e+01
-1.681517410278320312e+01
-1.717670249938964844e+01
-1.647926521301269531e+01
-1.454405879974365234e+01
-1.160358810424804688e+01
-9.056239128112792969e+00
-9.419737815856933594e+00
-1.187414169311523438e+01
-1.369448566436767578e+01
-1.398121261596679688e+01
-1.160115528106689453e+01
-1.089910221099853516e+01
-9.996745109558105469e+00
-8.131163597106933594e+00
-7.280428886413574219e+00
-7.484920978546142578e+00
-8.352215766906738281e+00
-9.706954002380371094e+00
-1.127556419372558594e+01
-1.198674678802490234e+01
-1.264035129547119141e+01
-1.143136215209960938e+01
-9.986815452575683594e+00
-1.061311531066894531e+01
-1.415244483947753906e+01
-1.823189544677734375e+01
-2.069979667663574219e+01
-2.127676582336425781e+01
-2.164357566833496094e+01
-2.252912521362304688e+01
-2.305187416076660156e+01
-2.106628417968750000e+01
-2.039164352416992188e+01
-2.099909782409667969e+01
-2.051548385620117188e+01
-1.839446258544921875e+01
-1.432518959045410156e+01
-9.741697311401367188e+00
-9.930159568786621094e+00
-1.050505638122558594e+01
-9.162781715393066406e+00
-8.577071189880371094e+00
-8.766904830932617188e+00
-1.364241218566894531e+01
-1.535117626190185547e+01
-1.575977516174316406e+01
-1.613694190979003906e+01
-1.721074104309082031e+01
-1.868625640869140625e+01
-1.979831886291503906e+01
-2.130449676513671875e+01
-2.191092300415039062e+01
-2.107625389099121094e+01
-2.023231887817382812e+01
-1.835666084289550781e+01
-1.703288459777832031e+01
-1.595482254028320312e+01
-1.601415634155273438e+01
-1.624155044555664062e+01
-1.688733482360839844e+01
-1.733518028259277344e+01
-1.750803375244140625e+01
-1.788665008544921875e+01
-1.812849044799804688e+01
-1.882356071472167969e+01
-1.862643432617187500e+01
-1.867967414855957031e+01
-1.678899765014648438e+01
-1.638913917541503906e+01
-1.613891410827636719e+01
-1.735625267028808594e+01
-1.763434600830078125e+01
-1.731714439392089844e+01
-1.634851837158203125e+01
-1.590571022033691406e+01
-1.491886806488037109e+01
-1.469626522064208984e+01
-1.499842166900634766e+01
-1.534853458404541016e+01
-1.540634918212890625e+01
-1.587611579895019531e+01
-1.558861255645751953e+01
-1.638484191894531250e+01
-1.685685920715332031e+01
-1.914154243469238281e+01
-2.057316017150878906e+01
-2.185279083251953125e+01
-2.173948669433593750e+01
-2.147790908813476562e+01
-2.163318634033203125e+01
-2.162420082092285156e+01
-2.219441032409667969e+01
-2.286517524719238281e+01
-2.336467552185058594e+01
-2.434608840942382812e+01
-2.406366157531738281e+01
-2.390433502197265625e+01
-2.280084419250488281e+01
-2.360295104980468750e+01
-2.375326156616210938e+01
-2.435147857666015625e+01
-2.398097419738769531e+01
-2.381780242919921875e+01
-2.337753486633300781e+01
-2.343006896972656250e+01
-2.347809028625488281e+01
-2.320069885253906250e+01
-2.238801383972167969e+01
-2.185497856140136719e+01
-2.216544151306152344e+01
-2.086373329162597656e+01
-1.790792846679687500e+01
-1.331914997100830078e+01
-9.955068588256835938e+00
-7.459832668304443359e+00
-4.338894844055175781e+00
-9.229656219482421875e+00
-1.554013538360595703e+01
-1.891263198852539062e+01
-2.065074157714843750e+01
-2.230212211608886719e+01
-2.295012283325195312e+01
-2.262693214416503906e+01
-2.065402221679687500e+01
-1.655945587158203125e+01
-1.163487529754638672e+01
-1.145778942108154297e+01
-1.611643791198730469e+01
-1.916430473327636719e+01
-2.155313873291015625e+01
-2.318791198730468750e+01
-2.345085906982421875e+01
-2.390493774414062500e+01
-2.453426551818847656e+01
-2.530061340332031250e+01
-2.583926200866699219e+01
-2.532024383544921875e+01
-2.549489402770996094e+01
-2.646464729309082031e+01
-2.597994422912597656e+01
-2.594260215759277344e+01
-2.642473220825195312e+01
-2.706255340576171875e+01
-2.577731895446777344e+01
-2.574779701232910156e+01
-2.560098838806152344e+01
-2.580956840515136719e+01
-2.614377975463867188e+01
-2.829947662353515625e+01
-2.915454483032226562e+01
-2.808720397949218750e+01
-2.557202148437500000e+01
-2.101872253417968750e+01
-1.466374588012695312e+01
-1.022104358673095703e+01
-1.084304332733154297e+01
-1.145789623260498047e+01
-1.060836029052734375e+01
-1.262780952453613281e+01
-1.518854331970214844e+01
-1.639442634582519531e+01
-1.626593399047851562e+01
-1.542002296447753906e+01
-1.468302154541015625e+01
-1.435922813415527344e+01
-1.390091991424560547e+01
-1.474358272552490234e+01
-1.553347015380859375e+01
-1.763184356689453125e+01
-1.971193122863769531e+01
-2.031610870361328125e+01
-1.901572799682617188e+01
-1.874376296997070312e+01
-1.952029418945312500e+01
-2.056118774414062500e+01
-2.158745384216308594e+01
-2.272417449951171875e+01
-2.141308403015136719e+01
-1.792244529724121094e+01
-1.435891151428222656e+01
-1.061272907257080078e+01
-6.456961154937744141e+00
-5.579730033874511719e+00
-1.022442531585693359e+01
-1.086161231994628906e+01
-1.092651462554931641e+01
-1.108626079559326172e+01
-1.063647651672363281e+01
-9.361288070678710938e+00
-8.901532173156738281e+00
-8.373812675476074219e+00
-8.221042633056640625e+00
-6.462175846099853516e+00
-6.260819911956787109e+00
-6.405452251434326172e+00
-6.749817848205566406e+00
-7.330599784851074219e+00
-7.510534286499023438e+00
-8.150857925415039062e+00
-8.887860298156738281e+00
-1.168025207519531250e+01
-1.605182075500488281e+01
-1.973899078369140625e+01
-2.069140243530273438e+01
-2.167486000061035156e+01
-2.168899536132812500e+01
-2.145141983032226562e+01
-2.132260894775390625e+01
-2.092904853820800781e+01
-2.052718544006347656e+01
-2.050488471984863281e+01
-2.038019180297851562e+01
-2.102780914306640625e+01
-2.143422317504882812e+01
-2.204259490966796875e+01
-2.268724822998046875e+01
-2.351927947998046875e+01
-2.323050308227539062e+01
-2.029468345642089844e+01
-1.845083427429199219e+01
-1.825535964965820312e+01
-1.847391128540039062e+01
-1.710493278503417969e+01
-1.528455257415771484e+01
-1.428150177001953125e+01
-1.257397270202636719e+01
-1.147678279876708984e+01
-1.256741714477539062e+01
-1.364107322692871094e+01
-1.776104164123535156e+01
-1.852753639221191406e+01
-1.665134620666503906e+01
-1.455406475067138672e+01
-1.371830272674560547e+01
-1.324473857879638672e+01
-1.371664714813232422e+01
-1.480576705932617188e+01
-1.579867172241210938e+01
-1.606947517395019531e+01
-1.660843086242675781e+01
-1.749144172668457031e+01
-1.780325698852539062e+01
-1.791113662719726562e+01
-1.763173675537109375e+01
-1.625719642639160156e+01
-1.583186435699462891e+01
-1.488747596740722656e+01
-1.251636600494384766e+01
-1.012482261657714844e+01
-1.032321739196777344e+01
-1.204526424407958984e+01
-1.334666538238525391e+01
-1.411020183563232422e+01
-1.453261184692382812e+01
-1.500374603271484375e+01
-1.516151618957519531e+01
-1.479340362548828125e+01
-1.438748073577880859e+01
-1.479030036926269531e+01
-1.532295799255371094e+01
-1.628284263610839844e+01
-1.629873275756835938e+01
-1.718565559387207031e+01
-1.842846298217773438e+01
-1.946005249023437500e+01
-2.011133003234863281e+01
-2.091954040527343750e+01
-2.145042610168457031e+01
-2.109031677246093750e+01
-2.084167098999023438e+01
-1.802941322326660156e+01
-1.541924762725830078e+01
-1.205115318298339844e+01
-9.409380912780761719e+00
-8.228123664855957031e+00
-7.963700771331787109e+00
-8.100051879882812500e+00
-8.450197219848632812e+00
-6.595989704132080078e+00
-4.194934368133544922e+00
-1.908309698104858398e+00
-6.079686641693115234e+00
-1.031811141967773438e+01
-7.441969394683837891e+00
-7.903981208801269531e+00
-5.993083000183105469e+00
-6.482751369476318359e+00
-5.536993026733398438e+00
-5.912082672119140625e+00
-5.592203617095947266e+00
-2.833811998367309570e+00
-1.189101934432983398e+00
-5.263345241546630859e-01
-5.713929533958435059e-01
-1.659072637557983398e+00
-2.961601495742797852e+00
-4.129118919372558594e+00
-5.059443473815917969e+00
-5.281163692474365234e+00
-7.847290039062500000e+00
-7.782567501068115234e+00
-4.853190422058105469e+00
-1.006295013427734375e+01
-1.150747203826904297e+01
-1.332703876495361328e+01
-1.524766349792480469e+01
-1.633463478088378906e+01
-1.716423225402832031e+01
-1.785726737976074219e+01
-1.774938392639160156e+01
-1.881521415710449219e+01
-1.953657150268554688e+01
-1.982341003417968750e+01
-1.958266258239746094e+01
-1.800252914428710938e+01
-1.347047615051269531e+01
-6.176048278808593750e+00
-3.854194402694702148e+00
-4.801574230194091797e+00
-6.110585689544677734e+00
-5.615843296051025391e+00
-3.453630924224853516e+00
-2.395266294479370117e+00
-3.177649259567260742e+00
-3.157355546951293945e+00
-3.188219547271728516e+00
-2.230974197387695312e+00
-1.853137135505676270e+00
-1.852221608161926270e+00
-2.088176012039184570e+00
-2.445861339569091797e+00
-3.635502338409423828e+00
-4.304789066314697266e+00
-3.807898283004760742e+00
-4.389456272125244141e+00
-4.988487243652343750e+00
-4.919076919555664062e+00
-6.075212001800537109e+00
-4.360173225402832031e+00
-1.681198358535766602e+00
-1.753815174102783203e+00
-2.420777320861816406e+00
-3.733873844146728516e+00
-6.842901706695556641e+00
-8.387518882751464844e+00
-6.788043975830078125e+00
-4.092897415161132812e+00
-3.809729814529418945e+00
-5.305723190307617188e+00
-5.720168590545654297e+00
-6.821658611297607422e+00
-7.499296188354492188e+00
-7.602526187896728516e+00
-1.045587062835693359e+01
-1.183753299713134766e+01
-1.248666572570800781e+01
-1.239294624328613281e+01
-1.134455299377441406e+01
-1.024859428405761719e+01
-8.597047805786132812e+00
-7.830025672912597656e+00
-7.272850513458251953e+00
-7.821959495544433594e+00
-9.525086402893066406e+00
-1.076440715789794922e+01
-1.027903747558593750e+01
-8.753414154052734375e+00
-9.201329231262207031e+00
-1.300557708740234375e+01
-1.465550041198730469e+01
-1.486538314819335938e+01
-1.456657314300537109e+01
-9.598971366882324219e+00
-4.901531219482421875e+00
-2.843428850173950195e+00
-2.296932935714721680e+00
-3.382531404495239258e+00
-5.157780170440673828e+00
-6.301514625549316406e+00
-6.412249565124511719e+00
-9.895134925842285156e+00
-1.145268344879150391e+01
-1.255328941345214844e+01
-1.242518138885498047e+01
-1.080372810363769531e+01
-9.230678558349609375e+00
-8.375433921813964844e+00
-8.231929779052734375e+00
-8.539302825927734375e+00
-8.960160255432128906e+00
-8.339177131652832031e+00
-8.190775871276855469e+00
-9.302554130554199219e+00
-1.121137237548828125e+01
-1.454730129241943359e+01
-1.640274238586425781e+01
-1.737104606628417969e+01
-1.809784126281738281e+01
-1.944102478027343750e+01
-2.034186172485351562e+01
-2.049184417724609375e+01
-2.024961853027343750e+01
-2.137542533874511719e+01
-2.244720649719238281e+01
-2.169230651855468750e+01
-2.136848068237304688e+01
-2.204273223876953125e+01
-1.957261657714843750e+01
-1.413366508483886719e+01
-1.115993022918701172e+01
-1.067163467407226562e+01
-1.031722640991210938e+01
-1.030986595153808594e+01
-1.117099285125732422e+01
-7.402014255523681641e+00
-5.670632839202880859e+00
-6.286150932312011719e+00
-4.514496803283691406e+00
-5.406983852386474609e+00
-7.159191131591796875e+00
-8.032473564147949219e+00
-8.556106567382812500e+00
-9.934667587280273438e+00
-1.198843097686767578e+01
-1.196257114410400391e+01
-1.184866714477539062e+01
-1.402550220489501953e+01
-1.608028793334960938e+01
-1.765562438964843750e+01
-1.781033515930175781e+01
-1.939007759094238281e+01
-1.827040672302246094e+01
-1.597783374786376953e+01
-1.358396148681640625e+01
-1.151578426361083984e+01
-8.926019668579101562e+00
-6.364369869232177734e+00
-5.473219871520996094e+00
-4.537821769714355469e+00
-3.976944684982299805e+00
-3.574692010879516602e+00
-3.204075336456298828e+00
-3.809729337692260742e+00
-3.196182966232299805e+00
-2.508541822433471680e+00
-2.448327779769897461e+00
-1.296947240829467773e+00
-1.338875174522399902e+00
-2.004428148269653320e+00
-2.551949977874755859e+00
-3.532167673110961914e+00
-3.523603916168212891e+00
-2.600779771804809570e+00
-2.210328102111816406e+00
-2.193663597106933594e+00
-1.919234395027160645e+00
-2.311340808868408203e+00
-3.183112859725952148e+00
-5.484812259674072266e+00
-6.395551681518554688e+00
-6.984926223754882812e+00
-7.403321266174316406e+00
-9.020653724670410156e+00
-1.185789585113525391e+01
-1.135755443572998047e+01
-1.008810901641845703e+01
-1.152445030212402344e+01
-1.300529384613037109e+01
-1.222527122497558594e+01
-1.229619598388671875e+01
-1.483635330200195312e+01
-1.655156326293945312e+01
-1.615931510925292969e+01
-1.520693397521972656e+01
-1.604505729675292969e+01
-1.565935993194580078e+01
-1.212873554229736328e+01
-1.007553195953369141e+01
-8.967133522033691406e+00
-6.097232818603515625e+00
-1.203827977180480957e+00
-9.582530260086059570e-01
-3.053277254104614258e+00
-3.080194950103759766e+00
-2.043323755264282227e+00
-2.262509584426879883e+00
-5.565705776214599609e+00
-7.313477039337158203e+00
-7.094962120056152344e+00
-7.503872871398925781e+00
-9.561411857604980469e+00
-1.070965480804443359e+01
-9.977793693542480469e+00
-8.805839538574218750e+00
-9.042148590087890625e+00
-8.907063484191894531e+00
-6.249650955200195312e+00
-6.332342624664306641e+00
-8.291365623474121094e+00
-1.020691585540771484e+01
-9.459587097167968750e+00
-8.573583602905273438e+00
-8.459322929382324219e+00
-6.269662857055664062e+00
-5.439291000366210938e+00
-4.711696147918701172e+00
-4.317582130432128906e+00
-3.278239488601684570e+00
-2.133593082427978516e+00
-2.675753831863403320e+00
-4.777898311614990234e+00
-8.277061462402343750e+00
-9.885871887207031250e+00
-9.987590789794921875e+00
-1.022622108459472656e+01
-8.179994583129882812e+00
-6.258141994476318359e+00
-6.357392311096191406e+00
-7.418469905853271484e+00
-6.041071891784667969e+00
-4.888034820556640625e+00
-4.224882602691650391e+00
-6.211107254028320312e+00
-6.982778072357177734e+00
-3.590122699737548828e+00
-2.461188077926635742e+00
-3.611651420593261719e+00
-4.833247184753417969e+00
-7.541010856628417969e+00
-1.009977340698242188e+01
-1.306075286865234375e+01
-1.426617622375488281e+01
-1.354457092285156250e+01
-1.248190784454345703e+01
-1.394915103912353516e+01
-1.260659313201904297e+01
-9.808887481689453125e+00
-8.966394424438476562e+00
-1.041824054718017578e+01
-1.034129333496093750e+01
-9.626133918762207031e+00
-9.166519165039062500e+00
-1.107956504821777344e+01
-1.205115032196044922e+01
-1.136833286285400391e+01
-1.126291847229003906e+01
-1.307593441009521484e+01
-1.370502281188964844e+01
-1.348013019561767578e+01
-1.214338970184326172e+01
-1.233325862884521484e+01
-1.270278358459472656e+01
-1.191518688201904297e+01
-1.150658988952636719e+01
-1.323318576812744141e+01
-1.436483573913574219e+01
-1.263915348052978516e+01
-1.137006187438964844e+01
-1.279769706726074219e+01
-1.295956134796142578e+01
-1.053647899627685547e+01
-9.377918243408203125e+00
-1.148643398284912109e+01
-1.318801116943359375e+01
-1.056449413299560547e+01
-9.215880393981933594e+00
-1.056445693969726562e+01
-1.065479755401611328e+01
-8.922530174255371094e+00
-8.205290794372558594e+00
-1.078808307647705078e+01
-1.149986076354980469e+01
-1.001739311218261719e+01
-7.150274753570556641e+00
-3.133221626281738281e+00
-5.620588064193725586e-01
-6.250915527343750000e-01
-1.132023811340332031e+00
-3.109862327575683594e+00
-4.334562301635742188e+00
-4.988696098327636719e+00
-6.239892959594726562e+00
-8.584822654724121094e+00
-1.025123596191406250e+01
-9.322674751281738281e+00
-9.350257873535156250e+00
-1.186991405487060547e+01
-1.266265583038330078e+01
-1.003349685668945312e+01
-8.612021446228027344e+00
-1.040348052978515625e+01
-1.129307365417480469e+01
-9.180966377258300781e+00
-8.397665023803710938e+00
-1.110792732238769531e+01
-1.196225261688232422e+01
-9.794653892517089844e+00
-8.508859634399414062e+00
-9.406947135925292969e+00
-1.021991539001464844e+01
-9.596894264221191406e+00
-8.449457168579101562e+00
-1.006643867492675781e+01
-1.120273971557617188e+01
-9.700228691101074219e+00
-8.957412719726562500e+00
-1.013123226165771484e+01
-1.095349979400634766e+01
-9.417728424072265625e+00
-8.203108787536621094e+00
-8.812431335449218750e+00
-8.131054878234863281e+00
-6.091455936431884766e+00
-4.982249259948730469e+00
-6.195146083831787109e+00
-5.979413032531738281e+00
-4.939404964447021484e+00
-3.946400880813598633e+00
-4.289638042449951172e+00
-4.679563522338867188e+00
-3.696985006332397461e+00
-3.246143102645874023e+00
-4.123444557189941406e+00
-4.262227058410644531e+00
-2.790966272354125977e+00
-2.113545656204223633e+00
-4.716909885406494141e+00
-5.968034744262695312e+00
-4.822327136993408203e+00
-4.916713237762451172e+00
-7.265415668487548828e+00
-7.691525459289550781e+00
-5.954855918884277344e+00
-4.772400856018066406e+00
-6.443995475769042969e+00
-7.304455280303955078e+00
-7.512965202331542969e+00
-7.637618064880371094e+00
-9.275213241577148438e+00
-8.833743095397949219e+00
-7.894817352294921875e+00
-6.888986587524414062e+00
-7.526986598968505859e+00
-7.958275318145751953e+00
-7.624690055847167969e+00
-6.470699787139892578e+00
-8.032159805297851562e+00
-9.243572235107421875e+00
-8.752109527587890625e+00
-8.458407402038574219e+00
-9.905742645263671875e+00
-9.568139076232910156e+00
-8.036528587341308594e+00
-7.958203792572021484e+00
-9.616129875183105469e+00
-1.107403469085693359e+01
-9.652979850769042969e+00
-8.699048995971679688e+00
-1.024415302276611328e+01
-1.135508823394775391e+01
-9.751847267150878906e+00
-9.053315162658691406e+00
-1.008483505249023438e+01
-1.040125942230224609e+01
-7.675632476806640625e+00
-6.829406261444091797e+00
-7.251465320587158203e+00
-7.560670375823974609e+00
-5.544953823089599609e+00
-4.364756107330322266e+00
-5.947070598602294922e+00
-6.397277832031250000e+00
-5.672040939331054688e+00
-4.783254146575927734e+00
-5.483402252197265625e+00
-5.901409626007080078e+00
-4.487120628356933594e+00
-3.744762182235717773e+00
-5.232897758483886719e+00
-5.521315574645996094e+00
-4.197715759277343750e+00
-3.113314867019653320e+00
-4.643765449523925781e+00
-5.557041168212890625e+00
-3.558028459548950195e+00
-2.743438720703125000e+00
-4.564666271209716797e+00
-5.319816589355468750e+00
-3.650511741638183594e+00
-2.672586441040039062e+00
-4.226186275482177734e+00
-4.882150173187255859e+00
-3.873186111450195312e+00
-3.394474506378173828e+00
-5.195126533508300781e+00
-5.816214084625244141e+00
-4.100296497344970703e+00
-3.517649888992309570e+00
-4.785543441772460938e+00
-5.779675483703613281e+00
-5.310833454132080078e+00
-5.218206405639648438e+00
-6.883422851562500000e+00
-7.438690185546875000e+00
-5.339194297790527344e+00
-4.335756301879882812e+00
-5.022909164428710938e+00
-4.738330364227294922e+00
-3.154395818710327148e+00
-1.505528450012207031e+00
-2.423631668090820312e+00
-3.077309608459472656e+00
-1.677288889884948730e+00
-1.556121826171875000e+00
-2.769053697586059570e+00
-4.296757698059082031e+00
-4.238761425018310547e+00
-3.885551691055297852e+00
-5.265275478363037109e+00
-6.111678123474121094e+00
-4.269379615783691406e+00
-2.807104825973510742e+00
-3.464623689651489258e+00
-4.033354282379150391e+00
-2.689567804336547852e+00
-1.746345400810241699e+00
-2.452696800231933594e+00
-3.063107252120971680e+00
-1.613130807876586914e+00
-1.316609144210815430e+00
-3.472339868545532227e+00
-4.732695102691650391e+00
-3.127410411834716797e+00
-2.158360481262207031e+00
-4.154873371124267578e+00
-4.879581928253173828e+00
-3.612071752548217773e+00
-3.002965450286865234e+00
-4.366236686706542969e+00
-5.235891342163085938e+00
-3.810329437255859375e+00
-2.956175804138183594e+00
-4.298130035400390625e+00
-4.838567256927490234e+00
-2.435081005096435547e+00
-1.751948356628417969e+00
-3.314284563064575195e+00
-4.113791942596435547e+00
-2.827574014663696289e+00
-2.154133558273315430e+00
-3.309105634689331055e+00
-4.030535221099853516e+00
-2.296651124954223633e+00
-1.744866132736206055e+00
-3.497706413269042969e+00
-4.411720752716064453e+00
-3.048593044281005859e+00
-2.681254625320434570e+00
-3.818186998367309570e+00
-4.603528022766113281e+00
-3.383130550384521484e+00
-2.623116970062255859e+00
-3.768999576568603516e+00
-4.385823726654052734e+00
-2.813623905181884766e+00
-2.114461898803710938e+00
-3.076321840286254883e+00
-3.714706659317016602e+00
-2.356474876403808594e+00
-1.580256938934326172e+00
-2.814505577087402344e+00
-3.475545167922973633e+00
-9.738266468048095703e-01
-3.009482920169830322e-01
-2.066118717193603516e+00
-1.999494552612304688e+00
-1.271415799856185913e-01
-2.400641143321990967e-01
-1.203053832054138184e+00
-1.620986700057983398e+00
-1.379041671752929688e+00
-1.382213950157165527e+00
-2.901636600494384766e+00
-3.460395097732543945e+00
-2.419755458831787109e+00
-1.277957797050476074e+00
-2.391568899154663086e+00
-2.520555019378662109e+00
-8.201063871383666992e-01
