-3.132447302341461182e-01
-1.680636763572692871e+00
-2.119358062744140625e+00
-2.912592291831970215e-01
6.506599187850952148e-01
-9.363751411437988281e-01
-1.055708527565002441e+00
-8.213377594947814941e-01
-7.767740637063980103e-02
-1.687471032142639160e+00
-3.253966808319091797e+00
-2.404322147369384766e+00
-6.753347516059875488e-01
-2.192679405212402344e+00
-3.009306907653808594e+00
-5.703381896018981934e-01
2.439050562679767609e-02
-1.577016234397888184e+00
-1.866984605789184570e+00
-8.074094355106353760e-02
-2.092708051204681396e-01
-1.454969406127929688e+00
-1.892068386077880859e+00
-1.041299939155578613e+00
-9.727354645729064941e-01
-1.828473567962646484e+00
-2.664481639862060547e+00
-1.219717979431152344e+00
-7.404795885086059570e-01
-2.042513608932495117e+00
-2.438569068908691406e+00
-1.097884297370910645e+00
-6.369286179542541504e-01
-1.395179033279418945e+00
-1.533398032188415527e+00
-1.654641702771186829e-02
-6.043379902839660645e-01
-1.641247153282165527e+00
-1.838269114494323730e+00
-1.429492592811584473e+00
-1.136216521263122559e+00
-1.616160631179809570e+00
-1.710476517677307129e+00
-9.110075235366821289e-01
-7.452338933944702148e-01
-1.975677490234375000e+00
-2.368595123291015625e+00
-1.607633352279663086e+00
-1.191848516464233398e+00
-2.609096527099609375e+00
-2.770322561264038086e+00
-1.322246909141540527e+00
-6.594436168670654297e-01
-2.114107847213745117e+00
-2.451289176940917969e+00
-1.249278783798217773e+00
-5.273539423942565918e-01
-1.571870446205139160e+00
-2.066011667251586914e+00
-1.151684641838073730e+00
-1.035624742507934570e+00
-1.782634496688842773e+00
-2.047975778579711914e+00
-1.173140645027160645e+00
-1.172506213188171387e+00
-1.459901452064514160e+00
-1.573562383651733398e+00
-1.129275083541870117e+00
-1.177439332008361816e+00
-1.693144202232360840e+00
-1.983885645866394043e+00
-1.241174578666687012e+00
-1.182969450950622559e+00
-2.652574539184570312e+00
-3.384889841079711914e+00
-2.488595962524414062e+00
-2.031979799270629883e+00
-2.931335926055908203e+00
-3.562291622161865234e+00
-2.561037302017211914e+00
-2.104596614837646484e+00
-3.113385677337646484e+00
-3.755333185195922852e+00
-3.400604724884033203e+00
-3.452644109725952148e+00
-4.406682968139648438e+00
-4.896247863769531250e+00
-3.679966926574707031e+00
-3.145341396331787109e+00
-3.423646688461303711e+00
-3.723125219345092773e+00
-3.511940956115722656e+00
-2.614875555038452148e+00
-3.082697868347167969e+00
-2.951804637908935547e+00
-2.700278759002685547e+00
-2.628050088882446289e+00
-3.298992395401000977e+00
-3.484142541885375977e+00
-2.464675188064575195e+00
-1.767804026603698730e+00
-1.430165052413940430e+00
-1.627998232841491699e+00
-1.038725256919860840e+00
-1.178671836853027344e+00
-2.424826622009277344e+00
-3.421005487442016602e+00
-2.251200437545776367e+00
-1.492209434509277344e+00
-2.934509754180908203e+00
-3.905599594116210938e+00
-3.053842067718505859e+00
-2.463232278823852539e+00
-3.718018054962158203e+00
-3.788838624954223633e+00
-2.973580837249755859e+00
-2.910511732101440430e+00
-4.973755359649658203e+00
-4.843994617462158203e+00
-3.896295309066772461e+00
-3.179481267929077148e+00
-3.540549278259277344e+00
-4.528131008148193359e+00
-3.671407699584960938e+00
-3.310374975204467773e+00
-3.212038755416870117e+00
-3.816177606582641602e+00
-3.222006797790527344e+00
-2.928447484970092773e+00
-3.986563682556152344e+00
-4.650918960571289062e+00
-4.013871192932128906e+00
-3.212883234024047852e+00
-3.096826314926147461e+00
-2.790969610214233398e+00
-1.860218286514282227e+00
-1.588891267776489258e+00
-2.080177068710327148e+00
-2.326598167419433594e+00
-1.644202470779418945e+00
-1.239273309707641602e+00
-1.560773849487304688e+00
-1.398772716522216797e+00
-1.155454397201538086e+00
-1.099257588386535645e+00
-1.394614815711975098e+00
-1.491609215736389160e+00
-1.274753451347351074e+00
-1.031364083290100098e+00
-1.510637760162353516e+00
-1.650757908821105957e+00
-1.472832918167114258e+00
-1.489602565765380859e+00
-1.713261604309082031e+00
-1.801980018615722656e+00
-1.443832635879516602e+00
-1.132233738899230957e+00
-1.258085608482360840e+00
-1.345852017402648926e+00
-1.518142461776733398e+00
-1.391055464744567871e+00
-1.727741956710815430e+00
-1.851375699043273926e+00
-1.750327706336975098e+00
-1.792572021484375000e+00
-2.571890354156494141e+00
-3.287931680679321289e+00
-2.767117261886596680e+00
-1.625673532485961914e+00
-3.213482141494750977e+00
-3.763505935668945312e+00
-2.722158432006835938e+00
-2.787972450256347656e+00
-2.490784645080566406e+00
-2.358412265777587891e+00
-2.268075942993164062e+00
-2.360244989395141602e+00
-3.135338068008422852e+00
-3.492245435714721680e+00
-3.684934377670288086e+00
-3.743843555450439453e+00
-4.348725318908691406e+00
-4.721066474914550781e+00
-4.385086536407470703e+00
-3.365795373916625977e+00
-2.491736650466918945e+00
-1.913492798805236816e+00
-1.658685564994812012e+00
-1.311184048652648926e+00
-1.727812647819519043e+00
-1.897988319396972656e+00
-2.035431861877441406e+00
-2.232985734939575195e+00
-2.618713378906250000e+00
-2.770990848541259766e+00
-2.736674070358276367e+00
-2.553848981857299805e+00
-3.321224927902221680e+00
-4.285867691040039062e+00
-5.028544425964355469e+00
-3.877483129501342773e+00
-4.648700237274169922e+00
-5.565212726593017578e+00
-5.899857997894287109e+00
-6.135706901550292969e+00
-6.813731193542480469e+00
-7.108702182769775391e+00
-7.517052173614501953e+00
-7.386935234069824219e+00
-7.958872795104980469e+00
-8.639222145080566406e+00
-8.428280830383300781e+00
-8.337063789367675781e+00
-8.188591003417968750e+00
-8.273677825927734375e+00
-7.623983383178710938e+00
-6.553392887115478516e+00
-6.130106449127197266e+00
-4.821620941162109375e+00
-2.892439365386962891e+00
-1.767450690269470215e+00
-2.511149644851684570e+00
-2.867704629898071289e+00
-3.627220869064331055e+00
-2.161424636840820312e+00
-6.684972047805786133e-01
9.471692889928817749e-02
3.984615802764892578e-01
-7.566806674003601074e-02
-4.391297399997711182e-01
-3.458444774150848389e-02
4.911247491836547852e-01
3.617510795593261719e-01
-5.445138812065124512e-01
-9.073427319526672363e-01
-7.457286119461059570e-01
-8.270118832588195801e-01
-1.223172426223754883e+00
-1.577191233634948730e+00
-2.317472219467163086e+00
-2.493391036987304688e+00
-3.043873548507690430e+00
-3.397433042526245117e+00
-3.335140228271484375e+00
-3.486887693405151367e+00
-4.206735134124755859e+00
-4.049422264099121094e+00
-4.295276165008544922e+00
-3.798983335494995117e+00
-3.990298509597778320e+00
-4.277624607086181641e+00
-4.838711261749267578e+00
-4.988097190856933594e+00
-5.506832122802734375e+00
-6.897268295288085938e+00
-6.613782882690429688e+00
-5.255692005157470703e+00
-5.017203330993652344e+00
-4.842867851257324219e+00
-3.841616392135620117e+00
-3.560914039611816406e+00
-2.763275146484375000e+00
-2.690907716751098633e+00
-3.683701276779174805e+00
-4.365530967712402344e+00
-4.174921512603759766e+00
-2.929503917694091797e+00
-2.099802017211914062e+00
-1.639977216720581055e+00
-1.347120881080627441e+00
-1.804268240928649902e+00
-2.490254163742065430e+00
-4.426482200622558594e+00
-7.760512828826904297e+00
-1.116736507415771484e+01
-1.267966747283935547e+01
-1.307734680175781250e+01
-1.329300308227539062e+01
-1.246035003662109375e+01
-1.184496688842773438e+01
-1.216090106964111328e+01
-1.354636573791503906e+01
-1.421981048583984375e+01
-1.544905567169189453e+01
-1.541906929016113281e+01
-1.567352390289306641e+01
-1.569156455993652344e+01
-1.635482406616210938e+01
-1.677141952514648438e+01
-1.744120025634765625e+01
-1.690773391723632812e+01
-1.576530551910400391e+01
-1.552406501770019531e+01
-1.708051872253417969e+01
-1.757381439208984375e+01
-1.671480178833007812e+01
-1.423224830627441406e+01
-1.273058032989501953e+01
-1.208353137969970703e+01
-1.316074371337890625e+01
-1.324237823486328125e+01
-1.367158603668212891e+01
-1.354228115081787109e+01
-1.362264537811279297e+01
-1.393727493286132812e+01
-1.462432098388671875e+01
-1.366365814208984375e+01
-1.382826805114746094e+01
-1.300297069549560547e+01
-1.307917404174804688e+01
-1.104334354400634766e+01
-8.842938423156738281e+00
-7.551297187805175781e+00
-9.351528167724609375e+00
-1.022044467926025391e+01
-1.000390243530273438e+01
-8.324732780456542969e+00
-6.419299125671386719e+00
-4.705105304718017578e+00
-1.723690629005432129e+00
-3.069725632667541504e-01
-4.406309872865676880e-02
8.547320365905761719e-01
2.724694907665252686e-01
-3.138406276702880859e-01
-2.155999422073364258e+00
-6.018733024597167969e+00
-8.321775436401367188e+00
-8.990249633789062500e+00
-1.047528171539306641e+01
-1.081426143646240234e+01
-9.797294616699218750e+00
-9.619896888732910156e+00
-9.783342361450195312e+00
-1.015702724456787109e+01
-1.072596740722656250e+01
-1.055427646636962891e+01
-9.951546669006347656e+00
-9.738915443420410156e+00
-9.430203437805175781e+00
-9.312912940979003906e+00
-8.783361434936523438e+00
-7.562714576721191406e+00
-7.769461154937744141e+00
-9.260978698730468750e+00
-1.209353351593017578e+01
-1.406274223327636719e+01
-1.525591087341308594e+01
-1.581737995147705078e+01
-1.724639129638671875e+01
-1.765333938598632812e+01
-1.814459037780761719e+01
-1.808694648742675781e+01
-1.827583122253417969e+01
-1.633858299255371094e+01
-1.380032730102539062e+01
-1.089184570312500000e+01
-8.326989173889160156e+00
-7.568985462188720703e+00
-7.921137809753417969e+00
-9.064940452575683594e+00
-1.173239612579345703e+01
-1.418520832061767578e+01
-1.588833904266357422e+01
-1.691633033752441406e+01
-1.781128311157226562e+01
-1.825050163269042969e+01
-1.864553070068359375e+01
-1.682751274108886719e+01
-1.376181602478027344e+01
-9.936677932739257812e+00
-7.677608489990234375e+00
-6.537361621856689453e+00
-4.220654010772705078e+00
-3.070436239242553711e+00
-2.184749126434326172e+00
-2.370638608932495117e+00
-2.894977807998657227e+00
-2.341326236724853516e+00
-2.843500614166259766e+00
-3.680144309997558594e+00
-4.573829174041748047e+00
-5.407229900360107422e+00
-6.025180339813232422e+00
-7.164440631866455078e+00
-9.239417076110839844e+00
-1.100205612182617188e+01
-1.054014682769775391e+01
-1.065955162048339844e+01
-1.116916370391845703e+01
-1.178450965881347656e+01
-1.178947353363037109e+01
-1.112371063232421875e+01
-1.012436389923095703e+01
-9.925508499145507812e+00
-1.161718463897705078e+01
-1.242032051086425781e+01
-1.089913558959960938e+01
-9.203410148620605469e+00
-7.403848171234130859e+00
-6.498888492584228516e+00
-6.866930961608886719e+00
-6.919253826141357422e+00
-7.915606021881103516e+00
-7.820688724517822266e+00
-8.837087631225585938e+00
-9.399090766906738281e+00
-1.032931232452392578e+01
-1.013976001739501953e+01
-1.020913219451904297e+01
-1.028086757659912109e+01
-1.065021419525146484e+01
-1.094106101989746094e+01
-1.121626663208007812e+01
-1.039752388000488281e+01
-1.048913192749023438e+01
-8.930879592895507812e+00
-8.139196395874023438e+00
-8.665081977844238281e+00
-1.029548931121826172e+01
-1.020934391021728516e+01
-8.655745506286621094e+00
-8.530139923095703125e+00
-8.949058532714843750e+00
-9.808323860168457031e+00
-1.065398502349853516e+01
-1.089935016632080078e+01
-1.154167938232421875e+01
-1.255702495574951172e+01
-1.255674171447753906e+01
-1.232537078857421875e+01
-1.264810276031494141e+01
-1.353392887115478516e+01
-1.392254734039306641e+01
-1.393519973754882812e+01
-1.365890312194824219e+01
-1.353153228759765625e+01
-1.374610233306884766e+01
-1.477839565277099609e+01
-1.546875000000000000e+01
-1.592769336700439453e+01
-1.457957077026367188e+01
-1.201390647888183594e+01
-9.920645713806152344e+00
-8.439696311950683594e+00
-9.979206085205078125e+00
-1.287433433532714844e+01
-1.510507297515869141e+01
-1.596342182159423828e+01
-1.635306549072265625e+01
-1.594964599609375000e+01
-1.528497695922851562e+01
-1.397504806518554688e+01
-1.152371120452880859e+01
-7.667811870574951172e+00
-3.799477577209472656e+00
-1.696419119834899902e+00
-3.088825941085815430e+00
-4.843185901641845703e+00
-5.740676403045654297e+00
-6.734526634216308594e+00
-6.896598339080810547e+00
-6.233267307281494141e+00
-4.149165153503417969e+00
-3.372525453567504883e+00
-3.867759943008422852e+00
-7.901199817657470703e+00
-1.107945919036865234e+01
-1.436839199066162109e+01
-1.645893669128417969e+01
-1.730372047424316406e+01
-1.696805572509765625e+01
-1.651157569885253906e+01
-1.622752761840820312e+01
-1.654987335205078125e+01
-1.624975776672363281e+01
-1.644466972351074219e+01
-1.674766921997070312e+01
-1.637550544738769531e+01
-1.522863388061523438e+01
-1.470803546905517578e+01
-1.544856166839599609e+01
-1.596560382843017578e+01
-1.791878318786621094e+01
-1.681944084167480469e+01
-1.419983196258544922e+01
-1.236349010467529297e+01
-1.096939182281494141e+01
-1.165904235839843750e+01
-1.220127677917480469e+01
-1.339761543273925781e+01
-1.383852195739746094e+01
-1.365058803558349609e+01
-1.411108112335205078e+01
-1.605125808715820312e+01
-1.833509063720703125e+01
-1.863933181762695312e+01
-1.846084022521972656e+01
-1.469193553924560547e+01
-5.833618164062500000e+00
-6.680938243865966797e+00
-8.094872474670410156e+00
-8.034057617187500000e+00
-1.091598129272460938e+01
-1.451009845733642578e+01
-1.665796470642089844e+01
-1.744271469116210938e+01
-1.596289253234863281e+01
-9.328063011169433594e+00
-9.130861282348632812e+00
-1.450121402740478516e+01
-1.802715873718261719e+01
-1.845083618164062500e+01
-1.830434036254882812e+01
-1.807317352294921875e+01
-1.579958724975585938e+01
-1.258549404144287109e+01
-9.510604858398437500e+00
-6.402736663818359375e+00
-3.144954681396484375e+00
-3.288952112197875977e+00
-2.969882249832153320e+00
-2.565970420837402344e+00
-3.010154247283935547e+00
-4.095435619354248047e+00
-6.666702747344970703e+00
-9.109053611755371094e+00
-1.173155212402343750e+01
-1.283237171173095703e+01
-1.337083721160888672e+01
-1.301206016540527344e+01
-1.251837444305419922e+01
-1.097509956359863281e+01
-9.610135078430175781e+00
-6.816267967224121094e+00
-4.500966072082519531e+00
-5.402262687683105469e+00
-3.545343875885009766e+00
-2.398332118988037109e+00
-2.310637950897216797e+00
-2.187215805053710938e+00
-1.463388562202453613e+00
-2.366446971893310547e+00
-2.884546756744384766e+00
-1.846547961235046387e+00
-1.567114591598510742e+00
-3.579411983489990234e+00
-4.530104160308837891e+00
-3.669362306594848633e+00
-3.664675951004028320e+00
-4.497794151306152344e+00
-4.733821868896484375e+00
-4.157902717590332031e+00
-3.656431436538696289e+00
-3.732781171798706055e+00
-5.633213043212890625e+00
-7.284197330474853516e+00
-7.028087615966796875e+00
-7.667319774627685547e+00
-8.540428161621093750e+00
-9.606931686401367188e+00
-1.065705108642578125e+01
-1.071504497528076172e+01
-1.009180927276611328e+01
-9.286662101745605469e+00
-9.525052070617675781e+00
-8.650776863098144531e+00
-8.626114845275878906e+00
-8.879936218261718750e+00
-9.355367660522460938e+00
-9.774676322937011719e+00
-1.114555835723876953e+01
-1.210988712310791016e+01
-1.226388740539550781e+01
-1.146740913391113281e+01
-1.061713409423828125e+01
-1.027970409393310547e+01
-9.453949928283691406e+00
-8.677308082580566406e+00
-8.737909317016601562e+00
-9.928048133850097656e+00
-1.083761978149414062e+01
-8.999092102050781250e+00
-7.142172813415527344e+00
-6.507522106170654297e+00
-6.840507984161376953e+00
-7.456276416778564453e+00
-8.895470619201660156e+00
-9.447186470031738281e+00
-6.529893398284912109e+00
-5.637162208557128906e+00
-5.736834049224853516e+00
-5.903804302215576172e+00
-7.378196716308593750e+00
-9.376755714416503906e+00
-1.226928043365478516e+01
-1.427653217315673828e+01
-1.508499431610107422e+01
-1.546928024291992188e+01
-1.453500461578369141e+01
-1.303259658813476562e+01
-1.157032775878906250e+01
-1.004382133483886719e+01
-8.397875785827636719e+00
-7.544530868530273438e+00
-7.442534446716308594e+00
-8.351474761962890625e+00
-9.441125869750976562e+00
-1.055121135711669922e+01
-1.049286651611328125e+01
-9.651609420776367188e+00
-9.032843589782714844e+00
-1.016336727142333984e+01
-9.495912551879882812e+00
-7.739337444305419922e+00
-6.970481872558593750e+00
-1.195788860321044922e+01
-1.309929466247558594e+01
-1.225035572052001953e+01
-1.018891143798828125e+01
-1.060050106048583984e+01
-1.238251495361328125e+01
-1.386550998687744141e+01
-1.323078441619873047e+01
-1.177333450317382812e+01
-9.242727279663085938e+00
-6.615579128265380859e+00
-1.034270095825195312e+01
-1.178087329864501953e+01
-1.008965778350830078e+01
-1.392417144775390625e+01
-1.638575744628906250e+01
-1.813821220397949219e+01
-1.740938186645507812e+01
-1.599474716186523438e+01
-1.489357185363769531e+01
-1.485150241851806641e+01
-1.428889942169189453e+01
-1.456396675109863281e+01
-1.555690383911132812e+01
-1.700349426269531250e+01
-1.889752388000488281e+01
-2.077628135681152344e+01
-2.269003295898437500e+01
-2.417662239074707031e+01
-2.538757514953613281e+01
-2.590112686157226562e+01
-2.600629997253417969e+01
-2.516356658935546875e+01
-2.439647293090820312e+01
-2.441387367248535156e+01
-2.501424598693847656e+01
-2.595218276977539062e+01
-2.667238426208496094e+01
-2.735928153991699219e+01
-2.772835159301757812e+01
-2.749535369873046875e+01
-2.722952651977539062e+01
-2.754408073425292969e+01
-2.769234657287597656e+01
-2.826220321655273438e+01
-2.766612434387207031e+01
-2.744035720825195312e+01
-2.604424667358398438e+01
-2.283068275451660156e+01
-1.945959091186523438e+01
-1.529941749572753906e+01
-1.010149860382080078e+01
-7.082029342651367188e+00
-1.422509193420410156e+01
-1.679315567016601562e+01
-1.860107040405273438e+01
-2.035602188110351562e+01
-2.104077911376953125e+01
-2.089321899414062500e+01
-1.920700645446777344e+01
-1.668041419982910156e+01
-1.534582328796386719e+01
-1.089603233337402344e+01
-7.693638324737548828e+00
-6.130177497863769531e+00
-5.660165786743164062e+00
-8.913124084472656250e+00
-1.623246192932128906e+01
-2.067865180969238281e+01
-2.367014503479003906e+01
-2.424014091491699219e+01
-2.357395744323730469e+01
-2.327507972717285156e+01
-2.157026100158691406e+01
-2.031455421447753906e+01
-1.749855995178222656e+01
-1.423520565032958984e+01
-1.379261112213134766e+01
-1.407743358612060547e+01
-1.538796043395996094e+01
-1.484544181823730469e+01
-1.405382919311523438e+01
-1.214445018768310547e+01
-8.463797569274902344e+00
-7.954997062683105469e+00
-8.653315544128417969e+00
-1.077462387084960938e+01
-1.234963893890380859e+01
-1.264479255676269531e+01
-6.069821357727050781e+00
-3.582651138305664062e+00
-2.880388259887695312e+00
-3.931461811065673828e+00
-5.279615879058837891e+00
-7.925436019897460938e+00
-9.807867050170898438e+00
-1.275746631622314453e+01
-1.675785446166992188e+01
-1.529025745391845703e+01
-6.633057594299316406e+00
-9.194882392883300781e+00
-1.376593971252441406e+01
-1.585240173339843750e+01
-1.663866043090820312e+01
-1.568835830688476562e+01
-1.421593284606933594e+01
-1.120918750762939453e+01
-8.819511413574218750e+00
-1.028023052215576172e+01
-1.318107223510742188e+01
-1.438198566436767578e+01
-1.444061374664306641e+01
-1.418161773681640625e+01
-1.353748607635498047e+01
-1.298866462707519531e+01
-1.176632881164550781e+01
-9.397650718688964844e+00
-9.711888313293457031e+00
-1.074252605438232422e+01
-1.123994922637939453e+01
-1.110028362274169922e+01
-1.114045047760009766e+01
-1.045569610595703125e+01
-9.868431091308593750e+00
-9.035453796386718750e+00
-9.081219673156738281e+00
-1.344242763519287109e+01
-1.511955738067626953e+01
-1.451636981964111328e+01
-1.303950595855712891e+01
-1.014226150512695312e+01
-8.831487655639648438e+00
-1.077138137817382812e+01
-1.091974639892578125e+01
-8.654903411865234375e+00
-9.293991088867187500e+00
-1.072540187835693359e+01
-1.284705829620361328e+01
-1.326756858825683594e+01
-1.275714969635009766e+01
-1.128018379211425781e+01
-1.143531322479248047e+01
-1.359139728546142578e+01
-1.378236007690429688e+01
-7.552603244781494141e+00
-5.975289344787597656e+00
-9.376684188842773438e+00
-1.182076454162597656e+01
-1.325555324554443359e+01
-1.350578022003173828e+01
-1.364868354797363281e+01
-1.457569885253906250e+01
-1.704098510742187500e+01
-2.089410018920898438e+01
-2.135374832153320312e+01
-2.147985076904296875e+01
-2.195905303955078125e+01
-2.260832595825195312e+01
-2.339944839477539062e+01
-2.412193489074707031e+01
-2.425941085815429688e+01
-2.308157539367675781e+01
-2.288223075866699219e+01
-2.178644752502441406e+01
-1.906209182739257812e+01
-1.278241062164306641e+01
-1.323416805267333984e+01
-1.703009986877441406e+01
-1.846781539916992188e+01
-2.075961303710937500e+01
-2.207380485534667969e+01
-1.893328094482421875e+01
-1.400598144531250000e+01
-1.105603218078613281e+01
-1.323314571380615234e+01
-1.638713264465332031e+01
-1.913308906555175781e+01
-1.887796211242675781e+01
-1.615660476684570312e+01
-1.367686939239501953e+01
-1.142460060119628906e+01
-1.001376819610595703e+01
-1.201500225067138672e+01
-1.852841949462890625e+01
-2.059494590759277344e+01
-1.941583061218261719e+01
-1.678244781494140625e+01
-1.548126220703125000e+01
-1.539592456817626953e+01
-1.258288669586181641e+01
-7.945765972137451172e+00
-5.553411483764648438e+00
-4.971115589141845703e+00
-1.501304626464843750e+01
-2.598354339599609375e+01
-2.281408882141113281e+01
-2.225906372070312500e+01
-2.389066696166992188e+01
-2.452626991271972656e+01
-2.434894561767578125e+01
-2.485816574096679688e+01
-2.443685340881347656e+01
-2.398964118957519531e+01
-2.263940429687500000e+01
-1.916623878479003906e+01
-1.544299316406250000e+01
-2.152671051025390625e+01
-2.351642036437988281e+01
-2.209308433532714844e+01
-2.095801544189453125e+01
-1.773039245605468750e+01
-1.867857742309570312e+01
-2.029517936706542969e+01
-1.696745681762695312e+01
-1.418485832214355469e+01
-1.348442840576171875e+01
-1.809617805480957031e+01
-2.401288986206054688e+01
-2.636380958557128906e+01
-2.598851013183593750e+01
-2.607046699523925781e+01
-2.763181114196777344e+01
-2.858778572082519531e+01
-3.001081085205078125e+01
-3.011989402770996094e+01
-2.894314384460449219e+01
-2.779645347595214844e+01
-2.798301315307617188e+01
-2.832519149780273438e+01
-2.956913757324218750e+01
-3.017605972290039062e+01
-3.011711311340332031e+01
-2.949327087402343750e+01
-2.804755783081054688e+01
-2.739804267883300781e+01
-2.835373878479003906e+01
-2.883413696289062500e+01
-2.743587493896484375e+01
-2.411115646362304688e+01
-1.995908737182617188e+01
-1.628682327270507812e+01
-1.236916446685791016e+01
-9.519552230834960938e+00
-1.314143276214599609e+01
-1.516116428375244141e+01
-1.547646713256835938e+01
-1.177238464355468750e+01
-7.452011585235595703e+00
-5.068324089050292969e+00
-5.004800319671630859e+00
-4.638760566711425781e+00
-3.425797224044799805e+00
-3.829564571380615234e+00
-7.536850452423095703e+00
-1.016389465332031250e+01
-1.134190845489501953e+01
-1.075232124328613281e+01
-1.396049499511718750e+01
-1.967740440368652344e+01
-2.073590660095214844e+01
-2.094604110717773438e+01
-1.867935752868652344e+01
-1.341671085357666016e+01
-7.258720874786376953e+00
-3.971310853958129883e+00
-2.374304056167602539e+00
-1.198896408081054688e+00
-9.553308486938476562e-01
-5.996571540832519531e+00
-1.281468677520751953e+01
-1.674274063110351562e+01
-2.173232841491699219e+01
-2.133839416503906250e+01
-1.829151153564453125e+01
-1.215684890747070312e+01
-8.909600257873535156e+00
-7.323551654815673828e+00
-1.295107078552246094e+01
-1.524198627471923828e+01
-1.494888877868652344e+01
-8.728820800781250000e+00
-6.877572536468505859e+00
-7.825763225555419922e+00
-1.374324798583984375e+01
-1.736530876159667969e+01
-1.990863800048828125e+01
-2.120006561279296875e+01
-1.887958335876464844e+01
-1.676719665527343750e+01
-1.387290668487548828e+01
-1.149284744262695312e+01
-1.086291599273681641e+01
-1.048553371429443359e+01
-1.211766910552978516e+01
-1.054307174682617188e+01
-1.363279151916503906e+01
-1.436031532287597656e+01
-1.699807357788085938e+01
-1.758946228027343750e+01
-1.726207351684570312e+01
-1.716563796997070312e+01
-1.663175392150878906e+01
-1.572908592224121094e+01
-1.304094886779785156e+01
-1.065891647338867188e+01
-1.126735877990722656e+01
-1.072642326354980469e+01
-9.324291229248046875e+00
-6.810840129852294922e+00
-4.366129398345947266e+00
-4.901213645935058594e+00
-5.670349121093750000e+00
-6.631330490112304688e+00
-3.590086936950683594e+00
-9.013256072998046875e+00
-1.363275718688964844e+01
-1.203254795074462891e+01
-1.061438179016113281e+01
-9.575501441955566406e+00
-7.817306041717529297e+00
-8.760530471801757812e+00
-1.004607486724853516e+01
-1.046302509307861328e+01
-1.022365283966064453e+01
-1.109964656829833984e+01
-1.322187423706054688e+01
-1.422386169433593750e+01
-1.424148273468017578e+01
-1.397311019897460938e+01
-1.205734920501708984e+01
-9.238114356994628906e+00
-8.144198417663574219e+00
-8.085184097290039062e+00
-9.592804908752441406e+00
-1.018401432037353516e+01
-1.158991432189941406e+01
-1.107998943328857422e+01
-1.028273868560791016e+01
-8.206983566284179688e+00
-5.565989017486572266e+00
-5.846972942352294922e+00
-7.946541786193847656e+00
-8.729311943054199219e+00
-9.178145408630371094e+00
-9.752090454101562500e+00
-1.043353557586669922e+01
-1.005636405944824219e+01
-1.011759853363037109e+01
-9.905812263488769531e+00
-9.685674667358398438e+00
-1.022410869598388672e+01
-1.089413547515869141e+01
-1.170572471618652344e+01
-1.204998779296875000e+01
-9.202740669250488281e+00
-4.623154640197753906e+00
-4.827507019042968750e+00
-5.884175777435302734e+00
-7.148760318756103516e+00
-8.543176651000976562e+00
-9.435630798339843750e+00
-1.423513698577880859e+01
-1.634291458129882812e+01
-1.469559955596923828e+01
-1.179708480834960938e+01
-9.394618988037109375e+00
-6.875036716461181641e+00
-6.705604076385498047e+00
-9.719464302062988281e+00
-1.335135078430175781e+01
-1.713600921630859375e+01
-1.717987632751464844e+01
-1.586103916168212891e+01
-1.422125530242919922e+01
-1.175455951690673828e+01
-9.946122169494628906e+00
-9.625111579895019531e+00
-8.561851501464843750e+00
-8.076941490173339844e+00
-1.074492168426513672e+01
-1.220152282714843750e+01
-1.335684776306152344e+01
-1.383492660522460938e+01
-1.170685386657714844e+01
-9.655871391296386719e+00
-7.966026782989501953e+00
-7.462297916412353516e+00
-6.789067745208740234e+00
-7.020124435424804688e+00
-1.049878597259521484e+01
-1.090745353698730469e+01
-8.995288848876953125e+00
-8.204342842102050781e+00
-9.201893806457519531e+00
-9.756107330322265625e+00
-7.784152030944824219e+00
-6.048471927642822266e+00
-4.668429374694824219e+00
-4.342134475708007812e+00
-7.109334945678710938e+00
-1.008490180969238281e+01
-1.069196987152099609e+01
-1.048454952239990234e+01
-1.022509670257568359e+01
-1.008860206604003906e+01
-1.246249580383300781e+01
-1.484223842620849609e+01
-1.367975616455078125e+01
-1.380117130279541016e+01
-1.543636894226074219e+01
-1.562194061279296875e+01
-1.364026260375976562e+01
-1.159315490722656250e+01
-9.354063987731933594e+00
-7.634799957275390625e+00
-6.739668369293212891e+00
-6.739248752593994141e+00
-7.609819889068603516e+00
-8.287632942199707031e+00
-7.031329631805419922e+00
-6.634075164794921875e+00
-8.255430221557617188e+00
-1.072677898406982422e+01
-1.033488178253173828e+01
-5.710372447967529297e+00
-5.438058376312255859e+00
-5.822169303894042969e+00
-6.917422771453857422e+00
-6.835893154144287109e+00
-7.637298583984375000e+00
-7.669083595275878906e+00
-8.752778053283691406e+00
-9.231453895568847656e+00
-1.238734531402587891e+01
-1.208987140655517578e+01
-9.078542709350585938e+00
-8.065136909484863281e+00
-8.100016593933105469e+00
-7.240118503570556641e+00
-5.068781852722167969e+00
-2.853329420089721680e+00
-2.665470123291015625e+00
-3.834289073944091797e+00
-4.160121917724609375e+00
-5.450987815856933594e+00
-4.891840457916259766e+00
-3.433406352996826172e+00
-2.200782060623168945e+00
-1.673553943634033203e+00
-2.603175640106201172e+00
-4.169354438781738281e+00
-5.424880504608154297e+00
-5.561761379241943359e+00
-5.139072895050048828e+00
-5.630042552947998047e+00
-5.275421619415283203e+00
-5.696032524108886719e+00
-7.132446765899658203e+00
-7.743776321411132812e+00
-6.521825790405273438e+00
-7.258160114288330078e+00
-1.029038047790527344e+01
-1.162130546569824219e+01
-1.009952545166015625e+01
-9.893974304199218750e+00
-1.218922615051269531e+01
-1.328462409973144531e+01
-1.200238800048828125e+01
-1.024341678619384766e+01
-1.138947677612304688e+01
-9.829676628112792969e+00
-7.032741069793701172e+00
-5.789083003997802734e+00
-6.300172328948974609e+00
-5.854160308837890625e+00
-4.079826354980468750e+00
-3.438341617584228516e+00
-3.626837491989135742e+00
-4.292668819427490234e+00
-2.697705268859863281e+00
-3.481499910354614258e+00
-5.626658439636230469e+00
-5.768682956695556641e+00
-4.936798095703125000e+00
-5.902392387390136719e+00
-8.564772605895996094e+00
-1.023661327362060547e+01
-7.860856533050537109e+00
-7.190054893493652344e+00
-7.203372478485107422e+00
-6.671601295471191406e+00
-5.107431888580322266e+00
-4.330154895782470703e+00
-6.014681816101074219e+00
-7.228175163269042969e+00
-8.072429656982421875e+00
-8.182040214538574219e+00
-8.655569076538085938e+00
-7.456131935119628906e+00
-5.501548767089843750e+00
-4.479402542114257812e+00
-4.262050628662109375e+00
-3.945941686630249023e+00
-2.429020404815673828e+00
-2.883914947509765625e+00
-5.354379653930664062e+00
-8.429198265075683594e+00
-8.399002075195312500e+00
-8.269594192504882812e+00
-1.144475364685058594e+01
-1.359188938140869141e+01
-1.233713531494140625e+01
-1.053338336944580078e+01
-1.166288280487060547e+01
-1.276444053649902344e+01
-1.154950046539306641e+01
-9.757870674133300781e+00
-1.111349391937255859e+01
-1.205347347259521484e+01
-9.253647804260253906e+00
-8.263991355895996094e+00
-1.040784740447998047e+01
-1.152237319946289062e+01
-1.008560752868652344e+01
-9.536323547363281250e+00
-1.181759262084960938e+01
-1.356760978698730469e+01
-1.171985149383544922e+01
-1.099511528015136719e+01
-1.316091823577880859e+01
-1.404072093963623047e+01
-1.128793430328369141e+01
-1.032378196716308594e+01
-1.140145683288574219e+01
-1.287479019165039062e+01
-1.090491390228271484e+01
-9.950167655944824219e+00
-1.238625335693359375e+01
-1.255441665649414062e+01
-1.040802574157714844e+01
-9.361956596374511719e+00
-1.065229415893554688e+01
-9.326721191406250000e+00
-6.018205165863037109e+00
-5.730386734008789062e+00
-8.017429351806640625e+00
-8.237531661987304688e+00
-6.516505241394042969e+00
-5.820796966552734375e+00
-7.310305595397949219e+00
-7.089500427246093750e+00
-6.718671321868896484e+00
-6.864958286285400391e+00
-9.212849617004394531e+00
-1.017234802246093750e+01
-8.475952148437500000e+00
-7.952601432800292969e+00
-9.872693061828613281e+00
-1.084153175354003906e+01
-8.683193206787109375e+00
-7.915185451507568359e+00
-1.011826705932617188e+01
-1.150271320343017578e+01
-9.284621238708496094e+00
-8.126088142395019531e+00
-9.868219375610351562e+00
-9.190829277038574219e+00
-5.114269256591796875e+00
-2.889302492141723633e+00
-4.171961307525634766e+00
-4.702604770660400391e+00
-2.791039705276489258e+00
-1.764984607696533203e+00
-3.325557231903076172e+00
-4.097759246826171875e+00
-3.496613502502441406e+00
-3.143789768218994141e+00
-5.273131847381591797e+00
-6.647465229034423828e+00
-6.012495994567871094e+00
-5.398842334747314453e+00
-7.981599807739257812e+00
-8.108190536499023438e+00
-5.756530284881591797e+00
-4.138630867004394531e+00
-6.404215812683105469e+00
-6.997402667999267578e+00
-6.387414455413818359e+00
-6.372646331787109375e+00
-8.439626693725585938e+00
-8.721879005432128906e+00
-7.555843353271484375e+00
-6.211106777191162109e+00
-6.930563449859619141e+00
-6.903608322143554688e+00
-6.123483180999755859e+00
-5.537835597991943359e+00
-6.416197299957275391e+00
-6.959804534912109375e+00
-5.921947479248046875e+00
-5.835416793823242188e+00
-8.219738960266113281e+00
-9.136886596679687500e+00
-7.597451210021972656e+00
-6.967803955078125000e+00
-8.817218780517578125e+00
-9.298295021057128906e+00
-7.152636528015136719e+00
-6.235487461090087891e+00
-7.582266807556152344e+00
-6.981544017791748047e+00
-4.367892265319824219e+00
-3.068570375442504883e+00
-3.883543968200683594e+00
-3.744551897048950195e+00
-2.612372159957885742e+00
-1.644944071769714355e+00
-4.098041534423828125e+00
-4.789277553558349609e+00
-2.331283807754516602e+00
-1.642692685127258301e+00
-3.304805278778076172e+00
-3.355259895324707031e+00
-2.472747325897216797e+00
-2.608357191085815430e+00
-4.791428565979003906e+00
-5.775554656982421875e+00
-3.460362434387207031e+00
-1.333274960517883301e+00
-2.679387092590332031e+00
-3.250900983810424805e+00
-2.064360618591308594e+00
-1.460148334503173828e+00
-2.632244348526000977e+00
-3.128889083862304688e+00
-1.594808459281921387e+00
-9.908800721168518066e-01
-1.637089729309082031e+00
-3.024106740951538086e+00
-1.689336895942687988e+00
-4.141845703125000000e-01
-1.838515400886535645e+00
-2.603282690048217773e+00
-1.635396361351013184e+00
-1.656713128089904785e+00
-3.492953538894653320e+00
-4.204656600952148438e+00
-2.323038101196289062e+00
-1.052821636199951172e+00
-2.674170732498168945e+00
-3.541291236877441406e+00
-2.754503250122070312e+00
-2.187601804733276367e+00
-4.406048774719238281e+00
-5.212532520294189453e+00
-2.471724748611450195e+00
-1.713085532188415527e+00
-4.355244636535644531e+00
-5.076250076293945312e+00
-2.567238330841064453e+00
-1.380486249923706055e+00
-1.801239490509033203e+00
-2.019223451614379883e+00
-1.256607890129089355e+00
-1.677359580993652344e+00
-3.595722436904907227e+00
-4.210610389709472656e+00
-3.103344917297363281e+00
-2.845544576644897461e+00
-4.604764938354492188e+00
-5.001801013946533203e+00
-3.777138710021972656e+00
-2.575307130813598633e+00
-4.331391811370849609e+00
-5.036226272583007812e+00
-3.729327917098999023e+00
-2.929292917251586914e+00
-4.042585372924804688e+00
-4.393575191497802734e+00
-2.094200849533081055e+00
-1.121382832527160645e+00
-2.448223352432250977e+00
-2.801607847213745117e+00
-7.259291410446166992e-01
-4.451915025711059570e-01
-2.512381553649902344e+00
-3.346063375473022461e+00
-1.726085424423217773e+00
-1.884775757789611816e+00
-3.824739217758178711e+00
-4.308947563171386719e+00
-2.644013404846191406e+00
-1.912927508354187012e+00
-4.176647186279296875e+00
-4.882047653198242188e+00
-2.557480096817016602e+00
-1.816531538963317871e+00
-3.630643129348754883e+00
-3.927021265029907227e+00
-2.340443372726440430e+00
-1.573561787605285645e+00
-3.230887889862060547e+00
-3.732111930847167969e+00
-2.408867597579956055e+00
-2.224281787872314453e+00
-4.184503078460693359e+00
-4.858826637268066406e+00
-3.321084976196289062e+00
-3.157036542892456055e+00
-4.432438850402832031e+00
-5.020443439483642578e+00
-3.580045938491821289e+00
-2.689743757247924805e+00
-4.676779270172119141e+00
-5.097990989685058594e+00
-2.988343954086303711e+00
-2.650918006896972656e+00
-4.295770168304443359e+00
-4.659939289093017578e+00
-3.438021898269653320e+00
-2.757390499114990234e+00
-4.403371334075927734e+00
-4.827226638793945312e+00
-2.808197975158691406e+00
-9.055802226066589355e-01
-2.365742444992065430e+00
-3.300931215286254883e+00
-4.995229542255401611e-01
3.238386213779449463e-01
-2.045264005661010742e+00
-2.450336694717407227e+00
-6.227293610572814941e-01
-1.538514252752065659e-02
-1.235255241394042969e+00
-1.748318910598754883e+00
-1.032843828201293945e+00
-5.559633374214172363e-01
-1.828260421752929688e+00
-2.267651557922363281e+00
-1.478266119956970215e-01
7.480806112289428711e-01
-7.670106291770935059e-01
-2.059005022048950195e+00
6.026022434234619141e-01
1.013138651847839355e+00
-6.947471499443054199e-01
-1.427594661712646484e+00
-3.138052821159362793e-01
-2.739836089313030243e-02
-1.447075009346008301e+00
-2.365670204162597656e+00
-6.192059516906738281e-01
6.209946870803833008e-01
-5.663907527923583984e-01
-5.013165473937988281e-01
1.087972521781921387e+00
9.651505351066589355e-01
-4.576309025287628174e-01
-8.217982053756713867e-01
8.087586611509323120e-02
2.141932398080825806e-01
-9.908104538917541504e-01
-1.265804409980773926e+00
-9.543649852275848389e-02
4.466611742973327637e-01
-1.638284802436828613e+00
-2.687770843505859375e+00
-3.146174848079681396e-01
2.214532196521759033e-01
-1.523321866989135742e+00
-2.674346923828125000e+00
-1.114337563514709473e+00
-8.715118765830993652e-01
-2.065275430679321289e+00
-2.290096282958984375e+00
5.568065866827964783e-02
2.440340816974639893e-01
-1.480514287948608398e+00
-2.076971769332885742e+00
1.547546386718750000e-01
1.199449539184570312e+00
-1.499034166336059570e-01
-4.734470248222351074e-01
9.373865127563476562e-01
1.000839471817016602e+00
-2.938666045665740967e-01
-7.689830064773559570e-01
7.054122090339660645e-01
1.023003339767456055e+00
-6.281213760375976562e-01
-1.516909360885620117e+00
9.445377588272094727e-01
1.291934847831726074e+00
-1.084001541137695312e+00
-1.842849969863891602e+00
-2.446096390485763550e-01
-2.833664119243621826e-01
-2.057030916213989258e+00
-3.096862316131591797e+00
-7.433669567108154297e-01
5.309753417968750000e-01
-8.958194255828857422e-01
-1.114584922790527344e+00
-8.000423759222030640e-02
2.250799834728240967e-01
-1.143333077430725098e+00
-1.390668392181396484e+00
6.054558753967285156e-01
1.223796606063842773e+00
-6.825556159019470215e-01
-1.421285510063171387e+00
3.408578038215637207e-01
1.106609702110290527e+00
-1.265310168266296387e+00
-2.225303888320922852e+00
1.092798590660095215e+00
7.841598987579345703e-01
-1.431257843971252441e+00
-2.693021059036254883e+00
-1.047357916831970215e-01
4.803076088428497314e-01
-1.424528956413269043e+00
-2.429548740386962891e+00
-5.201672911643981934e-01
2.437198013067245483e-01
-1.606155157089233398e+00
-1.660552978515625000e+00
-1.055745482444763184e+00
-1.688612550497055054e-01
-2.315711259841918945e+00
-3.007932901382446289e+00
-7.712011337280273438e-01
-7.866200059652328491e-02
-1.936392784118652344e+00
-2.401397705078125000e+00
-8.547036647796630859e-01
-2.208251953125000000e-01
-1.679722309112548828e+00
-2.349780797958374023e+00
1.083882674574851990e-01
6.980976462364196777e-02
-2.070594549179077148e+00
-3.949005603790283203e+00
-2.696016550064086914e+00
-1.810435533523559570e+00
-2.468375205993652344e+00
-1.175815463066101074e+00
-1.308327674865722656e+00
