-1.904682874679565430e+00
-3.458315610885620117e+00
-4.562414646148681641e+00
-2.305703639984130859e+00
-1.248080611228942871e+00
-2.609625101089477539e+00
-3.597099542617797852e+00
-1.774918437004089355e-01
3.161936998367309570e-01
-7.901911139488220215e-01
-6.137813329696655273e-01
5.459160804748535156e-01
5.425993204116821289e-01
3.790133297443389893e-01
-4.360297918319702148e-01
-1.412712186574935913e-01
2.563658654689788818e-01
-2.039203405380249023e+00
-2.645455360412597656e+00
-2.271701693534851074e-01
1.005580928176641464e-02
-1.244204878807067871e+00
-1.551192402839660645e+00
-1.574056506156921387e+00
-1.353673577308654785e+00
-1.935337543487548828e+00
-2.897724866867065430e+00
-1.082203626632690430e+00
-3.379398882389068604e-01
-3.182126760482788086e+00
-4.618716716766357422e+00
-2.526014804840087891e+00
-2.069115877151489258e+00
-2.728782176971435547e+00
-3.267988204956054688e+00
-2.202684879302978516e+00
-2.923445224761962891e+00
-4.395550251007080078e+00
-5.549853324890136719e+00
-4.733538627624511719e+00
-3.694694757461547852e+00
-6.400129795074462891e+00
-7.698642730712890625e+00
-6.652046680450439453e+00
-6.504877567291259766e+00
-6.621183872222900391e+00
-7.329681873321533203e+00
-6.077467918395996094e+00
-5.116203784942626953e+00
-6.451112270355224609e+00
-6.492125511169433594e+00
-3.516945362091064453e+00
-2.170902252197265625e+00
-3.750363111495971680e+00
-5.379676342010498047e+00
-2.494799137115478516e+00
-9.619531631469726562e-01
-2.463793754577636719e+00
-3.979764223098754883e+00
-3.124059915542602539e+00
-1.781404137611389160e+00
-3.878927707672119141e+00
-4.373987197875976562e+00
-2.403970718383789062e+00
-1.540197014808654785e+00
-3.025620222091674805e+00
-3.754451274871826172e+00
-1.710937023162841797e+00
-7.843087315559387207e-01
-2.304965257644653320e+00
-3.216863155364990234e+00
-1.617498517036437988e+00
-8.050971031188964844e-01
-3.070366144180297852e+00
-4.897971153259277344e+00
-2.922284126281738281e+00
-1.796234607696533203e+00
-4.212585449218750000e+00
-5.658864974975585938e+00
-2.739564657211303711e+00
-1.951545000076293945e+00
-4.732727527618408203e+00
-6.282169342041015625e+00
-3.017724752426147461e+00
-1.313403248786926270e+00
-4.020070552825927734e+00
-5.006630420684814453e+00
-1.762482762336730957e+00
-3.179289102554321289e-01
-2.782195568084716797e+00
-3.903132438659667969e+00
-2.575132608413696289e+00
-1.146468281745910645e+00
-2.390262603759765625e+00
-3.158728361129760742e+00
-1.415964245796203613e+00
-4.844772517681121826e-01
-1.203510522842407227e+00
-1.327037572860717773e+00
4.040987789630889893e-01
6.836473196744918823e-02
-6.971805095672607422e-01
-1.505599141120910645e+00
-7.091224789619445801e-01
-5.259822607040405273e-01
-2.374620914459228516e+00
-2.057982921600341797e+00
-1.067300915718078613e+00
-1.088370323181152344e+00
-1.807544946670532227e+00
-8.583336472511291504e-01
1.426702141761779785e-01
3.764070272445678711e-01
-2.124050259590148926e-01
-4.101000428199768066e-01
3.367705643177032471e-01
2.871227562427520752e-01
-5.404957532882690430e-01
-1.144284486770629883e+00
-6.709626913070678711e-01
-8.249672055244445801e-01
-2.543843030929565430e+00
-3.496826171875000000e+00
-2.442937374114990234e+00
-1.808179855346679688e+00
-2.893285274505615234e+00
-2.900931358337402344e+00
-1.970777034759521484e+00
-2.299998521804809570e+00
-4.308171272277832031e+00
-6.727797031402587891e+00
-5.873856067657470703e+00
-5.632403850555419922e+00
-6.874472141265869141e+00
-7.758397102355957031e+00
-7.647907257080078125e+00
-7.793383121490478516e+00
-9.000041007995605469e+00
-1.000189304351806641e+01
-8.473627090454101562e+00
-7.232897281646728516e+00
-7.453245162963867188e+00
-7.563523292541503906e+00
-6.426978588104248047e+00
-6.365919589996337891e+00
-7.206508159637451172e+00
-8.443607330322265625e+00
-8.021622657775878906e+00
-7.481711387634277344e+00
-8.538631439208984375e+00
-9.986670494079589844e+00
-7.923393726348876953e+00
-7.616406917572021484e+00
-1.024436569213867188e+01
-1.097411346435546875e+01
-9.791871070861816406e+00
-9.317384719848632812e+00
-1.156493282318115234e+01
-1.191835403442382812e+01
-1.005703449249267578e+01
-7.459551811218261719e+00
-7.402299880981445312e+00
-6.276570320129394531e+00
-4.762184143066406250e+00
-3.579340934753417969e+00
-4.327266693115234375e+00
-4.673219680786132812e+00
-3.290361404418945312e+00
-2.162975549697875977e+00
-2.803757429122924805e+00
-3.534137964248657227e+00
-2.863055229187011719e+00
-2.279243230819702148e+00
-2.836949348449707031e+00
-2.545359849929809570e+00
-1.366323947906494141e+00
-4.823276400566101074e-01
-1.968062482774257660e-02
-5.779472589492797852e-01
-1.227117180824279785e+00
-2.775503993034362793e-01
-5.794592201709747314e-02
-1.058844804763793945e+00
-9.110401868820190430e-01
-1.211473941802978516e+00
-9.551536440849304199e-01
-8.092544078826904297e-01
-1.357729673385620117e+00
-1.653751254081726074e+00
-2.322969675064086914e+00
-3.346417427062988281e+00
-3.316679954528808594e+00
-3.169794559478759766e+00
-5.393664360046386719e+00
-6.465948581695556641e+00
-6.545324802398681641e+00
-7.311572551727294922e+00
-7.692581653594970703e+00
-7.057049274444580078e+00
-6.543987274169921875e+00
-5.864589214324951172e+00
-7.877485275268554688e+00
-9.287719726562500000e+00
-1.014962673187255859e+01
-1.091590785980224609e+01
-1.349358940124511719e+01
-1.373067188262939453e+01
-1.354689216613769531e+01
-1.268062114715576172e+01
-1.340888977050781250e+01
-1.316000461578369141e+01
-1.253500461578369141e+01
-1.191183948516845703e+01
-1.293937397003173828e+01
-1.430387592315673828e+01
-1.235870075225830078e+01
-1.091900920867919922e+01
-1.135976886749267578e+01
-1.005534076690673828e+01
-9.011318206787109375e+00
-7.227787971496582031e+00
-6.620583534240722656e+00
-4.555755138397216797e+00
-2.197223424911499023e+00
-2.112311124801635742e+00
-3.108669281005859375e+00
-3.994245052337646484e+00
-4.656555175781250000e+00
-4.340621471405029297e+00
-5.718513488769531250e+00
-6.414785385131835938e+00
-6.506639480590820312e+00
-6.697391986846923828e+00
-6.888916969299316406e+00
-6.222662448883056641e+00
-4.744955539703369141e+00
-3.697302103042602539e+00
-3.060324192047119141e+00
-2.698870182037353516e+00
-2.729837417602539062e+00
-3.783552646636962891e+00
-6.853683948516845703e+00
-7.718618392944335938e+00
-6.158819675445556641e+00
-5.248576164245605469e+00
-6.682628631591796875e+00
-6.420424461364746094e+00
-5.266087055206298828e+00
-4.402207374572753906e+00
-4.975274562835693359e+00
-4.972629547119140625e+00
-5.108700275421142578e+00
-4.535354137420654297e+00
-4.412743091583251953e+00
-4.470839023590087891e+00
-4.796606540679931641e+00
-4.818449497222900391e+00
-6.377581596374511719e+00
-6.915519237518310547e+00
-6.165727138519287109e+00
-4.903081893920898438e+00
-4.528484821319580078e+00
-6.221040725708007812e+00
-7.682715892791748047e+00
-8.469152450561523438e+00
-9.241106033325195312e+00
-7.639554977416992188e+00
-5.698290348052978516e+00
-5.295221805572509766e+00
-6.137011051177978516e+00
-8.872464179992675781e+00
-8.992993354797363281e+00
-7.070686817169189453e+00
-4.996377468109130859e+00
-4.737451076507568359e+00
-4.264834403991699219e+00
-3.284793138504028320e+00
-4.119673252105712891e+00
-4.272937774658203125e+00
-4.874682903289794922e+00
-5.595020294189453125e+00
-7.242903232574462891e+00
-8.293268203735351562e+00
-8.970870971679687500e+00
-7.972262382507324219e+00
-8.317864418029785156e+00
-7.928114414215087891e+00
-7.222539424896240234e+00
-6.693831443786621094e+00
-5.594633579254150391e+00
-5.841051578521728516e+00
-5.759242534637451172e+00
-4.803230285644531250e+00
-4.295030593872070312e+00
-3.839292287826538086e+00
-4.820566177368164062e+00
-5.215067386627197266e+00
-4.598843574523925781e+00
-4.458684921264648438e+00
-5.436436653137207031e+00
-6.245283603668212891e+00
-6.616213798522949219e+00
-7.843274593353271484e+00
-7.940128803253173828e+00
-7.873960971832275391e+00
-8.179817199707031250e+00
-8.208745002746582031e+00
-9.172684669494628906e+00
-1.038159942626953125e+01
-1.211992359161376953e+01
-1.407856082916259766e+01
-1.586441707611083984e+01
-1.647570991516113281e+01
-1.703739166259765625e+01
-1.699109649658203125e+01
-1.712096786499023438e+01
-1.720038032531738281e+01
-1.734458923339843750e+01
-1.680735778808593750e+01
-1.451062297821044922e+01
-1.114213943481445312e+01
-8.502484321594238281e+00
-6.540427207946777344e+00
-5.002014636993408203e+00
-5.139917373657226562e+00
-6.031733512878417969e+00
-7.259392261505126953e+00
-7.120327472686767578e+00
-7.633216381072998047e+00
-6.946170806884765625e+00
-6.997750759124755859e+00
-7.973601341247558594e+00
-8.509952545166015625e+00
-9.451728820800781250e+00
-9.933048248291015625e+00
-9.637088775634765625e+00
-8.782727241516113281e+00
-7.471105098724365234e+00
-6.246269226074218750e+00
-5.291134357452392578e+00
-2.863408088684082031e+00
-3.035520315170288086e+00
-5.542418956756591797e+00
-7.210982322692871094e+00
-3.491434097290039062e+00
-3.128555119037628174e-01
-2.918231010437011719e+00
-4.068340778350830078e+00
-4.678470611572265625e+00
-3.363749742507934570e+00
-1.711395740509033203e+00
-4.180988371372222900e-01
-1.879316329956054688e+00
-2.401009082794189453e+00
-5.422521591186523438e+00
-8.460943222045898438e+00
-9.351777076721191406e+00
-7.070089340209960938e+00
-6.406648159027099609e+00
-6.036173343658447266e+00
-6.143738269805908203e+00
-5.819773674011230469e+00
-5.981773376464843750e+00
-7.875405311584472656e+00
-9.253403663635253906e+00
-1.249952316284179688e+01
-1.146187973022460938e+01
-1.119868564605712891e+01
-1.162299537658691406e+01
-9.891756057739257812e+00
-8.953535079956054688e+00
-6.066369533538818359e+00
-5.754872798919677734e+00
-6.173265457153320312e+00
-7.298748016357421875e+00
-9.315624237060546875e+00
-1.091696453094482422e+01
-9.866704940795898438e+00
-6.386250972747802734e+00
-4.612442970275878906e+00
-4.458016872406005859e+00
-6.374235630035400391e+00
-8.811125755310058594e+00
-1.010333061218261719e+01
-1.073371791839599609e+01
-1.153392982482910156e+01
-1.188632869720458984e+01
-1.096192264556884766e+01
-9.257877349853515625e+00
-7.726088523864746094e+00
-6.339458465576171875e+00
-4.259480476379394531e+00
-3.928818464279174805e+00
-4.927145481109619141e+00
-5.495242118835449219e+00
-5.840592861175537109e+00
-6.349923133850097656e+00
-6.868341922760009766e+00
-6.084582328796386719e+00
-4.815211772918701172e+00
-3.520113706588745117e+00
-3.336905002593994141e+00
-3.037493705749511719e+00
-2.797415733337402344e+00
-2.479862689971923828e+00
-3.271405220031738281e+00
-4.901389598846435547e+00
-5.549852371215820312e+00
-6.649120807647705078e+00
-6.579432964324951172e+00
-5.939424514770507812e+00
-3.263902187347412109e+00
-3.910954475402832031e+00
-3.840384006500244141e+00
-3.905493497848510742e+00
-5.319146633148193359e+00
-5.845705032348632812e+00
-6.049985885620117188e+00
-5.567573070526123047e+00
-4.736146926879882812e+00
-2.571292877197265625e+00
-3.474170923233032227e+00
-3.967891216278076172e+00
-3.837352991104125977e+00
-3.441299676895141602e+00
-2.754854440689086914e+00
-2.824757337570190430e+00
-3.364103555679321289e+00
-4.499238014221191406e+00
-7.364667892456054688e+00
-7.336728096008300781e+00
-7.953692913055419922e+00
-7.957218170166015625e+00
-9.535586357116699219e+00
-1.162574863433837891e+01
-1.321640682220458984e+01
-1.321341133117675781e+01
-1.291175174713134766e+01
-1.239745426177978516e+01
-1.321338272094726562e+01
-1.303013420104980469e+01
-1.373757457733154297e+01
-1.327436923980712891e+01
-1.379215717315673828e+01
-1.254842758178710938e+01
-1.191264438629150391e+01
-9.723834037780761719e+00
-9.412658691406250000e+00
-1.088349819183349609e+01
-1.329452133178710938e+01
-1.416089916229248047e+01
-1.505215644836425781e+01
-1.540582370758056641e+01
-1.562363147735595703e+01
-1.367588615417480469e+01
-1.206791782379150391e+01
-1.058612632751464844e+01
-8.776417732238769531e+00
-9.773303031921386719e+00
-8.747423171997070312e+00
-7.657386302947998047e+00
-7.569337368011474609e+00
-8.550259590148925781e+00
-9.777354240417480469e+00
-1.207581138610839844e+01
-1.441405010223388672e+01
-1.622217369079589844e+01
-1.737566757202148438e+01
-1.839270210266113281e+01
-1.843867492675781250e+01
-1.838836479187011719e+01
-1.768912887573242188e+01
-1.659526062011718750e+01
-1.407831382751464844e+01
-1.218873310089111328e+01
-9.446304321289062500e+00
-5.634483337402343750e+00
-5.229160308837890625e+00
-8.863129615783691406e+00
-1.192564868927001953e+01
-1.322003746032714844e+01
-1.377672481536865234e+01
-1.355397415161132812e+01
-1.361852264404296875e+01
-1.439837360382080078e+01
-1.406528091430664062e+01
-1.207947635650634766e+01
-7.473609447479248047e+00
-2.404921770095825195e+00
-1.885340094566345215e+00
-3.257665157318115234e+00
-4.151067256927490234e+00
-4.680689811706542969e+00
-5.265733242034912109e+00
-6.704191207885742188e+00
-8.203531265258789062e+00
-9.581140518188476562e+00
-6.883985519409179688e+00
-3.322105646133422852e+00
-4.195109367370605469e+00
-7.465894699096679688e+00
-6.754929542541503906e+00
-4.507588386535644531e+00
-2.760916233062744141e+00
-1.951895236968994141e+00
-2.035644531250000000e+00
-2.237915992736816406e+00
-1.344409108161926270e+00
-2.044442147016525269e-01
-2.582563877105712891e+00
-5.266438961029052734e+00
-7.082945346832275391e+00
-1.008035850524902344e+01
-1.381205654144287109e+01
-1.468678665161132812e+01
-1.450650215148925781e+01
-1.489956092834472656e+01
-1.547981262207031250e+01
-1.658703994750976562e+01
-1.716430282592773438e+01
-1.615822601318359375e+01
-1.225691127777099609e+01
-7.069028854370117188e+00
-3.825620889663696289e+00
-4.263529777526855469e+00
-1.039794826507568359e+01
-1.352132034301757812e+01
-1.280471324920654297e+01
-6.368033409118652344e+00
-5.878611564636230469e+00
-5.277748584747314453e+00
-1.988854169845581055e+00
-1.309632420539855957e+00
-5.697304248809814453e+00
-7.928081512451171875e+00
-9.304807662963867188e+00
-1.294691181182861328e+01
-1.633128738403320312e+01
-1.750528717041015625e+01
-1.795884323120117188e+01
-1.770357704162597656e+01
-1.679354667663574219e+01
-1.757860755920410156e+01
-1.954059410095214844e+01
-2.012115859985351562e+01
-2.067745590209960938e+01
-2.090069007873535156e+01
-2.060652923583984375e+01
-2.023750686645507812e+01
-1.896875762939453125e+01
-1.744327735900878906e+01
-1.612214660644531250e+01
-1.449371242523193359e+01
-1.451090526580810547e+01
-1.481436729431152344e+01
-1.534289646148681641e+01
-1.477117061614990234e+01
-1.468731689453125000e+01
-1.218049144744873047e+01
-7.727569580078125000e+00
-6.507168292999267578e+00
-7.329188823699951172e+00
-9.641634941101074219e+00
-1.495149803161621094e+01
-1.578087520599365234e+01
-1.517198562622070312e+01
-1.498996925354003906e+01
-1.613760948181152344e+01
-1.696224021911621094e+01
-1.770755958557128906e+01
-1.867125320434570312e+01
-1.856893920898437500e+01
-1.878607749938964844e+01
-1.873537635803222656e+01
-1.906737899780273438e+01
-1.911441421508789062e+01
-1.901861381530761719e+01
-1.902450180053710938e+01
-1.874031066894531250e+01
-1.885217475891113281e+01
-1.961528587341308594e+01
-2.007296371459960938e+01
-2.115947341918945312e+01
-2.217728424072265625e+01
-2.333828163146972656e+01
-2.402825546264648438e+01
-2.352420997619628906e+01
-2.296921730041503906e+01
-2.253916549682617188e+01
-2.341223716735839844e+01
-2.368162727355957031e+01
-2.486143875122070312e+01
-2.494871520996093750e+01
-2.473693275451660156e+01
-2.487648773193359375e+01
-2.574290466308593750e+01
-2.596289634704589844e+01
-2.532553100585937500e+01
-2.465479660034179688e+01
-2.447000122070312500e+01
-2.485918617248535156e+01
-2.535001373291015625e+01
-2.548728752136230469e+01
-2.541036987304687500e+01
-2.558421134948730469e+01
-2.531278228759765625e+01
-2.421224403381347656e+01
-2.401775169372558594e+01
-2.281342124938964844e+01
-2.282123756408691406e+01
-2.265634918212890625e+01
-2.235887527465820312e+01
-2.183288192749023438e+01
-2.089586639404296875e+01
-2.189052581787109375e+01
-2.261868667602539062e+01
-2.315916061401367188e+01
-2.403037071228027344e+01
-2.459747695922851562e+01
-2.505853843688964844e+01
-2.516849517822265625e+01
-2.564527702331542969e+01
-2.572338867187500000e+01
-2.522303771972656250e+01
-2.479883193969726562e+01
-2.381707191467285156e+01
-2.168014717102050781e+01
-1.975861358642578125e+01
-1.800577163696289062e+01
-1.652214622497558594e+01
-1.711980247497558594e+01
-1.855089759826660156e+01
-2.066522598266601562e+01
-2.122913169860839844e+01
-2.110215568542480469e+01
-2.159217453002929688e+01
-1.992353820800781250e+01
-1.638745117187500000e+01
-1.165453243255615234e+01
-9.089006423950195312e+00
-7.599709033966064453e+00
-4.724909305572509766e+00
-3.940198898315429688e+00
-3.704700708389282227e+00
-3.113630294799804688e+00
-4.165093898773193359e+00
-6.890399456024169922e+00
-9.539917945861816406e+00
-1.018697071075439453e+01
-9.445244789123535156e+00
-9.492106437683105469e+00
-1.095318508148193359e+01
-1.368405818939208984e+01
-1.451731777191162109e+01
-1.385345649719238281e+01
-1.262530517578125000e+01
-1.137066268920898438e+01
-1.117980098724365234e+01
-1.191825103759765625e+01
-1.200851917266845703e+01
-8.068728446960449219e+00
-7.721788883209228516e+00
-8.451182365417480469e+00
-8.943670272827148438e+00
-1.022671699523925781e+01
-1.199044513702392578e+01
-9.709634780883789062e+00
-5.442391395568847656e+00
-4.033353805541992188e+00
-4.777474403381347656e+00
-6.433638095855712891e+00
-7.821359157562255859e+00
-1.065317726135253906e+01
-1.553502273559570312e+01
-1.641295814514160156e+01
-1.353319263458251953e+01
-1.151412487030029297e+01
-1.114150428771972656e+01
-1.093577671051025391e+01
-1.167979431152343750e+01
-1.186783409118652344e+01
-1.137481880187988281e+01
-9.767698287963867188e+00
-6.499346733093261719e+00
-6.688759326934814453e+00
-7.643397808074951172e+00
-8.732660293579101562e+00
-1.188555526733398438e+01
-1.549619483947753906e+01
-1.648434257507324219e+01
-1.596669960021972656e+01
-1.624461746215820312e+01
-1.630771827697753906e+01
-1.753093528747558594e+01
-1.831600189208984375e+01
-1.852292442321777344e+01
-1.664602470397949219e+01
-1.341600608825683594e+01
-1.055794048309326172e+01
-8.811477661132812500e+00
-7.519870758056640625e+00
-7.682402133941650391e+00
-8.662372589111328125e+00
-1.097869586944580078e+01
-1.199350929260253906e+01
-1.290290927886962891e+01
-1.378915882110595703e+01
-1.490604209899902344e+01
-1.529793739318847656e+01
-1.707625579833984375e+01
-1.798642921447753906e+01
-1.622104454040527344e+01
-1.435651588439941406e+01
-1.470088100433349609e+01
-1.786868095397949219e+01
-2.039375686645507812e+01
-2.203892517089843750e+01
-2.261068725585937500e+01
-2.313192558288574219e+01
-2.367804336547851562e+01
-2.402445220947265625e+01
-2.424831962585449219e+01
-2.230589103698730469e+01
-1.893930625915527344e+01
-1.701125144958496094e+01
-1.707593727111816406e+01
-1.702453231811523438e+01
-1.365023422241210938e+01
-1.133644676208496094e+01
-1.525488471984863281e+01
-1.773898887634277344e+01
-1.832170486450195312e+01
-1.831973648071289062e+01
-1.856435203552246094e+01
-1.949538993835449219e+01
-2.059384727478027344e+01
-2.131703948974609375e+01
-2.213179969787597656e+01
-2.271120643615722656e+01
-2.302616310119628906e+01
-2.371858596801757812e+01
-2.387552070617675781e+01
-2.409420967102050781e+01
-2.396969413757324219e+01
-2.015914154052734375e+01
-1.728395271301269531e+01
-1.738609504699707031e+01
-1.935139083862304688e+01
-2.144493103027343750e+01
-2.257337760925292969e+01
-2.336573410034179688e+01
-2.299614143371582031e+01
-2.063552856445312500e+01
-1.648906326293945312e+01
-1.592893123626708984e+01
-1.735819053649902344e+01
-1.682775878906250000e+01
-1.362486362457275391e+01
-1.406647968292236328e+01
-1.717275810241699219e+01
-2.128483581542968750e+01
-2.150817680358886719e+01
-2.006570434570312500e+01
-1.643899726867675781e+01
-1.200559425354003906e+01
-1.094631481170654297e+01
-1.270972347259521484e+01
-1.403265380859375000e+01
-1.606415176391601562e+01
-1.837262153625488281e+01
-2.062647247314453125e+01
-2.231237411499023438e+01
-2.332979583740234375e+01
-2.346174240112304688e+01
-2.364710807800292969e+01
-2.339930915832519531e+01
-2.362723159790039062e+01
-2.378377151489257812e+01
-2.406253242492675781e+01
-2.416749382019042969e+01
-2.479403877258300781e+01
-2.504218482971191406e+01
-2.233928680419921875e+01
-2.022703552246093750e+01
-1.925668144226074219e+01
-1.637677764892578125e+01
-1.278653526306152344e+01
-1.092066478729248047e+01
-1.316144561767578125e+01
-1.511895656585693359e+01
-1.600869178771972656e+01
-1.746970558166503906e+01
-1.840750312805175781e+01
-1.957296752929687500e+01
-1.950909042358398438e+01
-1.891559410095214844e+01
-1.964699745178222656e+01
-2.067773818969726562e+01
-2.032332611083984375e+01
-1.841909027099609375e+01
-1.499401664733886719e+01
-1.198438644409179688e+01
-8.959877014160156250e+00
-6.858897209167480469e+00
-6.849634647369384766e+00
-7.765374660491943359e+00
-9.447677612304687500e+00
-1.378052616119384766e+01
-1.489177608489990234e+01
-1.486760330200195312e+01
-1.462840747833251953e+01
-1.487747287750244141e+01
-1.496407318115234375e+01
-1.474601650238037109e+01
-1.500564765930175781e+01
-1.565590763092041016e+01
-1.560851860046386719e+01
-1.479203319549560547e+01
-1.232304191589355469e+01
-1.223027420043945312e+01
-1.511938095092773438e+01
-1.751486968994140625e+01
-1.815720176696777344e+01
-1.810438537597656250e+01
-1.870472526550292969e+01
-2.033893966674804688e+01
-2.111138343811035156e+01
-2.147791099548339844e+01
-2.065694999694824219e+01
-2.073132514953613281e+01
-2.085389709472656250e+01
-2.091545677185058594e+01
-2.064395141601562500e+01
-1.954855346679687500e+01
-1.940089416503906250e+01
-2.041331291198730469e+01
-2.041697502136230469e+01
-1.981642913818359375e+01
-1.821762847900390625e+01
-1.644093513488769531e+01
-1.678325653076171875e+01
-1.752554512023925781e+01
-1.717582130432128906e+01
-1.345997810363769531e+01
-1.232357025146484375e+01
-1.337788391113281250e+01
-1.449149322509765625e+01
-1.495100116729736328e+01
-1.481292533874511719e+01
-1.377259731292724609e+01
-1.260332393646240234e+01
-1.186557674407958984e+01
-1.158280181884765625e+01
-1.107695865631103516e+01
-1.167602634429931641e+01
-1.106522369384765625e+01
-7.112612724304199219e+00
-3.669854402542114258e+00
-2.552090406417846680e+00
-2.782052993774414062e+00
-3.211864233016967773e+00
-3.531424999237060547e+00
-2.823523283004760742e+00
-3.007827997207641602e+00
-3.180047273635864258e+00
-3.498728513717651367e+00
-4.587640762329101562e+00
-5.900491237640380859e+00
-7.109157562255859375e+00
-8.504842758178710938e+00
-9.323553085327148438e+00
-9.558343887329101562e+00
-8.592610359191894531e+00
-8.167098999023437500e+00
-7.617712020874023438e+00
-6.671177387237548828e+00
-6.145782947540283203e+00
-7.304982662200927734e+00
-9.930120468139648438e+00
-1.098457622528076172e+01
-1.048370552062988281e+01
-1.109175395965576172e+01
-1.075816917419433594e+01
-1.099398422241210938e+01
-1.033199310302734375e+01
-1.031138229370117188e+01
-1.001411724090576172e+01
-9.512154579162597656e+00
-8.193807601928710938e+00
-7.805856227874755859e+00
-7.295225620269775391e+00
-8.948991775512695312e+00
-1.031479835510253906e+01
-1.129053974151611328e+01
-1.183918476104736328e+01
-1.205872821807861328e+01
-1.296502399444580078e+01
-1.470179748535156250e+01
-1.602007484436035156e+01
-1.627618408203125000e+01
-1.644114494323730469e+01
-1.800492477416992188e+01
-1.927045822143554688e+01
-1.936618804931640625e+01
-1.908591270446777344e+01
-1.970555114746093750e+01
-1.962670135498046875e+01
-1.839453125000000000e+01
-1.616143035888671875e+01
-1.443931388854980469e+01
-1.272561359405517578e+01
-1.194418239593505859e+01
-1.153939151763916016e+01
-1.177199649810791016e+01
-1.234580612182617188e+01
-1.372221374511718750e+01
-1.570185089111328125e+01
-1.816122245788574219e+01
-1.940963172912597656e+01
-1.877828979492187500e+01
-1.735970687866210938e+01
-1.589552688598632812e+01
-1.126062965393066406e+01
-5.053560256958007812e+00
-6.093461036682128906e+00
-9.774815559387207031e+00
-1.124252128601074219e+01
-1.058736133575439453e+01
-1.003666782379150391e+01
-1.028365325927734375e+01
-1.109876537322998047e+01
-1.192699146270751953e+01
-1.170776748657226562e+01
-1.125375843048095703e+01
-1.074425411224365234e+01
-1.050949382781982422e+01
-1.224972724914550781e+01
-1.475799655914306641e+01
-1.625441169738769531e+01
-1.675362586975097656e+01
-1.746448898315429688e+01
-1.933232879638671875e+01
-2.005887222290039062e+01
-1.932979202270507812e+01
-1.842247390747070312e+01
-1.713231277465820312e+01
-1.248634719848632812e+01
-8.510904312133789062e+00
-5.563206672668457031e+00
-6.627769947052001953e+00
-8.835436820983886719e+00
-1.060741138458251953e+01
-1.095853900909423828e+01
-1.244033718109130859e+01
-1.275366115570068359e+01
-1.372697067260742188e+01
-1.439350891113281250e+01
-1.685269927978515625e+01
-1.782840919494628906e+01
-1.726302146911621094e+01
-1.687201309204101562e+01
-1.875763893127441406e+01
-1.969403457641601562e+01
-1.927873992919921875e+01
-1.915394783020019531e+01
-2.071758651733398438e+01
-2.116536331176757812e+01
-1.998231124877929688e+01
-1.923427772521972656e+01
-2.035862922668457031e+01
-1.994647407531738281e+01
-1.756796455383300781e+01
-1.628073120117187500e+01
-1.766038703918457031e+01
-1.797018432617187500e+01
-1.682712364196777344e+01
-1.473198890686035156e+01
-1.492598724365234375e+01
-1.446629810333251953e+01
-1.245991992950439453e+01
-1.047116279602050781e+01
-9.865685462951660156e+00
-8.824863433837890625e+00
-7.987412452697753906e+00
-7.941854000091552734e+00
-9.930758476257324219e+00
-9.196784973144531250e+00
-8.592466354370117188e+00
-1.019891452789306641e+01
-1.459370326995849609e+01
-1.798241043090820312e+01
-1.877871513366699219e+01
-1.823140335083007812e+01
-1.808867645263671875e+01
-1.680953979492187500e+01
-1.498887634277343750e+01
-1.363490676879882812e+01
-1.529624843597412109e+01
-1.629753684997558594e+01
-1.573553752899169922e+01
-1.517917346954345703e+01
-1.735987663269042969e+01
-1.813912582397460938e+01
-1.708048248291015625e+01
-1.605051612854003906e+01
-1.789281272888183594e+01
-1.855843544006347656e+01
-1.548576450347900391e+01
-1.214455223083496094e+01
-9.847325325012207031e+00
-7.959825515747070312e+00
-5.562852859497070312e+00
-4.196271419525146484e+00
-5.821604251861572266e+00
-6.554662704467773438e+00
-5.033127784729003906e+00
-4.777582645416259766e+00
-6.793190002441406250e+00
-9.243467330932617188e+00
-8.953077316284179688e+00
-9.515112876892089844e+00
-1.211601257324218750e+01
-1.286387252807617188e+01
-1.119375514984130859e+01
-9.366500854492187500e+00
-8.677026748657226562e+00
-6.971082210540771484e+00
-4.593169689178466797e+00
-2.125558376312255859e+00
-1.319745540618896484e+00
-1.424456715583801270e+00
-3.669961452484130859e+00
-6.783182621002197266e+00
-8.459005355834960938e+00
-9.150914192199707031e+00
-9.328837394714355469e+00
-9.723587989807128906e+00
-1.106441879272460938e+01
-1.173736572265625000e+01
-1.188502216339111328e+01
-1.247510623931884766e+01
-1.429298973083496094e+01
-1.584472084045410156e+01
-1.571771049499511719e+01
-1.508477687835693359e+01
-1.618651580810546875e+01
-1.770403289794921875e+01
-1.673407554626464844e+01
-1.526013469696044922e+01
-1.505433940887451172e+01
-1.239030170440673828e+01
-8.248841285705566406e+00
-6.410558223724365234e+00
-7.992239952087402344e+00
-9.350505828857421875e+00
-1.029260158538818359e+01
-1.119128608703613281e+01
-1.329135227203369141e+01
-1.471800518035888672e+01
-1.307456398010253906e+01
-1.184097957611083984e+01
-1.357339000701904297e+01
-1.315130233764648438e+01
-1.154220867156982422e+01
-1.181019115447998047e+01
-1.509957981109619141e+01
-1.602920341491699219e+01
-1.319995498657226562e+01
-1.117430782318115234e+01
-1.169476604461669922e+01
-1.023650836944580078e+01
-6.533347129821777344e+00
-4.036312103271484375e+00
-3.671299934387207031e+00
-4.196588516235351562e+00
-3.382389545440673828e+00
-3.049122571945190430e+00
-4.012884616851806641e+00
-4.577000617980957031e+00
-3.928147792816162109e+00
-4.368879795074462891e+00
-6.938841342926025391e+00
-9.339126586914062500e+00
-9.810154914855957031e+00
-1.033308124542236328e+01
-1.229809761047363281e+01
-1.323209190368652344e+01
-1.102467346191406250e+01
-9.703999519348144531e+00
-1.179014587402343750e+01
-1.265247440338134766e+01
-1.045083236694335938e+01
-9.729153633117675781e+00
-1.113399887084960938e+01
-1.138352108001708984e+01
-8.862668991088867188e+00
-8.641368865966796875e+00
-1.237983608245849609e+01
-1.490689277648925781e+01
-1.348463821411132812e+01
-1.236715221405029297e+01
-1.399611854553222656e+01
-1.512811565399169922e+01
-1.418013858795166016e+01
-1.302425003051757812e+01
-1.564047050476074219e+01
-1.714189338684082031e+01
-1.452270889282226562e+01
-1.286130142211914062e+01
-1.478058433532714844e+01
-1.581892871856689453e+01
-1.359714031219482422e+01
-1.130850887298583984e+01
-1.188819885253906250e+01
-1.110722160339355469e+01
-8.228263854980468750e+00
-5.870015144348144531e+00
-5.013536930084228516e+00
-4.407247066497802734e+00
-2.330437421798706055e+00
-2.398228168487548828e+00
-4.828703880310058594e+00
-6.758978366851806641e+00
-6.206171512603759766e+00
-5.920327663421630859e+00
-9.257560729980468750e+00
-1.084685134887695312e+01
-8.784734725952148438e+00
-7.579589366912841797e+00
-1.000337123870849609e+01
-1.132897758483886719e+01
-9.906729698181152344e+00
-9.131745338439941406e+00
-1.109615802764892578e+01
-1.206950855255126953e+01
-1.076497173309326172e+01
-9.300900459289550781e+00
-8.379978179931640625e+00
-7.857260704040527344e+00
-7.965287685394287109e+00
-8.967838287353515625e+00
-1.073551464080810547e+01
-1.263284683227539062e+01
-1.204854297637939453e+01
-1.176946163177490234e+01
-1.333792686462402344e+01
-1.393259143829345703e+01
-1.105694484710693359e+01
-9.941961288452148438e+00
-1.228132629394531250e+01
-1.304193687438964844e+01
-1.018841648101806641e+01
-8.902166366577148438e+00
-1.063369464874267578e+01
-1.028266811370849609e+01
-7.832210063934326172e+00
-7.205099105834960938e+00
-1.017016601562500000e+01
-1.177833652496337891e+01
-9.207425117492675781e+00
-7.540586948394775391e+00
-9.362870216369628906e+00
-1.019870471954345703e+01
-8.381387710571289062e+00
-7.977262496948242188e+00
-1.055642604827880859e+01
-1.206333923339843750e+01
-9.630116462707519531e+00
-8.480851173400878906e+00
-1.057136440277099609e+01
-1.159600925445556641e+01
-8.686120033264160156e+00
-7.456696510314941406e+00
-9.629938125610351562e+00
-1.002098941802978516e+01
-6.882398128509521484e+00
-5.175254344940185547e+00
-7.225253105163574219e+00
-8.242181777954101562e+00
-6.395550251007080078e+00
-6.311413764953613281e+00
-8.917244911193847656e+00
-1.054025363922119141e+01
-8.096459388732910156e+00
-6.957093238830566406e+00
-9.630961418151855469e+00
-1.086020374298095703e+01
-7.930016994476318359e+00
-6.897023200988769531e+00
-9.346489906311035156e+00
-1.021550941467285156e+01
-7.563559532165527344e+00
-6.230587959289550781e+00
-8.334563255310058594e+00
-9.142807006835937500e+00
-6.921684741973876953e+00
-4.461223602294921875e+00
-4.675582408905029297e+00
-5.525787830352783203e+00
-4.667126178741455078e+00
-4.205539226531982422e+00
-5.640613079071044922e+00
-5.976769924163818359e+00
-4.002032756805419922e+00
-3.168704271316528320e+00
-4.369863986968994141e+00
-4.184433937072753906e+00
-2.935038805007934570e+00
-2.185384035110473633e+00
-4.434516429901123047e+00
-5.208199024200439453e+00
-2.288793087005615234e+00
-8.371946215629577637e-01
-6.840707659721374512e-01
-5.233721733093261719e-01
-9.436661601066589355e-01
-1.979342222213745117e+00
-4.148216247558593750e+00
-5.459480285644531250e+00
-3.854440689086914062e+00
-3.097670793533325195e+00
-4.549763679504394531e+00
-4.509879112243652344e+00
-2.275861263275146484e+00
-1.106727480888366699e+00
-2.167484760284423828e+00
-2.515128612518310547e+00
-1.468641281127929688e+00
-7.515777945518493652e-01
-2.745802402496337891e+00
-2.632068872451782227e+00
-2.413678020238876343e-01
3.764776885509490967e-01
-1.069800138473510742e+00
-1.328304409980773926e+00
-3.397377431392669678e-01
3.643579185009002686e-01
-1.364104747772216797e+00
-1.933928370475769043e+00
-4.777815937995910645e-01
2.674667537212371826e-01
-5.326757431030273438e-01
-6.246000528335571289e-01
5.460890531539916992e-01
9.447160959243774414e-01
4.306779801845550537e-02
-4.843407496809959412e-02
9.380204081535339355e-01
1.127786159515380859e+00
5.578827578574419022e-03
-6.404199600219726562e-01
1.457883627153933048e-03
3.988486826419830322e-01
2.767301797866821289e-01
1.701852828264236450e-01
2.889238297939300537e-01
8.886986225843429565e-02
-3.821250498294830322e-01
-1.022415399551391602e+00
-1.024033904075622559e+00
-1.263865113258361816e+00
-3.358465909957885742e+00
-4.592854499816894531e+00
-1.968029856681823730e+00
-7.147216796875000000e-01
-2.739211797714233398e+00
-3.919937849044799805e+00
-8.862379789352416992e-01
-1.676935553550720215e-01
-1.950590968132019043e+00
-2.709828615188598633e+00
-1.095961183309555054e-01
2.368854731321334839e-01
-1.127163052558898926e+00
-1.930649638175964355e+00
-4.661211967468261719e-01
-1.921129673719406128e-01
-2.096210241317749023e+00
-3.137345790863037109e+00
-1.094395160675048828e+00
-5.295388698577880859e-01
-1.882909893989562988e+00
-3.243323087692260742e+00
-1.082839131355285645e+00
-5.700228214263916016e-01
-2.049597501754760742e+00
-2.764682769775390625e+00
-1.065821051597595215e+00
-8.126006722450256348e-01
-2.224140882492065430e+00
-2.768523693084716797e+00
-7.724352478981018066e-01
-2.150150835514068604e-01
-1.242763042449951172e+00
-1.923885464668273926e+00
-3.494974672794342041e-01
3.815511167049407959e-01
-4.714050292968750000e-01
-1.052678108215332031e+00
1.926655024290084839e-01
7.464583516120910645e-01
-2.078627198934555054e-01
-8.901158571243286133e-01
3.884561061859130859e-01
5.504568219184875488e-01
-1.373828530311584473e+00
-2.062105417251586914e+00
-5.348607301712036133e-01
3.130594789981842041e-01
-1.399545788764953613e+00
-2.793152809143066406e+00
3.907101154327392578e-01
4.821065366268157959e-01
-6.447871923446655273e-01
-7.367815971374511719e-01
9.344985485076904297e-01
1.805704712867736816e+00
1.009511828422546387e+00
7.478680610656738281e-01
1.200082898139953613e+00
1.750774741172790527e+00
1.127681255340576172e+00
5.682148337364196777e-01
1.090296745300292969e+00
1.346795320510864258e+00
1.873115450143814087e-01
-1.611445844173431396e-01
1.163159847259521484e+00
1.463695883750915527e+00
4.000211879611015320e-02
-2.569414079189300537e-01
4.032881855964660645e-01
6.641513705253601074e-01
-6.061711907386779785e-01
-6.019437313079833984e-01
7.404688596725463867e-01
1.116089344024658203e+00
3.519217371940612793e-01
2.298011183738708496e-01
9.191707372665405273e-01
8.482831716537475586e-01
6.533438712358474731e-02
-8.106057345867156982e-02
7.786586880683898926e-01
1.414583444595336914e+00
2.871955633163452148e-01
-3.028735704720020294e-02
8.658650517463684082e-01
1.527433156967163086e+00
2.948763668537139893e-01
4.384091123938560486e-02
1.028217554092407227e+00
7.816563844680786133e-01
2.552399337291717529e-01
2.944914102554321289e-01
9.123711585998535156e-01
1.042134046554565430e+00
5.170571804046630859e-01
4.826349616050720215e-01
1.905378937721252441e+00
2.047857999801635742e+00
4.599089920520782471e-01
1.457690894603729248e-01
1.115065693855285645e+00
1.506715416908264160e+00
2.882170975208282471e-01
4.355875775218009949e-02
9.658197760581970215e-01
1.445692658424377441e+00
3.813406825065612793e-01
2.253273427486419678e-01
1.192685842514038086e+00
1.110662102699279785e+00
5.138148069381713867e-01
2.314924299716949463e-01
2.236675500869750977e+00
2.314643621444702148e+00
3.060447275638580322e-01
-3.668700158596038818e-01
1.194621801376342773e+00
1.897415995597839355e+00
1.306211203336715698e-01
-6.091651320457458496e-01
6.885707974433898926e-01
1.046080470085144043e+00
-1.948627680540084839e-01
-6.148028373718261719e-01
7.303922176361083984e-01
1.071624279022216797e+00
-9.902900457382202148e-02
-2.390779256820678711e-01
8.880947232246398926e-01
1.626685976982116699e+00
1.143092140555381775e-01
-5.921111702919006348e-01
1.855277061462402344e+00
2.358895301818847656e+00
-1.898921430110931396e-01
-1.650443077087402344e+00
2.133969545364379883e+00
2.589072227478027344e+00
-1.445842534303665161e-01
-1.304558515548706055e+00
1.923732280731201172e+00
2.340010166168212891e+00
-3.923864662647247314e-02
-1.217463493347167969e+00
1.385340094566345215e+00
1.771102666854858398e+00
-1.676957011222839355e-01
-1.501299977302551270e+00
-1.805543005466461182e-01
5.400636792182922363e-01
-2.666658163070678711e-01
-5.422234535217285156e-01
1.223230242729187012e+00
1.742425799369812012e+00
3.045681118965148926e-01
-3.948075175285339355e-01
7.726392149925231934e-01
8.796397447586059570e-01
-2.635642588138580322e-01
-1.155981779098510742e+00
-1.687177717685699463e-01
3.732021450996398926e-01
-6.971430182456970215e-01
-1.606297016143798828e+00
1.452095955610275269e-01
1.386114835739135742e+00
7.063995003700256348e-01
4.922164082527160645e-01
1.968726992607116699e+00
1.938917756080627441e+00
2.274073511362075806e-01
4.726102203130722046e-02
5.774461030960083008e-01
1.244231104850769043e+00
-3.775784671306610107e-01
-1.361813187599182129e+00
3.880315423011779785e-01
8.657917380332946777e-01
-7.675732970237731934e-01
-2.324275016784667969e+00
-8.797532320022583008e-01
-2.308344244956970215e-01
-2.103361368179321289e+00
-2.988414049148559570e+00
-4.582562297582626343e-02
7.974061369895935059e-01
-4.704900383949279785e-01
-1.164579749107360840e+00
6.494622677564620972e-02
1.144239425659179688e+00
7.394832372665405273e-01
3.159120678901672363e-01
7.106965780258178711e-01
1.056721448898315430e+00
6.317036747932434082e-01
3.944803774356842041e-01
1.192189574241638184e+00
1.234611153602600098e+00
-1.965530067682266235e-01
-7.932578921318054199e-01
-8.060067147016525269e-02
