-7.154605537652969360e-02
-1.406311035156250000e+00
-1.940795898437500000e+00
-4.582722857594490051e-02
1.806164085865020752e-01
-9.368002414703369141e-01
-2.141697406768798828e+00
3.128469288349151611e-01
1.329883813858032227e+00
-2.353429943323135376e-01
-1.447427868843078613e+00
2.108530044555664062e+00
1.311701178550720215e+00
6.430155634880065918e-01
1.858306378126144409e-01
9.327708482742309570e-01
1.408134579658508301e+00
1.591941416263580322e-01
-9.370877593755722046e-02
5.944288969039916992e-01
8.761516213417053223e-01
3.803180754184722900e-01
4.595518857240676880e-02
6.332536935806274414e-01
1.401438355445861816e+00
6.685941219329833984e-01
8.256396651268005371e-02
4.733651280403137207e-01
2.478771507740020752e-01
-7.853307723999023438e-01
-7.193737626075744629e-01
8.222099542617797852e-01
1.403026342391967773e+00
-1.839032024145126343e-01
-7.595787644386291504e-01
9.478486776351928711e-01
1.607271432876586914e+00
-2.880179286003112793e-01
-2.036560058593750000e+00
5.004979372024536133e-01
1.034593582153320312e+00
-5.050161480903625488e-01
-1.305335283279418945e+00
9.143435955047607422e-01
1.114642739295959473e+00
-1.175956845283508301e+00
-1.348320722579956055e+00
-2.464037388563156128e-01
3.443448245525360107e-01
-1.204287886619567871e+00
-1.531921386718750000e+00
-3.616536557674407959e-01
4.311009310185909271e-03
-1.149887919425964355e+00
-2.141273260116577148e+00
-3.321222588419914246e-02
2.149347662925720215e-01
-5.643139481544494629e-01
-7.681349515914916992e-01
8.245903253555297852e-02
7.911280542612075806e-02
-8.042511343955993652e-01
-8.706632852554321289e-01
6.951251029968261719e-01
5.801594853401184082e-01
-1.261011481285095215e+00
-1.866772532463073730e+00
-6.713149547576904297e-01
-1.539210230112075806e-01
-1.150134205818176270e+00
-1.610733270645141602e+00
-4.892717301845550537e-02
5.144476890563964844e-01
-1.044223189353942871e+00
-2.396710872650146484e+00
2.153234630823135376e-01
8.475074172019958496e-01
-1.147630691528320312e+00
-2.343508958816528320e+00
-5.003324747085571289e-01
5.229642242193222046e-02
-1.369882106781005859e+00
-2.427187681198120117e+00
6.099982187151908875e-02
5.290008187294006348e-01
-1.008882164955139160e+00
-2.127882003784179688e+00
1.431295871734619141e-01
4.564910233020782471e-01
-1.017021894454956055e+00
-1.781579256057739258e+00
-3.780024945735931396e-01
1.589842736721038818e-01
-5.376094579696655273e-01
-5.422593355178833008e-01
3.685500919818878174e-01
7.664024233818054199e-01
3.501217365264892578e-01
-1.853862553834915161e-01
3.702751398086547852e-01
4.776654243469238281e-01
-6.281556487083435059e-01
-1.379361391067504883e+00
-2.006766349077224731e-01
8.510661721229553223e-01
-2.094828337430953979e-01
-1.056729555130004883e+00
-1.316164284944534302e-01
6.293800473213195801e-01
-5.391594171524047852e-01
-1.190158247947692871e+00
7.569376379251480103e-02
1.070508435368537903e-01
-1.856801390647888184e+00
-2.916924715042114258e+00
-3.694736361503601074e-01
5.486963987350463867e-01
-9.898231625556945801e-01
-1.083542704582214355e+00
2.386099845170974731e-01
7.996253371238708496e-01
-1.460392951965332031e+00
-3.135546684265136719e+00
-4.773222208023071289e-01
-4.215976595878601074e-02
-1.845844984054565430e+00
-3.313651084899902344e+00
-8.305690884590148926e-01
-5.448726005852222443e-03
-1.875369429588317871e+00
-2.998983383178710938e+00
-5.601212382316589355e-01
-2.458164095878601074e-02
-1.731122970581054688e+00
-3.283207893371582031e+00
-1.346381425857543945e+00
-3.345240652561187744e-01
-1.822342753410339355e+00
-2.825427770614624023e+00
-1.068254470825195312e+00
-6.304471492767333984e-01
-2.227346897125244141e+00
-3.037634134292602539e+00
-1.168559312820434570e+00
-1.167680740356445312e+00
-2.530245065689086914e+00
-3.519728899002075195e+00
-1.478539228439331055e+00
-1.209502100944519043e+00
-3.899575710296630859e+00
-5.373159885406494141e+00
-2.981470584869384766e+00
-2.626643657684326172e+00
-4.534509181976318359e+00
-6.011475086212158203e+00
-3.182406187057495117e+00
-1.754872679710388184e+00
-3.860537290573120117e+00
-5.232050418853759766e+00
-2.543984413146972656e+00
-1.683419227600097656e+00
-3.354308605194091797e+00
-4.174320697784423828e+00
-2.130807876586914062e+00
-7.503437399864196777e-01
-1.084953427314758301e+00
-1.122370123863220215e+00
-4.374828562140464783e-02
6.114823222160339355e-01
-1.296445578336715698e-01
-5.902458429336547852e-01
1.024705320596694946e-01
2.404421120882034302e-01
-2.139863014221191406e+00
-5.147071361541748047e+00
-3.867690324783325195e+00
-2.421550989151000977e+00
-3.540130615234375000e+00
-4.434305191040039062e+00
-2.398367881774902344e+00
-1.610348343849182129e+00
-3.133963108062744141e+00
-3.955947637557983398e+00
-1.296704769134521484e+00
-2.436598390340805054e-01
-1.945412039756774902e+00
-3.175923109054565430e+00
-8.565020561218261719e-01
-4.359259307384490967e-01
-3.177087545394897461e+00
-5.165742397308349609e+00
-2.741712093353271484e+00
-2.185875654220581055e+00
-4.705246448516845703e+00
-6.499734878540039062e+00
-4.081517219543457031e+00
-2.916751146316528320e+00
-5.113175392150878906e+00
-6.043854713439941406e+00
-2.621110916137695312e+00
-1.421745419502258301e+00
-3.943721771240234375e+00
-5.102360248565673828e+00
-2.517595767974853516e+00
-1.323373913764953613e+00
-3.402824640274047852e+00
-4.010205268859863281e+00
-1.818042993545532227e+00
-8.288434743881225586e-01
-2.170727729797363281e+00
-3.406487703323364258e+00
-2.271493434906005859e+00
-2.016406059265136719e+00
-5.233424186706542969e+00
-7.105425357818603516e+00
-4.402630805969238281e+00
-3.110216140747070312e+00
-4.637567043304443359e+00
-4.844910144805908203e+00
-2.636085987091064453e+00
-1.390212774276733398e+00
-2.384343147277832031e+00
-2.646726369857788086e+00
-1.151930451393127441e+00
-7.749912142753601074e-02
-1.367765188217163086e+00
-2.403649568557739258e+00
-7.904395461082458496e-01
-1.175248026847839355e-01
-2.349850416183471680e+00
-3.237406492233276367e+00
-1.610414743423461914e+00
-8.127071857452392578e-01
-3.139280557632446289e+00
-2.948423624038696289e+00
-7.085930109024047852e-01
-1.370774656534194946e-01
-5.714330673217773438e-01
-6.912959814071655273e-01
1.233301013708114624e-01
5.467593669891357422e-01
-1.283101439476013184e+00
-2.239501953125000000e+00
-9.137894511222839355e-01
-2.747353017330169678e-01
-2.801432371139526367e+00
-3.772842168807983398e+00
-2.638022899627685547e+00
-2.330474376678466797e+00
-4.080988407135009766e+00
-4.715252876281738281e+00
-3.634833097457885742e+00
-3.067126274108886719e+00
-4.191480159759521484e+00
-4.621992588043212891e+00
-3.926527023315429688e+00
-2.848574876785278320e+00
-4.742453098297119141e+00
-6.330650329589843750e+00
-6.284178733825683594e+00
-6.342244625091552734e+00
-7.923710823059082031e+00
-8.743193626403808594e+00
-7.080549716949462891e+00
-6.511576175689697266e+00
-8.480464935302734375e+00
-8.745943069458007812e+00
-6.247043609619140625e+00
-4.015702247619628906e+00
-4.906461715698242188e+00
-5.128783702850341797e+00
-4.041951179504394531e+00
-2.894413948059082031e+00
-3.852046489715576172e+00
-4.235483646392822266e+00
-3.366184234619140625e+00
-3.465714216232299805e+00
-6.236649990081787109e+00
-9.052083015441894531e+00
-7.504792690277099609e+00
-6.943702697753906250e+00
-8.708454132080078125e+00
-9.466136932373046875e+00
-8.007457733154296875e+00
-7.056625843048095703e+00
-8.800905227661132812e+00
-9.740603446960449219e+00
-7.900598049163818359e+00
-7.076956748962402344e+00
-9.177089691162109375e+00
-1.045844078063964844e+01
-9.441583633422851562e+00
-8.381599426269531250e+00
-9.721473693847656250e+00
-1.094536590576171875e+01
-1.071870708465576172e+01
-1.002067089080810547e+01
-1.133581733703613281e+01
-1.215152740478515625e+01
-1.087972640991210938e+01
-1.049625015258789062e+01
-1.237575244903564453e+01
-1.316172790527343750e+01
-1.168215465545654297e+01
-1.030898094177246094e+01
-1.061864566802978516e+01
-9.414874076843261719e+00
-7.620072364807128906e+00
-5.914865493774414062e+00
-4.587992191314697266e+00
-3.091894388198852539e+00
-1.214820742607116699e+00
-4.216908216476440430e-01
-2.968664281070232391e-02
-4.272942841053009033e-01
-1.583958715200424194e-01
-1.121686995029449463e-01
-5.542388558387756348e-01
-1.128040552139282227e+00
-8.045691847801208496e-01
-9.851015210151672363e-01
-1.761353611946105957e+00
-1.988359928131103516e+00
-1.689795255661010742e+00
-1.677642345428466797e+00
-2.506533384323120117e+00
-2.853402137756347656e+00
-2.470631837844848633e+00
-2.118511438369750977e+00
-3.276407957077026367e+00
-3.933186292648315430e+00
-3.975430727005004883e+00
-3.669959783554077148e+00
-5.028790473937988281e+00
-5.767980098724365234e+00
-5.555982112884521484e+00
-5.469556808471679688e+00
-6.155120372772216797e+00
-6.548811435699462891e+00
-6.618539333343505859e+00
-6.988592147827148438e+00
-7.335319042205810547e+00
-6.303485870361328125e+00
-5.030907154083251953e+00
-4.697143554687500000e+00
-4.770884037017822266e+00
-4.110866546630859375e+00
-4.141659736633300781e+00
-5.692864894866943359e+00
-7.736376285552978516e+00
-8.146452903747558594e+00
-7.001559257507324219e+00
-5.603652477264404297e+00
-7.018432617187500000e+00
-8.125454902648925781e+00
-8.561816215515136719e+00
-8.799392700195312500e+00
-7.833160877227783203e+00
-6.686749458312988281e+00
-6.343969821929931641e+00
-6.083560466766357422e+00
-7.157639026641845703e+00
-7.344481468200683594e+00
-7.216831684112548828e+00
-6.521367549896240234e+00
-6.770745754241943359e+00
-5.246179580688476562e+00
-4.304085731506347656e+00
-4.456221580505371094e+00
-5.431186199188232422e+00
-6.028351306915283203e+00
-6.000729560852050781e+00
-5.670491695404052734e+00
-5.722704410552978516e+00
-4.594298839569091797e+00
-4.299116611480712891e+00
-5.583923339843750000e+00
-7.024635791778564453e+00
-7.914972782135009766e+00
-7.524098396301269531e+00
-6.926263332366943359e+00
-6.829901218414306641e+00
-7.183959960937500000e+00
-8.109177589416503906e+00
-8.926192283630371094e+00
-1.033900165557861328e+01
-1.094656181335449219e+01
-1.056477546691894531e+01
-1.025169658660888672e+01
-1.089772891998291016e+01
-1.127161884307861328e+01
-1.042109584808349609e+01
-9.321862220764160156e+00
-9.845914840698242188e+00
-1.006534862518310547e+01
-9.178111076354980469e+00
-7.531180381774902344e+00
-7.115747451782226562e+00
-7.070791721343994141e+00
-7.182689666748046875e+00
-6.707503318786621094e+00
-6.198173999786376953e+00
-6.576823234558105469e+00
-7.331091403961181641e+00
-8.827966690063476562e+00
-1.079956722259521484e+01
-1.254303550720214844e+01
-1.269577312469482422e+01
-1.322719383239746094e+01
-1.448881626129150391e+01
-1.499853134155273438e+01
-1.476215362548828125e+01
-1.399143123626708984e+01
-1.363057327270507812e+01
-1.379684066772460938e+01
-1.414596176147460938e+01
-1.419155406951904297e+01
-1.385712432861328125e+01
-1.311275482177734375e+01
-1.278039932250976562e+01
-1.337527275085449219e+01
-1.589774608612060547e+01
-1.640975189208984375e+01
-1.527926540374755859e+01
-1.563265037536621094e+01
-1.445696258544921875e+01
-1.085604572296142578e+01
-7.086225032806396484e+00
-3.329047918319702148e+00
-3.008707046508789062e+00
-4.050125598907470703e+00
-2.453785657882690430e+00
-1.541781783103942871e+00
-2.235521316528320312e+00
-2.482575416564941406e+00
-2.194086551666259766e+00
-2.627840757369995117e+00
-3.703822612762451172e+00
-4.150399208068847656e+00
-4.263602256774902344e+00
-4.336921691894531250e+00
-4.509950637817382812e+00
-4.041035652160644531e+00
-2.950045824050903320e+00
-3.144742727279663086e+00
-3.994915246963500977e+00
-4.402595520019531250e+00
-4.722336769104003906e+00
-5.478680133819580078e+00
-6.964317321777343750e+00
-8.444594383239746094e+00
-1.015269088745117188e+01
-1.201048946380615234e+01
-1.337281131744384766e+01
-1.380324840545654297e+01
-1.365234756469726562e+01
-1.398508834838867188e+01
-1.460504913330078125e+01
-1.576685619354248047e+01
-1.783752822875976562e+01
-1.932531738281250000e+01
-2.045453262329101562e+01
-2.120150566101074219e+01
-2.155827713012695312e+01
-2.177003097534179688e+01
-2.269835090637207031e+01
-2.280556297302246094e+01
-2.166087722778320312e+01
-2.076970100402832031e+01
-1.934198570251464844e+01
-1.540060710906982422e+01
-1.124410438537597656e+01
-1.308026885986328125e+01
-1.819638061523437500e+01
-2.114992523193359375e+01
-2.293751144409179688e+01
-2.402148818969726562e+01
-2.488367271423339844e+01
-2.506882476806640625e+01
-2.400556182861328125e+01
-2.252514266967773438e+01
-1.863587570190429688e+01
-1.493599319458007812e+01
-1.215554714202880859e+01
-1.012351608276367188e+01
-1.003159523010253906e+01
-1.093341827392578125e+01
-1.238272476196289062e+01
-1.379271793365478516e+01
-1.492552566528320312e+01
-1.607496833801269531e+01
-1.618863296508789062e+01
-1.578320312500000000e+01
-1.437695026397705078e+01
-1.281362533569335938e+01
-1.091079616546630859e+01
-1.089374732971191406e+01
-1.205058383941650391e+01
-1.265106105804443359e+01
-1.250068759918212891e+01
-1.209202194213867188e+01
-1.267886066436767578e+01
-1.461036777496337891e+01
-1.610868263244628906e+01
-1.696505546569824219e+01
-1.661558151245117188e+01
-1.691210365295410156e+01
-1.792195510864257812e+01
-1.894356536865234375e+01
-1.976544570922851562e+01
-2.010967445373535156e+01
-2.034622955322265625e+01
-2.053662681579589844e+01
-2.117300605773925781e+01
-2.116621017456054688e+01
-2.101103782653808594e+01
-2.098662376403808594e+01
-2.146466636657714844e+01
-2.153213500976562500e+01
-2.169716644287109375e+01
-2.188555717468261719e+01
-2.238808631896972656e+01
-2.258479309082031250e+01
-2.267805290222167969e+01
-2.266065216064453125e+01
-2.313826370239257812e+01
-2.338694000244140625e+01
-2.356718826293945312e+01
-2.398385810852050781e+01
-2.424211692810058594e+01
-2.459656143188476562e+01
-2.452158927917480469e+01
-2.453247451782226562e+01
-2.433016204833984375e+01
-2.335301399230957031e+01
-1.885171318054199219e+01
-1.432452487945556641e+01
-1.532686614990234375e+01
-1.738292312622070312e+01
-1.899522399902343750e+01
-2.038706016540527344e+01
-2.108598327636718750e+01
-2.074827194213867188e+01
-2.032311630249023438e+01
-2.023648071289062500e+01
-2.130879211425781250e+01
-2.190705299377441406e+01
-2.161870574951171875e+01
-2.051432418823242188e+01
-1.701843833923339844e+01
-1.180127716064453125e+01
-1.022129249572753906e+01
-1.290079307556152344e+01
-1.453158664703369141e+01
-1.641465187072753906e+01
-1.678607559204101562e+01
-1.671391677856445312e+01
-1.629651260375976562e+01
-1.454162883758544922e+01
-1.107170963287353516e+01
-6.625375747680664062e+00
-2.398296594619750977e+00
-1.577015161514282227e+00
-2.571573972702026367e+00
-3.331371545791625977e+00
-3.882910490036010742e+00
-4.054141521453857422e+00
-4.496208667755126953e+00
-6.380009651184082031e+00
-7.564578533172607422e+00
-9.113844871520996094e+00
-1.081972122192382812e+01
-1.176569175720214844e+01
-1.248486900329589844e+01
-1.331964206695556641e+01
-1.343143939971923828e+01
-1.338384056091308594e+01
-1.392001152038574219e+01
-1.429795455932617188e+01
-1.499243164062500000e+01
-1.492436313629150391e+01
-1.346913909912109375e+01
-1.268946456909179688e+01
-1.294631481170654297e+01
-1.326929664611816406e+01
-1.320073318481445312e+01
-1.223798751831054688e+01
-9.474420547485351562e+00
-7.496862411499023438e+00
-5.864906311035156250e+00
-4.718602657318115234e+00
-5.356493949890136719e+00
-5.663478374481201172e+00
-5.030485630035400391e+00
-5.075721740722656250e+00
-5.301108360290527344e+00
-6.072958469390869141e+00
-6.456151962280273438e+00
-7.131391048431396484e+00
-7.874701023101806641e+00
-8.978128433227539062e+00
-8.585703849792480469e+00
-8.707539558410644531e+00
-7.899399280548095703e+00
-8.268993377685546875e+00
-8.146169662475585938e+00
-8.428847312927246094e+00
-1.023488903045654297e+01
-1.219151973724365234e+01
-1.368469429016113281e+01
-1.395908927917480469e+01
-1.340272426605224609e+01
-1.196218395233154297e+01
-1.076384735107421875e+01
-9.565636634826660156e+00
-9.303751945495605469e+00
-8.931760787963867188e+00
-7.552634239196777344e+00
-6.924853801727294922e+00
-6.529610633850097656e+00
-5.681060791015625000e+00
-4.904066562652587891e+00
-5.023155212402343750e+00
-5.554327011108398438e+00
-7.256784439086914062e+00
-8.917810440063476562e+00
-1.007929897308349609e+01
-8.916260719299316406e+00
-9.260522842407226562e+00
-9.559332847595214844e+00
-9.283845901489257812e+00
-9.654498100280761719e+00
-9.552849769592285156e+00
-1.072022533416748047e+01
-1.092038440704345703e+01
-1.073297691345214844e+01
-1.037617492675781250e+01
-9.538228988647460938e+00
-8.962310791015625000e+00
-5.691772460937500000e+00
-4.018133163452148438e+00
-4.558219909667968750e+00
-4.969247341156005859e+00
-5.886785030364990234e+00
-6.966817378997802734e+00
-8.058547973632812500e+00
-1.034650707244873047e+01
-1.131893825531005859e+01
-1.142978191375732422e+01
-1.158473396301269531e+01
-1.107646274566650391e+01
-7.297830581665039062e+00
-3.293846845626831055e+00
-1.237509727478027344e+00
-3.846018016338348389e-02
-1.695631593465805054e-01
-4.155958890914916992e-01
-2.781521975994110107e-01
4.491625428199768066e-01
5.765305832028388977e-02
-6.726192235946655273e-01
-5.939106345176696777e-01
-1.280284166336059570e+00
-2.819259881973266602e+00
-4.611457347869873047e+00
-4.845967769622802734e+00
-3.982406854629516602e+00
-4.165511608123779297e+00
-4.781139373779296875e+00
-5.739546775817871094e+00
-5.877062320709228516e+00
-6.153428077697753906e+00
-5.734368801116943359e+00
-5.933470726013183594e+00
-6.256697654724121094e+00
-6.757747173309326172e+00
-6.502235412597656250e+00
-6.579571723937988281e+00
-6.683580398559570312e+00
-6.171681880950927734e+00
-6.184362888336181641e+00
-6.015844821929931641e+00
-5.447005748748779297e+00
-5.566483020782470703e+00
-5.552917480468750000e+00
-5.875440597534179688e+00
-5.284868240356445312e+00
-4.372861862182617188e+00
-4.120485305786132812e+00
-4.704894065856933594e+00
-4.177175521850585938e+00
-3.738349199295043945e+00
-2.700033664703369141e+00
-2.472499370574951172e+00
-2.030043840408325195e+00
-2.066718816757202148e+00
-3.224051475524902344e+00
-4.405378818511962891e+00
-4.465310573577880859e+00
-5.540057659149169922e+00
-6.598068714141845703e+00
-7.060750007629394531e+00
-7.305935382843017578e+00
-7.822166919708251953e+00
-8.531196594238281250e+00
-9.529275894165039062e+00
-1.016132164001464844e+01
-1.108745574951171875e+01
-1.122606182098388672e+01
-1.285224151611328125e+01
-1.421234130859375000e+01
-1.569786930084228516e+01
-1.666082382202148438e+01
-1.784444046020507812e+01
-1.852436637878417969e+01
-1.848976707458496094e+01
-1.853215217590332031e+01
-1.836010742187500000e+01
-1.819793128967285156e+01
-1.889621162414550781e+01
-1.952829170227050781e+01
-1.935308265686035156e+01
-1.839685440063476562e+01
-1.731217384338378906e+01
-1.794911575317382812e+01
-1.945610237121582031e+01
-2.229810714721679688e+01
-2.355662155151367188e+01
-2.274250030517578125e+01
-2.411947250366210938e+01
-2.465663146972656250e+01
-2.404460144042968750e+01
-2.276983833312988281e+01
-2.143465042114257812e+01
-2.079118537902832031e+01
-1.981945991516113281e+01
-1.981784057617187500e+01
-2.040640830993652344e+01
-2.122525787353515625e+01
-2.134984016418457031e+01
-2.116183280944824219e+01
-2.168275833129882812e+01
-2.204502487182617188e+01
-2.111835861206054688e+01
-1.988936614990234375e+01
-1.924223899841308594e+01
-2.066709899902343750e+01
-2.147202873229980469e+01
-2.186431312561035156e+01
-2.168891906738281250e+01
-2.061995315551757812e+01
-1.833396530151367188e+01
-1.724741554260253906e+01
-1.581745338439941406e+01
-9.547352790832519531e+00
-6.190176010131835938e+00
-5.906447410583496094e+00
-5.874101638793945312e+00
-4.661525249481201172e+00
-4.145852088928222656e+00
-5.898414134979248047e+00
-7.114689350128173828e+00
-3.131424665451049805e+00
-2.010769605636596680e+00
-6.752776622772216797e+00
-1.222290897369384766e+01
-1.493736743927001953e+01
-1.324797439575195312e+01
-9.086082458496093750e+00
-5.993013381958007812e+00
-4.608214378356933594e+00
-6.132499694824218750e+00
-6.352037429809570312e+00
-4.551349163055419922e+00
-4.855973720550537109e+00
-4.661664962768554688e+00
-6.503573894500732422e+00
-8.244963645935058594e+00
-7.465082645416259766e+00
-5.716749668121337891e+00
-5.449192047119140625e+00
-5.477273464202880859e+00
-5.558307647705078125e+00
-7.493129253387451172e+00
-8.920594215393066406e+00
-1.054659461975097656e+01
-9.740676879882812500e+00
-8.788962364196777344e+00
-8.949131011962890625e+00
-8.410102844238281250e+00
-6.056433200836181641e+00
-6.171398639678955078e+00
-7.291947841644287109e+00
-8.290733337402343750e+00
-8.661629676818847656e+00
-1.008384513854980469e+01
-1.128701972961425781e+01
-1.106261634826660156e+01
-1.114745903015136719e+01
-9.966097831726074219e+00
-7.886294841766357422e+00
-5.971592426300048828e+00
-4.660113334655761719e+00
-2.821830987930297852e+00
-1.827099204063415527e+00
-3.406204938888549805e+00
-6.989754676818847656e+00
-8.411511421203613281e+00
-9.102217674255371094e+00
-8.452171325683593750e+00
-5.337856769561767578e+00
-2.997503995895385742e+00
-3.748671770095825195e+00
-4.038004875183105469e+00
-3.481782674789428711e+00
-3.992482423782348633e+00
-6.982813835144042969e+00
-1.057794952392578125e+01
-1.098500156402587891e+01
-1.160570240020751953e+01
-1.215064620971679688e+01
-1.211594295501708984e+01
-1.238212966918945312e+01
-1.208769035339355469e+01
-1.300934886932373047e+01
-1.355802822113037109e+01
-1.443233776092529297e+01
-1.570523262023925781e+01
-1.626790618896484375e+01
-1.623904800415039062e+01
-1.636102485656738281e+01
-1.640717887878417969e+01
-1.695350265502929688e+01
-1.650509262084960938e+01
-1.668664932250976562e+01
-1.664683341979980469e+01
-1.683008384704589844e+01
-1.658700752258300781e+01
-1.706152534484863281e+01
-1.719481658935546875e+01
-1.715993309020996094e+01
-1.691664886474609375e+01
-1.609378433227539062e+01
-1.463309478759765625e+01
-1.373070430755615234e+01
-1.218584346771240234e+01
-1.139754199981689453e+01
-1.117754840850830078e+01
-1.077895545959472656e+01
-1.018891143798828125e+01
-9.637832641601562500e+00
-8.789072036743164062e+00
-7.622609138488769531e+00
-8.496422767639160156e+00
-9.849654197692871094e+00
-9.378373146057128906e+00
-6.880390167236328125e+00
-2.259128570556640625e+00
-2.112417697906494141e+00
-4.585456848144531250e+00
-7.422873020172119141e+00
-9.256223678588867188e+00
-9.635966300964355469e+00
-1.011618709564208984e+01
-8.674280166625976562e+00
-6.283545017242431641e+00
-6.214170932769775391e+00
-8.341646194458007812e+00
-9.350295066833496094e+00
-9.586850166320800781e+00
-8.760387420654296875e+00
-7.519165515899658203e+00
-6.281078815460205078e+00
-4.152512550354003906e+00
-3.272885560989379883e+00
-4.357815265655517578e+00
-6.270473003387451172e+00
-8.747140884399414062e+00
-1.021283531188964844e+01
-9.470649719238281250e+00
-8.818310737609863281e+00
-8.231998443603515625e+00
-7.799302577972412109e+00
-7.436545372009277344e+00
-8.432684898376464844e+00
-1.150930404663085938e+01
-1.336766338348388672e+01
-1.463989448547363281e+01
-1.564501762390136719e+01
-1.616365432739257812e+01
-1.712114143371582031e+01
-1.817428779602050781e+01
-1.838850784301757812e+01
-1.900043296813964844e+01
-1.866431236267089844e+01
-1.618975639343261719e+01
-1.129046916961669922e+01
-5.604606151580810547e+00
-3.582267999649047852e+00
-3.416988372802734375e+00
-4.027611255645751953e+00
-4.416899681091308594e+00
-4.507308006286621094e+00
-3.539635419845581055e+00
-2.743969917297363281e+00
-2.472675561904907227e+00
-2.572664976119995117e+00
-1.969230294227600098e+00
-1.803704500198364258e+00
-2.462384700775146484e+00
-3.740075349807739258e+00
-4.962446212768554688e+00
-5.383234500885009766e+00
-6.253738880157470703e+00
-7.948691368103027344e+00
-7.375275611877441406e+00
-4.391708850860595703e+00
-2.296296834945678711e+00
-1.827099204063415527e+00
-2.588871002197265625e+00
-3.137413740158081055e+00
-3.596077442169189453e+00
-4.270540237426757812e+00
-3.730809211730957031e+00
-3.910036325454711914e+00
-4.299996376037597656e+00
-4.286432266235351562e+00
-3.758218765258789062e+00
-3.543791770935058594e+00
-3.734894752502441406e+00
-3.511694192886352539e+00
-3.466350317001342773e+00
-3.635256052017211914e+00
-4.290765762329101562e+00
-5.224333763122558594e+00
-7.126530170440673828e+00
-7.641672134399414062e+00
-8.670296669006347656e+00
-9.842850685119628906e+00
-1.175631809234619141e+01
-1.152406883239746094e+01
-1.151152133941650391e+01
-1.116785717010498047e+01
-1.229235649108886719e+01
-1.316345882415771484e+01
-1.382315635681152344e+01
-1.506628227233886719e+01
-1.611073303222656250e+01
-1.697098159790039062e+01
-1.753841018676757812e+01
-1.619638442993164062e+01
-1.102477741241455078e+01
-5.379712104797363281e+00
-2.876656532287597656e+00
-1.971310853958129883e+00
-1.629020333290100098e+00
-1.354944586753845215e+00
-1.014309525489807129e+00
-7.404062151908874512e-01
-1.621058464050292969e+00
-2.243659734725952148e+00
-1.877871274948120117e+00
-2.175693511962890625e+00
-3.030057191848754883e+00
-4.043995857238769531e+00
-4.663779258728027344e+00
-5.165074348449707031e+00
-6.085853576660156250e+00
-7.403531074523925781e+00
-8.429727554321289062e+00
-7.487842559814453125e+00
-6.165654182434082031e+00
-6.076656341552734375e+00
-7.440525531768798828e+00
-6.481062412261962891e+00
-3.942523002624511719e+00
-2.232807397842407227e+00
-2.181225776672363281e+00
-1.491539120674133301e+00
-1.185471892356872559e+00
-1.056976795196533203e+00
-7.448805570602416992e-01
-1.136603116989135742e+00
-1.705264449119567871e+00
-2.494025468826293945e+00
-4.003620147705078125e+00
-5.585506439208984375e+00
-6.270859718322753906e+00
-6.405484199523925781e+00
-6.262825965881347656e+00
-6.038782596588134766e+00
-6.276428222656250000e+00
-6.423453807830810547e+00
-6.478241920471191406e+00
-6.008587360382080078e+00
-5.339441776275634766e+00
-4.761479377746582031e+00
-4.657968044281005859e+00
-4.914778709411621094e+00
-5.760438919067382812e+00
-6.034517288208007812e+00
-6.931231975555419922e+00
-7.792469024658203125e+00
-8.265718460083007812e+00
-8.808726310729980469e+00
-1.008930587768554688e+01
-1.117243576049804688e+01
-1.191983795166015625e+01
-1.121207904815673828e+01
-1.009008121490478516e+01
-1.265761852264404297e+01
-1.329515552520751953e+01
-1.344116210937500000e+01
-1.469108676910400391e+01
-1.540113830566406250e+01
-1.519213771820068359e+01
-1.259937763214111328e+01
-9.874137878417968750e+00
-8.476448059082031250e+00
-8.476375579833984375e+00
-8.677660942077636719e+00
-9.344161987304687500e+00
-1.036711978912353516e+01
-1.129635429382324219e+01
-1.188749408721923828e+01
-1.311610126495361328e+01
-1.267935562133789062e+01
-9.715344429016113281e+00
-7.846089839935302734e+00
-8.134508132934570312e+00
-8.993277549743652344e+00
-9.402969360351562500e+00
-9.206825256347656250e+00
-7.911273002624511719e+00
-8.443748474121093750e+00
-8.190318107604980469e+00
-8.959033012390136719e+00
-1.061938667297363281e+01
-1.192787170410156250e+01
-1.253405094146728516e+01
-1.340902996063232422e+01
-1.473375225067138672e+01
-1.603388595581054688e+01
-1.643181037902832031e+01
-1.652636909484863281e+01
-1.682754325866699219e+01
-1.794224739074707031e+01
-1.908122444152832031e+01
-1.996370315551757812e+01
-2.161433792114257812e+01
-2.276332092285156250e+01
-2.222854995727539062e+01
-2.137576675415039062e+01
-2.257686996459960938e+01
-2.282271575927734375e+01
-2.243075370788574219e+01
-2.202557563781738281e+01
-2.282363128662109375e+01
-2.240066528320312500e+01
-2.186036872863769531e+01
-2.153157424926757812e+01
-2.167014312744140625e+01
-2.366027450561523438e+01
-2.403328895568847656e+01
-2.344056701660156250e+01
-2.421981620788574219e+01
-2.421428108215332031e+01
-2.322779083251953125e+01
-2.303312683105468750e+01
-2.454195022583007812e+01
-2.508488845825195312e+01
-2.365397071838378906e+01
-2.223556518554687500e+01
-2.223591423034667969e+01
-2.104557037353515625e+01
-2.042853164672851562e+01
-2.060910224914550781e+01
-2.271107101440429688e+01
-2.048014831542968750e+01
-1.371657752990722656e+01
-6.627698898315429688e+00
-4.172172546386718750e+00
-8.115519523620605469e+00
-1.217657661437988281e+01
-1.401074028015136719e+01
-1.748228073120117188e+01
-1.900874900817871094e+01
-1.570505809783935547e+01
-9.982901573181152344e+00
-8.768876075744628906e+00
-1.506783008575439453e+01
-1.875658607482910156e+01
-2.089184570312500000e+01
-2.512195587158203125e+01
-2.885449790954589844e+01
-2.827523422241210938e+01
-2.770001792907714844e+01
-2.823485946655273438e+01
-2.838040924072265625e+01
-2.716670227050781250e+01
-2.563378524780273438e+01
-2.422076988220214844e+01
-2.059860229492187500e+01
-1.822816085815429688e+01
-2.200577735900878906e+01
-2.328271865844726562e+01
-2.285048294067382812e+01
-2.105726814270019531e+01
-1.801983070373535156e+01
-1.308171081542968750e+01
-7.183148384094238281e+00
-5.908980369567871094e+00
-8.772966384887695312e+00
-1.410611152648925781e+01
-1.657287979125976562e+01
-1.327161884307861328e+01
-7.687227249145507812e+00
-5.788977146148681641e+00
-4.327198982238769531e+00
-2.923513889312744141e+00
-2.039482831954956055e+00
-2.111006975173950195e+00
-2.850055932998657227e+00
-2.443923711776733398e+00
-1.794648766517639160e+00
-1.311957597732543945e+00
-1.180468678474426270e+00
-1.214856624603271484e+00
-1.324997782707214355e+00
-2.304966926574707031e+00
-1.039606451988220215e+00
1.411207765340805054e-01
5.037370920181274414e-01
-6.580393016338348389e-02
-2.466896474361419678e-01
-3.177543878555297852e-01
-7.771220803260803223e-02
-8.206701278686523438e-01
-1.383269190788269043e+00
-1.654070973396301270e+00
-1.134842753410339355e+00
-1.448415637016296387e+00
-1.969829320907592773e+00
-2.490996837615966797e+00
-3.677498817443847656e+00
-6.531514644622802734e+00
-8.319272994995117188e+00
-8.563366889953613281e+00
-8.419368743896484375e+00
-1.003053665161132812e+01
-1.170481109619140625e+01
-1.064658927917480469e+01
-8.886734962463378906e+00
-1.018789005279541016e+01
-1.203067779541015625e+01
-1.120051860809326172e+01
-1.115295600891113281e+01
-1.439181804656982422e+01
-1.584358978271484375e+01
-1.461184978485107422e+01
-1.357698345184326172e+01
-1.646749877929687500e+01
-1.806534576416015625e+01
-1.686045455932617188e+01
-1.570318698883056641e+01
-1.644924926757812500e+01
-1.522095680236816406e+01
-1.300723171234130859e+01
-1.249374675750732422e+01
-1.319812202453613281e+01
-1.386015129089355469e+01
-1.335413646697998047e+01
-1.310042285919189453e+01
-1.408500766754150391e+01
-1.430753993988037109e+01
-1.260089015960693359e+01
-1.188333320617675781e+01
-1.302121925354003906e+01
-1.267804908752441406e+01
-1.167084503173828125e+01
-1.041616249084472656e+01
-1.055843067169189453e+01
-1.139376926422119141e+01
-1.227731037139892578e+01
-1.260903167724609375e+01
-1.161795997619628906e+01
-1.094486904144287109e+01
-9.825867652893066406e+00
-9.594848632812500000e+00
-9.928397178649902344e+00
-9.893377304077148438e+00
-8.680022239685058594e+00
-8.927357673645019531e+00
-1.050442028045654297e+01
-1.235066604614257812e+01
-1.133084678649902344e+01
-1.073473548889160156e+01
-1.345898818969726562e+01
-1.286566448211669922e+01
-1.013204383850097656e+01
-8.238975524902343750e+00
-1.004790592193603516e+01
-1.041647815704345703e+01
-1.068988895416259766e+01
-1.001056003570556641e+01
-1.111778926849365234e+01
-1.118547439575195312e+01
-1.017323303222656250e+01
-9.290081977844238281e+00
-1.040922260284423828e+01
-1.119879436492919922e+01
-1.080580520629882812e+01
-1.041750431060791016e+01
-1.236165809631347656e+01
-1.361718654632568359e+01
-1.067974281311035156e+01
-8.706306457519531250e+00
-9.757059097290039062e+00
-8.715817451477050781e+00
-6.263004779815673828e+00
-6.307997703552246094e+00
-8.425709724426269531e+00
-1.006083965301513672e+01
-1.123511886596679688e+01
-1.119470596313476562e+01
-1.179895210266113281e+01
-1.230074310302734375e+01
-1.130040836334228516e+01
-1.064746952056884766e+01
-1.090660667419433594e+01
-1.065014648437500000e+01
-7.653614044189453125e+00
-6.204131126403808594e+00
-6.712542533874511719e+00
-6.821764469146728516e+00
-6.150681018829345703e+00
-6.514918804168701172e+00
-7.565778255462646484e+00
-7.353605270385742188e+00
-5.976206779479980469e+00
-5.924450397491455078e+00
-7.635010242462158203e+00
-9.816283226013183594e+00
-1.020008087158203125e+01
-9.379925727844238281e+00
-1.057703685760498047e+01
-1.091883182525634766e+01
-7.677150249481201172e+00
-6.367330074310302734e+00
-8.076940536499023438e+00
-8.524292945861816406e+00
-7.697973728179931641e+00
-7.167189598083496094e+00
-7.803179740905761719e+00
-6.852063179016113281e+00
-5.347931861877441406e+00
-5.230077743530273438e+00
-6.689075469970703125e+00
-8.814645767211914062e+00
-9.603338241577148438e+00
-9.579309463500976562e+00
-1.099377441406250000e+01
-1.209751415252685547e+01
-9.996609687805175781e+00
-9.040351867675781250e+00
-1.114485359191894531e+01
-1.189721870422363281e+01
-9.687088012695312500e+00
-8.965021133422851562e+00
-1.097108173370361328e+01
-1.191684246063232422e+01
-1.034795475006103516e+01
-1.070563697814941406e+01
-1.295702266693115234e+01
-1.398586082458496094e+01
-1.175874805450439453e+01
-1.036732959747314453e+01
-1.034759807586669922e+01
-9.855288505554199219e+00
-8.262933731079101562e+00
-7.937451362609863281e+00
-8.466895103454589844e+00
-7.486502170562744141e+00
-7.017095565795898438e+00
-6.851218223571777344e+00
-9.730422019958496094e+00
-1.142766666412353516e+01
-8.378637313842773438e+00
-6.671107292175292969e+00
-8.530316352844238281e+00
-8.718602180480957031e+00
-6.105616092681884766e+00
-4.760880470275878906e+00
-6.697425842285156250e+00
-8.446991920471191406e+00
-7.560704231262207031e+00
-6.838710308074951172e+00
-9.518673896789550781e+00
-1.046633625030517578e+01
-7.955347537994384766e+00
-6.840436458587646484e+00
-9.091648101806640625e+00
-1.018387222290039062e+01
-8.021974563598632812e+00
-7.031364440917968750e+00
-9.618947982788085938e+00
-1.013246726989746094e+01
-8.269699096679687500e+00
-7.365054130554199219e+00
-9.452859878540039062e+00
-1.046911811828613281e+01
-7.483616352081298828e+00
-6.403935909271240234e+00
-6.265398979187011719e+00
-4.712716579437255859e+00
-1.633176565170288086e+00
-1.048379421234130859e+00
-1.109508872032165527e+00
-1.667177438735961914e+00
-9.917597174644470215e-01
-1.214188456535339355e+00
-2.661171913146972656e+00
-3.385630369186401367e+00
-2.229600429534912109e+00
-1.058105468750000000e+00
-2.683013916015625000e+00
-2.818204641342163086e+00
-1.622219681739807129e+00
-8.617157340049743652e-01
-1.687118768692016602e+00
-2.202190160751342773e+00
-2.544514417648315430e+00
-2.213184118270874023e+00
-4.100085735321044922e+00
-4.840013504028320312e+00
-2.755982398986816406e+00
-1.737397313117980957e+00
-2.916786670684814453e+00
-3.305547237396240234e+00
-1.717805504798889160e+00
-9.132609963417053223e-01
-2.498568773269653320e+00
-3.526703834533691406e+00
-1.249558329582214355e+00
-3.380126953125000000e-01
-2.783251762390136719e+00
-3.607352256774902344e+00
-1.375835776329040527e+00
-5.080839395523071289e-01
-2.685409307479858398e+00
-3.357938051223754883e+00
-1.068884611129760742e+00
-3.802222609519958496e-01
-1.900667428970336914e+00
-2.240453243255615234e+00
-5.626579523086547852e-01
-1.991946548223495483e-01
4.215227067470550537e-02
-5.526893958449363708e-02
1.242440193891525269e-01
2.963920831680297852e-01
-5.889062881469726562e-01
-1.302654623985290527e+00
-1.196039080619812012e+00
-1.213869810104370117e+00
-2.024578332901000977e+00
-2.317683696746826172e+00
-1.159009933471679688e+00
-7.969911694526672363e-01
-2.008231163024902344e+00
-2.178933143615722656e+00
-9.534264206886291504e-01
-2.309061735868453979e-01
-1.857188463211059570e+00
-2.454458236694335938e+00
-1.134032726287841797e+00
-2.128627896308898926e-01
-1.756068229675292969e+00
-2.597540616989135742e+00
-2.408768534660339355e-01
3.033677339553833008e-01
-1.451763987541198730e+00
-1.646353721618652344e+00
-2.820263206958770752e-01
4.553999006748199463e-01
-1.198505610227584839e-01
-2.274169921875000000e-01
5.886176824569702148e-01
8.078002929687500000e-01
-3.885005414485931396e-01
-1.110743522644042969e+00
-1.142492443323135376e-01
7.519852370023727417e-02
-1.486890316009521484e+00
-2.042761564254760742e+00
-2.639529705047607422e-01
4.581823647022247314e-01
-1.212530851364135742e+00
-2.346856355667114258e+00
1.031413823366165161e-01
5.853592604398727417e-02
-2.247924327850341797e+00
-3.463321685791015625e+00
-3.344533741474151611e-01
7.829953730106353760e-02
-1.861873149871826172e+00
-2.923268079757690430e+00
-7.672927379608154297e-01
-4.938852488994598389e-01
-2.135917186737060547e+00
-2.786389350891113281e+00
-1.235432386398315430e+00
-5.491659641265869141e-01
-2.587778806686401367e+00
-3.144143581390380859e+00
-1.125084042549133301e+00
-1.276935219764709473e+00
-3.084213972091674805e+00
-4.253983974456787109e+00
-2.949164628982543945e+00
-2.402877569198608398e+00
-4.269839286804199219e+00
-5.235962390899658203e+00
-2.595954179763793945e+00
-1.859584331512451172e+00
-3.323094367980957031e+00
-4.250563621520996094e+00
-2.305350780487060547e+00
-1.856765985488891602e+00
-3.366713047027587891e+00
-4.384027481079101562e+00
-2.498287916183471680e+00
-1.505037546157836914e+00
-3.101193666458129883e+00
-4.250496387481689453e+00
-1.441967844963073730e+00
-9.742854833602905273e-01
-3.426009893417358398e+00
-4.229251861572265625e+00
-1.029284000396728516e+00
-5.834452509880065918e-01
-2.868551254272460938e+00
-3.079418420791625977e+00
-8.650636076927185059e-01
2.739493250846862793e-01
-2.868186533451080322e-01
-4.674597084522247314e-01
5.230814814567565918e-01
1.403308510780334473e+00
4.453205168247222900e-01
6.899863481521606445e-02
8.161139488220214844e-01
1.085398912429809570e+00
3.542791008949279785e-01
2.560499906539916992e-01
1.057918071746826172e+00
1.440831780433654785e+00
6.935729980468750000e-01
3.183765113353729248e-01
1.223548769950866699e+00
