8.978699892759323120e-02
-1.414591431617736816e+00
-2.055268287658691406e+00
-6.164582967758178711e-01
1.844557374715805054e-01
-1.392533659934997559e+00
-1.845208406448364258e+00
-1.109040901064872742e-01
3.488876521587371826e-01
-7.381216883659362793e-01
-1.041298270225524902e+00
-2.121956795454025269e-01
6.001362204551696777e-02
-7.885029911994934082e-01
-1.001485228538513184e+00
4.007183015346527100e-01
1.282388806343078613e+00
-5.542747378349304199e-01
-9.835858345031738281e-01
-2.089185267686843872e-01
7.016258686780929565e-02
-6.643044948577880859e-01
-1.078538894653320312e+00
-8.655373752117156982e-02
8.309133350849151611e-02
-8.166552186012268066e-01
-1.143120527267456055e+00
6.020042300224304199e-01
1.111893534660339355e+00
-2.467217743396759033e-01
-3.833569884300231934e-01
4.613400995731353760e-02
5.822362899780273438e-01
-7.312852144241333008e-01
-1.873923897743225098e+00
1.191722154617309570e-01
3.047083914279937744e-01
-1.833512187004089355e+00
-2.633865594863891602e+00
-4.890586435794830322e-01
-5.707606077194213867e-01
-1.831153750419616699e+00
-2.404109477996826172e+00
-1.281411647796630859e+00
-1.195053935050964355e+00
-2.582918882369995117e+00
-3.019454717636108398e+00
4.977154731750488281e-01
2.220153808593750000e-01
-1.499078631401062012e+00
-2.372541904449462891e+00
-7.275835275650024414e-01
-2.940770089626312256e-01
-1.454016923904418945e+00
-1.909614443778991699e+00
-7.309709489345550537e-02
1.150496602058410645e-01
-1.023224949836730957e+00
-1.666893124580383301e+00
-6.968608498573303223e-01
-1.027585752308368683e-02
-1.280422806739807129e+00
-1.525680780410766602e+00
-5.649135708808898926e-01
-1.659337133169174194e-01
-9.097381234169006348e-01
-1.357057213783264160e+00
2.065847367048263550e-01
-7.210928946733474731e-02
-1.509440660476684570e+00
-2.235765457153320312e+00
-9.721015691757202148e-01
-1.868618130683898926e-01
-1.019526481628417969e+00
-1.316714048385620117e+00
-3.626725077629089355e-01
-4.836126044392585754e-02
-1.067547202110290527e+00
-1.684652209281921387e+00
-1.215413436293601990e-01
-1.725260354578495026e-02
-9.505031704902648926e-01
-1.339864611625671387e+00
9.948730468750000000e-03
1.671244353055953979e-01
-7.811397314071655273e-01
-8.419848084449768066e-01
-3.676083087921142578e-01
5.871100351214408875e-02
-1.085302472114562988e+00
-1.604956388473510742e+00
-4.810212850570678711e-01
-1.914078593254089355e-01
-8.028066754341125488e-01
-1.222467780113220215e+00
5.472872406244277954e-02
1.414730697870254517e-01
-7.451648116111755371e-01
-1.362656950950622559e+00
-5.921122431755065918e-01
-2.000759243965148926e-01
-1.247974038124084473e+00
-2.079299211502075195e+00
3.837355375289916992e-01
9.669253975152969360e-02
-1.306357979774475098e+00
-2.209057807922363281e+00
-7.621481418609619141e-01
-7.495357990264892578e-01
-1.563980937004089355e+00
-2.323391675949096680e+00
-6.021187901496887207e-01
-2.355898171663284302e-01
-1.436683535575866699e+00
-2.137466192245483398e+00
-9.023774862289428711e-01
-7.251179814338684082e-01
-1.596993446350097656e+00
-2.101564645767211914e+00
-1.177861809730529785e+00
-9.369731545448303223e-01
-1.763890862464904785e+00
-2.897196531295776367e+00
-1.823117494583129883e+00
-1.386580586433410645e+00
-2.136588096618652344e+00
-2.934647321701049805e+00
-1.171906590461730957e+00
-8.002356886863708496e-01
-2.133871555328369141e+00
-2.810698986053466797e+00
-1.736022472381591797e+00
-1.189735293388366699e+00
-1.694905042648315430e+00
-2.805346012115478516e+00
-1.634728670120239258e+00
-7.928712964057922363e-01
-1.957955360412597656e+00
-2.842233180999755859e+00
-9.550834894180297852e-01
-4.267283678054809570e-01
-2.127495050430297852e+00
-2.795193910598754883e+00
-8.756328225135803223e-01
-4.977240264415740967e-01
-1.382459640502929688e+00
-2.474505424499511719e+00
-7.951279878616333008e-01
-3.371314406394958496e-01
-9.064962863922119141e-01
-1.502145886421203613e+00
-9.855930209159851074e-01
-6.861143708229064941e-01
-1.897601723670959473e+00
-2.479507207870483398e+00
-1.636628746986389160e+00
-1.096225142478942871e+00
-1.408706426620483398e+00
-1.147702932357788086e+00
-4.345146417617797852e-01
-6.301301717758178711e-01
-1.509719610214233398e+00
-1.847393870353698730e+00
-1.207209587097167969e+00
-1.091152787208557129e+00
-2.129504203796386719e+00
-2.667159795761108398e+00
-2.222663640975952148e+00
-1.916556954383850098e+00
-2.631081581115722656e+00
-2.725222826004028320e+00
-2.148213148117065430e+00
-1.352547049522399902e+00
-1.496296644210815430e+00
-1.975183367729187012e+00
-2.474991679191589355e-01
-8.655588328838348389e-02
-1.283384680747985840e+00
-2.270646572113037109e+00
-2.129292249679565430e+00
-1.950801968574523926e+00
-2.834902524948120117e+00
-3.347651004791259766e+00
-2.763028860092163086e+00
-2.512593507766723633e+00
-3.152106523513793945e+00
-3.587588548660278320e+00
-1.669817447662353516e+00
-9.924294948577880859e-01
-1.466668963432312012e+00
-2.157443284988403320e+00
-1.472973227500915527e+00
-1.071283698081970215e+00
-1.602631092071533203e+00
-2.392377376556396484e+00
-2.081903934478759766e+00
-2.128694295883178711e+00
-2.934860944747924805e+00
-3.499468326568603516e+00
-2.800694465637207031e+00
-2.266912698745727539e+00
-2.822995901107788086e+00
-3.246708869934082031e+00
-2.477183580398559570e+00
-1.850986361503601074e+00
-2.425638914108276367e+00
-1.431540012359619141e+00
-2.600065469741821289e-01
3.012909591197967529e-01
2.247314453125000000e-01
1.091635152697563171e-01
8.886772394180297852e-02
1.199811995029449463e-01
-3.409033119678497314e-01
-4.372633695602416992e-01
-3.354422450065612793e-01
1.412262469530105591e-01
-5.490241050720214844e-01
-8.253923654556274414e-01
-1.200609728693962097e-01
-3.084872066974639893e-01
-9.018811583518981934e-01
-1.590335249900817871e+00
-9.299985766410827637e-01
-5.098785758018493652e-01
-2.812178730964660645e-01
-2.682163119316101074e-01
-1.372916251420974731e-02
7.805218547582626343e-02
-1.032559573650360107e-01
-3.811383247375488281e-01
-1.510309576988220215e-01
-2.556018531322479248e-01
-5.716440081596374512e-01
-7.043665647506713867e-01
-4.020648002624511719e-01
-4.518860876560211182e-01
-9.610028266906738281e-01
-1.068568706512451172e+00
-1.015119075775146484e+00
-6.746986508369445801e-01
-8.566418290138244629e-01
-9.327805042266845703e-01
-4.024187028408050537e-01
-5.437022447586059570e-01
-1.267035722732543945e+00
-1.061414718627929688e+00
-1.995469480752944946e-01
4.629034548997879028e-03
-3.117268979549407959e-01
-3.612306714057922363e-01
-2.358366250991821289e-01
5.159344524145126343e-02
8.006206154823303223e-02
-1.910207718610763550e-01
-2.556623518466949463e-02
-2.876276373863220215e-01
-7.669399380683898926e-01
-9.522656798362731934e-01
-1.636173129081726074e+00
-2.507906198501586914e+00
-3.026713132858276367e+00
-2.696965217590332031e+00
-2.361161708831787109e+00
-2.033211708068847656e+00
-1.889356613159179688e+00
-1.230923891067504883e+00
-1.001484155654907227e+00
-6.739207506179809570e-01
-7.823700308799743652e-01
-3.133855462074279785e-01
-1.746023148298263550e-01
-6.626854538917541504e-01
-7.714806199073791504e-01
-6.900618672370910645e-01
-4.526260197162628174e-01
-5.001895427703857422e-01
-9.629403948783874512e-01
-1.211896896362304688e+00
-1.568346500396728516e+00
-1.473644018173217773e+00
-1.671936511993408203e+00
-1.459161043167114258e+00
-3.099434375762939453e+00
-2.761056423187255859e+00
-1.468111276626586914e+00
-1.037105083465576172e+00
-6.841130554676055908e-02
-5.332919955253601074e-02
-4.810234308242797852e-01
-7.382946610450744629e-01
-7.896305322647094727e-01
-8.438897132873535156e-01
-1.175112485885620117e+00
-1.271897196769714355e+00
-1.444153904914855957e+00
-1.667741775512695312e+00
-2.124886989593505859e+00
-2.479474544525146484e+00
-1.590016126632690430e+00
-7.902634143829345703e-01
-5.966941714286804199e-01
-6.094825863838195801e-01
-7.732099294662475586e-01
-9.660773277282714844e-01
-1.366639256477355957e+00
-1.509684801101684570e+00
-8.716163039207458496e-01
-6.769890785217285156e-01
-6.679344773292541504e-01
-9.243950843811035156e-01
-1.010679602622985840e+00
-1.295751690864562988e+00
-1.442847490310668945e+00
-1.477623105049133301e+00
-1.085411190986633301e+00
-1.045421957969665527e+00
-1.158130884170532227e+00
-1.209182500839233398e+00
-1.351804494857788086e+00
-1.430658221244812012e+00
-2.045542955398559570e+00
-2.469853401184082031e+00
-2.810346603393554688e+00
-3.424809932708740234e+00
-3.637758970260620117e+00
-3.956509351730346680e+00
-4.333471298217773438e+00
-3.729222774505615234e+00
-2.550997972488403320e+00
-1.213974237442016602e+00
-7.156736254692077637e-01
-4.851818382740020752e-01
3.718593716621398926e-01
4.965161681175231934e-01
-3.181066811084747314e-01
-3.604206144809722900e-01
-7.293819189071655273e-01
-1.046056389808654785e+00
-9.945802092552185059e-01
-1.185331106185913086e+00
-1.491506457328796387e+00
-1.861028790473937988e+00
-2.299540281295776367e+00
-2.846179008483886719e+00
-2.959981918334960938e+00
-3.550311803817749023e+00
-3.989560365676879883e+00
-5.774500370025634766e+00
-6.914812564849853516e+00
-7.194563865661621094e+00
-7.066421985626220703e+00
-5.825481891632080078e+00
-4.246266365051269531e+00
-4.281112194061279297e+00
-5.299311637878417969e+00
-6.418591976165771484e+00
-6.889799118041992188e+00
-7.259677410125732422e+00
-7.595833301544189453e+00
-7.019351005554199219e+00
-6.016653537750244141e+00
-5.724818706512451172e+00
-5.798632144927978516e+00
-5.643678188323974609e+00
-6.613819122314453125e+00
-7.509722709655761719e+00
-9.445249557495117188e+00
-9.153870582580566406e+00
-8.787096977233886719e+00
-8.096529006958007812e+00
-6.204520225524902344e+00
-3.839043378829956055e+00
-2.057487726211547852e+00
-1.564226150512695312e+00
-3.494536876678466797e+00
-5.576734542846679688e+00
-6.606031894683837891e+00
-6.551245212554931641e+00
-7.017096042633056641e+00
-6.190249443054199219e+00
-5.774568080902099609e+00
-5.981386184692382812e+00
-7.230220794677734375e+00
-8.317649841308593750e+00
-9.734648704528808594e+00
-1.026138210296630859e+01
-1.002662658691406250e+01
-9.337856292724609375e+00
-9.037848472595214844e+00
-8.466155052185058594e+00
-7.989491462707519531e+00
-7.381650924682617188e+00
-7.471283435821533203e+00
-6.944128513336181641e+00
-6.724449634552001953e+00
-5.879561424255371094e+00
-6.886171340942382812e+00
-6.840650081634521484e+00
-8.352567672729492188e+00
-7.755756378173828125e+00
-8.023278236389160156e+00
-6.776488780975341797e+00
-5.633355617523193359e+00
-5.061876773834228516e+00
-4.611845970153808594e+00
-4.814257144927978516e+00
-6.043467044830322266e+00
-7.053632259368896484e+00
-9.800817489624023438e+00
-1.063425636291503906e+01
-1.081647872924804688e+01
-8.668924331665039062e+00
-7.396237373352050781e+00
-7.203898429870605469e+00
-7.025937080383300781e+00
-6.996694564819335938e+00
-7.556793689727783203e+00
-7.398493766784667969e+00
-6.267090797424316406e+00
-5.737502098083496094e+00
-4.546102046966552734e+00
-3.302058696746826172e+00
-3.111905336380004883e+00
-3.518248558044433594e+00
-4.448220729827880859e+00
-5.636068820953369141e+00
-5.240403175354003906e+00
-4.700034618377685547e+00
-5.296526432037353516e+00
-5.675107002258300781e+00
-6.605045318603515625e+00
-8.327268600463867188e+00
-9.997948646545410156e+00
-1.046129608154296875e+01
-8.899489402770996094e+00
-6.683826446533203125e+00
-5.186036586761474609e+00
-4.730687618255615234e+00
-4.590916633605957031e+00
-4.836420059204101562e+00
-4.908047676086425781e+00
-5.513773918151855469e+00
-6.756688594818115234e+00
-8.024933815002441406e+00
-7.916242599487304688e+00
-7.588927268981933594e+00
-7.112614631652832031e+00
-6.007775783538818359e+00
-7.612850666046142578e+00
-9.508665084838867188e+00
-1.050255298614501953e+01
-1.100233173370361328e+01
-1.105574989318847656e+01
-8.506569862365722656e+00
-6.017674922943115234e+00
-5.453348159790039062e+00
-6.725367069244384766e+00
-8.189298629760742188e+00
-9.612607002258300781e+00
-9.788064956665039062e+00
-8.311131477355957031e+00
-7.353431701660156250e+00
-7.956264972686767578e+00
-9.094997406005859375e+00
-1.082557201385498047e+01
-1.068875885009765625e+01
-7.901054859161376953e+00
-3.436965703964233398e+00
-1.796941399574279785e+00
-2.390122890472412109e+00
-3.502499341964721680e+00
-4.933274745941162109e+00
-4.559205055236816406e+00
-3.846690893173217773e+00
-3.965142965316772461e+00
-5.205097198486328125e+00
-5.910567283630371094e+00
-6.141484260559082031e+00
-5.625886440277099609e+00
-4.892405033111572266e+00
-5.286309719085693359e+00
-5.306535243988037109e+00
-5.497705459594726562e+00
-5.024810791015625000e+00
-4.491206169128417969e+00
-4.940883159637451172e+00
-5.074031352996826172e+00
-5.190794467926025391e+00
-6.010416984558105469e+00
-7.305795669555664062e+00
-9.176733970642089844e+00
-1.019588756561279297e+01
-1.094814586639404297e+01
-1.028498935699462891e+01
-1.076528453826904297e+01
-1.123349761962890625e+01
-1.131686019897460938e+01
-1.194005966186523438e+01
-1.385222434997558594e+01
-1.509200477600097656e+01
-1.575117969512939453e+01
-1.616386032104492188e+01
-1.661667823791503906e+01
-1.680739212036132812e+01
-1.764043617248535156e+01
-1.795940780639648438e+01
-1.807299613952636719e+01
-1.843315124511718750e+01
-1.779504203796386719e+01
-1.682972717285156250e+01
-1.586825656890869141e+01
-1.556458282470703125e+01
-1.518325233459472656e+01
-1.418676090240478516e+01
-1.081126689910888672e+01
-7.795920848846435547e+00
-7.065153121948242188e+00
-6.633512973785400391e+00
-6.650707721710205078e+00
-5.433407306671142578e+00
-4.589437007904052734e+00
-5.237126350402832031e+00
-4.658634662628173828e+00
-4.780822753906250000e+00
-5.602949619293212891e+00
-6.645986557006835938e+00
-7.846408843994140625e+00
-9.554785728454589844e+00
-1.208310890197753906e+01
-1.384775066375732422e+01
-1.422879695892333984e+01
-1.551152038574218750e+01
-1.555045795440673828e+01
-1.634340858459472656e+01
-1.641024589538574219e+01
-1.560454082489013672e+01
-1.602793121337890625e+01
-1.565650463104248047e+01
-1.581579780578613281e+01
-1.588097286224365234e+01
-1.488123703002929688e+01
-1.328589057922363281e+01
-1.221078968048095703e+01
-1.294691181182861328e+01
-1.541826438903808594e+01
-1.699976730346679688e+01
-1.791434288024902344e+01
-1.867885780334472656e+01
-1.909665489196777344e+01
-1.909454154968261719e+01
-1.832674407958984375e+01
-1.818750190734863281e+01
-1.842606735229492188e+01
-1.786811447143554688e+01
-1.750768470764160156e+01
-1.654912948608398438e+01
-1.694166755676269531e+01
-1.712935256958007812e+01
-1.775142478942871094e+01
-1.720707702636718750e+01
-1.587311649322509766e+01
-1.355122661590576172e+01
-1.127609634399414062e+01
-9.094996452331542969e+00
-8.353059768676757812e+00
-8.012849807739257812e+00
-8.293164253234863281e+00
-8.896916389465332031e+00
-9.714286804199218750e+00
-1.103682518005371094e+01
-1.209501552581787109e+01
-1.342572975158691406e+01
-1.441613006591796875e+01
-1.390359401702880859e+01
-1.307118225097656250e+01
-1.344676208496093750e+01
-1.485992431640625000e+01
-1.636666488647460938e+01
-1.756053543090820312e+01
-1.870881080627441406e+01
-2.002585411071777344e+01
-2.063834190368652344e+01
-2.107495307922363281e+01
-1.997768974304199219e+01
-1.867209625244140625e+01
-1.571393585205078125e+01
-1.338852596282958984e+01
-1.184458065032958984e+01
-1.157670497894287109e+01
-1.137055397033691406e+01
-1.155359077453613281e+01
-1.085361671447753906e+01
-1.192783546447753906e+01
-1.340701675415039062e+01
-1.528824806213378906e+01
-1.596042537689208984e+01
-1.607958412170410156e+01
-1.573405361175537109e+01
-1.604763031005859375e+01
-1.485950088500976562e+01
-1.354108238220214844e+01
-1.314495754241943359e+01
-1.448715877532958984e+01
-1.692161750793457031e+01
-1.925407981872558594e+01
-2.050181770324707031e+01
-1.929642486572265625e+01
-1.511965751647949219e+01
-1.556391143798828125e+01
-1.619211769104003906e+01
-1.691696739196777344e+01
-1.679823303222656250e+01
-1.780867958068847656e+01
-1.822780799865722656e+01
-1.976128959655761719e+01
-2.115341758728027344e+01
-2.289878845214843750e+01
-2.296122169494628906e+01
-2.247218513488769531e+01
-2.116281700134277344e+01
-2.139017868041992188e+01
-2.144247245788574219e+01
-2.230134391784667969e+01
-2.323568725585937500e+01
-2.369776916503906250e+01
-2.183926200866699219e+01
-1.990208244323730469e+01
-1.845960807800292969e+01
-1.762528991699218750e+01
-1.732355499267578125e+01
-1.808332061767578125e+01
-1.731400489807128906e+01
-1.554615497589111328e+01
-1.456629467010498047e+01
-1.479854774475097656e+01
-1.549147415161132812e+01
-1.724118232727050781e+01
-1.779708480834960938e+01
-1.897957611083984375e+01
-1.973596000671386719e+01
-2.147156906127929688e+01
-1.949253654479980469e+01
-1.657929801940917969e+01
-1.662759780883789062e+01
-1.684360885620117188e+01
-1.720041847229003906e+01
-1.704503822326660156e+01
-1.662545013427734375e+01
-1.701039886474609375e+01
-1.682109832763671875e+01
-1.792068290710449219e+01
-1.748815917968750000e+01
-1.844808769226074219e+01
-1.822840881347656250e+01
-1.809635543823242188e+01
-1.648705482482910156e+01
-1.422756481170654297e+01
-1.238734436035156250e+01
-1.363332176208496094e+01
-1.466262245178222656e+01
-1.772982978820800781e+01
-1.954298782348632812e+01
-2.167729949951171875e+01
-2.343831634521484375e+01
-2.463831329345703125e+01
-2.514728927612304688e+01
-2.560376739501953125e+01
-2.607232856750488281e+01
-2.684537315368652344e+01
-2.662625885009765625e+01
-2.621301269531250000e+01
-2.552882575988769531e+01
-2.480457687377929688e+01
-2.378436851501464844e+01
-2.325996017456054688e+01
-2.262925720214843750e+01
-2.277184486389160156e+01
-2.305180549621582031e+01
-2.377070045471191406e+01
-2.396758460998535156e+01
-2.423331069946289062e+01
-2.361746978759765625e+01
-2.316106414794921875e+01
-2.326457595825195312e+01
-2.341604804992675781e+01
-2.257457351684570312e+01
-1.970759582519531250e+01
-1.540325260162353516e+01
-1.181699085235595703e+01
-5.951577663421630859e+00
-5.314249038696289062e+00
-7.905776500701904297e+00
-1.663485717773437500e+01
-1.893440628051757812e+01
-1.794879913330078125e+01
-1.597349834442138672e+01
-1.611150741577148438e+01
-1.572799396514892578e+01
-1.028551959991455078e+01
-6.812884807586669922e+00
-6.809151649475097656e+00
-6.594263553619384766e+00
-2.669624805450439453e+00
-6.589141488075256348e-01
-3.623228967189788818e-01
-3.677289485931396484e+00
-7.917015552520751953e+00
-9.665663719177246094e+00
-1.613422966003417969e+01
-1.978962135314941406e+01
-1.958160591125488281e+01
-1.910528945922851562e+01
-1.932221412658691406e+01
-2.005552291870117188e+01
-1.929318237304687500e+01
-1.830046272277832031e+01
-1.821656990051269531e+01
-1.854839706420898438e+01
-1.899905776977539062e+01
-1.936626052856445312e+01
-1.946868133544921875e+01
-1.967511367797851562e+01
-2.028577041625976562e+01
-2.033111381530761719e+01
-2.025800323486328125e+01
-1.956666374206542969e+01
-1.947417831420898438e+01
-1.877307510375976562e+01
-1.719914817810058594e+01
-1.456660842895507812e+01
-1.267389106750488281e+01
-1.160104751586914062e+01
-1.331161117553710938e+01
-1.469489192962646484e+01
-1.382657241821289062e+01
-1.191818046569824219e+01
-1.065317344665527344e+01
-9.363857269287109375e+00
-8.549867630004882812e+00
-7.093551158905029297e+00
-6.013307094573974609e+00
-7.450954914093017578e+00
-9.936184883117675781e+00
-1.086756801605224609e+01
-1.235503482818603516e+01
-1.331900691986083984e+01
-1.362835597991943359e+01
-1.294395446777343750e+01
-1.476792907714843750e+01
-1.548971271514892578e+01
-1.631092262268066406e+01
-1.719192314147949219e+01
-1.831948661804199219e+01
-1.898239707946777344e+01
-1.968148803710937500e+01
-2.020554924011230469e+01
-2.076063919067382812e+01
-1.998678207397460938e+01
-1.716176414489746094e+01
-1.483544063568115234e+01
-1.428668308258056641e+01
-1.464729499816894531e+01
-1.295656681060791016e+01
-1.203800964355468750e+01
-9.873328208923339844e+00
-8.030572891235351562e+00
-5.585084438323974609e+00
-4.255850315093994141e+00
-3.327107191085815430e+00
-4.124114990234375000e+00
-7.174587249755859375e+00
-9.654953956604003906e+00
-1.245411109924316406e+01
-1.481024074554443359e+01
-1.609255027770996094e+01
-1.658236122131347656e+01
-1.699881362915039062e+01
-1.676775360107421875e+01
-1.504905509948730469e+01
-1.529406642913818359e+01
-1.427420997619628906e+01
-1.195196723937988281e+01
-1.107378387451171875e+01
-1.193505859375000000e+01
-1.260783290863037109e+01
-1.238068389892578125e+01
-1.250734806060791016e+01
-1.332376670837402344e+01
-1.559914779663085938e+01
-1.711839485168457031e+01
-1.418697547912597656e+01
-8.700951576232910156e+00
-1.106279563903808594e+01
-1.401517772674560547e+01
-1.335290241241455078e+01
-1.228150367736816406e+01
-1.865258026123046875e+01
-1.995352554321289062e+01
-1.658013725280761719e+01
-8.638412475585937500e+00
-9.465049743652343750e+00
-1.595327472686767578e+01
-1.905648803710937500e+01
-2.081243324279785156e+01
-2.104683685302734375e+01
-2.058430099487304688e+01
-1.993445968627929688e+01
-1.985934448242187500e+01
-1.973095893859863281e+01
-1.986015510559082031e+01
-2.081418800354003906e+01
-1.640397644042968750e+01
-9.751383781433105469e+00
-8.673959732055664062e+00
-1.051129245758056641e+01
-1.381403350830078125e+01
-1.755796241760253906e+01
-2.235183525085449219e+01
-2.595634460449218750e+01
-2.667551994323730469e+01
-2.750328063964843750e+01
-2.709176063537597656e+01
-2.687123489379882812e+01
-2.715211677551269531e+01
-2.786562156677246094e+01
-2.640260314941406250e+01
-2.392783546447753906e+01
-1.789492607116699219e+01
-1.148915100097656250e+01
-1.242789745330810547e+01
-1.508013153076171875e+01
-1.894258117675781250e+01
-2.613736915588378906e+01
-2.824559402465820312e+01
-2.787505531311035156e+01
-2.513939094543457031e+01
-1.672343444824218750e+01
-2.135364913940429688e+01
-2.701026916503906250e+01
-2.731799316406250000e+01
-2.349887657165527344e+01
-1.327799892425537109e+01
-8.010980606079101562e+00
-1.320312690734863281e+01
-1.851527786254882812e+01
-1.976157379150390625e+01
-2.245294952392578125e+01
-2.568424034118652344e+01
-2.647060394287109375e+01
-2.549968338012695312e+01
-2.127081489562988281e+01
-1.927113342285156250e+01
-2.018285369873046875e+01
-2.226469993591308594e+01
-2.393478012084960938e+01
-2.342073631286621094e+01
-2.451792335510253906e+01
-2.522469711303710938e+01
-2.396969604492187500e+01
-2.176161003112792969e+01
-2.207613182067871094e+01
-2.329054641723632812e+01
-2.585282897949218750e+01
-2.708277130126953125e+01
-2.680109024047851562e+01
-2.544993782043457031e+01
-2.487525558471679688e+01
-2.080834197998046875e+01
-2.183869743347167969e+01
-2.009537124633789062e+01
-6.429479598999023438e+00
-3.666543006896972656e+00
-3.714459896087646484e+00
-4.857983589172363281e+00
-7.264784336090087891e+00
-8.884302139282226562e+00
-9.525118827819824219e+00
-1.152864170074462891e+01
-1.132151222229003906e+01
-1.171922111511230469e+01
-1.145595645904541016e+01
-1.232825756072998047e+01
-1.413338279724121094e+01
-1.809846878051757812e+01
-1.993432044982910156e+01
-1.814339447021484375e+01
-1.212158107757568359e+01
-7.769425868988037109e+00
-7.778941154479980469e+00
-1.047080898284912109e+01
-1.368997859954833984e+01
-1.575981235504150391e+01
-1.589489555358886719e+01
-1.481637763977050781e+01
-1.658866882324218750e+01
-1.939039421081542969e+01
-2.189031219482421875e+01
-2.414818191528320312e+01
-2.301295089721679688e+01
-1.612052345275878906e+01
-1.920993041992187500e+01
-2.010393142700195312e+01
-1.898693656921386719e+01
-1.629615783691406250e+01
-1.416089916229248047e+01
-1.421568775177001953e+01
-1.818715095520019531e+01
-2.171756744384765625e+01
-2.386163902282714844e+01
-2.501082420349121094e+01
-2.557678031921386719e+01
-2.601419639587402344e+01
-2.603287124633789062e+01
-2.525133132934570312e+01
-2.389873886108398438e+01
-2.243473243713378906e+01
-1.847588539123535156e+01
-1.557483577728271484e+01
-1.719002532958984375e+01
-1.949743080139160156e+01
-2.043120956420898438e+01
-1.664722251892089844e+01
-8.778144836425781250e+00
-3.017973184585571289e+00
-6.601204872131347656e+00
-1.497577190399169922e+01
-1.790035247802734375e+01
-2.010692596435546875e+01
-2.198932075500488281e+01
-2.439728164672851562e+01
-2.606510543823242188e+01
-2.655438613891601562e+01
-2.674859046936035156e+01
-2.882765769958496094e+01
-3.096756172180175781e+01
-3.020850372314453125e+01
-2.852461624145507812e+01
-2.577207565307617188e+01
-2.002789688110351562e+01
-1.112476634979248047e+01
-6.027998447418212891e+00
-4.897055149078369141e+00
-8.529720306396484375e+00
-1.079763126373291016e+01
-1.243941688537597656e+01
-1.493162536621093750e+01
-1.832871818542480469e+01
-2.086101913452148438e+01
-2.261956214904785156e+01
-2.392078781127929688e+01
-2.340805053710937500e+01
-2.156825256347656250e+01
-1.974966430664062500e+01
-1.907879257202148438e+01
-2.146008491516113281e+01
-2.048990821838378906e+01
-1.730255508422851562e+01
-1.636719131469726562e+01
-1.612126541137695312e+01
-1.651661682128906250e+01
-1.800583839416503906e+01
-1.965386199951171875e+01
-2.091784667968750000e+01
-2.218380737304687500e+01
-2.304173278808593750e+01
-2.055078887939453125e+01
-1.542150211334228516e+01
-1.282507610321044922e+01
-1.297100830078125000e+01
-9.222470283508300781e+00
-1.119340038299560547e+01
-1.263591003417968750e+01
-1.552558135986328125e+01
-1.118642902374267578e+01
-1.060258007049560547e+01
-1.085721302032470703e+01
-1.411844539642333984e+01
-1.664627075195312500e+01
-1.807941055297851562e+01
-1.851545333862304688e+01
-1.937164878845214844e+01
-1.877145385742187500e+01
-1.658750724792480469e+01
-1.564871978759765625e+01
-1.531087017059326172e+01
-1.518012046813964844e+01
-1.393960380554199219e+01
-1.342960643768310547e+01
-1.540684509277343750e+01
-1.855315208435058594e+01
-2.016880035400390625e+01
-2.087148284912109375e+01
-2.182759666442871094e+01
-2.107946395874023438e+01
-1.943045425415039062e+01
-1.594999694824218750e+01
-1.242289352416992188e+01
-1.107167243957519531e+01
-1.145937633514404297e+01
-1.095247840881347656e+01
-9.275318145751953125e+00
-9.078613281250000000e+00
-8.922076225280761719e+00
-8.586478233337402344e+00
-7.794087886810302734e+00
-8.377089500427246094e+00
-8.615547180175781250e+00
-9.804766654968261719e+00
-1.331460475921630859e+01
-1.526041698455810547e+01
-1.602091598510742188e+01
-1.633439064025878906e+01
-1.705363845825195312e+01
-1.760989570617675781e+01
-1.859141540527343750e+01
-1.931950378417968750e+01
-2.139857101440429688e+01
-2.252599334716796875e+01
-2.250809097290039062e+01
-2.164276695251464844e+01
-1.740536689758300781e+01
-1.132041740417480469e+01
-4.320678710937500000e+00
-2.896666526794433594e+00
-7.706708908081054688e+00
-1.238272571563720703e+01
-1.494106388092041016e+01
-1.295082473754882812e+01
-5.119411468505859375e+00
-2.269308567047119141e+00
-3.258229494094848633e+00
-9.900705218315124512e-01
-4.955754876136779785e-01
-5.624266147613525391e+00
-9.596539497375488281e+00
-1.092873191833496094e+01
-1.101170444488525391e+01
-8.399215698242187500e+00
-1.117204952239990234e+01
-1.616318893432617188e+01
-1.897873878479003906e+01
-2.028196525573730469e+01
-1.934476470947265625e+01
-1.719199562072753906e+01
-1.444223690032958984e+01
-1.310574531555175781e+01
-1.277793312072753906e+01
-1.315845394134521484e+01
-1.401641273498535156e+01
-1.494945144653320312e+01
-1.485492038726806641e+01
-1.478642654418945312e+01
-1.630387496948242188e+01
-1.767144966125488281e+01
-1.813726234436035156e+01
-1.835042381286621094e+01
-1.924495697021484375e+01
-1.943612670898437500e+01
-1.835218048095703125e+01
-1.745169830322265625e+01
-1.832896423339843750e+01
-1.887912559509277344e+01
-1.894392204284667969e+01
-1.814631652832031250e+01
-1.750440216064453125e+01
-1.604784011840820312e+01
-1.307466888427734375e+01
-1.165541267395019531e+01
-1.242997550964355469e+01
-1.348531055450439453e+01
-1.366393852233886719e+01
-1.380240821838378906e+01
-1.498662185668945312e+01
-1.635813331604003906e+01
-1.670711708068847656e+01
-1.690604591369628906e+01
-1.857869720458984375e+01
-1.963892364501953125e+01
-1.837758636474609375e+01
-1.769117736816406250e+01
-1.867984390258789062e+01
-1.825155639648437500e+01
-1.616914939880371094e+01
-1.349855613708496094e+01
-1.170227432250976562e+01
-9.342366218566894531e+00
-8.021869659423828125e+00
-7.414206504821777344e+00
-6.971008777618408203e+00
-7.396625518798828125e+00
-8.525912284851074219e+00
-1.025796699523925781e+01
-1.181223201751708984e+01
-1.420888900756835938e+01
-1.431723117828369141e+01
-1.492429542541503906e+01
-1.669605636596679688e+01
-1.799689102172851562e+01
-1.672822189331054688e+01
-1.560495948791503906e+01
-1.603360366821289062e+01
-1.479597949981689453e+01
-1.234270477294921875e+01
-1.010009002685546875e+01
-8.587112426757812500e+00
-7.766007423400878906e+00
-6.448470115661621094e+00
-6.742313385009765625e+00
-7.767628669738769531e+00
-8.084301948547363281e+00
-8.636930465698242188e+00
-8.783468246459960938e+00
-1.043638610839843750e+01
-1.128170013427734375e+01
-1.077793502807617188e+01
-1.003948593139648438e+01
-1.077243804931640625e+01
-1.108593940734863281e+01
-1.229281425476074219e+01
-1.423806476593017578e+01
-1.726189804077148438e+01
-1.823496246337890625e+01
-1.596634674072265625e+01
-1.310856151580810547e+01
-1.257288265228271484e+01
-1.201049137115478516e+01
-1.276581668853759766e+01
-1.304989910125732422e+01
-1.672286796569824219e+01
-1.853046226501464844e+01
-1.885185432434082031e+01
-1.779867172241210938e+01
-1.728078079223632812e+01
-1.544856166839599609e+01
-1.341759109497070312e+01
-1.126978778839111328e+01
-1.141959857940673828e+01
-1.025440883636474609e+01
-5.351878166198730469e+00
-3.991075038909912109e+00
-5.749025344848632812e+00
-8.231435775756835938e+00
-6.537115097045898438e+00
-2.626819372177124023e+00
-3.651004791259765625e+00
-5.153163909912109375e+00
-4.319518089294433594e+00
-4.235805034637451172e+00
-4.957973003387451172e+00
-5.064413070678710938e+00
-5.432525634765625000e+00
-4.784380435943603516e+00
-4.985841274261474609e+00
-4.660994052886962891e+00
-5.617783546447753906e+00
-7.891894817352294922e+00
-1.092228603363037109e+01
-1.311588954925537109e+01
-1.258951091766357422e+01
-1.240830802917480469e+01
-1.361637592315673828e+01
-1.380222892761230469e+01
-1.327743339538574219e+01
-1.286157894134521484e+01
-1.414240264892578125e+01
-1.478529930114746094e+01
-1.393808650970458984e+01
-1.343739318847656250e+01
-1.421610736846923828e+01
-1.486239051818847656e+01
-1.339412403106689453e+01
-1.260765552520751953e+01
-1.280668640136718750e+01
-1.134028625488281250e+01
-8.173478126525878906e+00
-6.137748718261718750e+00
-6.199233055114746094e+00
-7.086011886596679688e+00
-6.963362693786621094e+00
-6.189471721649169922e+00
-6.183306694030761719e+00
-7.940516471862792969e+00
-8.355805397033691406e+00
-8.899699211120605469e+00
-1.106755161285400391e+01
-1.294574737548828125e+01
-1.129064559936523438e+01
-9.559719085693359375e+00
-9.912333488464355469e+00
-1.056002140045166016e+01
-7.332289695739746094e+00
-5.245580673217773438e+00
-5.605731964111328125e+00
-6.450692176818847656e+00
-5.628951549530029297e+00
-5.960846424102783203e+00
-8.595286369323730469e+00
-1.153681850433349609e+01
-1.087556838989257812e+01
-9.996822357177734375e+00
-1.154615402221679688e+01
-1.207228946685791016e+01
-1.028453159332275391e+01
-9.130688667297363281e+00
-8.553535461425781250e+00
-7.526634216308593750e+00
-7.032914638519287109e+00
-7.075440883636474609e+00
-8.923761367797851562e+00
-9.466212272644042969e+00
-7.372598171234130859e+00
-5.971590042114257812e+00
-7.407865524291992188e+00
-8.390933990478515625e+00
-8.790760993957519531e+00
-9.275000572204589844e+00
-1.051591014862060547e+01
-1.079794788360595703e+01
-7.908594131469726562e+00
-7.018188476562500000e+00
-7.412197113037109375e+00
-7.564758300781250000e+00
-6.716452598571777344e+00
-6.631929397583007812e+00
-7.962081432342529297e+00
-1.000957584381103516e+01
-1.121894741058349609e+01
-1.085062026977539062e+01
-1.110919380187988281e+01
-1.044984531402587891e+01
-1.029717922210693359e+01
-1.022202968597412109e+01
-1.181779861450195312e+01
-1.301173973083496094e+01
-1.207595634460449219e+01
-1.184013748168945312e+01
-1.333074092864990234e+01
-1.357874774932861328e+01
-1.184207725524902344e+01
-1.144123077392578125e+01
-1.289688301086425781e+01
-1.391307067871093750e+01
-1.286933040618896484e+01
-1.122342300415039062e+01
-1.271099281311035156e+01
-1.281365871429443359e+01
-1.021156501770019531e+01
-9.959052085876464844e+00
-1.026085567474365234e+01
-8.924363136291503906e+00
-7.264852046966552734e+00
-6.602438926696777344e+00
-8.404430389404296875e+00
-8.713140487670898438e+00
-7.930123805999755859e+00
-7.784752368927001953e+00
-9.174836158752441406e+00
-1.045565891265869141e+01
-9.506692886352539062e+00
-8.992959976196289062e+00
-1.124121284484863281e+01
-1.209825992584228516e+01
-9.072552680969238281e+00
-7.544286727905273438e+00
-1.018905258178710938e+01
-1.092598152160644531e+01
-1.047581386566162109e+01
-1.080076599121093750e+01
-1.283071422576904297e+01
-1.353527164459228516e+01
-1.252422428131103516e+01
-1.128683948516845703e+01
-1.172503089904785156e+01
-1.158565521240234375e+01
-1.044875335693359375e+01
-1.057171535491943359e+01
-1.302157211303710938e+01
-1.440848445892333984e+01
-1.209219264984130859e+01
-1.123391914367675781e+01
-1.252883815765380859e+01
-1.205865573883056641e+01
-1.030919742584228516e+01
-8.860695838928222656e+00
-8.814081192016601562e+00
-8.980877876281738281e+00
-7.653016567230224609e+00
-6.973475456237792969e+00
-8.466228485107421875e+00
-9.358362197875976562e+00
-8.169742584228515625e+00
-7.822662830352783203e+00
-1.034942913055419922e+01
-1.263587284088134766e+01
-1.166580581665039062e+01
-1.123152446746826172e+01
-1.212608814239501953e+01
-1.067301368713378906e+01
-7.630146980285644531e+00
-5.265946865081787109e+00
-4.740374565124511719e+00
-4.673466682434082031e+00
-4.072463035583496094e+00
-3.442531108856201172e+00
-4.778285503387451172e+00
-5.821603298187255859e+00
-5.583888053894042969e+00
-4.822114467620849609e+00
-6.697530746459960938e+00
-7.483192920684814453e+00
-7.030415534973144531e+00
-5.802191257476806641e+00
-7.934844970703125000e+00
-8.980381011962890625e+00
-6.276601314544677734e+00
-5.201257705688476562e+00
-7.560281753540039062e+00
-8.273677825927734375e+00
-5.965391159057617188e+00
-5.103063106536865234e+00
-7.471426010131835938e+00
-8.691613197326660156e+00
-6.321982383728027344e+00
-5.511098861694335938e+00
-7.799972057342529297e+00
-8.512136459350585938e+00
-7.407052993774414062e+00
-6.666104316711425781e+00
-7.968667984008789062e+00
-8.664027214050292969e+00
-6.804639339447021484e+00
-5.430588722229003906e+00
-6.931974887847900391e+00
-7.068291187286376953e+00
-5.005256175994873047e+00
-3.896544933319091797e+00
-4.973934173583984375e+00
-5.071527957916259766e+00
-3.417655467987060547e+00
-2.692492485046386719e+00
-4.117524623870849609e+00
-4.277201652526855469e+00
-2.888424634933471680e+00
-2.180311203002929688e+00
-3.617287635803222656e+00
-4.441249370574951172e+00
-2.723040580749511719e+00
-2.092228889465332031e+00
-3.816885471343994141e+00
-4.759436130523681641e+00
-3.371606588363647461e+00
-3.515323638916015625e+00
-4.908753871917724609e+00
-5.544040203094482422e+00
-3.931145906448364258e+00
-3.021778821945190430e+00
-4.795832157135009766e+00
-4.966148376464843750e+00
-3.153868675231933594e+00
-1.915959954261779785e+00
-3.133929252624511719e+00
-3.662209510803222656e+00
-2.150996208190917969e+00
-1.654915809631347656e+00
-3.248575925827026367e+00
-3.941115617752075195e+00
-1.886574149131774902e+00
-1.457328915596008301e+00
-3.289409399032592773e+00
-4.063654422760009766e+00
-2.454494476318359375e+00
-1.525115489959716797e+00
-3.425163984298706055e+00
-4.199373245239257812e+00
-2.897405147552490234e+00
-2.506039381027221680e+00
-4.036346912384033203e+00
-5.098409652709960938e+00
-4.364967823028564453e+00
-3.667038202285766602e+00
-5.290958404541015625e+00
-6.269416809082031250e+00
-4.882821559906005859e+00
-3.914442062377929688e+00
-4.799812793731689453e+00
-5.032174587249755859e+00
-2.978971242904663086e+00
-2.201979875564575195e+00
-4.343863010406494141e+00
-5.431540966033935547e+00
-4.466931819915771484e+00
-2.911466836929321289e+00
-3.521313667297363281e+00
-4.021693229675292969e+00
-2.146804094314575195e+00
-1.700824379920959473e+00
-3.598086595535278320e+00
-4.662540912628173828e+00
-1.739053249359130859e+00
2.112362533807754517e-01
-8.563623428344726562e-01
-1.260094404220581055e+00
-5.143555998802185059e-01
-6.244935393333435059e-01
-1.494464516639709473e+00
-1.658897519111633301e+00
-7.870596051216125488e-01
-3.123982809484004974e-02
-1.759311556816101074e+00
-2.557830810546875000e+00
-1.460817575454711914e+00
-1.180044651031494141e+00
-2.871935367584228516e+00
-3.273977756500244141e+00
-1.835766673088073730e+00
-1.680281758308410645e+00
-3.008850097656250000e+00
-3.735070466995239258e+00
-2.707218170166015625e+00
-2.531409978866577148e+00
-3.194878816604614258e+00
-3.511906147003173828e+00
-7.757134437561035156e-01
-1.627272218465805054e-01
-2.082644701004028320e+00
-2.997326850891113281e+00
-8.556208014488220215e-01
-5.308789610862731934e-01
-2.401539087295532227e+00
-3.701355934143066406e+00
-1.661151528358459473e+00
-4.011723026633262634e-02
-1.007158279418945312e+00
-1.301002860069274902e+00
-4.762327075004577637e-01
-2.699445784091949463e-01
-9.025514721870422363e-01
-6.179033517837524414e-01
-3.846264183521270752e-01
-6.814628839492797852e-01
-2.036769390106201172e+00
-3.103025197982788086e+00
-1.617109894752502441e+00
-1.383623123168945312e+00
-2.431909322738647461e+00
-3.695328474044799805e+00
-3.017235994338989258e+00
-2.053260564804077148e+00
-3.112046718597412109e+00
-3.607314348220825195e+00
-4.963866174221038818e-01
-4.493488371372222900e-01
-2.313457250595092773e+00
-2.746116161346435547e+00
-2.457768917083740234e+00
-1.734967112541198730e+00
-2.955084085464477539e+00
-3.477237701416015625e+00
-1.245190024375915527e+00
