1.463695883750915527e+00
4.000211879611015320e-02
-2.569414079189300537e-01
4.032881855964660645e-01
6.641513705253601074e-01
-6.061711907386779785e-01
-6.019437313079833984e-01
7.404688596725463867e-01
1.116089344024658203e+00
3.519217371940612793e-01
2.298011183738708496e-01
9.191707372665405273e-01
8.482831716537475586e-01
6.533438712358474731e-02
-8.106057345867156982e-02
7.786586880683898926e-01
1.414583444595336914e+00
2.871955633163452148e-01
-3.028735704720020294e-02
8.658650517463684082e-01
1.527433156967163086e+00
2.948763668537139893e-01
4.384091123938560486e-02
1.028217554092407227e+00
7.816563844680786133e-01
2.552399337291717529e-01
2.944914102554321289e-01
9.123711585998535156e-01
1.042134046554565430e+00
5.170571804046630859e-01
4.826349616050720215e-01
1.905378937721252441e+00
2.047857999801635742e+00
4.599089920520782471e-01
1.457690894603729248e-01
1.115065693855285645e+00
1.506715416908264160e+00
2.882170975208282471e-01
4.355875775218009949e-02
9.658197760581970215e-01
1.445692658424377441e+00
3.813406825065612793e-01
2.253273427486419678e-01
1.192685842514038086e+00
1.110662102699279785e+00
5.138148069381713867e-01
2.314924299716949463e-01
2.236675500869750977e+00
2.314643621444702148e+00
3.060447275638580322e-01
-3.668700158596038818e-01
1.194621801376342773e+00
1.897415995597839355e+00
1.306211203336715698e-01
-6.091651320457458496e-01
6.885707974433898926e-01
1.046080470085144043e+00
-1.948627680540084839e-01
-6.148028373718261719e-01
7.303922176361083984e-01
1.071624279022216797e+00
-9.902900457382202148e-02
-2.390779256820678711e-01
8.880947232246398926e-01
1.626685976982116699e+00
1.143092140555381775e-01
-5.921111702919006348e-01
1.855277061462402344e+00
2.358895301818847656e+00
-1.898921430110931396e-01
-1.650443077087402344e+00
2.133969545364379883e+00
2.589072227478027344e+00
-1.445842534303665161e-01
-1.304558515548706055e+00
1.923732280731201172e+00
2.340010166168212891e+00
-3.923864662647247314e-02
-1.217463493347167969e+00
1.385340094566345215e+00
1.771102666854858398e+00
-1.676957011222839355e-01
-1.501299977302551270e+00
-1.805543005466461182e-01
5.400636792182922363e-01
-2.666658163070678711e-01
-5.422234535217285156e-01
1.223230242729187012e+00
1.742425799369812012e+00
3.045681118965148926e-01
-3.948075175285339355e-01
7.726392149925231934e-01
8.796397447586059570e-01
-2.635642588138580322e-01
-1.155981779098510742e+00
-1.687177717685699463e-01
3.732021450996398926e-01
-6.971430182456970215e-01
-1.606297016143798828e+00
1.452095955610275269e-01
1.386114835739135742e+00
7.063995003700256348e-01
4.922164082527160645e-01
1.968726992607116699e+00
1.938917756080627441e+00
2.274073511362075806e-01
4.726102203130722046e-02
5.774461030960083008e-01
1.244231104850769043e+00
-3.775784671306610107e-01
-1.361813187599182129e+00
3.880315423011779785e-01
8.657917380332946777e-01
-7.675732970237731934e-01
-2.324275016784667969e+00
-8.797532320022583008e-01
-2.308344244956970215e-01
-2.103361368179321289e+00
-2.988414049148559570e+00
-4.582562297582626343e-02
7.974061369895935059e-01
-4.704900383949279785e-01
-1.164579749107360840e+00
6.494622677564620972e-02
1.144239425659179688e+00
7.394832372665405273e-01
3.159120678901672363e-01
7.106965780258178711e-01
1.056721448898315430e+00
6.317036747932434082e-01
3.944803774356842041e-01
1.192189574241638184e+00
1.234611153602600098e+00
-1.965530067682266235e-01
-7.932578921318054199e-01
-8.060067147016525269e-02
-7.094694674015045166e-02
-1.489990711212158203e+00
-2.814467668533325195e+00
-6.472194790840148926e-01
-1.466257125139236450e-01
-8.575236201286315918e-01
-1.607598543167114258e+00
-4.261629879474639893e-01
-3.826534748077392578e-01
-1.193186402320861816e+00
-2.308028936386108398e+00
-9.706212282180786133e-01
-1.883775144815444946e-01
-1.513280510902404785e+00
-2.160369873046875000e+00
-7.073947787284851074e-01
-3.060591779649257660e-02
-1.160069465637207031e+00
-1.733662962913513184e+00
-7.376585602760314941e-01
-6.353802680969238281e-01
-2.650038242340087891e+00
-3.924590587615966797e+00
-2.232067346572875977e+00
-1.381755113601684570e+00
-1.829459786415100098e+00
-2.267617702484130859e+00
-1.551224589347839355e+00
-1.523002266883850098e+00
-2.966711759567260742e+00
-4.910339832305908203e+00
-2.903361558914184570e+00
-1.947349667549133301e+00
-4.079507350921630859e+00
-5.731973648071289062e+00
-3.238425731658935547e+00
-2.173791170120239258e+00
-3.646177530288696289e+00
-5.322071075439453125e+00
-3.279437780380249023e+00
-2.295628070831298828e+00
-4.023947238922119141e+00
-5.553622245788574219e+00
-2.710779666900634766e+00
-1.535121440887451172e+00
-3.874734878540039062e+00
-4.487012863159179688e+00
-2.543703317642211914e+00
-1.405749440193176270e+00
-2.719587326049804688e+00
-3.427874565124511719e+00
-1.914017558097839355e+00
-9.364805817604064941e-01
-2.294148683547973633e+00
-3.082663059234619141e+00
-1.489215493202209473e+00
-9.490570425987243652e-01
-2.524784088134765625e+00
-3.898517847061157227e+00
-1.523462176322937012e+00
-6.340401768684387207e-01
-2.378460168838500977e+00
-3.860501050949096680e+00
-2.546979904174804688e+00
-1.735564708709716797e+00
-3.357339859008789062e+00
-4.590458869934082031e+00
-2.093531131744384766e+00
-8.732369542121887207e-01
-2.982706785202026367e+00
-4.139265060424804688e+00
-2.306551694869995117e+00
-1.388978123664855957e+00
-3.472550153732299805e+00
-4.128448963165283203e+00
-1.613691329956054688e+00
-6.748748421669006348e-01
-1.816355943679809570e+00
-2.492650032043457031e+00
-1.657488942146301270e+00
-1.354061245918273926e+00
-2.364474058151245117e+00
-2.911150455474853516e+00
-1.685570478439331055e+00
-3.646138608455657959e-01
-9.278478622436523438e-01
-1.392749428749084473e+00
-1.014345884323120117e+00
-1.058633923530578613e+00
-2.263919115066528320e+00
-3.410434007644653320e+00
-3.163379907608032227e+00
-1.469556331634521484e+00
-2.236436367034912109e+00
-2.633231163024902344e+00
-1.134981870651245117e+00
-4.876821339130401611e-01
-3.712377846240997314e-01
-3.613816574215888977e-02
7.340917587280273438e-01
1.122606754302978516e+00
7.342331409454345703e-01
4.403541982173919678e-01
7.524130344390869141e-01
6.953703165054321289e-01
5.592747777700424194e-02
-7.042252421379089355e-01
-2.474980950355529785e-01
-5.850675106048583984e-01
-1.126348614692687988e+00
-8.700652718544006348e-01
3.363834917545318604e-01
1.867798864841461182e-01
-3.739158213138580322e-01
-8.163350224494934082e-01
-5.010017156600952148e-01
-3.072547316551208496e-01
-9.589228034019470215e-01
-1.147313117980957031e+00
-4.054490327835083008e-01
-2.196291238069534302e-01
-6.153687834739685059e-01
-8.097137808799743652e-01
-1.138823986053466797e+00
-1.227080225944519043e+00
-3.559856176376342773e+00
-4.371663093566894531e+00
-2.912556886672973633e+00
-1.502955436706542969e+00
-1.593397736549377441e+00
-1.792219758033752441e+00
-1.588851690292358398e+00
-1.404057502746582031e+00
-2.378109693527221680e+00
-3.380099534988403320e+00
-3.673520326614379883e+00
-3.530157804489135742e+00
-4.710074424743652344e+00
-4.454072952270507812e+00
-2.420106649398803711e+00
-1.617567658424377441e+00
-1.848449707031250000e+00
-2.172243356704711914e+00
-2.323249578475952148e+00
-2.828173637390136719e+00
-4.300734996795654297e+00
-5.307554721832275391e+00
-4.657823562622070312e+00
-4.244505405426025391e+00
-5.010329246520996094e+00
-5.606823444366455078e+00
-4.411794185638427734e+00
-3.215739965438842773e+00
-2.155190467834472656e+00
-1.436541080474853516e+00
-6.196663975715637207e-01
-6.505667567253112793e-01
-9.852091670036315918e-01
-1.170216917991638184e+00
-1.117859959602355957e+00
-8.434978127479553223e-01
-1.404795885086059570e+00
-2.013128519058227539e+00
-1.781895160675048828e+00
-1.091294169425964355e+00
-7.180341482162475586e-01
-6.499665975570678711e-01
-6.803380250930786133e-01
-7.834622859954833984e-01
-1.238744378089904785e+00
-1.476744055747985840e+00
-1.414627909660339355e+00
-1.713544368743896484e+00
-1.860677123069763184e+00
-1.807474732398986816e+00
-1.262561440467834473e+00
-8.390979170799255371e-01
-1.211615324020385742e+00
-1.022976040840148926e+00
-9.958469271659851074e-01
-5.634326338768005371e-01
1.819276064634323120e-02
1.698335409164428711e-01
6.329078227281570435e-02
-3.444588780403137207e-01
-1.405431866645812988e+00
-1.827802658081054688e+00
-1.489285707473754883e+00
-1.150660991668701172e+00
-1.656854510307312012e+00
-2.462101936340332031e+00
-2.045120954513549805e+00
-1.376082062721252441e+00
-1.021358013153076172e+00
-1.181489586830139160e+00
-1.584169030189514160e+00
-1.355294227600097656e+00
-1.268234014511108398e+00
-1.405008435249328613e+00
-1.274681210517883301e+00
-8.251782059669494629e-01
-9.771744608879089355e-01
-1.077094316482543945e+00
-1.264429450035095215e+00
-1.312557816505432129e+00
-1.513140797615051270e+00
-1.668516516685485840e+00
-2.064744472503662109e+00
-1.778372287750244141e+00
-2.195602178573608398e+00
-2.526368141174316406e+00
-2.764192819595336914e+00
-3.035309791564941406e+00
-3.141995191574096680e+00
-3.494009494781494141e+00
-3.518670320510864258e+00
-3.410046577453613281e+00
-3.765723466873168945e+00
-3.787924766540527344e+00
-3.386017322540283203e+00
-3.240083456039428711e+00
-3.316539525985717773e+00
-3.046162843704223633e+00
-2.701863050460815430e+00
-2.161884069442749023e+00
-2.185562849044799805e+00
-2.195353269577026367e+00
-2.276849031448364258e+00
-2.109596014022827148e+00
-1.821639180183410645e+00
-1.705652594566345215e+00
-1.542734742164611816e+00
-1.630887746810913086e+00
-1.924378991127014160e+00
-1.698534011840820312e+00
-1.482769370079040527e+00
-1.271723747253417969e+00
-1.124272346496582031e+00
-1.211509346961975098e+00
-2.021833896636962891e+00
-2.048961400985717773e+00
-1.080126285552978516e+00
-2.163927078247070312e+00
-2.888143539428710938e+00
-2.711375474929809570e+00
-1.938684821128845215e+00
-2.370708703994750977e+00
-2.450967788696289062e+00
-2.011827468872070312e+00
-1.872234106063842773e+00
-2.041842699050903320e+00
-2.196727991104125977e+00
-2.215863227844238281e+00
-2.532392501831054688e+00
-2.646724224090576172e+00
-2.372999668121337891e+00
-2.086205244064331055e+00
-2.232702493667602539e+00
-3.090942382812500000e+00
-3.650301218032836914e+00
-3.581246376037597656e+00
-3.561337232589721680e+00
-3.709810495376586914e+00
-4.220335483551025391e+00
-4.889163017272949219e+00
-5.698254108428955078e+00
-6.097128391265869141e+00
-5.852750778198242188e+00
-4.556669712066650391e+00
-3.160810947418212891e+00
-3.193681240081787109e+00
-3.661786556243896484e+00
-4.211599349975585938e+00
-6.368137836456298828e+00
-8.151528358459472656e+00
-8.594196319580078125e+00
-7.492460250854492188e+00
-8.768562316894531250e+00
-9.953482627868652344e+00
-1.090600585937500000e+01
-8.824548721313476562e+00
-5.708610057830810547e+00
-6.223545551300048828e+00
-7.361989974975585938e+00
-7.666827201843261719e+00
-8.344603538513183594e+00
-8.332306861877441406e+00
-8.339107513427734375e+00
-7.504473686218261719e+00
-7.177158355712890625e+00
-7.581138610839843750e+00
-8.937397956848144531e+00
-1.052408218383789062e+01
-1.282743930816650391e+01
-1.360841274261474609e+01
-1.445714282989501953e+01
-1.408528900146484375e+01
-1.332615947723388672e+01
-1.079625606536865234e+01
-9.855466842651367188e+00
-1.151747512817382812e+01
-1.337492275238037109e+01
-1.460825252532958984e+01
-1.565104579925537109e+01
-1.561221790313720703e+01
-1.502562427520751953e+01
-1.367003536224365234e+01
-1.071712493896484375e+01
-8.349642753601074219e+00
-9.426328659057617188e+00
-1.238065147399902344e+01
-1.577651214599609375e+01
-1.665085029602050781e+01
-1.669714355468750000e+01
-1.685009765625000000e+01
-1.631631469726562500e+01
-1.400703907012939453e+01
-1.314217376708984375e+01
-1.455420875549316406e+01
-1.497946739196777344e+01
-1.361845207214355469e+01
-1.225603008270263672e+01
-1.162514686584472656e+01
-1.073026275634765625e+01
-1.005245304107666016e+01
-8.729063987731933594e+00
-8.573690414428710938e+00
-9.806458473205566406e+00
-1.119315814971923828e+01
-1.408381175994873047e+01
-1.641912651062011719e+01
-1.865335083007812500e+01
-1.943605232238769531e+01
-2.004364967346191406e+01
-2.000879669189453125e+01
-1.971030807495117188e+01
-1.900624465942382812e+01
-1.919660568237304688e+01
-1.968796730041503906e+01
-2.024775505065917969e+01
-2.064046096801757812e+01
-2.120788955688476562e+01
-2.108908653259277344e+01
-1.948104667663574219e+01
-1.488793563842773438e+01
-1.096414089202880859e+01
-8.615122795104980469e+00
-9.501160621643066406e+00
-9.090027809143066406e+00
-8.277942657470703125e+00
-7.578180789947509766e+00
-7.533930301666259766e+00
-8.239434242248535156e+00
-7.484212398529052734e+00
-8.898641586303710938e+00
-1.017464160919189453e+01
-9.783344268798828125e+00
-7.446653366088867188e+00
-5.610346317291259766e+00
-4.725471019744873047e+00
-4.035151481628417969e+00
-3.532869577407836914e+00
-4.801681995391845703e+00
-5.262564182281494141e+00
-4.939546108245849609e+00
-5.435591697692871094e+00
-6.330615043640136719e+00
-8.146347999572753906e+00
-7.241245746612548828e+00
-8.168437957763671875e+00
-8.603991508483886719e+00
-9.891826629638671875e+00
-1.076500320434570312e+01
-1.217083835601806641e+01
-1.414568328857421875e+01
-1.466240692138671875e+01
-1.452884101867675781e+01
-1.503549003601074219e+01
-1.475979137420654297e+01
-1.565301799774169922e+01
-1.589602375030517578e+01
-1.691820144653320312e+01
-1.779867362976074219e+01
-1.817852210998535156e+01
-1.762314414978027344e+01
-1.742612075805664062e+01
-1.770051383972167969e+01
-1.792734336853027344e+01
-1.763702201843261719e+01
-1.737460517883300781e+01
-1.681405067443847656e+01
-1.623263740539550781e+01
-1.539687347412109375e+01
-1.361680030822753906e+01
-1.208127498626708984e+01
-1.114992618560791016e+01
-1.038075351715087891e+01
-8.761797904968261719e+00
-7.494537830352783203e+00
-5.597345829010009766e+00
-3.760968685150146484e+00
-3.393805742263793945e+00
-3.542912006378173828e+00
-3.622397422790527344e+00
-3.711641550064086914e+00
-4.170340538024902344e+00
-6.227629184722900391e+00
-8.393720626831054688e+00
-9.821679115295410156e+00
-1.302287578582763672e+01
-1.516303062438964844e+01
-1.585965919494628906e+01
-1.644713783264160156e+01
-1.695417594909667969e+01
-1.727267837524414062e+01
-1.779081726074218750e+01
-1.830750846862792969e+01
-1.859582138061523438e+01
-1.838311386108398438e+01
-1.861907196044921875e+01
-1.772996902465820312e+01
-1.662626075744628906e+01
-1.682758331298828125e+01
-1.861308479309082031e+01
-1.907027053833007812e+01
-1.901428222656250000e+01
-1.906085586547851562e+01
-1.848810768127441406e+01
-1.646224975585937500e+01
-1.298616409301757812e+01
-8.736500740051269531e+00
-5.719957828521728516e+00
-3.121245861053466797e+00
-2.753023386001586914e+00
-2.765460014343261719e+00
-2.458967208862304688e+00
-2.244502544403076172e+00
-1.905176520347595215e+00
-1.883121371269226074e+00
-2.571749448776245117e+00
-2.374936819076538086e+00
-3.584415435791015625e+00
-5.953797817230224609e+00
-7.924625873565673828e+00
-8.985703468322753906e+00
-9.197841644287109375e+00
-9.561305046081542969e+00
-1.028463840484619141e+01
-1.045946407318115234e+01
-1.051957130432128906e+01
-1.133391189575195312e+01
-1.231677246093750000e+01
-1.207926464080810547e+01
-9.650655746459960938e+00
-8.098358154296875000e+00
-8.719306945800781250e+00
-8.803163528442382812e+00
-7.610348224639892578e+00
-7.904332637786865234e+00
-9.462687492370605469e+00
-9.212001800537109375e+00
-1.064796161651611328e+01
-1.271856403350830078e+01
-1.581491184234619141e+01
-1.693704986572265625e+01
-1.780396270751953125e+01
-1.812954521179199219e+01
-1.826861190795898438e+01
-1.695941925048828125e+01
-1.532827854156494141e+01
-1.221551132202148438e+01
-9.055500030517578125e+00
-8.083419799804687500e+00
-9.133435249328613281e+00
-1.046630001068115234e+01
-1.163835811614990234e+01
-8.759719848632812500e+00
-4.441738605499267578e+00
-3.476568460464477539e+00
-2.853190660476684570e+00
-3.119095087051391602e+00
-2.470772266387939453e+00
-3.339830875396728516e+00
-6.079438209533691406e+00
-8.759189605712890625e+00
-9.663972854614257812e+00
-9.671584129333496094e+00
-9.896687507629394531e+00
-1.047433280944824219e+01
-1.218172168731689453e+01
-1.412675571441650391e+01
-1.539979743957519531e+01
-1.580853557586669922e+01
-1.650456809997558594e+01
-1.724167060852050781e+01
-1.717702102661132812e+01
-1.715014076232910156e+01
-1.748626136779785156e+01
-1.762285995483398438e+01
-1.847768020629882812e+01
-1.883614349365234375e+01
-1.938545989990234375e+01
-1.991863822937011719e+01
-2.108693313598632812e+01
-2.207348823547363281e+01
-2.273840713500976562e+01
-2.306949234008789062e+01
-2.371668624877929688e+01
-2.386928176879882812e+01
-2.420307350158691406e+01
-2.438752174377441406e+01
-2.405728530883789062e+01
-2.380691528320312500e+01
-2.383718872070312500e+01
-2.355993652343750000e+01
-2.378951072692871094e+01
-2.384838867187500000e+01
-2.447564315795898438e+01
-2.467358398437500000e+01
-2.543559646606445312e+01
-2.562462615966796875e+01
-2.539472579956054688e+01
-2.531714630126953125e+01
-2.464204406738281250e+01
-2.468939971923828125e+01
-2.470613670349121094e+01
-2.458810043334960938e+01
-2.461639595031738281e+01
-2.449050712585449219e+01
-2.413926696777343750e+01
-2.357099723815917969e+01
-2.362441062927246094e+01
-2.358332824707031250e+01
-2.365619277954101562e+01
-2.356331634521484375e+01
-2.401630973815917969e+01
-2.364900207519531250e+01
-2.459490585327148438e+01
-2.395363807678222656e+01
-2.510765266418457031e+01
-2.513594436645507812e+01
-2.450214004516601562e+01
-2.447113227844238281e+01
-2.450441932678222656e+01
-2.419606590270996094e+01
-2.445128822326660156e+01
-2.366415596008300781e+01
-2.285062217712402344e+01
-2.206676673889160156e+01
-2.212746429443359375e+01
-2.149457550048828125e+01
-2.018901824951171875e+01
-1.688000869750976562e+01
-1.484628772735595703e+01
-1.482282447814941406e+01
-1.606189727783203125e+01
-1.648285865783691406e+01
-1.671307563781738281e+01
-1.651111984252929688e+01
-1.763442039489746094e+01
-1.874833869934082031e+01
-1.961894798278808594e+01
-1.978930091857910156e+01
-2.000996780395507812e+01
-2.001271438598632812e+01
-1.991976737976074219e+01
-1.951656341552734375e+01
-1.912212944030761719e+01
-1.929286766052246094e+01
-1.938877296447753906e+01
-1.943038368225097656e+01
-1.988721466064453125e+01
-1.985388183593750000e+01
-1.993399620056152344e+01
-1.988418579101562500e+01
-2.053092002868652344e+01
-1.990338706970214844e+01
-1.925746154785156250e+01
-1.867181587219238281e+01
-1.873069000244140625e+01
-1.801894569396972656e+01
-1.812486076354980469e+01
-1.860868072509765625e+01
-1.976400375366210938e+01
-2.029922676086425781e+01
-1.951148796081542969e+01
-1.669104957580566406e+01
-1.493616390228271484e+01
-1.382755947113037109e+01
-1.224031639099121094e+01
-1.247338199615478516e+01
-1.321200466156005859e+01
-1.464454364776611328e+01
-1.610009002685546875e+01
-1.723586082458496094e+01
-1.621512413024902344e+01
-1.553210067749023438e+01
-1.419038772583007812e+01
-1.339870548248291016e+01
-1.276028537750244141e+01
-1.351183986663818359e+01
-1.389880371093750000e+01
-1.451904296875000000e+01
-1.426610660552978516e+01
-1.395714664459228516e+01
-1.465588760375976562e+01
-1.519773864746093750e+01
-1.533578205108642578e+01
-1.567542457580566406e+01
-1.637786483764648438e+01
-1.679375839233398438e+01
-1.731027412414550781e+01
-1.768275833129882812e+01
-1.813726234436035156e+01
-1.827851104736328125e+01
-1.779046440124511719e+01
-1.692880630493164062e+01
-1.678723907470703125e+01
-1.706667327880859375e+01
-1.807176017761230469e+01
-1.895851135253906250e+01
-1.942855262756347656e+01
-1.979300117492675781e+01
-1.992139244079589844e+01
-1.985832405090332031e+01
-1.898894691467285156e+01
-1.850942993164062500e+01
-1.803367424011230469e+01
-1.725787925720214844e+01
-1.721450805664062500e+01
-1.765971374511718750e+01
-1.812010192871093750e+01
-1.889512634277343750e+01
-1.981597328186035156e+01
-2.033576393127441406e+01
-1.997169876098632812e+01
-1.973306846618652344e+01
-1.909841728210449219e+01
-1.717321395874023438e+01
-1.592783546447753906e+01
-1.542879486083984375e+01
-1.584028244018554688e+01
-1.679055023193359375e+01
-1.775498390197753906e+01
-1.922000694274902344e+01
-2.083522796630859375e+01
-2.151768493652343750e+01
-2.253832626342773438e+01
-2.306822204589843750e+01
-2.378535461425781250e+01
-2.315472602844238281e+01
-2.223594856262207031e+01
-2.182781600952148438e+01
-2.162857437133789062e+01
-2.157927703857421875e+01
-2.202807807922363281e+01
-2.194527816772460938e+01
-2.283864784240722656e+01
-2.300248146057128906e+01
-2.286725807189941406e+01
-2.246570587158203125e+01
-2.336396789550781250e+01
-2.421072196960449219e+01
-2.507371902465820312e+01
-2.585028457641601562e+01
-2.633865737915039062e+01
-2.669229507446289062e+01
-2.637934875488281250e+01
-2.636786842346191406e+01
-2.634165763854980469e+01
-2.624282646179199219e+01
-2.587206649780273438e+01
-2.617859649658203125e+01
-2.585392189025878906e+01
-2.673936080932617188e+01
-2.659856986999511719e+01
-2.626117897033691406e+01
-2.601726150512695312e+01
-2.552406692504882812e+01
-2.574331855773925781e+01
-2.652616500854492188e+01
-2.726345825195312500e+01
-2.600037956237792969e+01
-2.256302070617675781e+01
-1.838096809387207031e+01
-1.569536781311035156e+01
-1.521926403045654297e+01
-1.658271408081054688e+01
-1.830694198608398438e+01
-1.960076713562011719e+01
-2.063640785217285156e+01
-2.106173706054687500e+01
-2.130414962768554688e+01
-2.192420768737792969e+01
-2.238889694213867188e+01
-2.213049888610839844e+01
-1.903306579589843750e+01
-8.971963882446289062e+00
-6.184542655944824219e+00
-3.306884765625000000e+00
-3.389084577560424805e+00
-7.007757663726806641e+00
-1.101399421691894531e+01
-1.653133964538574219e+01
-1.849441909790039062e+01
-1.903433036804199219e+01
-2.076628112792968750e+01
-1.859676933288574219e+01
-1.243222999572753906e+01
-1.003226470947265625e+01
-1.043233203887939453e+01
-1.206890773773193359e+01
-1.422854804992675781e+01
-1.687859535217285156e+01
-1.792477226257324219e+01
-1.783474731445312500e+01
-1.666734123229980469e+01
-1.760020446777343750e+01
-1.907259178161621094e+01
-2.043247604370117188e+01
-2.104535484313964844e+01
-2.220673751831054688e+01
-2.305733871459960938e+01
-2.323748207092285156e+01
-2.166683387756347656e+01
-1.973465538024902344e+01
-1.910056686401367188e+01
-1.701107215881347656e+01
-1.536590385437011719e+01
-1.281359195709228516e+01
-1.307547760009765625e+01
-1.403043174743652344e+01
-1.662389945983886719e+01
-1.759741973876953125e+01
-1.824725914001464844e+01
-1.952769470214843750e+01
-1.847764587402343750e+01
-1.764671325683593750e+01
-1.848807525634765625e+01
-2.085918617248535156e+01
-2.184154891967773438e+01
-2.216055297851562500e+01
-2.179078483581542969e+01
-2.292387008666992188e+01
-2.367687225341796875e+01
-2.241119766235351562e+01
-2.101956748962402344e+01
-1.879756546020507812e+01
-1.760034751892089844e+01
-1.758364295959472656e+01
-1.845164299011230469e+01
-1.825913047790527344e+01
-1.397962856292724609e+01
-8.079301834106445312e+00
-1.248497009277343750e+01
-1.842595672607421875e+01
-2.045545005798339844e+01
-1.907854461669921875e+01
-1.635327339172363281e+01
-1.796662712097167969e+01
-2.246669197082519531e+01
-2.513054275512695312e+01
-2.538873863220214844e+01
-2.529910278320312500e+01
-2.563212776184082031e+01
-2.625384712219238281e+01
-2.709866333007812500e+01
-2.748390960693359375e+01
-2.768032646179199219e+01
-2.860731124877929688e+01
-2.853011322021484375e+01
-2.595503997802734375e+01
-2.522391510009765625e+01
-2.711614227294921875e+01
-2.813687324523925781e+01
-2.821985244750976562e+01
-2.608526229858398438e+01
-2.356225967407226562e+01
-2.568043518066406250e+01
-2.765921783447265625e+01
-2.768057250976562500e+01
-2.762233543395996094e+01
-2.675799751281738281e+01
-2.624190902709960938e+01
-2.548992729187011719e+01
-2.473365783691406250e+01
-2.418997573852539062e+01
-2.522419738769531250e+01
-2.534550666809082031e+01
-2.463362503051757812e+01
-2.367733573913574219e+01
-2.353862190246582031e+01
-2.394626617431640625e+01
-2.475091171264648438e+01
-2.491027641296386719e+01
-2.485935974121093750e+01
-2.468435859680175781e+01
-2.454568481445312500e+01
-2.478354454040527344e+01
-2.464130401611328125e+01
-2.418584823608398438e+01
-2.351526260375976562e+01
-2.273413658142089844e+01
-1.902157211303710938e+01
-1.915574073791503906e+01
-1.925146865844726562e+01
-1.904961967468261719e+01
-2.090389823913574219e+01
-2.038893127441406250e+01
-2.087144470214843750e+01
-2.219853401184082031e+01
-2.234023857116699219e+01
-2.260529327392578125e+01
-2.196760940551757812e+01
-2.088899803161621094e+01
-2.009515953063964844e+01
-1.985300445556640625e+01
-2.005087471008300781e+01
-2.026269149780273438e+01
-1.974970054626464844e+01
-1.957188034057617188e+01
-1.885252380371093750e+01
-1.810636138916015625e+01
-1.758220100402832031e+01
-1.701279830932617188e+01
-1.687764739990234375e+01
-1.473625564575195312e+01
-1.015663719177246094e+01
-5.644735336303710938e+00
-5.020158767700195312e+00
-4.001011371612548828e+00
-2.862844467163085938e+00
-3.076075077056884766e+00
-5.224405288696289062e+00
-8.068588256835937500e+00
-5.815332889556884766e+00
-5.224158763885498047e+00
-4.195955276489257812e+00
-3.434393167495727539e+00
-3.124236583709716797e+00
-3.835238695144653320e+00
-6.432156562805175781e+00
-1.019345378875732422e+01
-1.533049964904785156e+01
-1.793156814575195312e+01
-1.880767631530761719e+01
-1.803092384338378906e+01
-1.479904365539550781e+01
-1.268143272399902344e+01
-1.258718395233154297e+01
-1.379433727264404297e+01
-1.438082504272460938e+01
-1.417756652832031250e+01
-1.444688892364501953e+01
-1.483857154846191406e+01
-1.030760955810546875e+01
-5.439011096954345703e+00
-5.517120838165283203e+00
-6.565124988555908203e+00
-5.160563468933105469e+00
-2.673219442367553711e+00
-3.347438335418701172e+00
-4.580101013183593750e+00
-5.896862983703613281e+00
-5.488970756530761719e+00
-3.039960861206054688e+00
-3.348672866821289062e+00
-6.557270050048828125e+00
-8.810419082641601562e+00
-1.067040634155273438e+01
-1.033952999114990234e+01
-8.352389335632324219e+00
-1.057580375671386719e+01
-1.028241729736328125e+01
-7.359736442565917969e+00
-1.508746051788330078e+01
-1.713829803466796875e+01
-1.629958343505859375e+01
-1.475411701202392578e+01
-1.574741077423095703e+01
-1.688903045654296875e+01
-1.796990776062011719e+01
-1.857876777648925781e+01
-1.898281669616699219e+01
-1.926006698608398438e+01
-1.993421745300292969e+01
-2.033763122558593750e+01
-2.008163070678710938e+01
-1.938662147521972656e+01
-2.186145019531250000e+01
-2.390039443969726562e+01
-2.340420722961425781e+01
-2.204005432128906250e+01
-2.283903503417968750e+01
-2.478065109252929688e+01
-2.607574844360351562e+01
-2.507531166076660156e+01
-2.516536331176757812e+01
-2.525207138061523438e+01
-2.430775642395019531e+01
-2.353241729736328125e+01
-2.357149124145507812e+01
-2.327039146423339844e+01
-2.341903686523437500e+01
-2.285552406311035156e+01
-2.171992874145507812e+01
-2.053881263732910156e+01
-1.967778778076171875e+01
-1.599016380310058594e+01
-1.127680015563964844e+01
-9.698747634887695312e+00
-1.462495326995849609e+01
-1.601429748535156250e+01
-1.254250621795654297e+01
-7.313299179077148438e+00
-4.831663608551025391e+00
-3.916276454925537109e+00
-3.382951259613037109e+00
-3.488439798355102539e+00
-2.233265161514282227e+00
-2.090607643127441406e+00
-3.620669126510620117e+00
-5.110709190368652344e+00
-6.131091117858886719e+00
-5.939142704010009766e+00
-6.820177078247070312e+00
-5.663972854614257812e+00
-4.420705795288085938e+00
-3.123990774154663086e+00
-5.168984889984130859e+00
-7.594670295715332031e+00
-7.432386398315429688e+00
-7.292441368103027344e+00
-7.920821189880371094e+00
-8.217341423034667969e+00
-7.980260372161865234e+00
-8.055338859558105469e+00
-1.015959739685058594e+01
-1.284519577026367188e+01
-1.332718086242675781e+01
-1.369075107574462891e+01
-1.462520122528076172e+01
-1.498292446136474609e+01
-1.439643096923828125e+01
-1.373972511291503906e+01
-1.430979537963867188e+01
-1.409149456024169922e+01
-1.352487468719482422e+01
-1.247496891021728516e+01
-1.197497749328613281e+01
-1.098038291931152344e+01
-9.602984428405761719e+00
-9.973003387451171875e+00
-1.129515552520751953e+01
-1.219835186004638672e+01
-1.209490871429443359e+01
-1.242215538024902344e+01
-1.263115501403808594e+01
-1.319791412353515625e+01
-1.233431816101074219e+01
-1.214783096313476562e+01
-1.248814392089843750e+01
-1.271142196655273438e+01
-1.177118873596191406e+01
-1.217308998107910156e+01
-1.272082138061523438e+01
-1.318868350982666016e+01
-1.384803390502929688e+01
-1.470387744903564453e+01
-1.653726387023925781e+01
-1.756173324584960938e+01
-1.651270294189453125e+01
-1.606436538696289062e+01
-1.755017471313476562e+01
-1.736086463928222656e+01
-1.527454471588134766e+01
-1.288381004333496094e+01
-1.035482120513916016e+01
-7.811244010925292969e+00
-6.073589324951171875e+00
-4.398158073425292969e+00
-5.239942550659179688e+00
-5.512755393981933594e+00
-4.384982109069824219e+00
-3.693707466125488281e+00
-3.919798851013183594e+00
-4.575800418853759766e+00
-6.013977050781250000e+00
-7.636632919311523438e+00
-8.498184204101562500e+00
-9.368227005004882812e+00
-1.005854701995849609e+01
-1.071300029754638672e+01
-1.017950248718261719e+01
-8.609520912170410156e+00
-4.531795501708984375e+00
-1.425302028656005859e+00
-1.971485376358032227e+00
-1.275633215904235840e+00
-7.292041182518005371e-01
-1.625986695289611816e+00
-3.912822008132934570e+00
-4.571610450744628906e+00
-4.137222766876220703e+00
-3.974128484725952148e+00
-4.111922264099121094e+00
-4.000308036804199219e+00
-2.939018964767456055e+00
-2.156882286071777344e+00
-3.726195335388183594e+00
-4.461821079254150391e+00
-4.972490787506103516e+00
-5.689303398132324219e+00
-6.901319503784179688e+00
-7.935830116271972656e+00
-7.910708904266357422e+00
-7.465681076049804688e+00
-8.020000457763671875e+00
-7.466669082641601562e+00
-6.418628215789794922e+00
-5.327391147613525391e+00
-5.208726882934570312e+00
-5.559967041015625000e+00
-5.693885803222656250e+00
-5.704489707946777344e+00
-7.463181018829345703e+00
-8.757464408874511719e+00
-7.736449718475341797e+00
-6.999619007110595703e+00
-7.263196468353271484e+00
-7.103592395782470703e+00
-6.585034847259521484e+00
-6.781703948974609375e+00
-7.863143444061279297e+00
-9.763438224792480469e+00
-1.004216384887695312e+01
-1.110465049743652344e+01
-1.344295883178710938e+01
-1.472427845001220703e+01
-1.397705173492431641e+01
-1.361119556427001953e+01
-1.521651649475097656e+01
-1.680439758300781250e+01
-1.671613883972167969e+01
-1.543760299682617188e+01
-1.710983276367187500e+01
-1.801024818420410156e+01
-1.645375633239746094e+01
-1.521310138702392578e+01
-1.735466575622558594e+01
-1.777347564697265625e+01
-1.527511119842529297e+01
-1.434795475006103516e+01
-1.486725044250488281e+01
-1.237296962738037109e+01
-7.464449882507324219e+00
-4.614205360412597656e+00
-5.089464187622070312e+00
-5.200235843658447266e+00
-5.140058994293212891e+00
-6.868517398834228516e+00
-9.640475273132324219e+00
-1.092464256286621094e+01
-1.050910663604736328e+01
-1.051203155517578125e+01
-1.268798542022705078e+01
-1.242782688140869141e+01
-9.356247901916503906e+00
-7.277853965759277344e+00
-6.922424316406250000e+00
-5.950029850006103516e+00
-4.882538318634033203e+00
-4.953040599822998047e+00
-6.814188957214355469e+00
-7.357690811157226562e+00
-4.811827182769775391e+00
-4.348052978515625000e+00
-5.570075511932373047e+00
-6.973159313201904297e+00
-7.168034553527832031e+00
-9.218313217163085938e+00
-1.180913352966308594e+01
-1.382837295532226562e+01
-1.297319984436035156e+01
-1.168240165710449219e+01
-1.306251144409179688e+01
-1.450516700744628906e+01
-1.450491809844970703e+01
-1.480009841918945312e+01
-1.675147819519042969e+01
-1.789264106750488281e+01
-1.630059623718261719e+01
-1.507262516021728516e+01
-1.709563636779785156e+01
-1.825373840332031250e+01
-1.641229057312011719e+01
-1.578214550018310547e+01
-1.734578704833984375e+01
-1.797765541076660156e+01
-1.561253643035888672e+01
-1.477159595489501953e+01
-1.590542411804199219e+01
-1.683430862426757812e+01
-1.444188594818115234e+01
-1.256921577453613281e+01
-1.401863002777099609e+01
-1.465137767791748047e+01
-1.263471221923828125e+01
-1.169818401336669922e+01
-1.385670089721679688e+01
-1.506903171539306641e+01
-1.284107494354248047e+01
-1.154379367828369141e+01
-1.319897270202636719e+01
-1.362662792205810547e+01
-1.090815830230712891e+01
-9.999918937683105469e+00
-1.220956039428710938e+01
-1.282289123535156250e+01
-1.160548973083496094e+01
-1.149097919464111328e+01
-1.369762325286865234e+01
-1.518199157714843750e+01
-1.480552482604980469e+01
-1.349319839477539062e+01
-1.446700859069824219e+01
-1.500515651702880859e+01
-1.319689655303955078e+01
-1.273924827575683594e+01
-1.428499412536621094e+01
-1.489765548706054688e+01
-1.403138637542724609e+01
-1.368437671661376953e+01
-1.522032451629638672e+01
-1.575639057159423828e+01
-1.366267013549804688e+01
-1.218333816528320312e+01
-1.288846111297607422e+01
-1.242200946807861328e+01
-9.670173645019531250e+00
-7.557357311248779297e+00
-6.714796543121337891e+00
-4.097620964050292969e+00
-2.885710716247558594e+00
-2.859039306640625000e+00
-4.189787864685058594e+00
-4.341570377349853516e+00
-3.133184671401977539e+00
-2.430817127227783203e+00
-3.854722499847412109e+00
-4.822501659393310547e+00
-4.224352359771728516e+00
-3.713510513305664062e+00
-4.741115093231201172e+00
-5.757268905639648438e+00
-5.854722976684570312e+00
-5.814734935760498047e+00
-7.466669559478759766e+00
-8.499945640563964844e+00
-7.224651813507080078e+00
-5.891823768615722656e+00
-5.459234237670898438e+00
-5.592238903045654297e+00
-5.293673992156982422e+00
-5.913705348968505859e+00
-7.649140357971191406e+00
-8.730054855346679688e+00
-8.623085975646972656e+00
-7.156935214996337891e+00
-8.352001190185546875e+00
-8.677414894104003906e+00
-7.494325160980224609e+00
-6.743156909942626953e+00
-8.294363975524902344e+00
-8.578938484191894531e+00
-6.412285327911376953e+00
-5.727179050445556641e+00
-7.679687023162841797e+00
-8.120310783386230469e+00
-6.150681495666503906e+00
-5.522615432739257812e+00
-7.285676479339599609e+00
-8.343791007995605469e+00
-6.312085628509521484e+00
-6.375608921051025391e+00
-8.392694473266601562e+00
-9.310764312744140625e+00
-7.330774307250976562e+00
-6.367046356201171875e+00
-8.550364494323730469e+00
-8.593384742736816406e+00
-6.738365173339843750e+00
-5.325310230255126953e+00
-6.001539230346679688e+00
-6.092402935028076172e+00
-5.187058925628662109e+00
-4.164384841918945312e+00
-5.087525367736816406e+00
-5.605345249176025391e+00
-5.238392829895019531e+00
-5.520504474639892578e+00
-7.118814468383789062e+00
-8.657505035400390625e+00
-7.793137550354003906e+00
-6.802703857421875000e+00
-7.974342346191406250e+00
-7.387568950653076172e+00
-4.918898582458496094e+00
-3.374497890472412109e+00
-4.829619407653808594e+00
-4.863058090209960938e+00
-3.425901174545288086e+00
-3.695611238479614258e+00
-5.980716228485107422e+00
-7.021569728851318359e+00
-5.662915229797363281e+00
-5.131143093109130859e+00
-6.611529350280761719e+00
-7.042499065399169922e+00
-4.998490810394287109e+00
-4.239995956420898438e+00
-5.414662361145019531e+00
-6.231964111328125000e+00
-5.219014167785644531e+00
-4.688263893127441406e+00
-6.709899425506591797e+00
-7.577511310577392578e+00
-5.923182964324951172e+00
-5.068921089172363281e+00
-6.831804275512695312e+00
-7.406312942504882812e+00
-5.457223892211914062e+00
-4.761304378509521484e+00
-6.429903030395507812e+00
-6.996484279632568359e+00
-5.248331069946289062e+00
-4.150398254394531250e+00
-5.883510589599609375e+00
-6.631294727325439453e+00
-4.321454524993896484e+00
-3.657064437866210938e+00
-4.493216037750244141e+00
-4.486343860626220703e+00
-3.239943027496337891e+00
-2.431945323944091797e+00
-3.108382463455200195e+00
-3.318195104598999023e+00
-8.703126311302185059e-01
3.561128377914428711e-01
-5.037831068038940430e-01
-5.673447847366333008e-01
-2.326676249504089355e-01
2.739846706390380859e-01
-5.421876311302185059e-01
-1.492773771286010742e+00
-3.768059015274047852e-01
2.692282199859619141e-01
-4.659086465835571289e-01
-9.866514801979064941e-01
4.282044619321823120e-02
2.350511997938156128e-01
-6.777986288070678711e-01
-5.284477472305297852e-01
3.762651383876800537e-01
6.677138805389404297e-01
2.933992147445678711e-01
2.488681674003601074e-02
2.884976565837860107e-01
1.800167709589004517e-01
-4.172159731388092041e-01
-1.039782643318176270e+00
-4.129194319248199463e-01
2.423101067543029785e-01
5.032455548644065857e-02
-4.689009785652160645e-01
8.135413527488708496e-01
1.069616436958312988e+00
-2.145567834377288818e-01
-1.150378823280334473e+00
9.754039049148559570e-01
1.358207821846008301e+00
-1.464490443468093872e-01
-3.586586415767669678e-01
8.906683921813964844e-01
9.160364866256713867e-01
-6.190308928489685059e-01
-1.071774721145629883e+00
7.558775693178176880e-02
-2.155772447586059570e-01
-1.553092598915100098e+00
-2.237141370773315430e+00
-1.333027124404907227e+00
-6.913628578186035156e-01
-1.271158337593078613e+00
-1.270699977874755859e+00
-1.024437621235847473e-01
2.462222427129745483e-01
-1.026149272918701172e+00
-1.868109941482543945e+00
-1.668856441974639893e-01
4.631508290767669678e-01
-1.065538406372070312e+00
-1.637829184532165527e+00
4.799826070666313171e-02
1.412942409515380859e-01
-9.732280373573303223e-01
-1.912714362144470215e+00
2.854014635086059570e-01
7.734139561653137207e-01
-3.213811516761779785e-01
-9.251355528831481934e-01
-5.789034366607666016e-01
-1.799568086862564087e-01
-9.079755544662475586e-01
-1.328838109970092773e+00
-1.184055283665657043e-01
6.482297778129577637e-01
-8.073521852493286133e-01
-1.208829641342163086e+00
4.511354565620422363e-01
6.136661767959594727e-01
-1.724173575639724731e-01
-2.415096908807754517e-01
1.312440037727355957e+00
