3.534485578536987305e+00
4.041348457336425781e+00
4.778150081634521484e+00
5.952200889587402344e+00
6.073407173156738281e+00
6.726447582244873047e+00
7.935722351074218750e+00
9.654080390930175781e+00
9.031360626220703125e+00
7.603655815124511719e+00
6.017154693603515625e+00
5.104102611541748047e+00
4.797327995300292969e+00
3.774162054061889648e+00
3.694590091705322266e+00
4.340703010559082031e+00
2.713873147964477539e+00
3.759150505065917969e+00
3.314382553100585938e+00
3.230472326278686523e+00
3.575825214385986328e+00
3.788213253021240234e+00
5.037398815155029297e+00
4.588391304016113281e+00
4.280532360076904297e+00
5.044768810272216797e+00
4.963693618774414062e+00
7.093515396118164062e+00
9.839820861816406250e+00
8.027422904968261719e+00
5.592576503753662109e+00
4.939832210540771484e+00
4.007404804229736328e+00
3.744976282119750977e+00
3.984529256820678711e+00
4.829422950744628906e+00
5.585919380187988281e+00
5.069888114929199219e+00
4.998303890228271484e+00
5.336851596832275391e+00
4.537240982055664062e+00
2.165597915649414062e+00
1.659894704818725586e+00
3.136775732040405273e+00
3.514642238616943359e+00
2.098475217819213867e+00
2.117233991622924805e+00
3.267053604125976562e+00
3.421365737915039062e+00
1.531934022903442383e+00
1.553675770759582520e+00
2.623948812484741211e+00
1.955206871032714844e+00
5.440433621406555176e-01
-6.992510706186294556e-02
-1.613904833793640137e+00
-1.972395896911621094e+00
-2.553012847900390625e+00
-2.836419582366943359e+00
-3.468776464462280273e+00
-3.787555694580078125e+00
-2.837330579757690430e+00
-2.587227344512939453e+00
-1.998969316482543945e+00
-1.977868676185607910e+00
-1.043247699737548828e+00
-1.840491890907287598e+00
-1.910326600074768066e+00
-7.304334044456481934e-01
-2.932086884975433350e-01
-6.328423023223876953e-01
-9.602988511323928833e-02
-3.152461946010589600e-01
-5.678636953234672546e-02
8.820499777793884277e-01
2.934691905975341797e+00
2.672780513763427734e+00
2.622913122177124023e+00
2.303714990615844727e+00
1.873786687850952148e+00
1.122120738029479980e+00
5.087192058563232422e-01
9.519338607788085938e-01
8.656080961227416992e-01
1.904081940650939941e+00
2.985520839691162109e+00
2.914873123168945312e+00
3.369450807571411133e+00
3.553491353988647461e+00
3.743251085281372070e+00
4.133319854736328125e+00
3.557460069656372070e+00
2.733199596405029297e+00
1.244583964347839355e+00
1.819998979568481445e+00
1.382552266120910645e+00
2.274503946304321289e+00
1.284443616867065430e+00
1.375132322311401367e+00
9.573078751564025879e-01
1.936940550804138184e+00
3.620269536972045898e+00
3.517057657241821289e+00
-6.874181330204010010e-02
1.729876995086669922e+00
6.425316333770751953e+00
7.575209140777587891e+00
2.488913297653198242e+00
-3.874670743942260742e+00
-5.231750011444091797e+00
-2.632140874862670898e+00
-3.646702766418457031e-01
1.487231161445379257e-02
-1.112342715263366699e+00
-2.494763374328613281e+00
-2.507927656173706055e+00
-1.371615886688232422e+00
-1.507933139801025391e+00
-2.300887823104858398e+00
-4.111413955688476562e+00
-2.056552886962890625e+00
1.143369317054748535e+00
1.894763827323913574e+00
1.414450287818908691e+00
2.141317367553710938e+00
1.971475839614868164e+00
2.323188304901123047e+00
1.122712135314941406e+00
1.306925058364868164e+00
1.923062503337860107e-01
-3.677762746810913086e-01
-2.445117235183715820e+00
-3.362975418567657471e-01
7.507371902465820312e-01
1.300294041633605957e+00
-6.558658927679061890e-02
1.586781501770019531e+00
1.473043799400329590e+00
2.192344188690185547e+00
3.237645387649536133e+00
4.313439846038818359e+00
4.206037998199462891e+00
3.847718954086303711e+00
3.083555698394775391e+00
2.137003660202026367e+00
5.880442857742309570e-01
-2.744497358798980713e-01
-1.109014868736267090e+00
-1.270992994308471680e+00
-2.193313360214233398e+00
-2.245375633239746094e+00
-4.919355392456054688e+00
-4.063937664031982422e+00
-3.190891742706298828e+00
-2.771736383438110352e+00
-4.568333148956298828e+00
-1.927335381507873535e+00
-1.522328406572341919e-01
1.775677561759948730e+00
1.028375029563903809e+00
4.575942456722259521e-01
6.271891593933105469e-01
1.403234362602233887e+00
7.702849507331848145e-01
6.910585761070251465e-01
6.875334382057189941e-01
6.376654505729675293e-01
4.660986959934234619e-01
1.040700316429138184e+00
1.822809338569641113e+00
2.355998039245605469e+00
3.634123086929321289e+00
4.088086128234863281e+00
4.580281257629394531e+00
4.461785793304443359e+00
5.550867080688476562e+00
5.205095767974853516e+00
4.487225055694580078e+00
3.892385482788085938e+00
3.419344186782836914e+00
2.455166578292846680e+00
1.544333457946777344e+00
1.207066297531127930e+00
9.731087088584899902e-01
1.981287002563476562e+00
3.309427261352539062e+00
4.431391716003417969e+00
5.195333480834960938e+00
5.509034633636474609e+00
3.742092847824096680e+00
3.621600151062011719e+00
3.786241054534912109e+00
3.611321449279785156e+00
3.675412416458129883e+00
2.734382390975952148e+00
3.252904415130615234e+00
1.878987193107604980e+00
4.906997382640838623e-01
1.103509664535522461e+00
1.933908820152282715e+00
2.963039636611938477e+00
3.860365152359008789e+00
3.953272581100463867e+00
4.322388172149658203e+00
3.909197092056274414e+00
1.809226751327514648e+00
-3.152707219123840332e-01
-1.375042438507080078e+00
-8.279012441635131836e-01
9.232410788536071777e-01
3.661904096603393555e+00
5.333228588104248047e+00
5.390194416046142578e+00
2.132049083709716797e+00
1.710107445716857910e+00
2.358389139175415039e+00
3.488168478012084961e+00
5.215793609619140625e+00
6.527171134948730469e+00
7.198478221893310547e+00
8.054563522338867188e+00
8.053773880004882812e+00
8.658249855041503906e+00
7.384293079376220703e+00
3.601683139801025391e+00
-1.602886438369750977e+00
-2.770774364471435547e+00
-3.672907352447509766e+00
-5.373837471008300781e+00
-7.619318962097167969e+00
-4.579623222351074219e+00
-5.018647670745849609e+00
-5.541359424591064453e+00
-7.540829658508300781e+00
-7.474323272705078125e+00
-5.534506797790527344e+00
-4.581669807434082031e+00
-3.475333452224731445e+00
-2.999826431274414062e+00
-2.330444097518920898e+00
-2.752508878707885742e+00
-2.182171583175659180e+00
-1.772629261016845703e+00
-1.938896179199218750e+00
-7.469739317893981934e-01
-9.443992972373962402e-01
1.527668535709381104e-01
-8.923131227493286133e-01
2.877281308174133301e-01
-9.593126922845840454e-02
1.336283802986145020e+00
2.083906650543212891e+00
2.598780155181884766e+00
1.703402519226074219e+00
1.599648833274841309e+00
6.451840996742248535e-01
3.817201256752014160e-01
-8.363065868616104126e-02
-1.030305698513984680e-01
-6.210348606109619141e-01
-1.084684610366821289e+00
-1.528515696525573730e+00
-2.052929162979125977e+00
-2.026651859283447266e+00
-1.970719814300537109e+00
-1.090354561805725098e+00
1.017898693680763245e-01
2.487902641296386719e+00
6.082625389099121094e+00
8.929505348205566406e+00
1.078292369842529297e+01
1.143823051452636719e+01
9.752559661865234375e+00
4.037256717681884766e+00
9.184586405754089355e-01
3.001223325729370117e+00
5.125327110290527344e+00
6.241645336151123047e+00
5.469570159912109375e+00
3.500616312026977539e+00
1.696870446205139160e+00
9.496167302131652832e-01
2.295776084065437317e-02
-1.020396590232849121e+00
-1.992930173873901367e+00
-3.354003906250000000e+00
-3.304111480712890625e+00
-3.011585474014282227e+00
-1.695226669311523438e+00
-4.514150917530059814e-01
1.388764262199401855e+00
3.197439670562744141e+00
4.347827434539794922e+00
5.256047725677490234e+00
6.622742176055908203e+00
6.937479019165039062e+00
6.076661109924316406e+00
4.168593883514404297e+00
2.879844903945922852e+00
-3.615645170211791992e-01
-9.296339154243469238e-01
-3.559563875198364258e+00
-5.993080615997314453e+00
-6.207243919372558594e+00
-5.927189350128173828e+00
-5.381082534790039062e+00
-2.647547721862792969e+00
-1.844904661178588867e+00
-2.793798744678497314e-01
-3.926239013671875000e-01
-6.523459911346435547e+00
-1.110599899291992188e+01
-8.322127342224121094e+00
-5.273632526397705078e+00
-3.472597122192382812e+00
-3.404365062713623047e+00
-3.012768030166625977e+00
-8.139244914054870605e-01
1.861313104629516602e+00
5.008803844451904297e+00
5.188899517059326172e+00
4.706294059753417969e+00
3.382639408111572266e+00
2.850633382797241211e+00
1.567874550819396973e+00
-8.239570856094360352e-01
-1.417786121368408203e+00
-4.038719654083251953e+00
-4.604299068450927734e+00
-2.726699590682983398e+00
1.723887473344802856e-01
7.819941043853759766e-01
-1.191643595695495605e+00
-1.713616371154785156e+00
-1.264238953590393066e+00
-5.048598766326904297e+00
-8.260128974914550781e+00
-6.902754306793212891e+00
-3.185838699340820312e+00
-4.324096739292144775e-01
1.127987504005432129e+00
1.390489697456359863e+00
1.579484820365905762e+00
2.531015872955322266e+00
3.210973262786865234e+00
3.651156187057495117e+00
3.916444540023803711e+00
3.450181722640991211e+00
3.453731775283813477e+00
3.828614950180053711e+00
3.105370998382568359e+00
2.562839984893798828e+00
1.974409818649291992e+00
1.452436327934265137e+00
6.799411177635192871e-01
-7.046245932579040527e-01
-2.400647878646850586e+00
-3.945958375930786133e+00
-5.208061695098876953e+00
-6.000375270843505859e+00
-5.514959812164306641e+00
-4.991236209869384766e+00
-4.184772014617919922e+00
-3.143390893936157227e+00
-1.825306653976440430e+00
-2.439128160476684570e+00
-2.933196544647216797e+00
-3.530797004699707031e+00
-4.239299774169921875e+00
-4.923619747161865234e+00
-4.659342288970947266e+00
-2.497574090957641602e+00
1.292085170745849609e+00
4.475541114807128906e+00
4.164132118225097656e+00
-2.246804833412170410e-01
-3.718732118606567383e+00
-2.315654039382934570e+00
-3.803479671478271484e+00
-5.105615139007568359e+00
-4.161823749542236328e+00
-2.685830295085906982e-01
2.306770801544189453e+00
1.087486743927001953e+00
-9.529019892215728760e-02
-1.384803652763366699e+00
-3.983771800994873047e+00
-6.166567802429199219e+00
-9.070044517517089844e+00
-1.026169776916503906e+01
-1.179069042205810547e+01
-1.267610931396484375e+01
-9.834110260009765625e+00
-6.479704856872558594e+00
-4.414021968841552734e+00
-2.421625614166259766e+00
-4.346776008605957031e-01
3.450674772262573242e+00
3.640014410018920898e+00
1.006855368614196777e+00
-2.742451429367065430e+00
-5.518855094909667969e+00
-5.454172134399414062e+00
-6.772797584533691406e+00
-7.722455501556396484e+00
-6.217276096343994141e+00
-1.054931879043579102e+00
2.828349828720092773e+00
5.168144226074218750e+00
5.995288848876953125e+00
6.102692127227783203e+00
6.325458526611328125e+00
6.012272834777832031e+00
5.964847087860107422e+00
5.880541801452636719e+00
6.533976078033447266e+00
6.245566368103027344e+00
6.124433517456054688e+00
5.595336437225341797e+00
4.621101379394531250e+00
3.818089485168457031e+00
3.324907779693603516e+00
3.111016511917114258e+00
3.889624834060668945e+00
3.677902698516845703e+00
3.049266815185546875e+00
3.797234773635864258e+00
4.620756626129150391e+00
5.287404060363769531e+00
5.486234664916992188e+00
4.750985622406005859e+00
4.116852760314941406e+00
2.419694900512695312e+00
3.289190828800201416e-01
2.022403478622436523e-01
3.235450983047485352e-01
1.673600196838378906e+00
1.346661567687988281e+00
9.130603671073913574e-01
1.053050041198730469e+00
3.426590919494628906e+00
4.242125988006591797e+00
5.401165008544921875e+00
5.721547603607177734e+00
6.436680793762207031e+00
5.569304943084716797e+00
5.272193908691406250e+00
5.546206951141357422e+00
4.851410388946533203e+00
6.553894042968750000e+00
6.973394870758056641e+00
4.123064517974853516e+00
5.460522651672363281e+00
9.800724029541015625e+00
1.046926784515380859e+01
1.128239059448242188e+01
1.086007881164550781e+01
9.761087417602539062e+00
8.913852691650390625e+00
7.568431854248046875e+00
3.507271766662597656e+00
-1.297738552093505859e+00
-2.232803583145141602e+00
-6.867528557777404785e-01
5.341338515281677246e-01
1.686812520027160645e+00
-1.266900897026062012e+00
-4.817698001861572266e+00
-4.370464801788330078e+00
-3.713530063629150391e+00
-3.355359792709350586e+00
-3.400814294815063477e+00
-1.908231258392333984e+00
-8.868897557258605957e-01
-2.490721225738525391e+00
-4.369700551033020020e-01
4.231009006500244141e+00
8.070437431335449219e+00
4.933102607727050781e+00
-2.530925512313842773e+00
-6.785221099853515625e+00
-5.112738132476806641e+00
-5.230912208557128906e+00
-4.663879394531250000e+00
-2.980623483657836914e+00
-6.437879800796508789e-02
2.171095371246337891e+00
1.043683052062988281e+00
1.444942712783813477e+00
-5.613312721252441406e-01
3.719585835933685303e-01
8.475146889686584473e-01
9.928538203239440918e-01
1.663863062858581543e+00
2.371552228927612305e+00
2.996465921401977539e+00
4.579812526702880859e+00
5.093701362609863281e+00
5.495971202850341797e+00
3.147473573684692383e+00
2.855441093444824219e+00
1.698028922080993652e+00
-3.374561071395874023e-01
-3.350750207901000977e+00
-4.334253311157226562e+00
-4.315445899963378906e+00
-3.444126129150390625e+00
-2.041713476181030273e+00
3.831745982170104980e-01
6.926853656768798828e-01
1.469543933868408203e+00
5.736238360404968262e-01
6.088985800743103027e-01
-5.507317781448364258e-01
-1.376422762870788574e+00
-6.515272855758666992e-01
7.775574177503585815e-02
-2.703133821487426758e+00
-3.010993242263793945e+00
-4.579426765441894531e+00
-6.041319847106933594e+00
-8.008006095886230469e+00
-9.426244735717773438e+00
-9.513356208801269531e+00
-1.286907005310058594e+01
-1.138600063323974609e+01
-8.023043632507324219e+00
-7.434292793273925781e+00
-6.408931255340576172e+00
-5.160191535949707031e+00
-4.379584789276123047e+00
-3.847506046295166016e+00
-1.425008773803710938e+00
4.306018948554992676e-01
2.903878211975097656e+00
3.478307962417602539e+00
4.615555763244628906e+00
4.583855152130126953e+00
4.775265216827392578e+00
3.598158836364746094e+00
4.542935371398925781e+00
4.240080356597900391e+00
4.102728366851806641e+00
3.332968473434448242e+00
4.367967128753662109e+00
3.515603303909301758e+00
1.759309411048889160e+00
1.283802866935729980e+00
-2.524369001388549805e+00
-4.777097702026367188e+00
4.911187589168548584e-01
2.176542758941650391e+00
-1.635326147079467773e+00
-5.388282299041748047e+00
-6.578083992004394531e+00
-7.504743099212646484e+00
-8.850852966308593750e+00
-9.259754180908203125e+00
-7.472673416137695312e+00
-4.255125522613525391e+00
-5.125408172607421875e+00
-2.892301321029663086e+00
4.258617401123046875e+00
3.524329900741577148e+00
2.097833305597305298e-01
-3.358440399169921875e+00
-2.406909704208374023e+00
3.937840938568115234e+00
8.510496139526367188e+00
9.280698776245117188e+00
7.614922046661376953e+00
5.413810729980468750e+00
3.684705972671508789e+00
1.606748104095458984e+00
-6.267534494400024414e-01
-2.189813613891601562e+00
-1.599706411361694336e+00
-2.614466428756713867e+00
-3.611181259155273438e+00
-4.389913558959960938e+00
-4.453215122222900391e+00
-4.745347499847412109e+00
-4.274303436279296875e+00
-4.283473968505859375e+00
-2.581163406372070312e+00
-3.196043968200683594e+00
-3.941793680191040039e+00
-6.652059078216552734e+00
-1.023396492004394531e+01
-1.244407176971435547e+01
-1.326401901245117188e+01
-4.637577533721923828e+00
-6.573449373245239258e-01
-5.344822406768798828e+00
-1.022122097015380859e+01
-1.129191112518310547e+01
-7.120048522949218750e+00
-6.258465290069580078e+00
-7.501906871795654297e+00
-9.593400001525878906e+00
-9.097972869873046875e+00
-7.790071487426757812e+00
-7.029383182525634766e+00
-8.382841110229492188e+00
-9.187603950500488281e+00
-9.177298545837402344e+00
-8.776655197143554688e+00
-9.090577125549316406e+00
-8.029082298278808594e+00
-5.735335350036621094e+00
-4.988007545471191406e+00
-6.105731010437011719e+00
-7.044321537017822266e+00
-8.097707748413085938e+00
-8.132686614990234375e+00
-1.067713069915771484e+01
-1.025718498229980469e+01
-6.842090129852294922e+00
-6.332911014556884766e+00
-9.533548355102539062e+00
-7.197623252868652344e+00
-5.412832736968994141e+00
-4.512204170227050781e+00
-6.279788494110107422e+00
-7.646557331085205078e+00
-6.986268520355224609e+00
-5.958272457122802734e+00
-5.574145793914794922e+00
-6.797892093658447266e+00
-8.049861907958984375e+00
-6.203050613403320312e+00
-2.934773683547973633e+00
7.646154165267944336e-01
1.256958842277526855e+00
-4.958849772810935974e-02
-2.585279703140258789e+00
-4.574768066406250000e+00
-6.298671722412109375e+00
-9.072042465209960938e+00
-1.279502105712890625e+01
-8.671521186828613281e+00
-4.245734214782714844e+00
-4.755726158618927002e-01
2.794504880905151367e+00
2.297971010208129883e+00
-2.297092974185943604e-01
-3.668370485305786133e+00
-6.306903839111328125e+00
-9.473991394042968750e+00
-1.012360572814941406e+01
-1.069761371612548828e+01
-8.871756553649902344e+00
-8.259070396423339844e+00
-7.217911243438720703e+00
-4.541513442993164062e+00
4.440857470035552979e-01
8.707847595214843750e-01
-1.584423184394836426e+00
-5.012411594390869141e+00
-6.508741378784179688e+00
-6.424560070037841797e+00
-6.674664974212646484e+00
-8.171931266784667969e+00
-7.399683475494384766e+00
-3.291737079620361328e+00
7.611641883850097656e-01
3.009382486343383789e+00
4.449238777160644531e+00
4.167582511901855469e+00
4.526148796081542969e+00
4.577765941619873047e+00
5.486258029937744141e+00
5.922126770019531250e+00
5.929349899291992188e+00
5.572559356689453125e+00
5.630562305450439453e+00
5.316218852996826172e+00
4.877096652984619141e+00
3.812370777130126953e+00
9.243996143341064453e-01
-2.094884872436523438e+00
-8.909744262695312500e+00
-1.426724147796630859e+01
-1.535980415344238281e+01
-1.355154132843017578e+01
-1.053337097167968750e+01
-6.195041179656982422e+00
-6.723372936248779297e+00
-5.515157222747802734e+00
-5.305826187133789062e+00
-1.187230706214904785e+00
3.402729988098144531e+00
2.540333986282348633e+00
2.882186412811279297e+00
7.299716949462890625e+00
7.946445941925048828e+00
5.363646507263183594e+00
3.122380018234252930e+00
1.948600411415100098e+00
2.194465845823287964e-01
3.042192757129669189e-01
-6.633349061012268066e-01
-5.482076168060302734e+00
-9.781579971313476562e+00
-1.240123367309570312e+01
-1.226067543029785156e+01
-9.025749206542968750e+00
-7.158873081207275391e+00
-9.015026092529296875e+00
-8.297575950622558594e+00
-4.959610939025878906e+00
1.280277848243713379e+00
7.974497675895690918e-01
-1.737576127052307129e+00
-5.439750671386718750e+00
-7.486427307128906250e+00
-2.387238502502441406e+00
-1.372355580329895020e+00
-1.193195939064025879e+00
9.926810264587402344e-01
4.009056091308593750e+00
4.775709152221679688e+00
1.517587542533874512e+00
-2.685435533523559570e+00
-5.564606666564941406e+00
-3.796060323715209961e+00
-1.569263339042663574e+00
-2.906179904937744141e+00
-1.203352093696594238e+00
1.692087650299072266e-01
-1.103320479393005371e+00
-1.223220348358154297e+00
-1.624430775642395020e+00
-2.648015499114990234e+00
-2.733034849166870117e+00
-2.354724884033203125e+00
-3.622742414474487305e+00
-8.320869445800781250e+00
-1.688644886016845703e+00
1.967359662055969238e+00
4.286274909973144531e+00
6.973714828491210938e+00
7.774656772613525391e+00
6.134243965148925781e+00
5.917738914489746094e+00
4.564676761627197266e+00
3.152009963989257812e+00
-1.955435276031494141e-01
-2.753888845443725586e+00
-6.443912029266357422e+00
-8.529337882995605469e+00
-1.176717090606689453e+01
-1.092910575866699219e+01
-5.450893402099609375e+00
-1.625219464302062988e+00
-8.538091182708740234e-01
-4.601660966873168945e-01
9.322876930236816406e-01
1.133459806442260742e+00
2.785753965377807617e+00
4.961993694305419922e+00
3.598478555679321289e+00
-4.578489959239959717e-01
-5.006125450134277344e+00
-6.744250774383544922e+00
-9.065805435180664062e+00
-1.010972595214843750e+01
-1.059745883941650391e+01
-1.036061859130859375e+01
-1.055792045593261719e+01
-9.705113410949707031e+00
-4.003271579742431641e+00
1.483224749565124512e+00
4.174436092376708984e+00
3.531183004379272461e+00
5.090593814849853516e+00
2.881052017211914062e+00
-1.686500430107116699e+00
-5.072707176208496094e+00
-8.920367240905761719e+00
-1.178060626983642578e+01
-1.177644062042236328e+01
-1.366099071502685547e+01
-6.042679309844970703e+00
-5.587407112121582031e+00
-1.001489877700805664e+00
-1.641341328620910645e+00
-3.811318874359130859e+00
-6.755271434783935547e+00
-3.341629505157470703e+00
6.318383693695068359e+00
1.108200359344482422e+01
1.142696189880371094e+01
8.024612426757812500e+00
-1.230960786342620850e-01
1.615720748901367188e+00
5.237264156341552734e+00
5.073511600494384766e+00
4.781626224517822266e+00
3.202468872070312500e+00
3.055996656417846680e+00
6.090958714485168457e-01
5.553998470306396484e+00
8.319800376892089844e+00
8.681522369384765625e+00
5.253804683685302734e+00
1.577932000160217285e+00
1.365420460700988770e+00
3.361094951629638672e+00
3.690745115280151367e+00
2.151326239109039307e-01
-2.607070922851562500e+00
-5.187504291534423828e+00
-6.271382331848144531e+00
-1.678415298461914062e+00
3.389073133468627930e+00
5.150543689727783203e+00
4.026804924011230469e+00
4.273259639739990234e+00
5.411025047302246094e+00
4.929477691650390625e+00
3.811853408813476562e+00
2.696273326873779297e+00
7.259635925292968750e-01
-3.773258686065673828e+00
-7.110558032989501953e+00
-6.195041179656982422e+00
2.065543085336685181e-01
6.892688274383544922e+00
2.102468490600585938e+00
-2.922892808914184570e+00
-5.564433097839355469e+00
-6.317676067352294922e+00
-7.743432521820068359e+00
-2.072132349014282227e+00
8.017389178276062012e-01
-2.050907850265502930e+00
-1.030123615264892578e+01
-1.311491107940673828e+01
-1.197463226318359375e+01
-7.496657848358154297e+00
-7.381663322448730469e+00
-6.615873336791992188e+00
-3.804564476013183594e+00
-2.584294557571411133e+00
-3.639850616455078125e+00
-3.978448152542114258e+00
-4.280318260192871094e+00
-3.188303709030151367e+00
-3.708822727203369141e-01
7.397306919097900391e+00
1.027985572814941406e+01
1.008595466613769531e+01
3.174516201019287109e+00
-2.890181779861450195e+00
1.485665321350097656e+00
9.627433776855468750e+00
7.618225097656250000e+00
5.200880050659179688e+00
6.514453411102294922e+00
7.753704071044921875e+00
6.962079524993896484e+00
7.026218891143798828e+00
6.723512649536132812e+00
6.174868583679199219e+00
4.688176155090332031e+00
2.697579383850097656e+00
2.823715448379516602e+00
2.539125919342041016e+00
1.173935681581497192e-01
-1.194896936416625977e+00
-2.400993824005126953e+00
-3.727605819702148438e+00
-3.155616283416748047e+00
-4.464653968811035156e+00
-6.242419242858886719e+00
-5.021631717681884766e+00
-6.829690933227539062e+00
-9.824422836303710938e+00
-7.591660022735595703e+00
-6.036068439483642578e+00
-5.881708621978759766e+00
-5.216787815093994141e+00
-5.999218463897705078e+00
-2.023324251174926758e+00
2.995306730270385742e+00
1.014301967620849609e+01
1.137354660034179688e+01
1.139861488342285156e+01
8.869383811950683594e+00
5.929224967956542969e+00
5.522148609161376953e+00
4.953734874725341797e+00
-2.310156524181365967e-01
1.268445491790771484e+00
2.623184442520141602e+00
2.656881332397460938e+00
1.501022458076477051e+00
2.685032129287719727e+00
2.988035440444946289e+00
4.542837142944335938e+00
4.296776294708251953e+00
4.061660766601562500e+00
3.592216968536376953e+00
2.851866245269775391e+00
-1.290614306926727295e-01
-1.525582313537597656e+00
-2.043660640716552734e+00
-3.773899316787719727e+00
-7.691345214843750000e+00
-9.472759246826171875e+00
-7.755019187927246094e+00
-7.601543903350830078e+00
-5.928151130676269531e+00
-4.356142044067382812e+00
-2.399539709091186523e+00
-1.746524214744567871e+00
1.392583698034286499e-01
3.958153247833251953e+00
5.053371429443359375e+00
5.867945671081542969e+00
7.180704116821289062e+00
6.786791324615478516e+00
6.170751094818115234e+00
5.436070442199707031e+00
4.281936168670654297e+00
1.825644135475158691e+00
-7.364236116409301758e-01
-1.006617069244384766e+00
-9.629858136177062988e-01
-2.966104447841644287e-01
4.519245624542236328e-01
2.504936695098876953e+00
4.641043663024902344e+00
5.677668571472167969e+00
4.269562244415283203e+00
1.032812118530273438e+00
-2.107283592224121094e+00
-3.533088207244873047e+00
-1.672572970390319824e+00
-1.718792557716369629e+00
-2.732393741607666016e+00
-3.170949935913085938e+00
-2.645500898361206055e+00
-7.403182983398437500e-01
5.223016142845153809e-01
1.024060994386672974e-01
-7.927252054214477539e-01
-2.314347267150878906e+00
-1.486511707305908203e+00
-9.190586209297180176e-01
9.103733301162719727e-01
3.373493671417236328e+00
4.063385963439941406e+00
3.740267992019653320e+00
3.777687311172485352e+00
3.835886716842651367e+00
4.492870807647705078e+00
4.741666793823242188e+00
4.712776660919189453e+00
3.300602436065673828e+00
1.344738721847534180e+00
4.582597017288208008e-01
-5.817666053771972656e-01
-1.029812812805175781e+00
-2.055517286062240601e-01
-2.979415655136108398e-01
-8.518121838569641113e-01
-1.487818002700805664e+00
-2.318315744400024414e+00
-2.857667446136474609e+00
-3.960576295852661133e+00
-3.846889495849609375e+00
-3.213989019393920898e+00
-9.551714658737182617e-01
2.427681922912597656e+00
4.901919841766357422e+00
3.928449630737304688e+00
4.476601123809814453e+00
4.042383193969726562e+00
1.655802726745605469e+00
1.502329230308532715e+00
3.956920385360717773e+00
1.964352130889892578e+00
2.309088468551635742e+00
3.781705379486083984e+00
5.562377929687500000e+00
5.843517780303955078e+00
6.553474426269531250e+00
6.135231018066406250e+00
6.615076541900634766e+00
6.652544975280761719e+00
6.831755638122558594e+00
6.630828380584716797e+00
7.095019340515136719e+00
9.876648902893066406e+00
9.970122337341308594e+00
7.220489025115966797e+00
7.451218128204345703e+00
8.111997604370117188e+00
7.192735671997070312e+00
5.648458003997802734e+00
3.497387170791625977e+00
3.929657459259033203e+00
3.301638126373291016e+00
3.567394256591796875e+00
3.195813417434692383e+00
2.638245344161987305e+00
2.945661067962646484e+00
2.412546634674072266e+00
1.922200083732604980e+00
2.508510351181030273e+00
3.610211849212646484e+00
2.883542060852050781e+00
-6.082906201481819153e-02
-4.375789642333984375e+00
-5.256844997406005859e+00
-3.882656097412109375e+00
-2.654301166534423828e+00
-7.013140201568603516e+00
-9.008543014526367188e+00
-7.571816921234130859e+00
-6.524765968322753906e+00
-7.627279758453369141e+00
-9.281422615051269531e+00
-8.641201972961425781e+00
-9.247552871704101562e+00
-8.618990898132324219e+00
-6.421134471893310547e+00
-3.424652576446533203e+00
-2.011886596679687500e+00
-4.635431468486785889e-01
-8.647043108940124512e-01
-2.709691286087036133e+00
-3.225919723510742188e+00
-1.088111400604248047e+00
-7.908024787902832031e-01
-1.193122029304504395e+00
-1.154371738433837891e+00
1.568589091300964355e+00
2.292745590209960938e+00
1.106739282608032227e+00
3.294119238853454590e-01
5.288340449333190918e-01
1.023247957229614258e+00
1.124191284179687500e+00
1.256810545921325684e+00
2.183173656463623047e+00
2.303394317626953125e+00
2.659124374389648438e+00
2.336820602416992188e+00
7.070566415786743164e-01
-7.637362480163574219e-01
-9.193544387817382812e-01
-3.922541737556457520e-01
1.074865818023681641e+00
2.156107902526855469e+00
3.879987001419067383e+00
4.354358673095703125e+00
5.875463962554931641e+00
3.366468906402587891e+00
2.171046018600463867e+00
2.695803880691528320e+00
3.031075000762939453e+00
5.837995052337646484e+00
6.541443824768066406e+00
6.322992324829101562e+00
6.977560520172119141e+00
5.810730457305908203e+00
3.664172410964965820e+00
2.896286249160766602e+00
3.861006736755371094e+00
2.849696397781372070e+00
1.504374980926513672e+00
5.236080288887023926e-01
-7.967184185981750488e-01
-2.611952066421508789e+00
-2.550325632095336914e+00
-3.028272628784179688e+00
-4.257268905639648438e+00
-4.867934703826904297e+00
-4.662128448486328125e+00
-3.142503261566162109e+00
-1.726804375648498535e+00
3.548019230365753174e-01
1.127592921257019043e+00
1.036386489868164062e+00
2.395981073379516602e+00
3.200965166091918945e+00
4.084387302398681641e+00
3.491347789764404297e+00
1.504646182060241699e+00
-1.166992664337158203e+00
-3.858993053436279297e+00
-7.191040515899658203e+00
-8.792998313903808594e+00
-4.945411682128906250e+00
-2.436193943023681641e+00
-1.703238248825073242e+00
1.695736289024353027e+00
2.430959939956665039e+00
3.266067504882812500e+00
3.884843349456787109e+00
4.736564636230468750e+00
3.311942100524902344e+00
8.824445009231567383e-01
-3.138016462326049805e+00
-2.328719139099121094e+00
-1.034471750259399414e+00
3.328383266925811768e-01
4.042310237884521484e+00
7.504662036895751953e+00
8.549026489257812500e+00
6.408134937286376953e+00
4.456954956054687500e+00
2.762779951095581055e+00
2.199295520782470703e+00
3.009629249572753906e+00
5.890254497528076172e+00
9.157546043395996094e+00
8.252356529235839844e+00
5.864864349365234375e+00
3.870913505554199219e+00
2.506759881973266602e+00
1.481943249702453613e+00
2.061622858047485352e+00
2.786395072937011719e+00
2.571566343307495117e+00
3.046974420547485352e+00
2.701695919036865234e+00
2.458593368530273438e+00
5.948725342750549316e-01
2.355184555053710938e-01
-1.319381594657897949e+00
-2.834571123123168945e+00
-4.748824596405029297e+00
-4.576714038848876953e+00
-3.906864166259765625e+00
-4.238042354583740234e+00
-3.750505924224853516e+00
-3.701993703842163086e+00
-2.782655954360961914e+00
-1.934113979339599609e+00
-1.140295982360839844e+00
-2.527944087982177734e+00
-3.686858415603637695e+00
-5.865561962127685547e+00
-9.213830947875976562e+00
-8.021982192993164062e+00
-5.420893192291259766e+00
-5.187281131744384766e+00
-1.038601016998291016e+01
-1.328812980651855469e+01
-4.695899963378906250e+00
-5.101275444030761719e+00
-8.777716636657714844e+00
-9.067580223083496094e+00
-3.035988569259643555e+00
-1.689212024211883545e-01
2.119501829147338867e+00
5.222375869750976562e+00
4.449041366577148438e+00
2.039067745208740234e+00
-1.232858180999755859e+00
-4.127657890319824219e+00
-2.741637468338012695e+00
-2.204036235809326172e+00
-3.408678531646728516e+00
-3.971842765808105469e+00
-2.254693031311035156e+00
-1.420990467071533203e+00
-2.973598718643188477e+00
-4.502615451812744141e+00
-2.540342330932617188e+00
2.358019590377807617e+00
5.769417285919189453e+00
-3.153620958328247070e+00
-6.036218643188476562e+00
8.659040927886962891e-01
1.105198192596435547e+01
3.694836616516113281e+00
-2.413885593414306641e+00
1.438163638114929199e+00
5.645969390869140625e+00
7.611149787902832031e+00
6.381191253662109375e+00
5.338824272155761719e+00
7.930275440216064453e+00
8.171134948730468750e+00
5.551730155944824219e+00
3.381406784057617188e+00
3.482326269149780273e+00
1.348288536071777344e+00
-1.268922090530395508e-01
-1.498491764068603516e+00
-2.553678035736083984e+00
-2.501640796661376953e+00
-3.118764400482177734e+00
-3.113268136978149414e+00
-2.238547325134277344e+00
-6.086849570274353027e-01
-1.734322309494018555e+00
-3.707663297653198242e+00
-8.070889472961425781e+00
-9.352736473083496094e+00
-3.700392246246337891e+00
5.173469185829162598e-01
3.310093879699707031e+00
-8.495446443557739258e-01
-6.407282352447509766e+00
-7.959764480590820312e+00
-9.037088394165039062e+00
-7.269059181213378906e+00
-5.025131702423095703e+00
-5.207099437713623047e+00
-5.827501773834228516e+00
-4.572302341461181641e+00
-6.512339115142822266e+00
-7.506911277770996094e+00
-6.831070899963378906e+00
-5.123904705047607422e+00
-3.651509761810302734e+00
-2.010185480117797852e+00
-7.282890081405639648e-01
-1.100535035133361816e+00
-1.438048839569091797e+00
-1.953094840049743652e+00
-3.859215021133422852e+00
-4.793737411499023438e+00
-6.124983310699462891e+00
-4.012392997741699219e+00
-3.932598829269409180e+00
-3.739241600036621094e+00
-4.601637363433837891e+00
-2.983162641525268555e+00
-2.460499525070190430e+00
-2.837921977043151855e-01
-1.420276165008544922e-01
4.589994251728057861e-01
-6.407058835029602051e-01
-3.232157230377197266e+00
-5.308513641357421875e+00
-5.041967868804931641e+00
-3.702092647552490234e+00
-1.708636641502380371e+00
-1.190312027931213379e+00
-4.818831682205200195e-01
6.976152658462524414e-01
1.015926152467727661e-01
-1.546880483627319336e+00
-1.480299711227416992e+00
-1.302471399307250977e+00
-1.804033756256103516e+00
-1.567291021347045898e+00
-1.904829621315002441e+00
-4.817204475402832031e+00
-3.458227157592773438e+00
-3.736258268356323242e+00
-4.682242870330810547e+00
-7.086917877197265625e+00
-6.301434040069580078e+00
-6.465800285339355469e+00
-6.311610698699951172e+00
-6.234333992004394531e+00
-4.459552288055419922e+00
-3.931440114974975586e+00
-3.549826383590698242e+00
-4.540626525878906250e+00
-2.868094444274902344e+00
-1.302372694015502930e+00
3.767901360988616943e-01
-6.004518270492553711e-01
6.603193879127502441e-01
7.022743821144104004e-01
3.270701467990875244e-01
-3.084524869918823242e+00
-4.232101440429687500e+00
-4.597618103027343750e+00
-4.798494338989257812e+00
-5.339743614196777344e+00
-3.936518430709838867e+00
-5.540768623352050781e+00
-5.605869293212890625e+00
-8.075672149658203125e+00
-8.784691810607910156e+00
-7.985747337341308594e+00
-5.104085922241210938e+00
-4.765264987945556641e+00
-3.385186910629272461e+00
-2.795030593872070312e+00
-2.546455860137939453e+00
-2.958339929580688477e+00
-3.829239368438720703e+00
-5.073543071746826172e+00
-4.902297496795654297e+00
-4.815355777740478516e+00
-4.243934154510498047e+00
-2.504451513290405273e+00
-1.157255887985229492e+00
-2.591220617294311523e+00
-7.418959736824035645e-01
1.099540948867797852e+00
4.373857975006103516e+00
6.688830375671386719e+00
9.395719528198242188e+00
1.003132915496826172e+01
8.824024200439453125e+00
6.411092758178710938e+00
4.724362373352050781e+00
2.428199052810668945e+00
-3.020088672637939453e-01
-5.704594135284423828e+00
-8.533600807189941406e+00
-7.970858573913574219e+00
-4.457283496856689453e+00
-5.934140205383300781e+00
-4.371080875396728516e+00
-2.612493991851806641e+00
-1.254329085350036621e+00
-1.553831696510314941e+00
-6.117662906646728516e+00
-6.057664394378662109e+00
-6.993394851684570312e+00
-7.413139820098876953e+00
-7.498457908630371094e+00
-8.168011665344238281e+00
-7.272931575775146484e+00
-6.241039276123046875e+00
-3.952984809875488281e+00
-3.189512252807617188e+00
-3.507575511932373047e+00
-1.893046736717224121e+00
-4.184329807758331299e-01
-1.250927299261093140e-01
4.223688244819641113e-01
1.726918935775756836e+00
1.980029940605163574e+00
1.372248649597167969e+00
1.335470318794250488e+00
2.671400547027587891e+00
5.177905559539794922e-01
-1.188438653945922852e+00
-2.832992672920227051e-01
1.433357238769531250e+00
3.308294296264648438e+00
3.706053733825683594e+00
3.953100204467773438e+00
5.065574645996093750e+00
5.521337032318115234e+00
3.627566099166870117e+00
2.948200225830078125e+00
1.547365307807922363e+00
-2.281315475702285767e-01
-3.704236745834350586e+00
-6.832870960235595703e+00
-1.027690505981445312e+01
-6.746051311492919922e+00
-5.520826816558837891e+00
-4.804312229156494141e+00
-3.185666322708129883e+00
-1.951122999191284180e+00
-3.247143745422363281e+00
-6.880667686462402344e+00
-1.045929336547851562e+01
-9.735952377319335938e+00
-9.250956535339355469e+00
-9.403934478759765625e+00
-1.136295509338378906e+01
-1.000732707977294922e+01
-9.162755012512207031e+00
-7.607410430908203125e+00
-5.781873703002929688e+00
-9.736839532852172852e-01
3.869190216064453125e+00
5.400327682495117188e+00
6.863626480102539062e+00
6.191951274871826172e+00
2.652271986007690430e+00
6.516917943954467773e-01
4.911681115627288818e-01
6.702781915664672852e-01
-1.292093843221664429e-01
2.011803686618804932e-01
-1.633499562740325928e-02
-2.460771799087524414e-01
1.253556311130523682e-01
-3.731007277965545654e-01
6.259563565254211426e-02
8.602344989776611328e-01
2.072912693023681641e+00
2.542774438858032227e+00
2.113659620285034180e+00
1.897401690483093262e+00
9.000695943832397461e-01
1.220451235771179199e+00
1.405502080917358398e+00
1.994499206542968750e+00
1.873416423797607422e+00
1.768800020217895508e+00
1.698004126548767090e+00
3.406008481979370117e+00
3.923026084899902344e+00
4.327810287475585938e+00
5.168908596038818359e+00
4.994260787963867188e+00
4.951812267303466797e+00
5.103756904602050781e+00
5.050511837005615234e+00
3.108551263809204102e+00
1.220402002334594727e+00
3.873404860496520996e-01
-1.669195771217346191e+00
-1.939191818237304688e+00
-8.887633681297302246e-01
-7.946232557296752930e-01
-2.036117553710937500e+00
-1.662417054176330566e+00
-1.044455289840698242e+00
-7.145092487335205078e-01
-8.026593327522277832e-01
2.199393808841705322e-01
2.712961196899414062e+00
4.043344497680664062e+00
5.556784152984619141e+00
6.527369976043701172e+00
6.923205375671386719e+00
7.121913909912109375e+00
7.883020401000976562e+00
7.252830028533935547e+00
6.633217811584472656e+00
6.576399803161621094e+00
7.471629142761230469e+00
6.780752658843994141e+00
4.462797641754150391e+00
4.048620223999023438e+00
3.863395452499389648e+00
3.982409238815307617e+00
2.672460079193115234e+00
2.590029478073120117e+00
5.083149909973144531e+00
5.903637886047363281e+00
3.569217443466186523e+00
3.588347434997558594e+00
4.319947719573974609e+00
2.431625604629516602e+00
-1.007504463195800781e+00
-3.162027120590209961e+00
-6.623588085174560547e+00
-6.069988250732421875e+00
-5.620339870452880859e+00
-4.442764282226562500e+00
-5.786632537841796875e+00
-4.081660747528076172e+00
-2.473736524581909180e+00
-2.545839309692382812e+00
-2.658960103988647461e+00
-1.482814192771911621e+00
5.461632609367370605e-01
1.989002704620361328e+00
2.458100080490112305e+00
