-4.508876800537109375e+00
-2.570538759231567383e+00
-1.983636856079101562e+00
-7.946726679801940918e-01
1.075136899948120117e+00
4.643706798553466797e+00
7.211690902709960938e+00
9.474575996398925781e+00
8.279004096984863281e+00
8.919152259826660156e+00
8.998551368713378906e+00
8.660593986511230469e+00
7.646869182586669922e+00
6.243172645568847656e+00
5.900557041168212891e+00
5.989127635955810547e+00
6.372835159301757812e+00
5.854239463806152344e+00
5.519289970397949219e+00
5.103734016418457031e+00
4.685908317565917969e+00
4.490207672119140625e+00
4.172611713409423828e+00
4.802159309387207031e+00
3.137786626815795898e+00
-3.740129172801971436e-01
-1.928074598312377930e+00
-3.461085557937622070e+00
-3.163086414337158203e+00
-1.168792009353637695e+00
9.276285767555236816e-01
2.438823461532592773e+00
2.076092481613159180e+00
-4.394103884696960449e-01
-1.590585231781005859e+00
-2.762492179870605469e+00
-4.324591457843780518e-01
2.485831737518310547e+00
4.345534801483154297e+00
5.257994651794433594e+00
5.993834972381591797e+00
5.181875705718994141e+00
4.853555202484130859e+00
5.069222450256347656e+00
3.780202150344848633e+00
1.575935125350952148e+00
5.150296688079833984e-01
-8.202843368053436279e-02
-4.990398585796356201e-01
1.480093896389007568e-01
5.670420080423355103e-02
-1.058086872100830078e+00
-3.056202173233032227e+00
-3.304086446762084961e+00
-3.892516851425170898e+00
-6.714499473571777344e+00
-6.462721347808837891e+00
-6.028057575225830078e+00
-6.576258659362792969e+00
-8.912874221801757812e+00
-8.614456176757812500e+00
-7.399435043334960938e+00
-6.948480606079101562e+00
-6.493014335632324219e+00
-5.579396247863769531e+00
-5.108524322509765625e+00
-4.460660934448242188e+00
-5.669864177703857422e+00
-4.538087368011474609e+00
-2.006611347198486328e+00
8.539486527442932129e-01
6.766800403594970703e+00
9.079330444335937500e+00
6.618969917297363281e+00
2.774562358856201172e+00
2.333985716104507446e-01
-2.993959784507751465e-01
5.875016562640666962e-03
1.591686725616455078e+00
3.494503259658813477e+00
2.414567708969116211e+00
1.504276394844055176e+00
-1.851904541254043579e-01
-2.508494138717651367e+00
-2.619988203048706055e+00
1.834567934274673462e-01
3.679332017898559570e+00
4.951072216033935547e+00
4.131766319274902344e+00
1.934401631355285645e+00
2.759032964706420898e+00
1.619911432266235352e+00
1.053370475769042969e+00
2.435249090194702148e+00
4.028284072875976562e+00
4.461168766021728516e+00
4.765626907348632812e+00
5.533685684204101562e+00
7.319340229034423828e+00
7.923570632934570312e+00
7.419911861419677734e+00
5.548030853271484375e+00
3.485062360763549805e+00
1.327680349349975586e+00
-7.680256366729736328e-01
-2.228440761566162109e+00
-2.247150182723999023e+00
-1.816827416419982910e+00
-4.231657832860946655e-02
1.526215314865112305e+00
3.442910194396972656e+00
4.319503784179687500e+00
4.704814910888671875e+00
4.028949260711669922e+00
3.308589220046997070e+00
2.917979001998901367e+00
3.049118280410766602e+00
1.795989990234375000e+00
1.650403976440429688e+00
1.920301914215087891e+00
1.377597928047180176e+00
-1.012557744979858398e-01
-4.143902659416198730e-01
-1.334886670112609863e+00
-2.910642027854919434e-01
2.052871942520141602e+00
2.920296192169189453e+00
4.990562915802001953e+00
4.897408485412597656e+00
4.369618415832519531e+00
2.354198455810546875e+00
-1.109680414199829102e+00
-2.864495754241943359e+00
-3.161780118942260742e+00
-1.674963951110839844e+00
-5.779210925102233887e-01
2.355899572372436523e+00
3.823585987091064453e+00
4.956791400909423828e+00
4.788626194000244141e+00
3.765115022659301758e+00
2.839073240756988525e-01
-1.743368983268737793e+00
-3.077376842498779297e+00
-2.312030076980590820e+00
-2.989768743515014648e+00
-3.679710626602172852e+00
-4.965599536895751953e+00
-3.524313688278198242e+00
2.374658435583114624e-01
8.010485172271728516e-01
2.446416139602661133e+00
3.518241405487060547e+00
5.361946105957031250e+00
4.306784629821777344e+00
4.204854965209960938e+00
2.956286191940307617e+00
2.486053705215454102e+00
3.320174694061279297e+00
5.274807453155517578e+00
6.954339981079101562e+00
6.841119766235351562e+00
5.304065704345703125e+00
6.765344142913818359e+00
7.165692329406738281e+00
6.831184864044189453e+00
5.987722396850585938e+00
4.635029792785644531e+00
4.416035652160644531e+00
2.611474990844726562e+00
2.198580503463745117e+00
1.670962452888488770e+00
1.730616807937622070e+00
3.149692773818969727e+00
4.778964042663574219e+00
6.094064235687255859e+00
6.736503124237060547e+00
6.312812328338623047e+00
5.844526767730712891e+00
6.222886085510253906e+00
6.182953357696533203e+00
5.031088352203369141e+00
4.824813365936279297e+00
4.741815090179443359e+00
5.636724472045898438e+00
4.856834411621093750e+00
4.807065963745117188e+00
3.910182952880859375e+00
3.767704248428344727e+00
3.272526025772094727e+00
4.332322597503662109e+00
5.584021091461181641e+00
5.803138732910156250e+00
4.202463626861572266e+00
3.264982461929321289e+00
3.020154953002929688e+00
3.338096141815185547e+00
4.063139915466308594e+00
5.935365200042724609e+00
8.530291557312011719e+00
8.265891075134277344e+00
7.552533149719238281e+00
9.527870178222656250e+00
9.734513282775878906e+00
8.136722564697265625e+00
5.168391704559326172e+00
4.037528038024902344e+00
2.951503515243530273e+00
3.438892126083374023e+00
3.358506679534912109e+00
4.636754989624023438e+00
5.298889636993408203e+00
6.341702461242675781e+00
6.153052806854248047e+00
4.037922382354736328e+00
1.759901046752929688e+00
-5.647825002670288086e-01
-2.848891735076904297e+00
-3.208246231079101562e+00
-2.474007844924926758e+00
-3.107721328735351562e+00
-6.090301990509033203e+00
-6.096932888031005859e+00
-5.473497390747070312e+00
-3.108928442001342773e+00
-3.717696070671081543e-01
3.148362159729003906e+00
5.396703720092773438e+00
6.900577068328857422e+00
6.499786376953125000e+00
6.273297309875488281e+00
5.688982486724853516e+00
4.094643115997314453e+00
9.999532699584960938e-01
-2.325588464736938477e+00
-5.678392410278320312e+00
-7.084527492523193359e+00
-6.452513694763183594e+00
-4.975286960601806641e+00
-4.130294799804687500e+00
-3.320085287094116211e+00
-2.482906341552734375e+00
-8.044584989547729492e-01
7.007215023040771484e-01
3.475152730941772461e+00
6.651433467864990234e+00
7.379042148590087891e+00
8.866695404052734375e+00
8.698628425598144531e+00
7.099281787872314453e+00
5.684372901916503906e+00
3.487847805023193359e+00
1.828429698944091797e+00
-6.338037252426147461e-01
-1.742753028869628906e+00
-2.049897670745849609e+00
-1.302915215492248535e+00
-2.883031964302062988e-01
1.426454782485961914e+00
1.438163876533508301e+00
1.977465987205505371e+00
4.268551468849182129e-01
1.960827112197875977e+00
2.011754512786865234e+00
2.478387117385864258e+00
1.698521852493286133e+00
2.638639926910400391e+00
3.371423721313476562e+00
5.074201583862304688e+00
5.149114608764648438e+00
6.155098915100097656e+00
6.515710830688476562e+00
6.841908931732177734e+00
7.210187435150146484e+00
8.268159866333007812e+00
6.897175788879394531e+00
5.407500743865966797e+00
6.078510284423828125e+00
7.237374782562255859e+00
8.368462562561035156e+00
9.067669868469238281e+00
5.692828655242919922e+00
3.439656019210815430e+00
1.039541721343994141e+00
-1.723772168159484863e+00
-1.876407384872436523e+00
6.189806938171386719e+00
2.157611846923828125e+00
-4.704945161938667297e-02
1.820196151733398438e+00
3.380839586257934570e+00
4.033287525177001953e+00
4.089293956756591797e+00
3.234416007995605469e+00
2.098228931427001953e+00
5.380778908729553223e-01
-3.467543050646781921e-03
1.646977066993713379e-01
-6.484698504209518433e-02
4.931894242763519287e-01
9.171769618988037109e-01
1.805231161415576935e-02
-3.521712496876716614e-02
-2.034441232681274414e+00
-2.510046482086181641e+00
-3.316190481185913086e+00
-2.502257347106933594e+00
-1.859275460243225098e+00
-1.467308759689331055e+00
-4.474957942962646484e+00
-6.710997104644775391e+00
-8.644873619079589844e+00
-3.461012125015258789e+00
2.732089161872863770e-01
1.317894339561462402e+00
-4.576024711132049561e-01
-2.162672758102416992e+00
3.787620663642883301e-01
2.920369386672973633e+00
5.460474491119384766e+00
6.938883781433105469e+00
8.142218589782714844e+00
6.885886669158935547e+00
4.822471141815185547e+00
1.347968727350234985e-01
-7.934891700744628906e+00
-1.501767921447753906e+01
-9.962243080139160156e+00
-2.001409769058227539e+00
-1.305380225181579590e+00
-1.109138131141662598e+00
1.970170021057128906e+00
4.533567905426025391e+00
4.429099559783935547e+00
3.521100997924804688e+00
1.020955324172973633e+00
-1.049089908599853516e+00
-3.416000366210937500e+00
-4.295798301696777344e+00
-3.303765773773193359e+00
-2.190281629562377930e+00
-3.090341687202453613e-01
1.019698143005371094e+00
1.828553080558776855e+00
2.071926593780517578e+00
3.903479278087615967e-01
-2.126732587814331055e+00
-5.777460575103759766e+00
-8.214257240295410156e+00
-9.533204078674316406e+00
-1.072384357452392578e+01
-1.236188793182373047e+01
-1.396566963195800781e+01
-1.285832214355468750e+01
-1.282314682006835938e+01
-9.414141654968261719e+00
-5.222408771514892578e+00
-2.184612035751342773e+00
5.798111557960510254e-01
2.323854207992553711e+00
9.658616185188293457e-01
-4.015029907226562500e+00
-7.690977573394775391e+00
-4.998533725738525391e+00
-3.906173944473266602e+00
-3.688560247421264648e+00
-5.150798797607421875e+00
-9.367180824279785156e+00
-1.290939998626708984e+01
-1.360237407684326172e+01
-1.101760196685791016e+01
-1.033293819427490234e+01
-8.682713508605957031e+00
-7.848937034606933594e+00
-7.729482173919677734e+00
-5.978954792022705078e+00
-4.384762287139892578e+00
-4.779095172882080078e+00
-7.555893421173095703e+00
-1.022324275970458984e+01
-1.092780113220214844e+01
-1.001842117309570312e+01
-9.293131828308105469e+00
-6.346886157989501953e+00
-4.076926708221435547e+00
-2.102526426315307617e+00
-1.353029727935791016e+00
-2.087316811084747314e-01
1.170583367347717285e+00
8.475394248962402344e-01
3.801921382546424866e-02
-2.396655321121215820e+00
-4.386215686798095703e+00
-5.929705142974853516e+00
-5.133247375488281250e+00
-2.968471527099609375e+00
2.603903226554393768e-02
1.086007714271545410e+00
-3.405202150344848633e+00
-5.001884937286376953e+00
-2.095598936080932617e+00
2.537105381488800049e-01
1.091776013374328613e+00
3.433887243270874023e+00
3.833397626876831055e+00
1.372273087501525879e+00
1.536223292350769043e+00
2.984707117080688477e+00
3.573113918304443359e+00
3.629957199096679688e+00
3.418530702590942383e+00
4.653000354766845703e+00
5.425495147705078125e+00
6.219484329223632812e+00
6.432761192321777344e+00
5.548131465911865234e+00
4.437381744384765625e+00
4.383275508880615234e+00
4.979001045227050781e+00
5.754725933074951172e+00
6.329205513000488281e+00
6.069142818450927734e+00
6.411881923675537109e+00
7.399453163146972656e+00
8.462896347045898438e+00
7.937571048736572266e+00
8.945428848266601562e+00
9.741662979125976562e+00
7.710392951965332031e+00
4.841230392456054688e+00
3.400831699371337891e+00
2.961412906646728516e+00
4.352683544158935547e+00
5.264256477355957031e+00
4.373389720916748047e+00
4.218979358673095703e+00
4.169136524200439453e+00
2.944329977035522461e+00
2.504418849945068359e+00
2.464804887771606445e+00
2.641351222991943359e+00
3.257367134094238281e+00
3.047122716903686523e+00
2.353212833404541016e+00
2.273714780807495117e+00
1.880861282348632812e+00
1.645276904106140137e+00
8.653371334075927734e-01
1.636599898338317871e+00
1.269136071205139160e+00
1.449010252952575684e+00
9.607112407684326172e-02
-7.098009586334228516e-01
-3.235410928726196289e+00
-3.529490709304809570e+00
-5.299810409545898438e+00
-4.873111248016357422e+00
-4.616796493530273438e+00
-4.529558658599853516e+00
-5.223664760589599609e+00
-3.732486963272094727e+00
-5.477245450019836426e-01
1.015877246856689453e+00
2.242507219314575195e+00
1.842628121376037598e+00
7.740565538406372070e-01
-4.647266566753387451e-01
-1.243260979652404785e+00
-1.087618231773376465e+00
-1.184839844703674316e+00
-1.140616536140441895e+00
-8.002927303314208984e-01
-3.715231418609619141e-01
-1.233647584915161133e+00
-2.829467535018920898e+00
-1.676862120628356934e+00
1.252102375030517578e+00
2.770766496658325195e+00
-3.368597030639648438e+00
-5.791612148284912109e+00
-9.001566886901855469e+00
-9.563228607177734375e+00
-8.326884269714355469e+00
-6.870758533477783203e+00
-7.849651813507080078e+00
-6.562750339508056641e+00
-4.225248813629150391e+00
-2.823033571243286133e+00
-2.162352800369262695e+00
-1.273383975028991699e+00
-1.395181655883789062e+00
-3.156652152538299561e-01
4.587774574756622314e-01
2.690258264541625977e+00
2.530129432678222656e+00
2.104810237884521484e+00
1.086204767227172852e+00
-1.108743786811828613e+00
-2.451649665832519531e+00
-2.474377632141113281e+00
1.755927503108978271e-02
1.879751801490783691e+00
3.567369699478149414e+00
4.958763122558593750e+00
4.326406478881835938e+00
3.866601705551147461e+00
4.752168178558349609e+00
5.689525604248046875e+00
6.016686916351318359e+00
4.755840778350830078e+00
4.931771755218505859e+00
4.599902153015136719e+00
5.106667041778564453e+00
4.132801532745361328e+00
5.546602249145507812e+00
5.870434761047363281e+00
7.500592708587646484e+00
8.740091323852539062e+00
9.183552742004394531e+00
9.005502700805664062e+00
8.761018753051757812e+00
9.261422157287597656e+00
8.273309707641601562e+00
5.847707748413085938e+00
3.865196943283081055e+00
2.670390367507934570e+00
3.040293931961059570e+00
3.972893953323364258e+00
4.931450366973876953e+00
6.592421054840087891e+00
9.654918670654296875e+00
1.062180614471435547e+01
7.846166610717773438e+00
7.582704067230224609e+00
8.341543197631835938e+00
1.088812923431396484e+01
1.070278358459472656e+01
7.892929553985595703e+00
8.450079917907714844e+00
8.137559890747070312e+00
6.143980979919433594e+00
5.937040805816650391e+00
6.238441467285156250e+00
5.911406040191650391e+00
7.298286437988281250e+00
4.703853607177734375e+00
4.744279861450195312e+00
3.832435846328735352e+00
2.690948247909545898e+00
1.273153781890869141e+00
1.223853111267089844e+00
5.086205601692199707e-01
-1.483111176639795303e-02
1.303868532180786133e+00
2.311035871505737305e+00
4.670673370361328125e+00
6.621756076812744141e+00
7.314974784851074219e+00
7.487504959106445312e+00
7.261979103088378906e+00
6.264496326446533203e+00
3.065166711807250977e+00
-1.925856232643127441e+00
-6.101294040679931641e+00
-5.275676727294921875e+00
2.544992268085479736e-01
5.043561458587646484e+00
7.289115905761718750e+00
5.010677337646484375e+00
3.260668516159057617e+00
1.552394032478332520e+00
2.567745208740234375e+00
3.311375141143798828e+00
3.954825162887573242e+00
5.840410709381103516e+00
6.348875999450683594e+00
4.983685493469238281e+00
3.181836605072021484e+00
-2.656248211860656738e-01
-3.911154031753540039e+00
-3.036900997161865234e+00
6.223329305648803711e-01
4.315782070159912109e+00
4.212224960327148438e+00
3.352763175964355469e+00
3.121689319610595703e+00
3.010072469711303711e+00
2.056692600250244141e+00
3.496080636978149414e+00
6.134416580200195312e+00
4.150550365447998047e+00
1.042795658111572266e+00
7.590444684028625488e-01
1.666574954986572266e+00
3.658133029937744141e+00
6.934397697448730469e+00
7.164114475250244141e+00
6.513145923614501953e+00
3.872049093246459961e+00
-9.096422791481018066e-01
-4.305461406707763672e+00
-9.249993562698364258e-01
1.990925312042236328e+00
1.211454033851623535e+00
1.329479962587356567e-01
1.809917092323303223e-01
-1.357195377349853516e+00
-3.850414276123046875e+00
-5.894970417022705078e+00
-8.222761154174804688e+00
-5.272202014923095703e+00
-2.886878252029418945e+00
-5.884789943695068359e+00
-6.533071041107177734e+00
-8.246623039245605469e+00
-8.711874008178710938e+00
-1.020566749572753906e+01
-1.259195137023925781e+01
-1.315878963470458984e+01
-9.961825370788574219e+00
-3.682914972305297852e+00
9.607587456703186035e-01
1.856432199478149414e+00
-2.832992672920227051e-01
-4.750081062316894531e+00
-7.948770523071289062e+00
-2.870387077331542969e+00
-8.881469964981079102e-01
1.088645234704017639e-01
7.769653201103210449e-01
5.710108280181884766e-01
-5.312332510948181152e-01
-2.108836889266967773e+00
-6.563072681427001953e+00
-5.662319183349609375e+00
3.311153650283813477e+00
2.501682043075561523e+00
2.202154874801635742e+00
2.630579710006713867e+00
2.150635480880737305e+00
2.369950294494628906e+00
5.135753750801086426e-01
-2.541846275329589844e+00
-5.640134811401367188e+00
-6.290536880493164062e+00
-6.787562370300292969e+00
-5.826837539672851562e+00
-4.862684249877929688e+00
-5.633404731750488281e+00
-9.216567039489746094e+00
-3.907258808612823486e-01
1.137453392148017883e-01
-3.823274374008178711e+00
-5.969192028045654297e+00
-6.778120994567871094e+00
-1.070614433288574219e+01
-1.192629051208496094e+01
-6.464938163757324219e+00
-3.426303148269653320e+00
-3.111123561859130859e+00
-4.666935443878173828e+00
-6.105634212493896484e+00
1.489708572626113892e-01
7.032578468322753906e+00
7.983173370361328125e+00
6.237998008728027344e+00
5.875315666198730469e+00
5.591442108154296875e+00
5.402544498443603516e+00
5.672442436218261719e+00
4.786432266235351562e+00
2.927641868591308594e+00
3.609398603439331055e-01
-4.105226516723632812e+00
-9.686847686767578125e+00
-1.130406284332275391e+01
-5.675581455230712891e+00
-1.565886020660400391e+00
3.250316143035888672e+00
3.275460004806518555e+00
-8.388781547546386719e+00
-1.187487220764160156e+01
-9.583243370056152344e+00
-5.061144828796386719e+00
-1.422741264104843140e-01
3.665281295776367188e+00
3.587558031082153320e+00
1.761059999465942383e+00
-1.302618980407714844e+00
-8.791841506958007812e+00
-8.718061447143554688e+00
-7.522047042846679688e+00
-7.913988590240478516e+00
-7.052061557769775391e+00
-4.817795753479003906e+00
-1.742802143096923828e+00
-8.897990733385086060e-02
-4.709382653236389160e-01
-2.166469335556030273e+00
-3.934644937515258789e+00
-3.330684661865234375e+00
-1.887968420982360840e+00
-1.090305089950561523e+00
-7.043286561965942383e-01
-1.147149130702018738e-01
-3.437741756439208984e+00
-3.928655147552490234e+00
-2.943179845809936523e+00
-1.208602666854858398e+00
-2.123010635375976562e+00
-2.209262132644653320e+00
-3.822459578514099121e-01
8.158881068229675293e-01
3.779240608215332031e+00
4.504159927368164062e+00
2.002831459045410156e+00
-2.158236265182495117e+00
-4.698733806610107422e+00
-5.970942974090576172e+00
-6.531468391418457031e+00
-4.368320465087890625e+00
-5.964336991310119629e-01
8.074822425842285156e-01
2.204989910125732422e+00
3.139388799667358398e+00
3.924233913421630859e+00
5.020339012145996094e+00
5.770107269287109375e+00
5.577932834625244141e+00
4.705727100372314453e+00
3.765905380249023438e+00
4.025670528411865234e+00
5.364461421966552734e+00
4.314549446105957031e+00
3.883856534957885742e+00
3.200078010559082031e+00
1.700494050979614258e+00
2.210116863250732422e+00
1.999627232551574707e+00
2.688360452651977539e+00
2.903040647506713867e+00
2.871290683746337891e+00
3.116242408752441406e+00
3.085257053375244141e+00
2.880880355834960938e+00
2.741875886917114258e+00
4.060254991054534912e-01
-3.772124290466308594e+00
-6.604188442230224609e+00
-7.181500911712646484e+00
-5.484516143798828125e+00
2.051244676113128662e-01
4.130212783813476562e+00
7.688676357269287109e+00
1.002285289764404297e+01
1.024978256225585938e+01
7.003638744354248047e+00
-7.087906002998352051e-01
-8.938561439514160156e+00
-3.002463817596435547e+00
-1.668555021286010742e+00
2.014368295669555664e+00
-1.328822821378707886e-01
-2.321125745773315430e+00
-4.407537937164306641e+00
-4.848954200744628906e+00
-4.071381092071533203e+00
-3.640145778656005859e+00
-2.541402339935302734e+00
-1.994951605796813965e+00
-1.544587731361389160e+00
-6.292432546615600586e-02
1.194716215133666992e+00
2.756617307662963867e+00
6.269255161285400391e+00
7.529063224792480469e+00
7.236610412597656250e+00
6.928308963775634766e+00
7.432755470275878906e+00
8.806992530822753906e+00
8.558220863342285156e+00
8.659457206726074219e+00
8.871330261230468750e+00
8.519471168518066406e+00
7.357300758361816406e+00
5.099172592163085938e+00
3.909419059753417969e+00
2.896705389022827148e+00
1.397958993911743164e+00
1.216137409210205078e+00
2.448289394378662109e+00
3.900396823883056641e+00
3.563450813293457031e+00
2.577013731002807617e+00
-2.979907393455505371e-01
-4.898303508758544922e+00
-8.450604438781738281e+00
-8.147821426391601562e+00
-5.675657749176025391e+00
-4.887532711029052734e+00
-5.877271652221679688e+00
-5.063315391540527344e+00
-4.759053707122802734e+00
-5.561475753784179688e+00
-6.025741100311279297e+00
-4.881911277770996094e+00
-4.023041725158691406e+00
-5.626207351684570312e+00
-1.110797119140625000e+01
-1.061382770538330078e+01
-7.963586807250976562e+00
-5.980877399444580078e+00
-5.680734634399414062e+00
-6.552472114562988281e+00
-4.556057453155517578e+00
2.367658138275146484e+00
6.615765571594238281e+00
6.982612609863281250e+00
4.390793800354003906e+00
6.377889215946197510e-02
-4.281599998474121094e+00
-7.765742301940917969e+00
-8.142374992370605469e+00
-4.593822479248046875e+00
-1.800336480140686035e+00
-1.014850258827209473e+00
7.942947149276733398e-01
1.110534548759460449e+00
-7.237778902053833008e-01
-2.907633543014526367e+00
-2.685681343078613281e+00
-3.011288881301879883e+00
-3.288655281066894531e+00
-8.624611496925354004e-01
1.383243083953857422e+00
3.213291168212890625e+00
4.653369903564453125e+00
6.311628341674804688e+00
6.974750518798828125e+00
7.242676258087158203e+00
6.141958236694335938e+00
4.955632686614990234e+00
3.537246942520141602e+00
3.689734220504760742e+00
3.389344215393066406e+00
3.712313890457153320e+00
3.773028135299682617e+00
3.925466775894165039e+00
4.201773643493652344e+00
4.032005310058593750e+00
4.416454315185546875e+00
4.783745288848876953e+00
4.874089241027832031e+00
3.759988784790039062e+00
3.314998626708984375e+00
2.858497142791748047e+00
3.570278406143188477e+00
4.142315864562988281e+00
4.965814113616943359e+00
4.516683578491210938e+00
3.833101511001586914e+00
2.359227418899536133e+00
1.450365781784057617e+00
6.764160990715026855e-01
6.040424108505249023e-01
2.355555057525634766e+00
4.556715488433837891e+00
5.018491744995117188e+00
4.863859653472900391e+00
4.177271366119384766e+00
2.208662509918212891e+00
3.077073097229003906e+00
4.663599014282226562e+00
4.032744884490966797e+00
1.887590765953063965e+00
-2.127398729324340820e+00
-2.226246595382690430e+00
2.840650558471679688e+00
5.536151885986328125e+00
4.561595916748046875e+00
4.325197219848632812e+00
5.059534549713134766e+00
6.586456775665283203e+00
8.526395797729492188e+00
3.819765329360961914e+00
-2.331134557723999023e+00
-3.855295896530151367e+00
2.771530151367187500e+00
6.721096992492675781e+00
4.629211902618408203e+00
1.433455586433410645e+00
1.160747885704040527e+00
9.993614554405212402e-01
1.686172127723693848e+00
2.294174909591674805e+00
3.239987611770629883e+00
4.075119018554687500e+00
5.117439270019531250e+00
5.014596462249755859e+00
5.308133125305175781e+00
4.268403053283691406e+00
3.605529308319091797e+00
2.418585777282714844e+00
3.108846902847290039e+00
3.476927995681762695e+00
5.418076038360595703e+00
5.397516727447509766e+00
6.049101829528808594e+00
7.070765495300292969e+00
6.015107154846191406e+00
2.143363237380981445e+00
-1.573478698730468750e+00
4.001093804836273193e-01
2.754694700241088867e+00
3.447125196456909180e+00
3.994117975234985352e+00
4.704051017761230469e+00
5.091900825500488281e+00
4.749629497528076172e+00
4.835142135620117188e+00
4.745291233062744141e+00
5.110635757446289062e+00
5.855645656585693359e+00
6.073136329650878906e+00
6.231467247009277344e+00
5.438634395599365234e+00
3.980807542800903320e+00
2.214332342147827148e+00
2.317149162292480469e+00
2.719246625900268555e+00
4.055867671966552734e+00
5.685656070709228516e+00
6.335121631622314453e+00
6.945170402526855469e+00
6.086692810058593750e+00
5.194126129150390625e+00
4.072308540344238281e+00
2.957271814346313477e+00
2.500104427337646484e+00
1.628687143325805664e+00
1.294402241706848145e+00
-1.511260747909545898e+00
-3.208196640014648438e+00
-5.969563961029052734e+00
-7.751295089721679688e+00
-9.098148345947265625e+00
-7.050928115844726562e+00
-4.182283401489257812e+00
-1.642696857452392578e+00
-1.048424005508422852e+00
-1.644594788551330566e+00
-1.745711088180541992e+00
-1.198076844215393066e+00
5.667955279350280762e-01
3.314333200454711914e+00
3.293282270431518555e+00
3.711501121520996094e+00
7.078997135162353516e+00
1.034591865539550781e+01
1.041252517700195312e+01
8.345166206359863281e+00
6.839123249053955078e+00
5.948034763336181641e+00
4.913949012756347656e+00
2.889137983322143555e+00
1.211872935295104980e+00
2.475183486938476562e+00
4.444234848022460938e+00
4.933521270751953125e+00
3.728731393814086914e+00
4.137435436248779297e+00
4.390793323516845703e+00
4.195067882537841797e+00
4.284130096435546875e+00
3.880479335784912109e+00
4.428039550781250000e+00
3.262123823165893555e+00
1.569057583808898926e+00
-9.125016927719116211e-01
-3.186306238174438477e+00
-4.607725143432617188e+00
-5.569831848144531250e+00
-6.319919586181640625e+00
-2.200486660003662109e+00
1.910712480545043945e+00
-2.858875393867492676e-01
-1.255216479301452637e+00
-1.378419399261474609e+00
-1.217821836471557617e+00
-3.301202774047851562e+00
-4.169785499572753906e+00
-4.525244235992431641e+00
-3.502103328704833984e+00
-4.687839031219482422e+00
-5.374500274658203125e+00
-6.729436397552490234e+00
-6.021699905395507812e+00
-4.997841358184814453e+00
-3.123350143432617188e+00
-3.404956579208374023e+00
-2.705501079559326172e+00
-2.481846570968627930e+00
1.309751626104116440e-02
5.868363380432128906e-01
2.361889123916625977e+00
3.581395149230957031e+00
4.783252239227294922e+00
5.129345417022705078e+00
6.671648025512695312e+00
6.890222549438476562e+00
6.757925987243652344e+00
6.736724853515625000e+00
7.107715606689453125e+00
4.768462181091308594e+00
4.960315704345703125e+00
6.877429485321044922e+00
7.828494071960449219e+00
7.226972579956054688e+00
6.173855781555175781e+00
5.781521320343017578e+00
5.353934764862060547e+00
4.460381031036376953e+00
4.334763050079345703e+00
3.656136035919189453e+00
2.208342313766479492e+00
1.256711959838867188e+00
1.610297918319702148e+00
2.444025039672851562e+00
4.202857971191406250e+00
3.162610054016113281e+00
2.937772750854492188e+00
1.744322419166564941e+00
3.911909103393554688e+00
3.978291749954223633e+00
5.600956916809082031e+00
6.523301601409912109e+00
6.537279129028320312e+00
6.816764831542968750e+00
7.576048374176025391e+00
8.836302757263183594e+00
9.155991554260253906e+00
8.429224014282226562e+00
7.435983657836914062e+00
6.662527561187744141e+00
5.021080017089843750e+00
3.536803245544433594e+00
1.079820632934570312e+00
-2.170857191085815430e+00
-2.979219436645507812e+00
-2.758473634719848633e+00
-3.624295949935913086e+00
-4.413011074066162109e+00
-6.975990533828735352e-01
4.003904342651367188e+00
7.371302604675292969e+00
4.968253612518310547e+00
3.855755090713500977e+00
4.822864532470703125e+00
6.056914806365966797e+00
5.805432319641113281e+00
4.918681144714355469e+00
3.892435550689697266e+00
3.777021884918212891e+00
3.667425632476806641e+00
2.144917249679565430e+00
1.857221364974975586e+00
1.204157352447509766e+00
-3.993039131164550781e-01
-3.448760271072387695e+00
-4.674774169921875000e+00
-2.632066249847412109e+00
-2.737845107913017273e-02
2.253575563430786133e+00
3.583983659744262695e+00
3.122700452804565430e+00
1.891953468322753906e+00
4.533050656318664551e-01
1.346858620643615723e+00
3.690572738647460938e+00
7.125068664550781250e+00
8.126319885253906250e+00
7.241886138916015625e+00
5.635442256927490234e+00
4.952255725860595703e+00
3.478776693344116211e+00
3.117671966552734375e+00
5.435035228729248047e+00
7.733763217926025391e+00
7.302872180938720703e+00
5.407525539398193359e+00
4.235494613647460938e+00
4.088627815246582031e+00
4.466593265533447266e+00
4.217894554138183594e+00
5.165580272674560547e+00
6.092633724212646484e+00
4.393578052520751953e+00
2.667061567306518555e+00
2.799976825714111328e+00
3.431398630142211914e+00
3.925688743591308594e+00
3.856865167617797852e+00
3.831202983856201172e+00
5.376268386840820312e+00
3.581766605377197266e+00
2.357354164123535156e+00
-1.277303993701934814e-01
-3.114130020141601562e+00
-7.362386703491210938e+00
-1.071319389343261719e+01
-1.021927452087402344e+01
-9.461396217346191406e+00
-8.084224700927734375e+00
-5.212523937225341797e+00
-3.849378585815429688e+00
-2.624400615692138672e+00
1.522936820983886719e+00
2.862318038940429688e+00
3.395852804183959961e+00
2.994198083877563477e+00
2.108828306198120117e+00
9.402003884315490723e-01
6.811246275901794434e-01
2.764307737350463867e+00
4.868223190307617188e+00
3.703563690185546875e+00
6.918964982032775879e-01
-5.021187305450439453e+00
-9.830904960632324219e+00
-1.108502101898193359e+01
-9.234042167663574219e+00
-6.711416721343994141e+00
-2.878028631210327148e+00
3.361464977264404297e+00
3.512152910232543945e+00
4.886783659458160400e-01
1.047602295875549316e+00
4.279989242553710938e+00
7.563502788543701172e+00
5.613233089447021484e+00
-2.048541307449340820e+00
-6.655956745147705078e+00
-8.189382553100585938e+00
-6.288392066955566406e+00
-5.081482410430908203e+00
-5.174216747283935547e+00
-2.908570051193237305e+00
-1.436126470565795898e+00
-3.428005218505859375e+00
-2.231817245483398438e+00
-2.919145822525024414e+00
-2.349572658538818359e+00
-1.531350731849670410e+00
-1.616838455200195312e+00
-2.580325365066528320e+00
-3.860964536666870117e+00
-3.688387632369995117e+00
-2.460869550704956055e+00
-2.472158908843994141e+00
-3.619834482669830322e-01
2.328783988952636719e+00
4.003607749938964844e+00
5.114283084869384766e+00
7.111413478851318359e+00
6.272977828979492188e+00
3.205575704574584961e+00
2.103971719741821289e+00
2.577457427978515625e+00
7.599071264266967773e-01
-4.810795307159423828e+00
-8.681753158569335938e+00
-6.315778255462646484e+00
-2.698943376541137695e+00
2.087136030197143555e+00
5.095079421997070312e+00
8.086091995239257812e+00
9.907833099365234375e+00
9.393153190612792969e+00
8.964336395263671875e+00
9.016496658325195312e+00
7.240579128265380859e+00
5.958017349243164062e+00
4.750936031341552734e+00
3.707975625991821289e+00
3.491717576980590820e+00
4.134624958038330078e+00
5.111030101776123047e+00
4.966060161590576172e+00
2.468946695327758789e+00
-1.844313025474548340e+00
-2.850790500640869141e+00
-4.411039352416992188e+00
-3.689718484878540039e+00
-1.732547521591186523e+00
-1.101644515991210938e+00
1.915371537208557129e+00
3.997396707534790039e+00
4.350735187530517578e+00
4.639417648315429688e+00
6.077820301055908203e+00
5.428600311279296875e+00
4.610995769500732422e+00
5.267067909240722656e+00
7.394547939300537109e+00
6.710251808166503906e+00
6.741039276123046875e+00
6.289344310760498047e+00
6.736429214477539062e+00
6.097712516784667969e+00
5.013758659362792969e+00
4.895265102386474609e+00
4.694733619689941406e+00
4.674666881561279297e+00
2.804537534713745117e+00
1.498729944229125977e+00
1.407055020332336426e+00
8.591499924659729004e-02
4.239709973335266113e-01
-1.122769594192504883e+00
-8.434066772460937500e-01
-7.845410108566284180e-01
1.444030761718750000e+00
2.165499448776245117e+00
3.474216222763061523e+00
3.887553453445434570e+00
4.275823116302490234e+00
3.028979539871215820e+00
2.238636970520019531e+00
2.980319261550903320e+00
4.595293045043945312e+00
6.896730422973632812e+00
7.133696556091308594e+00
7.507816791534423828e+00
8.262809753417968750e+00
8.486067771911621094e+00
6.987075328826904297e+00
6.585864067077636719e+00
5.262629508972167969e+00
7.104707241058349609e+00
8.550010681152343750e+00
8.383202552795410156e+00
8.419857978820800781e+00
7.213737010955810547e+00
6.398176670074462891e+00
7.810277462005615234e+00
7.976273059844970703e+00
8.412339210510253906e+00
8.029813766479492188e+00
7.069753170013427734e+00
4.903816699981689453e+00
4.290120601654052734e+00
3.702109336853027344e+00
3.989459037780761719e+00
2.529314994812011719e+00
3.223471641540527344e+00
3.058732509613037109e+00
3.851588726043701172e+00
3.296116352081298828e+00
4.309446811676025391e+00
5.401781558990478516e+00
5.802966594696044922e+00
4.133565902709960938e+00
4.693549633026123047e+00
5.955330848693847656e+00
6.138681411743164062e+00
4.961771488189697266e+00
5.258018016815185547e+00
5.882786750793457031e+00
5.723297119140625000e+00
5.158926010131835938e+00
4.919298171997070312e+00
5.826951026916503906e+00
5.895257949829101562e+00
4.827993869781494141e+00
5.394682407379150391e+00
6.295285224914550781e+00
5.349226474761962891e+00
3.242624282836914062e+00
2.835941791534423828e+00
2.892933845520019531e+00
2.408503532409667969e+00
7.534487247467041016e-01
-8.963802456855773926e-01
-3.519457817077636719e+00
-4.175135135650634766e+00
-4.583665847778320312e+00
-5.366342067718505859e+00
-7.482900619506835938e+00
-5.862456798553466797e+00
-5.486563205718994141e+00
-6.121729373931884766e+00
-7.232206821441650391e+00
-4.409634113311767578e+00
-2.300962209701538086e+00
-1.951985836029052734e+00
-2.951584815979003906e+00
-8.537350893020629883e-01
2.210856437683105469e+00
3.615734100341796875e+00
3.803126573562622070e+00
2.779098033905029297e+00
2.494878768920898438e+00
2.127340793609619141e+00
2.334749698638916016e+00
3.201311349868774414e+00
3.964537858963012695e+00
4.299931526184082031e+00
4.120205402374267578e+00
3.170522689819335938e+00
8.939316272735595703e-01
-3.049668967723846436e-01
-1.110345959663391113e+00
-1.801962852478027344e+00
-2.319424629211425781e+00
-9.445717334747314453e-01
-9.193050265312194824e-01
-9.351558238267898560e-02
-5.888660550117492676e-01
-1.928025603294372559e+00
-2.984198093414306641e+00
-2.684646368026733398e+00
-1.820155501365661621e+00
-1.827575206756591797e+00
-1.795554161071777344e+00
-9.925663471221923828e-01
-7.443612217903137207e-01
-3.395268619060516357e-01
-2.951067984104156494e-01
3.636762872338294983e-02
-6.945665180683135986e-02
-9.665848612785339355e-01
-3.971152305603027344e+00
-3.253799676895141602e+00
-2.282868385314941406e+00
-1.506626367568969727e+00
-8.172275424003601074e-01
1.761897802352905273e+00
3.464405536651611328e+00
4.561348915100097656e+00
5.312941074371337891e+00
5.429982662200927734e+00
4.952255725860595703e+00
5.158604621887207031e+00
5.959891796112060547e+00
5.570538043975830078e+00
4.169554710388183594e+00
2.837519645690917969e+00
3.718353748321533203e+00
2.833920955657958984e+00
1.461877465248107910e+00
1.792587995529174805e+00
1.261099815368652344e+00
1.644217252731323242e+00
-6.903272271156311035e-01
1.622818596661090851e-02
-2.360491991043090820e+00
2.086987644433975220e-01
1.810557961463928223e+00
4.680508613586425781e+00
6.149083137512207031e+00
4.945033073425292969e+00
5.217249393463134766e+00
5.351273059844970703e+00
5.790469646453857422e+00
5.899324417114257812e+00
5.631153106689453125e+00
5.338305950164794922e+00
6.437765121459960938e+00
6.437076091766357422e+00
5.785885334014892578e+00
5.926908969879150391e+00
6.269599914550781250e+00
5.509356021881103516e+00
4.796858310699462891e+00
4.334812641143798828e+00
4.330892562866210938e+00
3.478036403656005859e+00
2.501657247543334961e+00
1.201913952827453613e+00
-3.112524934113025665e-02
-1.042359948158264160e+00
-2.799640417098999023e+00
-3.186011075973510742e+00
-4.678349018096923828e+00
-2.687012434005737305e+00
-2.390122175216674805e+00
-1.919742941856384277e+00
-1.646369814872741699e+00
5.463359504938125610e-02
4.293202161788940430e-01
1.357334852218627930e-01
-9.035533666610717773e-01
-9.096668958663940430e-01
-1.370482087135314941e+00
-1.728356719017028809e+00
-2.322826623916625977e+00
-1.029862403869628906e+00
-1.849439889192581177e-01
4.558440148830413818e-01
3.669545948505401611e-01
4.908230006694793701e-01
-4.408401548862457275e-01
3.538158908486366272e-02
-7.274261713027954102e-01
9.699533581733703613e-01
1.463800072669982910e+00
3.084368944168090820e+00
3.314850330352783203e+00
4.686573028564453125e+00
4.663649082183837891e+00
5.264034271240234375e+00
5.693421363830566406e+00
6.169715881347656250e+00
4.479362010955810547e+00
3.950412750244140625e+00
3.338589429855346680e+00
3.024912595748901367e+00
2.294051885604858398e+00
1.825939893722534180e+00
2.778333425521850586e+00
2.783412218093872070e+00
3.811557531356811523e+00
3.938334226608276367e+00
4.349849224090576172e+00
3.458538055419921875e+00
2.433326244354248047e+00
2.036282062530517578e+00
2.306894302368164062e+00
2.466185569763183594e+00
2.087751865386962891e+00
2.166584253311157227e+00
1.669384717941284180e+00
2.165055990219116211e+00
6.945093870162963867e-01
1.873243927955627441e+00
2.147480249404907227e+00
2.397830009460449219e+00
1.555524617433547974e-01
1.032935008406639099e-01
3.687787353992462158e-01
8.122892975807189941e-01
2.066774517297744751e-01
9.634210169315338135e-02
-2.337518483400344849e-01
2.407936602830886841e-01
1.975395441055297852e+00
3.340708732604980469e+00
4.079113006591796875e+00
4.782168388366699219e+00
3.425284862518310547e+00
3.549745082855224609e+00
3.679604053497314453e+00
4.238576412200927734e+00
3.679405689239501953e+00
4.500610828399658203e+00
5.994797706604003906e+00
6.076218128204345703e+00
4.986889362335205078e+00
4.819169044494628906e+00
3.936312675476074219e+00
3.619333267211914062e+00
2.591507911682128906e+00
3.142420768737792969e+00
4.316224575042724609e+00
