-3.948893547058105469e+00
-3.795542955398559570e+00
-4.703467845916748047e+00
-4.545187473297119141e+00
-7.761107087135314941e-01
1.875980138778686523e+00
2.842228412628173828e+00
4.763039350509643555e-01
-1.271436691284179688e+00
-3.900849342346191406e+00
-2.164324760437011719e+00
-2.847166061401367188e+00
-1.367449998855590820e+00
-1.119269371032714844e+00
-1.087618350982666016e+00
-2.223066806793212891e+00
-6.017827391624450684e-01
1.585844755172729492e-01
7.778033018112182617e-01
1.521161794662475586e+00
9.108910560607910156e-01
1.499395847320556641e+00
9.649741649627685547e-01
2.610710859298706055e+00
1.243943095207214355e+00
6.127933859825134277e-01
3.617534339427947998e-01
2.222096681594848633e+00
2.065443515777587891e+00
6.585199236869812012e-01
1.380802392959594727e+00
3.458563089370727539e+00
3.093366384506225586e+00
1.078514099121093750e+00
1.150345563888549805e+00
1.717773675918579102e+00
1.342372298240661621e+00
1.183032035827636719e+00
2.529758930206298828e+00
4.845052242279052734e+00
4.888263702392578125e+00
3.706965684890747070e+00
3.593573331832885742e+00
4.773466587066650391e+00
4.701684474945068359e+00
4.885502815246582031e+00
4.449141025543212891e+00
5.686271190643310547e+00
5.398379802703857422e+00
5.214512348175048828e+00
5.427071571350097656e+00
5.094808578491210938e+00
4.521834373474121094e+00
3.396517276763916016e+00
3.882673501968383789e+00
6.293042659759521484e+00
6.948349475860595703e+00
5.591269493103027344e+00
5.647422313690185547e+00
7.987908840179443359e+00
8.606510162353515625e+00
7.328656196594238281e+00
7.244548797607421875e+00
7.771453380584716797e+00
7.208116531372070312e+00
5.533611774444580078e+00
4.702744007110595703e+00
5.213674068450927734e+00
6.292375564575195312e+00
6.124260425567626953e+00
7.055874824523925781e+00
8.171750068664550781e+00
7.344753265380859375e+00
6.744688034057617188e+00
7.042440891265869141e+00
7.874638557434082031e+00
6.585322856903076172e+00
3.545233726501464844e+00
1.080781817436218262e+00
-8.641864657402038574e-01
-3.048166275024414062e+00
-4.512845039367675781e+00
-5.028826713562011719e+00
-6.706881523132324219e+00
-2.852244615554809570e+00
-1.094027280807495117e+00
5.401238799095153809e-01
1.999207735061645508e+00
2.294520139694213867e+00
9.373410344123840332e-01
5.299679040908813477e-01
5.626791119575500488e-01
2.864709198474884033e-01
1.175538182258605957e+00
9.763134121894836426e-01
2.391692161560058594e+00
2.516028881072998047e+00
2.777224779129028320e+00
1.989693045616149902e+00
3.032479047775268555e+00
2.073504447937011719e+00
9.899450540542602539e-01
4.439626038074493408e-01
-6.904258728027343750e-01
-3.501314878463745117e+00
-4.146736621856689453e+00
-2.423252344131469727e+00
-7.011981010437011719e-01
1.318386942148208618e-01
-1.497875809669494629e+00
-1.364861607551574707e+00
-5.347582697868347168e-01
-3.869296237826347351e-02
1.448294967412948608e-01
3.175797462463378906e-01
2.925349712371826172e+00
3.451907396316528320e+00
1.996200561523437500e+00
1.931665658950805664e+00
3.186446666717529297e+00
3.617607593536376953e+00
2.713503599166870117e+00
1.483274221420288086e+00
3.813011050224304199e-01
-9.702575802803039551e-01
-6.871966123580932617e-01
-3.987864255905151367e-01
5.517095923423767090e-01
1.335544109344482422e+00
2.229048490524291992e+00
2.586035966873168945e+00
4.274122714996337891e+00
4.817688941955566406e+00
4.529723644256591797e+00
4.275946617126464844e+00
4.861148357391357422e+00
3.710589408874511719e+00
2.610661745071411133e+00
1.572336196899414062e+00
1.779819130897521973e+00
7.741063088178634644e-02
-1.777140140533447266e+00
-2.768950462341308594e+00
-3.731501340866088867e+00
-3.422409057617187500e+00
-3.917957067489624023e+00
-3.519481897354125977e+00
-4.093985557556152344e+00
-3.109964370727539062e+00
-3.061452865600585938e+00
-2.617128372192382812e+00
-1.423751473426818848e+00
-6.512810587882995605e-01
-6.355785131454467773e-01
-2.308332204818725586e+00
-4.497981071472167969e+00
-5.333064079284667969e+00
-5.113772869110107422e+00
-4.219061374664306641e+00
-3.321933984756469727e+00
-1.243926763534545898e+00
-1.366094589233398438e+00
-3.052405595779418945e+00
-7.768625736236572266e+00
-7.978451728820800781e+00
-6.068263053894042969e+00
-2.217027425765991211e+00
2.101260900497436523e+00
3.767210483551025391e+00
4.135612010955810547e+00
4.022293567657470703e+00
3.036670923233032227e+00
3.077146530151367188e+00
2.877133607864379883e+00
3.648149013519287109e+00
3.391981363296508789e+00
1.591440439224243164e+00
3.637994527816772461e-01
1.212119817733764648e+00
2.504270553588867188e+00
3.142988204956054688e+00
3.199634790420532227e+00
2.015501737594604492e+00
-1.286448836326599121e+00
-2.683339357376098633e+00
-2.738285541534423828e+00
-1.835142970085144043e+00
-3.680892705917358398e+00
-2.013809204101562500e+00
-2.346047878265380859e+00
-1.734125256538391113e+00
-4.612853050231933594e+00
-4.360505580902099609e+00
-3.899838685989379883e+00
-1.334541678428649902e+00
-1.516338706016540527e+00
-3.011954724788665771e-01
-1.104380369186401367e+00
2.239573895931243896e-01
-1.124224066734313965e+00
4.659506678581237793e-01
8.185752034187316895e-01
1.924270391464233398e+00
2.157537221908569336e+00
2.527490615844726562e+00
2.325777292251586914e+00
1.969010829925537109e+00
1.548129320144653320e-01
8.194873332977294922e-01
4.706096649169921875e-01
6.787579059600830078e-01
1.380506753921508789e-01
1.313013553619384766e+00
9.377600550651550293e-01
9.106199741363525391e-01
1.603740930557250977e+00
2.222564816474914551e-01
-8.679091334342956543e-01
-2.432422876358032227e+00
-2.616216182708740234e+00
-2.220626115798950195e+00
-6.092517971992492676e-01
2.470302432775497437e-01
3.366838693618774414e+00
3.220957279205322266e+00
3.316674232482910156e+00
6.008205890655517578e+00
9.216755867004394531e+00
9.387979507446289062e+00
6.671772003173828125e+00
4.115274906158447266e+00
3.181639909744262695e+00
1.316464781761169434e+00
-2.912982702255249023e+00
-5.669961929321289062e+00
-3.226807355880737305e+00
2.442792415618896484e+00
4.084881305694580078e+00
2.390632152557373047e+00
-8.928059935569763184e-01
-2.790272474288940430e+00
-3.833085060119628906e+00
-1.196523785591125488e+00
1.869940757751464844e+00
3.833594799041748047e+00
2.974551439285278320e+00
2.655574798583984375e+00
2.847453832626342773e+00
1.199818968772888184e+00
-2.327067136764526367e+00
-5.337795734405517578e+00
-6.988117218017578125e+00
-6.528512477874755859e+00
-6.815048694610595703e+00
-6.717777252197265625e+00
-7.118865489959716797e+00
-6.321695327758789062e+00
-7.732019424438476562e+00
-8.535403251647949219e+00
-8.090115547180175781e+00
-4.633386135101318359e+00
-3.164195299148559570e+00
-2.514434814453125000e+00
-3.998341798782348633e+00
-4.484275817871093750e+00
-4.600083827972412109e+00
-2.764340877532958984e+00
-2.705943822860717773e+00
-3.661296129226684570e+00
-4.154206275939941406e+00
-3.854777574539184570e+00
-3.802075147628784180e+00
-3.740892410278320312e+00
-4.807466506958007812e+00
-4.407563209533691406e+00
-4.611175060272216797e+00
-4.640287876129150391e+00
-4.190369129180908203e+00
-4.803671360015869141e+00
-5.862160205841064453e+00
-6.412998676300048828e+00
-6.955062389373779297e+00
-9.123633384704589844e+00
-1.031030559539794922e+01
-7.441958904266357422e+00
-5.276342391967773438e+00
-2.311241626739501953e+00
-4.830663502216339111e-01
-1.783377051353454590e+00
-8.301347732543945312e+00
-1.100436496734619141e+01
-7.306380271911621094e+00
-4.646524906158447266e+00
-3.928876399993896484e+00
-8.469437599182128906e+00
-1.006888103485107422e+01
-8.642853736877441406e+00
-3.270612001419067383e+00
1.122662544250488281e+00
4.536847114562988281e+00
8.806572914123535156e+00
1.069299697875976562e+01
1.313395690917968750e+01
1.167223548889160156e+01
9.514979362487792969e+00
5.707101345062255859e+00
3.118707418441772461e+00
5.130726814270019531e+00
6.199296951293945312e+00
1.403480291366577148e+00
1.263909786939620972e-01
1.974015116691589355e+00
1.301280140876770020e+00
-2.788375318050384521e-01
1.351246356964111328e+00
2.206098794937133789e+00
3.640803575515747070e+00
4.160336017608642578e+00
2.622174024581909180e+00
1.985970616340637207e+00
1.853819608688354492e+00
1.071020245552062988e+00
4.403389096260070801e-01
1.924393653869628906e+00
1.738060712814331055e+00
1.692975401878356934e+00
8.095603942871093750e+00
1.001708221435546875e+01
9.974263191223144531e+00
7.784764289855957031e+00
4.679498672485351562e+00
2.781143426895141602e+00
4.296899795532226562e+00
7.505597114562988281e+00
9.677696228027343750e+00
1.098673439025878906e+01
1.223527622222900391e+01
1.118011569976806641e+01
9.949218750000000000e+00
8.621128082275390625e+00
8.139483451843261719e+00
8.007308959960937500e+00
8.248856544494628906e+00
8.571753501892089844e+00
8.484885215759277344e+00
7.990126132965087891e+00
7.830686569213867188e+00
8.530931472778320312e+00
9.355167388916015625e+00
1.073098278045654297e+01
9.184587478637695312e+00
6.469342231750488281e+00
3.739996433258056641e+00
1.424383372068405151e-01
-3.762067317962646484e+00
-6.619175910949707031e+00
-4.949552536010742188e+00
-2.905218362808227539e+00
-6.834496855735778809e-01
1.146894335746765137e+00
2.080357074737548828e+00
-1.529551029205322266e+00
-5.635549545288085938e+00
-9.391489028930664062e+00
-6.278827667236328125e+00
-1.326579570770263672e+00
3.378990888595581055e+00
6.884948253631591797e+00
9.173371315002441406e+00
8.947648048400878906e+00
8.828313827514648438e+00
8.125381469726562500e+00
7.750547409057617188e+00
5.310057163238525391e+00
3.804975509643554688e+00
2.842154026031494141e+00
9.052707552909851074e-01
-1.752612709999084473e+00
-6.024731993675231934e-01
6.755781173706054688e-01
-4.080796539783477783e-01
-2.066610574722290039e+00
-2.632115840911865234e+00
-1.496470212936401367e+00
-7.553304433822631836e-01
-2.189369499683380127e-01
-3.564863502979278564e-01
-1.031563162803649902e+00
-1.710189819335937500e+00
-2.879803895950317383e+00
-3.205731391906738281e+00
-3.041386604309082031e+00
-4.698709487915039062e+00
-6.245352745056152344e+00
-6.886804580688476562e+00
-4.428392887115478516e+00
-2.854955911636352539e+00
-3.618601322174072266e+00
-3.683654308319091797e+00
-3.328613996505737305e+00
-4.246448516845703125e+00
-5.194848537445068359e+00
-4.747270584106445312e+00
-3.878096580505371094e+00
-3.803036689758300781e+00
-3.401924371719360352e+00
-4.242479801177978516e+00
-3.589957952499389648e+00
-3.536738157272338867e+00
-2.615156412124633789e+00
-2.728770494461059570e+00
-2.136716127395629883e+00
-1.071916103363037109e+00
1.241897463798522949e+00
2.413211584091186523e+00
1.907606840133666992e+00
5.818077325820922852e-01
-6.901794075965881348e-01
-2.131835222244262695e+00
-2.334609746932983398e+00
-1.026707053184509277e+00
1.168981194496154785e+00
7.093244791030883789e-01
1.909997612237930298e-01
1.787978410720825195e-01
-3.583104610443115234e-01
9.976856410503387451e-02
-1.830582380294799805e+00
-2.324405431747436523e+00
-2.830551624298095703e+00
-4.701248705387115479e-01
1.989939093589782715e+00
4.675752162933349609e+00
5.173715114593505859e+00
5.769344806671142578e+00
4.654010295867919922e+00
3.688354015350341797e+00
3.065684318542480469e+00
1.527743339538574219e+00
3.587952554225921631e-01
-1.269070267677307129e+00
-3.980692625045776367e+00
-6.665593147277832031e+00
-8.666099548339843750e+00
-8.267920494079589844e+00
-7.682670593261718750e+00
-5.997738838195800781e+00
-3.802519083023071289e+00
-4.284509181976318359e+00
-5.058581352233886719e+00
-5.515525817871093750e+00
-6.387019157409667969e+00
-6.036290645599365234e+00
-4.446141242980957031e+00
-3.181672573089599609e+00
-7.800055146217346191e-01
-2.073857545852661133e+00
-2.629207372665405273e+00
-1.463931918144226074e+00
8.393307924270629883e-01
2.658730030059814453e+00
5.330418109893798828e+00
4.658520698547363281e+00
2.444616556167602539e+00
1.488672733306884766e+00
-4.448335170745849609e-01
-3.346708118915557861e-01
7.127756476402282715e-01
2.329129219055175781e+00
3.362967729568481445e+00
2.444690704345703125e+00
2.154209375381469727e+00
4.384284973144531250e+00
5.185966968536376953e+00
5.152983665466308594e+00
4.687313079833984375e+00
2.775943756103515625e+00
-4.196407794952392578e-01
-1.859078526496887207e+00
-1.194675087928771973e+00
-2.609166800975799561e-01
3.507124423980712891e+00
3.268852710723876953e+00
2.735343694686889648e+00
2.002535581588745117e+00
1.218183398246765137e+00
-2.592898309230804443e-01
-1.242743015289306641e+00
-1.475640535354614258e+00
-5.794492959976196289e-01
-5.495487451553344727e-01
4.132234454154968262e-01
3.127975463867187500e-01
2.191037416458129883e+00
1.575491547584533691e+00
2.448240041732788086e+00
2.100274562835693359e+00
3.223570108413696289e+00
2.229492187500000000e+00
3.068814575672149658e-01
-1.245824575424194336e+00
-1.449609875679016113e+00
-1.271608948707580566e+00
-1.562632083892822266e+00
-1.629360556602478027e+00
-7.499073147773742676e-01
-1.621423512697219849e-01
9.227233529090881348e-01
1.578400373458862305e+00
3.619283914566040039e+00
3.875647783279418945e+00
4.776350021362304688e+00
5.406809806823730469e+00
5.370770931243896484e+00
4.213285446166992188e+00
2.066256761550903320e+00
1.452830791473388672e+00
8.743835687637329102e-01
2.851644754409790039e-01
-9.836673140525817871e-01
-1.982305526733398438e+00
-3.544921636581420898e+00
-4.239619731903076172e+00
-5.169311523437500000e+00
-6.419779300689697266e+00
-6.642495155334472656e+00
-6.048493862152099609e+00
-5.092327594757080078e+00
-2.961052179336547852e+00
-3.264448165893554688e+00
-5.484836578369140625e+00
-8.034012794494628906e+00
-7.542753696441650391e+00
-6.194325923919677734e+00
-3.286904811859130859e+00
-1.573699831962585449e+00
2.198901325464248657e-01
1.293712258338928223e+00
2.330016613006591797e+00
2.717791795730590820e+00
2.428987741470336914e+00
2.445084333419799805e+00
2.756099224090576172e+00
3.647730350494384766e+00
4.644742012023925781e+00
4.349405765533447266e+00
4.046598911285400391e+00
3.517872333526611328e+00
4.023674011230468750e+00
2.897765636444091797e+00
1.901986479759216309e+00
6.095641255378723145e-01
-1.383547186851501465e-01
2.398815602064132690e-01
-3.407840728759765625e-01
-1.521268725395202637e+00
-1.501548051834106445e+00
-1.344500541687011719e+00
-1.079064726829528809e+00
-1.333087682723999023e+00
-1.486339211463928223e+00
-1.880647063255310059e+00
-2.676708221435546875e+00
-2.998396158218383789e+00
-1.930762052536010742e+00
-2.241135686635971069e-01
1.249464869499206543e+00
3.893026828765869141e+00
6.422259330749511719e+00
6.949359893798828125e+00
7.512670993804931641e+00
6.711902141571044922e+00
6.484920978546142578e+00
4.848230838775634766e+00
3.255960464477539062e+00
2.226729178801178932e-03
-1.413497090339660645e+00
-4.426963329315185547e+00
-6.160432338714599609e+00
-9.180726051330566406e+00
-1.113737773895263672e+01
-7.116547584533691406e+00
-5.690667629241943359e+00
-8.390973091125488281e+00
-9.480992317199707031e+00
-1.081261062622070312e+01
-1.079183197021484375e+01
-8.610834121704101562e+00
-6.206305980682373047e+00
-3.809420824050903320e+00
-4.398442745208740234e+00
-5.124003410339355469e+00
-3.785928487777709961e+00
-4.486469268798828125e+00
-6.535364151000976562e+00
-3.853002071380615234e+00
-2.954641819000244141e+00
-5.132877349853515625e+00
-5.877395153045654297e+00
-8.274674415588378906e+00
-5.524154186248779297e+00
-7.375746726989746094e+00
-1.071134757995605469e+01
-1.246852588653564453e+01
-1.572297382354736328e+01
-1.182793426513671875e+01
-1.184358787536621094e+01
-6.415981769561767578e+00
-2.317403793334960938e+00
-1.110271930694580078e+00
-2.686066925525665283e-02
-5.037776470184326172e+00
-5.479536533355712891e+00
1.291025131940841675e-01
3.469803571701049805e+00
1.280450701713562012e+00
-2.064884454011917114e-02
-1.562533020973205566e+00
-2.094613313674926758e+00
-4.048627376556396484e+00
-4.151247978210449219e+00
-5.770487308502197266e+00
1.898387551307678223e+00
1.851107954978942871e+00
1.718513250350952148e+00
-1.987236142158508301e-01
8.367673158645629883e-01
1.202826261520385742e+00
8.175891637802124023e-01
-1.199827313423156738e+00
-3.028124570846557617e+00
-3.705149173736572266e+00
-3.511914730072021484e+00
-3.288359642028808594e+00
-3.568684339523315430e+00
-3.755707740783691406e+00
-3.971694946289062500e+00
-4.185513019561767578e+00
-4.703836441040039062e+00
-4.400019645690917969e+00
-2.596126556396484375e+00
7.444268465042114258e-01
2.484747171401977539e+00
1.238224267959594727e+00
-7.172453999519348145e-01
-2.094145298004150391e+00
-2.853700146079063416e-02
3.443279504776000977e+00
-1.356011986732482910e+00
2.122459888458251953e+00
1.878617882728576660e+00
-3.766676425933837891e+00
-6.773734092712402344e+00
-4.293234348297119141e+00
-2.631499767303466797e+00
-1.081341225653886795e-02
5.049033641815185547e+00
6.644927024841308594e+00
4.344548702239990234e+00
3.155091404914855957e-01
1.525179982185363770e+00
1.730986237525939941e+00
1.635022401809692383e+00
-8.077371120452880859e-01
-1.639417767524719238e+00
-1.854148745536804199e+00
2.162653394043445587e-02
1.037619709968566895e-01
1.432938098907470703e+00
2.010448455810546875e+00
4.832996368408203125e+00
6.817037582397460938e+00
8.516411781311035156e+00
1.042351722717285156e+01
1.167351722717285156e+01
1.002543926239013672e+01
7.897933483123779297e+00
3.113998651504516602e+00
-2.860674381256103516e+00
-6.020516395568847656e+00
-1.881140470504760742e+00
3.053038120269775391e+00
6.167226791381835938e+00
8.420448303222656250e+00
1.063972759246826172e+01
1.013422203063964844e+01
9.286788940429687500e+00
7.730285167694091797e+00
7.314654350280761719e+00
6.860273361206054688e+00
8.027498245239257812e+00
9.657629966735839844e+00
6.761795520782470703e+00
4.425253391265869141e+00
2.517383396625518799e-01
-1.162974476814270020e+00
1.225923776626586914e+00
3.599933385848999023e+00
1.776688337326049805e+00
2.217881679534912109e+00
4.476281166076660156e+00
6.926532745361328125e+00
8.165267944335937500e+00
8.115549087524414062e+00
7.225913047790527344e+00
5.253065109252929688e+00
2.741457223892211914e+00
1.764314174652099609e-01
-5.132384300231933594e-01
-1.617183208465576172e+00
-3.943814754486083984e+00
-6.479950904846191406e+00
-4.050255298614501953e+00
-3.678009271621704102e+00
-5.582525730133056641e+00
-7.366725444793701172e+00
-8.047199249267578125e+00
-7.467791080474853516e+00
-4.751930236816406250e+00
-1.727173626422882080e-01
1.853671789169311523e+00
3.957659959793090820e+00
3.703391075134277344e+00
3.532686710357666016e+00
2.574500083923339844e+00
1.895133614540100098e+00
1.492468714714050293e+00
1.025712966918945312e+00
1.631028652191162109e+00
2.312711715698242188e+00
1.826851844787597656e+00
1.736187696456909180e+00
1.846720218658447266e+00
1.319767832756042480e+00
2.589142560958862305e+00
2.675492763519287109e+00
3.701615333557128906e+00
4.424465179443359375e+00
5.200830459594726562e+00
6.738944053649902344e+00
7.458662509918212891e+00
8.800928115844726562e+00
8.720048904418945312e+00
7.517873287200927734e+00
7.088683605194091797e+00
7.351162910461425781e+00
7.562613964080810547e+00
6.032880783081054688e+00
6.217069625854492188e+00
6.127466678619384766e+00
5.907066345214843750e+00
5.207781791687011719e+00
4.502779960632324219e+00
2.982094526290893555e+00
-7.726839780807495117e-01
-2.400105953216552734e+00
-8.870869874954223633e-01
2.447179794311523438e+00
4.865287780761718750e+00
6.007689476013183594e+00
6.551748275756835938e+00
6.631320476531982422e+00
2.468206644058227539e+00
2.973664402961730957e-01
1.232752084732055664e+00
9.923608899116516113e-01
-2.787659645080566406e+00
-4.844294548034667969e+00
-5.624973773956298828e+00
-6.438019752502441406e+00
-6.694876670837402344e+00
-7.482631206512451172e+00
-6.124072551727294922e+00
2.535749197006225586e+00
6.221554756164550781e+00
4.665497303009033203e+00
-8.367756009101867676e-01
-5.532781124114990234e+00
-7.925894260406494141e+00
-7.816177845001220703e+00
-7.596268653869628906e+00
-6.614737987518310547e+00
-3.057903289794921875e+00
1.559173107147216797e+00
7.338269352912902832e-01
-1.404573321342468262e+00
-2.990483522415161133e+00
-6.069890499114990234e+00
-7.164664745330810547e+00
-7.604872703552246094e+00
-7.452853679656982422e+00
-5.420179367065429688e+00
-2.704587936401367188e+00
-3.104640245437622070e+00
-6.116924762725830078e+00
-6.446449756622314453e+00
-7.865156173706054688e+00
-1.066298198699951172e+01
-1.227859306335449219e+01
-1.466495704650878906e+01
-1.323909854888916016e+01
-9.227340698242187500e+00
-1.067145824432373047e+01
-1.030103969573974609e+01
-9.205770492553710938e+00
-8.841016769409179688e+00
-7.887170791625976562e+00
-6.318785190582275391e+00
-5.701759815216064453e+00
-6.043736457824707031e+00
-5.459619522094726562e+00
-5.129402637481689453e+00
-4.496477127075195312e+00
-4.958846092224121094e+00
-4.749489784240722656e+00
-6.464295864105224609e+00
-6.519858837127685547e+00
-5.905619621276855469e+00
-9.962959289550781250e+00
-9.228374481201171875e+00
-3.323905467987060547e+00
-1.130633115768432617e+00
-3.662701368331909180e+00
-7.460866451263427734e+00
-7.945516586303710938e+00
-7.587741374969482422e+00
-7.431951045989990234e+00
-7.127541065216064453e+00
-7.269997596740722656e+00
-8.936142921447753906e+00
-9.696709632873535156e+00
-9.318988800048828125e+00
-8.094036102294921875e+00
-6.533885955810546875e+00
-4.804460048675537109e+00
-2.859614610671997070e+00
-2.409719467163085938e+00
-1.560586214065551758e+00
-1.291008830070495605e+00
-8.324370980262756348e-01
-1.107239961624145508e+00
-1.630124807357788086e+00
-2.575395107269287109e+00
-4.967892169952392578e+00
-6.264653205871582031e+00
-6.786750316619873047e+00
-7.261394500732421875e+00
-6.568246841430664062e+00
-6.549389839172363281e+00
-9.832756042480468750e+00
-1.154714202880859375e+01
-1.089163684844970703e+01
-8.633634567260742188e+00
-7.787704944610595703e+00
-6.438511848449707031e+00
-6.504600048065185547e+00
-5.092919826507568359e+00
-1.504136562347412109e+00
1.369118094444274902e+00
2.096478223800659180e+00
2.437739610671997070e+00
1.976011753082275391e+00
2.357132673263549805e+00
1.063896298408508301e+00
3.600819587707519531e+00
3.137589454650878906e+00
2.516941070556640625e+00
2.411289215087890625e+00
1.777970314025878906e+00
2.098524332046508789e+00
-2.041220515966415405e-01
3.145255327224731445e+00
7.531011581420898438e+00
7.521521091461181641e+00
8.132457733154296875e+00
4.422345161437988281e+00
4.435189366340637207e-01
-1.876580595970153809e+00
-2.625978231430053711e+00
-3.289986848831176758e+00
-2.150422096252441406e+00
-2.158063411712646484e+00
-2.114974498748779297e+00
-3.161706209182739258e+00
-1.887943625450134277e+00
-1.263252377510070801e+00
-9.514243602752685547e-01
-1.707010149955749512e+00
-1.779876470565795898e+00
-3.517978906631469727e+00
-5.206509113311767578e+00
-5.950506687164306641e+00
-5.411798000335693359e+00
-7.577732563018798828e+00
-1.195769977569580078e+01
-1.262503337860107422e+01
-9.171651840209960938e+00
-5.990146160125732422e+00
-6.181532382965087891e+00
-4.963183879852294922e+00
-4.489328861236572266e+00
-6.430378913879394531e+00
-3.825664758682250977e+00
-4.946939468383789062e+00
-5.645606994628906250e+00
-6.229377746582031250e+00
-4.714782714843750000e+00
-5.422348499298095703e+00
-5.669542312622070312e+00
-6.006809711456298828e+00
-6.158508777618408203e+00
-6.102478504180908203e+00
-3.238738298416137695e+00
-2.542364001274108887e-01
1.878938198089599609e+00
3.112026453018188477e+00
3.510106086730957031e+00
3.535126447677612305e+00
3.285171270370483398e+00
3.412787437438964844e+00
2.797241449356079102e+00
2.748235940933227539e+00
3.294292211532592773e+00
3.669792652130126953e+00
4.018793582916259766e+00
4.333061695098876953e+00
4.291772365570068359e+00
3.202049970626831055e+00
2.426177978515625000e+00
1.961048603057861328e+00
2.913862228393554688e+00
2.980788230895996094e+00
2.932670116424560547e+00
2.605017185211181641e+00
2.031031608581542969e+00
-1.375657916069030762e-01
-4.398295283317565918e-01
-1.188808321952819824e+00
-1.732226848602294922e+00
-2.431904792785644531e+00
-2.780018091201782227e+00
-2.414600610733032227e+00
-1.128241777420043945e+00
-2.024951279163360596e-01
1.346390008926391602e+00
3.579522848129272461e+00
6.426966667175292969e+00
6.463696479797363281e+00
5.457244873046875000e+00
6.075748443603515625e+00
7.240013599395751953e+00
5.987845420837402344e+00
-1.366069912910461426e+00
2.617465257644653320e-01
3.562637567520141602e+00
2.838703155517578125e+00
4.266332983970642090e-01
-4.155980348587036133e-01
2.362160682678222656e+00
2.610834598541259766e+00
1.209284782409667969e+00
5.285876616835594177e-02
4.579738140106201172e+00
9.713020324707031250e+00
1.153015041351318359e+01
5.068014144897460938e+00
1.596740484237670898e+00
1.031431913375854492e+00
4.938303530216217041e-01
2.035468816757202148e-01
-4.142916500568389893e-01
-4.396817088127136230e-01
-2.709813594818115234e+00
-5.285735130310058594e+00
-4.007215976715087891e+00
-2.188334465026855469e+00
1.964573860168457031e+00
5.191907405853271484e+00
6.672165393829345703e+00
6.954314231872558594e+00
7.161377906799316406e+00
7.974422931671142578e+00
8.545277595520019531e+00
1.000729751586914062e+01
1.066605377197265625e+01
1.011385822296142578e+01
9.060497283935546875e+00
7.930275917053222656e+00
8.399469375610351562e+00
9.161540031433105469e+00
9.555230140686035156e+00
9.712403297424316406e+00
8.563816070556640625e+00
7.822502136230468750e+00
7.477494716644287109e+00
6.360511302947998047e+00
4.446872711181640625e+00
2.876171827316284180e+00
6.262277364730834961e-01
-8.770542740821838379e-01
-2.746962010860443115e-01
-2.012624591588973999e-01
3.597567081451416016e-01
8.544168472290039062e-01
2.407640933990478516e+00
5.442602157592773438e+00
6.895497798919677734e+00
6.816542625427246094e+00
6.668838024139404297e+00
7.301936149597167969e+00
6.725459575653076172e+00
6.085585117340087891e+00
3.646275520324707031e+00
2.736896991729736328e+00
4.409477710723876953e+00
7.868428230285644531e+00
7.762873172760009766e+00
6.927076339721679688e+00
7.246643066406250000e+00
9.053890228271484375e+00
6.792311668395996094e+00
4.889668941497802734e+00
4.135660648345947266e+00
4.829324722290039062e+00
5.470382213592529297e+00
7.637551307678222656e+00
1.028705501556396484e+01
8.191544532775878906e+00
4.980407714843750000e+00
2.178589105606079102e+00
9.937427192926406860e-02
-9.431664347648620605e-01
3.252210468053817749e-02
7.145996689796447754e-01
2.232943296432495117e+00
2.993976593017578125e+00
2.992053747177124023e+00
2.973614454269409180e+00
3.350790739059448242e+00
3.770291328430175781e+00
5.630956172943115234e+00
5.916655063629150391e+00
6.567844390869140625e+00
5.487515449523925781e+00
2.351437568664550781e+00
-1.163837790489196777e+00
-4.306595802307128906e+00
-6.804866790771484375e+00
-7.045948982238769531e+00
-7.488793849945068359e+00
-4.064527988433837891e+00
-4.436946392059326172e+00
-1.074864101409912109e+01
-1.051751899719238281e+01
-7.694798946380615234e+00
-6.497378349304199219e+00
-5.455257415771484375e+00
-5.799622058868408203e+00
-5.541360378265380859e+00
-4.476313591003417969e+00
-1.887894272804260254e-01
3.161032199859619141e+00
3.392278194427490234e+00
3.820752382278442383e+00
4.115471839904785156e+00
4.464596748352050781e+00
5.779327392578125000e+00
7.437562465667724609e+00
7.265846729278564453e+00
6.341432094573974609e+00
5.567678928375244141e+00
2.965923309326171875e+00
8.041794300079345703e-01
-8.208511471748352051e-01
-3.091969966888427734e+00
-4.483140945434570312e+00
-1.961476087570190430e+00
8.133491873741149902e-01
1.145834326744079590e+00
-6.735157966613769531e-01
-2.544779300689697266e+00
-4.778676509857177734e+00
-7.405401706695556641e+00
-9.340828895568847656e+00
-8.726097106933593750e+00
-7.484357357025146484e+00
-6.032298088073730469e+00
-4.624857425689697266e+00
-2.384108066558837891e+00
6.554386019706726074e-01
2.616577148437500000e+00
2.844495773315429688e+00
3.040047645568847656e+00
4.534208774566650391e+00
3.448874950408935547e+00
5.276025086641311646e-02
-2.972390651702880859e+00
-5.604020118713378906e+00
-7.045112133026123047e+00
-6.196396827697753906e+00
-5.475911617279052734e+00
-8.064971923828125000e+00
-1.087647724151611328e+01
-1.062371158599853516e+01
-8.041480064392089844e+00
-7.503855705261230469e+00
-6.753740787506103516e+00
-5.041695594787597656e+00
-1.795061230659484863e+00
5.738950967788696289e-01
2.100669145584106445e+00
2.416342735290527344e+00
2.755434513092041016e+00
2.998931407928466797e+00
-1.632146358489990234e+00
-2.911331653594970703e+00
-3.310544967651367188e+00
-3.833503961563110352e+00
-3.036210536956787109e+00
-2.306927919387817383e+00
-2.298990011215209961e+00
-2.124341249465942383e+00
-1.987309694290161133e+00
-1.609886884689331055e+00
8.192406296730041504e-01
1.228561401367187500e+00
-2.082436084747314453e+00
-3.812008619308471680e+00
-5.121070384979248047e+00
-5.487573623657226562e+00
-5.216788291931152344e+00
-5.705631256103515625e+00
-2.847709178924560547e+00
-1.492033481597900391e+00
-2.330443620681762695e+00
-2.543004989624023438e+00
9.913007616996765137e-01
1.328814625740051270e+00
2.168901205062866211e+00
8.800041675567626953e-01
1.054677009582519531e+00
-1.233178600668907166e-01
4.918336570262908936e-01
-7.315182089805603027e-01
-2.195803165435791016e+00
-1.751503467559814453e+00
-1.629163622856140137e+00
-1.427844166755676270e+00
5.945026874542236328e-01
1.613083004951477051e+00
3.156373500823974609e+00
3.033540487289428711e+00
5.526093482971191406e+00
7.353355407714843750e+00
8.045983314514160156e+00
8.990736961364746094e+00
7.508186340332031250e+00
4.044060230255126953e+00
2.008673429489135742e+00
1.293440937995910645e+00
5.743880271911621094e-01
6.455292105674743652e-01
1.526609539985656738e+00
1.835651874542236328e+00
6.893823146820068359e-01
-2.874478340148925781e+00
-6.262285709381103516e+00
-8.223007202148437500e+00
-9.643440246582031250e+00
-7.415384292602539062e+00
-6.522668838500976562e+00
-7.091107368469238281e+00
-6.173103332519531250e+00
-5.898791313171386719e+00
-4.374038219451904297e+00
-5.037752151489257812e+00
-3.238787889480590820e+00
1.863162040710449219e+00
7.832488536834716797e+00
1.301134490966796875e+01
1.169530582427978516e+01
7.353032588958740234e+00
4.347285270690917969e+00
3.487725257873535156e+00
4.710681438446044922e+00
5.619961738586425781e+00
6.732830524444580078e+00
8.243384361267089844e+00
9.287604331970214844e+00
6.275810718536376953e+00
3.232789754867553711e+00
3.008666336536407471e-01
-2.237905979156494141e+00
-2.823576211929321289e+00
-2.264997243881225586e+00
-3.763619899749755859e+00
-4.811114788055419922e+00
-6.038781642913818359e+00
-6.729043483734130859e+00
-6.722807884216308594e+00
-4.738249301910400391e+00
-2.909778356552124023e+00
-1.167707204818725586e+00
-2.879630804061889648e+00
-1.844953656196594238e+00
-2.767249345779418945e+00
-5.529084205627441406e+00
-8.282241821289062500e+00
-1.012602043151855469e+01
-1.062785339355468750e+01
-6.081327915191650391e+00
-4.496502399444580078e+00
-5.092599391937255859e+00
-4.602523326873779297e+00
-4.858764171600341797e+00
-5.167462348937988281e+00
-3.012546300888061523e+00
-1.790057420730590820e+00
-6.305006146430969238e-01
1.512065649032592773e+00
2.768991470336914062e+00
3.166775941848754883e+00
3.085059642791748047e+00
2.188720226287841797e+00
1.027487516403198242e+00
6.514699459075927734e-01
4.693278968334197998e-01
1.352010607719421387e+00
7.673022747039794922e-01
5.764586925506591797e-01
9.959596395492553711e-01
7.326930761337280273e-01
-8.189285397529602051e-01
-1.244321346282958984e+00
-5.164430737495422363e-01
2.995849847793579102e-01
2.156354188919067383e+00
2.212039470672607422e+00
3.728238344192504883e+00
3.256355524063110352e+00
3.624731540679931641e+00
5.068606376647949219e+00
7.617781639099121094e+00
8.513948440551757812e+00
8.471450805664062500e+00
8.219670295715332031e+00
8.564801216125488281e+00
9.505660057067871094e+00
8.280729293823242188e+00
4.856315612792968750e+00
2.116272449493408203e+00
1.542558789253234863e+00
4.820474386215209961e-01
-5.211265683174133301e-01
-3.217046558856964111e-01
9.541524648666381836e-01
1.144108921289443970e-01
4.441103041172027588e-01
2.014022588729858398e+00
4.504851341247558594e+00
4.176826953887939453e+00
4.349256992340087891e+00
5.305989742279052734e+00
7.695528030395507812e+00
8.244320869445800781e+00
7.538850784301757812e+00
7.637698650360107422e+00
8.796170234680175781e+00
9.236401557922363281e+00
7.047320365905761719e+00
7.497979640960693359e+00
7.420307159423828125e+00
6.546326160430908203e+00
4.169826507568359375e+00
3.551445245742797852e+00
4.105884075164794922e+00
4.464498043060302734e+00
3.155042171478271484e+00
3.804753541946411133e+00
6.250199317932128906e+00
6.363074779510498047e+00
3.633507013320922852e+00
2.550342559814453125e+00
3.279969930648803711e+00
2.741875648498535156e+00
7.522408366203308105e-01
2.951475232839584351e-02
-8.649756312370300293e-01
-2.099469184875488281e+00
-3.586753606796264648e+00
-1.653616786003112793e+00
3.084023714065551758e+00
7.660795211791992188e+00
7.623647689819335938e+00
5.725219726562500000e+00
6.512676715850830078e+00
6.854677200317382812e+00
6.371480941772460938e+00
5.326448440551757812e+00
4.321722030639648438e+00
3.362549304962158203e+00
7.970800399780273438e-01
8.697493374347686768e-02
7.866790890693664551e-02
-7.231122255325317383e-01
-2.522101163864135742e+00
-2.954296112060546875e+00
-5.248612880706787109e+00
-4.226751327514648438e+00
-3.999303102493286133e+00
-3.546671628952026367e+00
-6.084706306457519531e+00
-4.569443225860595703e+00
-4.831255912780761719e+00
-4.255050182342529297e+00
-5.204290866851806641e+00
-4.376429557800292969e+00
-5.286523818969726562e+00
-5.098908901214599609e+00
-4.829184532165527344e+00
-4.237451076507568359e+00
-3.547410726547241211e+00
-2.089732646942138672e+00
-1.706714034080505371e+00
3.028142750263214111e-01
1.095670580863952637e+00
1.789925575256347656e+00
1.701282858848571777e+00
1.741314768791198730e+00
-9.899532198905944824e-01
-9.742755293846130371e-01
-1.998575091361999512e+00
-9.739797711372375488e-01
-1.366759777069091797e+00
-4.211691617965698242e-01
9.512684941291809082e-01
3.686899662017822266e+00
4.581785202026367188e+00
5.484952926635742188e+00
6.896929740905761719e+00
7.239249706268310547e+00
5.737273216247558594e+00
5.948725700378417969e+00
7.535129547119140625e+00
6.906567096710205078e+00
6.237406253814697266e+00
6.079668998718261719e+00
6.701179981231689453e+00
5.772450447082519531e+00
4.318641185760498047e+00
3.175600290298461914e+00
2.486817836761474609e+00
2.326738119125366211e+00
7.695949077606201172e-01
8.164058327674865723e-01
4.805684089660644531e-01
-1.153336524963378906e+00
-4.022474288940429688e+00
-5.151415824890136719e+00
-4.771625041961669922e+00
-2.644243478775024414e+00
-1.900318264961242676e+00
-1.106697916984558105e+00
1.673378229141235352e+00
2.070225954055786133e+00
1.985773324966430664e+00
2.331889867782592773e+00
4.743491649627685547e+00
4.603230476379394531e+00
3.373987913131713867e+00
2.712492942810058594e+00
1.868313789367675781e+00
-1.422495990991592407e-01
-1.785348415374755859e+00
-2.377058267593383789e+00
-1.722687125205993652e+00
-6.264085769653320312e-01
1.151627302169799805e+00
1.927031397819519043e+00
2.574573755264282227e+00
2.481024980545043945e+00
2.667801856994628906e+00
2.684194087982177734e+00
2.719567537307739258e+00
2.875555276870727539e+00
3.241269588470458984e+00
3.630178928375244141e+00
3.774187803268432617e+00
4.296357631683349609e+00
4.048497200012207031e+00
4.052835941314697266e+00
4.608258247375488281e+00
4.124617099761962891e+00
2.541541814804077148e+00
1.978772759437561035e+00
2.153519392013549805e+00
8.507933616638183594e-01
-1.249053716659545898e+00
-1.903029918670654297e+00
-4.110106945037841797e+00
-4.279529094696044922e+00
-2.053373098373413086e+00
-1.418821454048156738e+00
-2.587671756744384766e+00
-5.210576534271240234e+00
-9.314750671386718750e+00
-1.086952590942382812e+01
-1.075753974914550781e+01
-8.420900344848632812e+00
-7.463379859924316406e+00
-6.016992092132568359e+00
-5.202170848846435547e+00
-3.208615541458129883e+00
-2.042896509170532227e+00
-1.389733910560607910e+00
-2.015386819839477539e+00
-1.625367403030395508e-01
9.147859811782836914e-01
1.993316531181335449e+00
3.900298357009887695e+00
4.451482295989990234e+00
4.115866184234619141e+00
3.648962974548339844e+00
3.707532405853271484e+00
3.363017559051513672e+00
3.359813451766967773e+00
3.955983638763427734e+00
4.802480220794677734e+00
4.709079265594482422e+00
3.453361749649047852e+00
3.768048763275146484e+00
2.834931135177612305e+00
2.052058935165405273e+00
1.636328935623168945e+00
1.514333844184875488e+00
1.198906779289245605e+00
8.252060413360595703e-01
6.339927315711975098e-01
3.231754004955291748e-01
7.161278724670410156e-01
1.357976198196411133e+00
1.644340038299560547e+00
1.530159115791320801e+00
8.154936432838439941e-01
2.613275051116943359e-01
1.093821749091148376e-01
-1.976635903120040894e-01
1.349520921707153320e+00
1.967852354049682617e+00
1.872011423110961914e+00
1.174675151705741882e-01
1.917023062705993652e+00
-1.856588423252105713e-01
-1.026263236999511719e+00
-2.551484823226928711e+00
-2.402127504348754883e+00
-3.954044580459594727e+00
-8.801355957984924316e-01
3.180604934692382812e+00
7.048629283905029297e+00
1.036211776733398438e+01
8.316424369812011719e+00
4.760352611541748047e+00
3.485234737396240234e+00
