2.856081247329711914e+00
2.459530115127563477e+00
1.326966047286987305e+00
-1.211264729499816895e+00
-1.554595947265625000e+00
-1.941189289093017578e+00
-1.949003100395202637e+00
-4.685101985931396484e+00
-4.059671878814697266e+00
-3.262058019638061523e+00
-4.029253959655761719e+00
-5.571433067321777344e+00
-5.035312175750732422e+00
-4.002901554107666016e+00
-3.895154237747192383e+00
-3.499416589736938477e+00
3.830266892910003662e-01
2.483144998550415039e+00
1.474745273590087891e+00
-3.507156848907470703e+00
-3.274729490280151367e+00
-2.703133821487426758e+00
-1.401048302650451660e+00
-1.884887218475341797e+00
-2.000768899917602539e+00
-3.345597982406616211e+00
-1.951763987541198730e+00
-2.558485031127929688e+00
-1.016896128654479980e+00
4.354088306427001953e-01
1.682572841644287109e+00
3.015002489089965820e+00
2.908340454101562500e+00
2.634153842926025391e+00
1.995288491249084473e+00
2.671819925308227539e+00
1.403899788856506348e+00
1.980005055665969849e-01
-1.157822608947753906e+00
-9.548263549804687500e-01
-5.951272845268249512e-01
-1.334615826606750488e+00
5.685210824012756348e-01
2.728244543075561523e+00
2.083339691162109375e+00
-1.995123922824859619e-01
-2.055518627166748047e-01
-7.027509212493896484e-01
8.873006105422973633e-01
2.556011915206909180e+00
3.198796749114990234e+00
2.442521095275878906e+00
2.165967941284179688e+00
1.553256750106811523e+00
2.281898975372314453e+00
2.396350860595703125e+00
2.804093122482299805e+00
2.317986726760864258e+00
2.766995191574096680e+00
2.432020187377929688e+00
3.218072652816772461e+00
2.613965272903442383e+00
1.948280215263366699e+00
2.289121598005294800e-01
-1.310877084732055664e+00
-3.079003691673278809e-01
1.558975428342819214e-01
2.472767680883407593e-01
-9.009404778480529785e-01
-1.591498017311096191e+00
-2.802942752838134766e+00
-3.947142601013183594e+00
-2.377033472061157227e+00
9.927057623863220215e-01
4.281369447708129883e-01
2.511466443538665771e-01
8.072115182876586914e-01
2.065048933029174805e+00
2.705048322677612305e+00
4.284993648529052734e+00
4.763433933258056641e+00
2.652764320373535156e+00
2.581845283508300781e+00
4.479188919067382812e+00
5.070109367370605469e+00
4.464965343475341797e+00
4.199258804321289062e+00
5.888528823852539062e+00
5.398773670196533203e+00
4.702447891235351562e+00
4.562038898468017578e+00
6.322204113006591797e+00
5.096978664398193359e+00
3.058412075042724609e+00
3.039628505706787109e+00
3.580829620361328125e+00
3.248097181320190430e+00
1.464786291122436523e+00
8.540225625038146973e-01
6.644606590270996094e-01
6.654219627380371094e-01
1.518302559852600098e-01
-1.329562515020370483e-01
-8.184355497360229492e-01
-1.527406573295593262e+00
-9.656231999397277832e-01
-1.920408725738525391e+00
-3.489926576614379883e+00
-2.260116100311279297e+00
-5.801151394844055176e-01
-5.944616794586181641e-01
-1.378542542457580566e+00
-1.140074372291564941e+00
4.088110029697418213e-01
1.657503485679626465e+00
2.333369493484497070e+00
3.148682355880737305e+00
3.638560295104980469e+00
4.353102207183837891e+00
6.453984737396240234e+00
7.295403003692626953e+00
6.332902431488037109e+00
6.255450248718261719e+00
6.930527210235595703e+00
6.465300083160400391e+00
6.145953655242919922e+00
5.204133510589599609e+00
4.771716594696044922e+00
4.028480529785156250e+00
3.341078996658325195e+00
2.958331346511840820e+00
2.767093896865844727e+00
1.999651551246643066e+00
1.394409298896789551e+00
1.045063257217407227e+00
3.069799020886421204e-02
1.529986500740051270e+00
3.035783290863037109e+00
4.706516265869140625e+00
5.347748279571533203e+00
5.493334293365478516e+00
4.584446907043457031e+00
5.166073799133300781e+00
6.401947021484375000e+00
5.786352634429931641e+00
3.823538064956665039e+00
2.243222475051879883e+00
-4.269369840621948242e-01
-2.924272298812866211e+00
-3.595158576965332031e+00
-4.214673995971679688e+00
-3.749594211578369141e+00
-1.189893126487731934e+00
1.321197628974914551e+00
8.241214156150817871e-01
7.285025715827941895e-01
-7.805971801280975342e-02
-6.108295917510986328e-01
-1.749581098556518555e+00
-1.258075952529907227e+00
-1.159030556678771973e+00
-3.746290802955627441e-01
-2.578846812248229980e-01
2.773999981582164764e-02
-3.062241971492767334e-01
-8.885657042264938354e-02
-8.744165897369384766e-01
9.517120718955993652e-01
4.144066274166107178e-01
8.019359707832336426e-01
-9.431666135787963867e-01
-3.587050735950469971e-01
-2.053421735763549805e+00
-3.344735503196716309e-01
3.172839581966400146e-01
2.077892065048217773e+00
3.589974641799926758e+00
4.384951114654541016e+00
5.012032508850097656e+00
4.507760047912597656e+00
5.417926311492919922e+00
6.291884899139404297e+00
5.715531826019287109e+00
6.218500137329101562e+00
5.623956203460693359e+00
5.466044425964355469e+00
4.795948028564453125e+00
3.051263093948364258e+00
4.427053630352020264e-01
4.519569338299334049e-04
5.206985771656036377e-02
2.298242300748825073e-01
-5.478721857070922852e-01
-3.090934276580810547e+00
-3.051371335983276367e+00
-6.371363639831542969e+00
-5.377484321594238281e+00
-3.838927507400512695e+00
-2.346836090087890625e+00
-7.163827419281005859e-01
2.139296054840087891e+00
2.601171493530273438e+00
3.348201990127563477e+00
2.907575607299804688e+00
4.280926227569580078e+00
4.980578899383544922e+00
5.303056240081787109e+00
6.086349964141845703e+00
7.246472835540771484e+00
6.982638835906982422e+00
6.971593856811523438e+00
7.007806777954101562e+00
6.964101314544677734e+00
5.881107807159423828e+00
5.796163082122802734e+00
5.439249992370605469e+00
4.519369602203369141e+00
3.318178653717041016e+00
2.836952924728393555e+00
1.503684639930725098e+00
1.462912678718566895e+00
2.021541595458984375e+00
2.755704879760742188e+00
1.124018430709838867e+00
2.330731391906738281e+00
1.269333243370056152e+00
1.159293055534362793e+00
1.586682677268981934e+00
2.605337381362915039e+00
3.280413627624511719e+00
4.997488498687744141e+00
6.010769844055175781e+00
6.999376773834228516e+00
6.549011707305908203e+00
7.458735942840576172e+00
8.495460510253906250e+00
6.813907146453857422e+00
4.889915466308593750e+00
4.077042579650878906e+00
2.771554708480834961e+00
2.675614833831787109e+00
1.622449994087219238e+00
1.445583820343017578e+00
8.690840005874633789e-01
2.674432039260864258e+00
2.957122564315795898e+00
1.887861728668212891e+00
-1.486807584762573242e+00
-4.546124935150146484e+00
-6.518035888671875000e+00
-9.200174331665039062e+00
-8.669131278991699219e+00
-6.991766452789306641e+00
-5.141506195068359375e+00
-3.732141971588134766e+00
-3.815730571746826172e+00
-3.747029900550842285e-01
4.036590099334716797e+00
4.756827831268310547e+00
4.414901733398437500e+00
6.031034946441650391e+00
5.823280811309814453e+00
4.093952178955078125e+00
8.363481760025024414e-01
-2.960730791091918945e+00
-4.015103816986083984e+00
-2.621935129165649414e+00
7.088808417320251465e-01
3.844958066940307617e+00
5.759040832519531250e+00
7.606787204742431641e+00
1.021985530853271484e+01
9.830724716186523438e+00
7.845725059509277344e+00
4.410242557525634766e+00
3.523368239402770996e-01
1.521013975143432617e+00
1.085933923721313477e+00
9.412351995706558228e-02
1.733476042747497559e+00
2.133034706115722656e+00
-8.779668807983398438e-02
-2.723791003227233887e-01
-6.337297558784484863e-01
1.543544530868530273e+00
5.361206531524658203e+00
5.189887523651123047e+00
6.055831432342529297e+00
2.025213956832885742e+00
-5.173328399658203125e+00
-2.846599102020263672e+00
-1.949323654174804688e+00
-5.527039766311645508e-01
2.925102710723876953e-01
5.796878337860107422e-01
1.220500469207763672e+00
1.517020463943481445e+00
9.567409753799438477e-01
1.012031912803649902e+00
-4.990892708301544189e-01
3.371029198169708252e-01
2.689469099044799805e+00
6.642511367797851562e+00
8.276267051696777344e+00
8.377457618713378906e+00
5.354920387268066406e+00
1.915297627449035645e+00
-4.843530654907226562e+00
-8.204296112060546875e+00
-6.445734977722167969e+00
-6.523605823516845703e+00
-8.088932037353515625e+00
-7.788889408111572266e+00
-5.453802108764648438e+00
-4.834188938140869141e+00
-3.178566455841064453e+00
-7.788715958595275879e-01
-1.899776577949523926e+00
-1.675925016403198242e+00
-1.419733643531799316e+00
-5.876828432083129883e-01
6.369753479957580566e-01
1.135431528091430664e+00
1.441319108009338379e+00
-1.760722875595092773e+00
-4.854524612426757812e+00
-7.091994762420654297e+00
-6.961175918579101562e+00
-5.164602756500244141e+00
-2.989103078842163086e+00
5.632213354110717773e-01
2.396425247192382812e+00
-3.898878768086433411e-02
-5.154495716094970703e+00
-6.019406318664550781e+00
-5.645138263702392578e+00
-2.282276868820190430e+00
1.139450073242187500e+00
2.465224266052246094e+00
4.483035087585449219e+00
4.568546772003173828e+00
3.516885757446289062e+00
3.166060686111450195e+00
2.131457090377807617e+00
1.152194380760192871e+00
9.030269086360931396e-02
3.055011034011840820e-01
3.479983210563659668e-01
2.508978605270385742e+00
-5.063854455947875977e-01
-4.137567520141601562e+00
-4.381754398345947266e+00
-4.075371921062469482e-01
-8.935455679893493652e-01
-7.862123489379882812e+00
-1.212808132171630859e+01
-1.169665145874023438e+01
-4.071603298187255859e+00
3.541585206985473633e+00
3.545677423477172852e+00
3.535448014736175537e-01
-3.544699907302856445e+00
-4.861402988433837891e+00
-5.872736454010009766e+00
-7.593631744384765625e+00
-6.904751300811767578e+00
-4.823193550109863281e+00
-2.393327236175537109e+00
-5.206829905509948730e-01
-6.795302033424377441e-02
-8.822306990623474121e-01
-9.926154017448425293e-01
-1.403439521789550781e+00
6.797931790351867676e-01
5.346022844314575195e-01
-6.805167198181152344e-01
-1.678144335746765137e+00
-5.327740192413330078e+00
-5.832751750946044922e+00
-5.198054313659667969e+00
-5.545723438262939453e+00
-6.663963794708251953e+00
-6.882837295532226562e+00
-7.551504611968994141e+00
-8.244872093200683594e+00
-9.977501869201660156e+00
-7.651756286621093750e+00
-5.794914722442626953e+00
-4.457258701324462891e+00
-2.970837593078613281e+00
-1.596403241157531738e+00
-8.236368894577026367e-01
-1.866251945495605469e+00
-2.504845857620239258e+00
-3.513664960861206055e+00
-4.704156398773193359e+00
-4.779711723327636719e+00
-6.197036266326904297e+00
-6.073810100555419922e+00
-6.319696903228759766e+00
-6.609241485595703125e+00
-6.489293575286865234e+00
-6.006143093109130859e+00
-2.141202926635742188e+00
2.711777448654174805e+00
5.133608818054199219e+00
-2.590210199356079102e+00
-1.618514895439147949e+00
-2.802228450775146484e+00
-2.587227821350097656e+00
-1.610824018716812134e-01
1.535434842109680176e+00
3.135125041007995605e-01
-4.094356298446655273e-01
-2.459538131952285767e-01
2.581425905227661133e+00
4.008415222167968750e+00
5.043709754943847656e+00
4.129991054534912109e+00
4.643929004669189453e+00
4.708808422088623047e+00
3.637081861495971680e+00
3.066423416137695312e+00
2.469217777252197266e+00
1.858552098274230957e+00
1.932774782180786133e+00
1.924072980880737305e+00
2.557219743728637695e+00
2.626709222793579102e+00
3.200572252273559570e+00
2.640069961547851562e+00
3.122700214385986328e+00
1.593239665031433105e+00
1.619369268417358398e+00
-5.066074132919311523e-01
-2.480885267257690430e+00
-8.183813095092773438e+00
-1.108881664276123047e+01
-8.020059585571289062e+00
-5.489496707916259766e+00
-5.570669651031494141e+00
-5.140174865722656250e+00
-5.342480659484863281e+00
-3.946698427200317383e+00
-3.025216341018676758e+00
-1.609615921974182129e+00
-3.943247795104980469e-01
1.474622011184692383e+00
2.761867761611938477e+00
2.774217367172241211e+00
3.132092714309692383e+00
4.434103488922119141e+00
4.222899436950683594e+00
5.090199470520019531e+00
4.841797351837158203e+00
5.883844852447509766e+00
5.734981536865234375e+00
6.618009567260742188e+00
5.933023929595947266e+00
6.107276916503906250e+00
5.396702766418457031e+00
4.653245925903320312e+00
6.171638965606689453e+00
6.242188930511474609e+00
5.972463130950927734e+00
4.158931732177734375e+00
1.208545088768005371e+00
-1.579936504364013672e+00
-4.474982738494873047e+00
-6.083128452301025391e+00
-2.088401317596435547e+00
2.342933177947998047e+00
2.789426565170288086e+00
4.195487499237060547e+00
5.480342388153076172e+00
5.071835041046142578e+00
3.603827953338623047e+00
6.041065216064453125e+00
6.105452060699462891e+00
3.323009729385375977e+00
2.646577358245849609e+00
1.893654823303222656e+00
2.297626256942749023e+00
2.594712972640991211e+00
2.119896411895751953e+00
1.434022426605224609e+00
3.206191778182983398e+00
5.263911247253417969e+00
6.312318325042724609e+00
6.280274868011474609e+00
2.935406684875488281e+00
2.821077704429626465e-01
-1.587602853775024414e+00
-2.698129177093505859e+00
-1.491688013076782227e+00
-1.180377840995788574e+00
-3.327233791351318359e-01
2.940386533737182617e-01
1.501688241958618164e+00
2.631170988082885742e+00
1.877435088157653809e+00
2.513933658599853516e+00
3.519942283630371094e+00
3.847620964050292969e+00
2.538065910339355469e+00
-1.393825888633728027e+00
-2.167110204696655273e+00
1.421032190322875977e+00
3.668979406356811523e+00
3.886543035507202148e+00
3.633014678955078125e+00
-1.931776851415634155e-02
-2.575740575790405273e+00
-3.688461065292358398e+00
-4.742686271667480469e+00
-6.556957244873046875e+00
-6.903420925140380859e+00
-5.966777801513671875e+00
-5.494597911834716797e+00
-9.050891876220703125e+00
-9.754858016967773438e+00
-7.732291221618652344e+00
-7.316363811492919922e+00
-6.116283416748046875e+00
-6.651937007904052734e+00
-5.412537097930908203e+00
-4.082350254058837891e+00
-2.859417676925659180e+00
-1.930170178413391113e+00
-1.521095752716064453e+00
-1.039303541183471680e+00
-8.386488556861877441e-01
-1.391631841659545898e+00
-1.781256556510925293e+00
-2.000473022460937500e+00
-3.119134426116943359e+00
-4.096819877624511719e+00
-4.004676818847656250e+00
-1.357023000717163086e+00
2.388708829879760742e+00
3.795804977416992188e+00
5.957131385803222656e+00
1.053446674346923828e+01
1.023119449615478516e+01
8.635229110717773438e+00
7.199193954467773438e+00
5.674932479858398438e+00
1.761035203933715820e+00
-2.900706291198730469e+00
-8.585614204406738281e+00
-8.340415954589843750e+00
-5.831002235412597656e+00
-2.427862644195556641e+00
1.579312562942504883e+00
3.026095628738403320e+00
4.042014598846435547e+00
3.988424539566040039e+00
4.530290603637695312e+00
5.973006248474121094e+00
6.303766250610351562e+00
4.442164421081542969e+00
1.861387252807617188e+00
3.080153942108154297e+00
6.602406501770019531e+00
6.079200744628906250e+00
5.198883056640625000e+00
2.025904178619384766e+00
-2.181530714035034180e+00
-3.781738281250000000e+00
-4.407145023345947266e+00
4.108077883720397949e-01
1.055818367004394531e+01
8.156098365783691406e+00
5.971427917480468750e+00
3.644008159637451172e+00
2.008476495742797852e+00
-2.973253726959228516e-01
-1.613461732864379883e+00
-2.462964057922363281e+00
-2.497647523880004883e+00
-2.380163908004760742e+00
-2.820494174957275391e+00
-2.596447229385375977e+00
-2.174431085586547852e+00
-2.596297979354858398e+00
-1.841848015785217285e+00
-3.273519992828369141e+00
-1.868175417184829712e-01
2.311133861541748047e+00
1.221511125564575195e+00
-5.281175136566162109e+00
-1.081613254547119141e+01
-1.146264266967773438e+01
-1.227886390686035156e+01
-1.184413242340087891e+01
-7.375698566436767578e+00
-2.386474847793579102e+00
-6.653365135192871094e+00
-1.241081809997558594e+01
-1.310157489776611328e+01
-1.358899021148681641e+01
-1.404141807556152344e+01
-1.484911441802978516e+01
-1.475209236145019531e+01
-1.399850749969482422e+01
-1.067666053771972656e+01
-3.822189807891845703e+00
-2.313977241516113281e+00
1.055145621299743652e+00
5.365321159362792969e+00
5.813566207885742188e+00
9.760102272033691406e+00
7.426198482513427734e+00
5.782457351684570312e+00
5.285775661468505859e+00
5.005722999572753906e+00
6.688015460968017578e+00
6.231244087219238281e+00
2.648944139480590820e+00
2.141464948654174805e+00
1.074755001068115234e+01
1.395590114593505859e+01
1.051324462890625000e+01
7.731223106384277344e+00
6.312391281127929688e+00
4.200885295867919922e+00
3.843331813812255859e+00
3.405144453048706055e+00
3.329616785049438477e+00
2.823246717453002930e+00
1.897499918937683105e+00
-3.077032268047332764e-01
-5.329836010932922363e-01
-2.811299562454223633e+00
-6.077087402343750000e+00
-1.276884436607360840e+00
1.861658215522766113e+00
-4.285765171051025391e+00
-1.001255416870117188e+01
-9.669592857360839844e+00
-3.055092811584472656e+00
1.688069820404052734e+00
1.521605372428894043e+00
-2.119090557098388672e+00
-6.960707187652587891e+00
-1.106759357452392578e+01
-9.728235244750976562e+00
-3.459285736083984375e+00
-4.165114462375640869e-02
-1.898099780082702637e+00
-5.242622852325439453e+00
-8.607379913330078125e+00
-1.068208408355712891e+01
-1.298064041137695312e+01
-1.292690467834472656e+01
-6.688074111938476562e+00
-8.156451225280761719e+00
-1.198392486572265625e+01
-1.166499805450439453e+01
-1.075068569183349609e+01
-1.000760078430175781e+01
-9.941339492797851562e+00
-1.048907184600830078e+01
-1.025292015075683594e+01
-7.287129402160644531e+00
-3.833307266235351562e+00
-2.995117902755737305e+00
-4.499829769134521484e+00
-5.731981754302978516e+00
-5.756756782531738281e+00
-5.983318328857421875e+00
-4.183589935302734375e+00
-2.556537866592407227e+00
-3.622102260589599609e+00
-3.329254865646362305e+00
-1.660470008850097656e+00
5.611266195774078369e-02
2.194957017898559570e+00
3.196331024169921875e+00
5.527696609497070312e+00
4.349059581756591797e+00
3.808401584625244141e+00
2.062386989593505859e+00
3.151615858078002930e+00
2.919161796569824219e+00
3.571782112121582031e+00
3.203479528427124023e+00
3.527287721633911133e+00
4.305602073669433594e+00
5.454163074493408203e+00
5.324231147766113281e+00
5.430745124816894531e+00
4.388722419738769531e+00
3.947430849075317383e+00
3.185731887817382812e+00
2.027876138687133789e+00
1.137009620666503906e+00
1.162892699241638184e+00
-4.355321871116757393e-04
3.606933653354644775e-01
7.698414325714111328e-01
1.313753128051757812e+00
2.428150177001953125e+00
2.434288501739501953e+00
3.353133440017700195e+00
3.788089513778686523e+00
4.592014312744140625e+00
5.406957626342773438e+00
5.166493415832519531e+00
5.610174655914306641e+00
4.871944904327392578e+00
4.419707775115966797e+00
3.078403949737548828e+00
3.036053895950317383e+00
2.705960512161254883e+00
2.670488357543945312e+00
2.035813808441162109e+00
1.707322001457214355e+00
4.305527210235595703e-01
6.309114694595336914e-01
2.050850391387939453e+00
3.407856702804565430e+00
3.098641395568847656e+00
3.562217950820922852e+00
3.825484752655029297e+00
4.898247241973876953e+00
6.131433486938476562e+00
6.628361701965332031e+00
7.324514865875244141e+00
7.672578334808349609e+00
8.327664375305175781e+00
8.647503852844238281e+00
9.054851531982421875e+00
1.036208820343017578e+01
8.999316215515136719e+00
8.719655990600585938e+00
7.140202522277832031e+00
6.488175868988037109e+00
6.255449771881103516e+00
5.925183296203613281e+00
6.197842121124267578e+00
6.980323314666748047e+00
7.260941028594970703e+00
7.062283515930175781e+00
5.646387100219726562e+00
3.782420873641967773e+00
3.012883186340332031e+00
5.066115379333496094e+00
6.669035434722900391e+00
7.821689605712890625e+00
8.137413024902343750e+00
9.033701896667480469e+00
7.544569492340087891e+00
6.812721252441406250e+00
5.214561939239501953e+00
3.796890497207641602e+00
1.934944391250610352e+00
1.845167130231857300e-01
-1.299489140510559082e-01
7.057749032974243164e-01
4.161100864410400391e+00
5.895455837249755859e+00
6.343872070312500000e+00
6.791499137878417969e+00
7.393019199371337891e+00
4.564529895782470703e+00
-2.710726261138916016e-01
8.421414345502853394e-02
3.488586902618408203e+00
5.445043563842773438e+00
3.974175214767456055e+00
2.836238384246826172e+00
8.456661701202392578e-01
2.025509119033813477e+00
2.172549486160278320e+00
1.200015902519226074e+00
1.744346022605895996e-01
-7.595948576927185059e-01
1.257500499486923218e-01
1.006115674972534180e+00
1.358124136924743652e+00
2.063619375228881836e+00
2.068549394607543945e+00
1.141076922416687012e+00
1.247147679328918457e+00
2.854479074478149414e+00
2.491255044937133789e+00
2.534195661544799805e+00
1.049525260925292969e+00
1.851107954978942871e+00
5.634186267852783203e-01
5.168785452842712402e-01
7.748382166028022766e-03
-2.044670730829238892e-01
2.640636861324310303e-01
7.007707953453063965e-01
9.017456173896789551e-01
6.261538267135620117e-01
8.894205093383789062e-01
-1.145179867744445801e-01
-2.145368814468383789e+00
-5.422422409057617188e+00
-9.255391120910644531e+00
-7.703892230987548828e+00
-5.660051345825195312e+00
-6.740355968475341797e+00
-6.377355575561523438e+00
-5.049459457397460938e+00
-3.237777709960937500e+00
-2.024926185607910156e+00
-7.040573954582214355e-01
1.592228889465332031e+00
2.621680259704589844e+00
2.561952590942382812e+00
2.517926931381225586e+00
3.980584859848022461e+00
3.296683311462402344e+00
3.981595754623413086e+00
2.994222164154052734e+00
2.830741405487060547e+00
1.417235493659973145e+00
1.295511841773986816e+00
3.579818010330200195e-01
1.193409562110900879e-01
-8.212949633598327637e-01
1.212563037872314453e+00
1.830943703651428223e+00
2.215860605239868164e+00
9.674637913703918457e-01
1.834320873022079468e-01
-1.965666532516479492e+00
-2.863755702972412109e+00
-3.117434263229370117e+00
-2.109083414077758789e+00
-1.215208888053894043e+00
-2.721177816390991211e+00
-4.893621444702148438e+00
-6.433163642883300781e+00
-7.695291996002197266e+00
-7.017058372497558594e+00
-5.687685012817382812e+00
-3.238245487213134766e+00
-1.971435189247131348e+00
-2.667563438415527344e+00
-5.647210597991943359e+00
-6.142189502716064453e+00
-2.330937147140502930e+00
2.492980808019638062e-01
1.945962786674499512e+00
2.268464088439941406e+00
1.789703726768493652e+00
1.219046115875244141e+00
2.271619886159896851e-01
-1.422740697860717773e+00
-6.270255893468856812e-02
1.965559959411621094e+00
2.255990743637084961e+00
3.431077718734741211e+00
3.498817205429077148e+00
2.560942173004150391e+00
2.103254646062850952e-01
-1.363851428031921387e+00
-1.878034919500350952e-01
4.190655708312988281e+00
6.810036659240722656e+00
7.828050136566162109e+00
6.714318752288818359e+00
5.644316673278808594e+00
3.964981317520141602e+00
3.760727405548095703e+00
3.985072135925292969e+00
6.145508766174316406e+00
6.155565738677978516e+00
5.569823741912841797e+00
4.558292865753173828e+00
2.815531730651855469e+00
-4.250885546207427979e-01
-2.075163841247558594e+00
1.681931853294372559e+00
4.167090415954589844e+00
5.259448528289794922e+00
1.598120689392089844e+00
7.377710938453674316e-01
-3.061748743057250977e-01
-1.727913767099380493e-01
-7.904570549726486206e-02
1.282890439033508301e-01
-2.443269193172454834e-01
-2.306459844112396240e-01
-6.295639276504516602e-01
2.560522317886352539e+00
5.861979484558105469e+00
9.582766532897949219e+00
1.213916587829589844e+01
8.427497863769531250e+00
4.206087589263916016e+00
1.798651695251464844e+00
1.027512192726135254e+00
9.827470779418945312e-01
1.020486950874328613e+00
2.218868017196655273e+00
4.173425197601318359e+00
5.674489498138427734e+00
6.182140350341796875e+00
5.095179080963134766e+00
2.583743333816528320e+00
4.719407558441162109e-01
-2.077677726745605469e+00
-3.206175088882446289e+00
5.149312019348144531e-01
2.637998819351196289e+00
3.246544122695922852e+00
-7.415014505386352539e-01
-5.507687091827392578e+00
-7.591710567474365234e+00
-8.944844245910644531e+00
-6.320436000823974609e+00
-2.033973217010498047e+00
-1.856613397598266602e+00
-3.080235481262207031e+00
-3.148617506027221680e+00
-1.779752850532531738e+00
1.334631919860839844e+00
3.849839687347412109e+00
5.616733551025390625e+00
5.917715072631835938e+00
6.531311988830566406e+00
5.701185226440429688e+00
4.203006267547607422e+00
3.481290578842163086e+00
2.441486120223999023e+00
1.263737320899963379e+00
-2.913598120212554932e-01
7.225370407104492188e-01
1.734240353107452393e-01
-2.188333988189697266e+00
-4.558226585388183594e+00
-8.054298400878906250e+00
-8.602943420410156250e+00
-5.646543979644775391e+00
-4.264911174774169922e+00
-4.778528213500976562e+00
-4.597248077392578125e+00
-1.151758670806884766e+00
3.407955408096313477e+00
4.266160488128662109e+00
3.839166164398193359e+00
2.663709640502929688e+00
2.305908441543579102e+00
2.721465349197387695e+00
4.283760547637939453e+00
4.183901786804199219e+00
1.892866015434265137e+00
-8.715818524360656738e-01
-3.913273572921752930e+00
-6.859617233276367188e+00
-8.284658432006835938e+00
-4.971737861633300781e+00
-2.738680124282836914e+00
-8.165867924690246582e-01
3.822132050991058350e-01
2.239204168319702148e+00
2.409020900726318359e+00
4.026139259338378906e+00
4.387194156646728516e+00
4.482812881469726562e+00
2.356096267700195312e+00
-1.618687152862548828e+00
-3.910511970520019531e+00
-4.837541580200195312e+00
-4.616353988647460938e+00
-2.331676244735717773e+00
-1.366981744766235352e+00
-2.118129491806030273e+00
-1.121734380722045898e+00
8.679502010345458984e-01
3.549004793167114258e+00
5.357978343963623047e+00
4.091019153594970703e+00
3.364373207092285156e+00
1.306012868881225586e+00
2.185269117355346680e+00
3.463123083114624023e+00
4.754978179931640625e+00
7.810128688812255859e+00
8.327837944030761719e+00
7.422205924987792969e+00
6.606621265411376953e+00
7.736325263977050781e+00
8.824689865112304688e+00
9.748859405517578125e+00
1.041025543212890625e+01
1.053498840332031250e+01
1.114631748199462891e+01
1.134145164489746094e+01
1.066258049011230469e+01
1.026612377166748047e+01
9.616661071777343750e+00
8.904263496398925781e+00
7.876167774200439453e+00
4.912396430969238281e+00
3.056267738342285156e+00
3.954997956752777100e-01
-1.450349330902099609e+00
-3.683285474777221680e+00
-4.981993198394775391e+00
-6.364585876464843750e+00
-5.466670513153076172e+00
-3.629300355911254883e+00
-2.561295032501220703e+00
-4.006623744964599609e+00
-5.248437881469726562e+00
-4.616575241088867188e+00
-4.638710021972656250e+00
-4.070074081420898438e+00
-7.953379154205322266e-01
-2.011787652969360352e+00
-4.087772846221923828e+00
-2.749550819396972656e+00
2.754028737545013428e-01
7.761024832725524902e-01
2.279778718948364258e+00
3.613589048385620117e+00
7.317094802856445312e+00
9.530901908874511719e+00
1.063740921020507812e+01
8.182151794433593750e+00
7.051362037658691406e+00
4.981688499450683594e+00
4.326652050018310547e+00
4.296776294708251953e+00
4.464670181274414062e+00
7.747468352317810059e-01
-2.522076845169067383e+00
-3.754697084426879883e+00
-1.563568472862243652e+00
7.152159810066223145e-01
2.243074655532836914e+00
1.870261073112487793e+00
-5.391955375671386719e-01
-4.609943389892578125e+00
-6.350857257843017578e+00
-3.934300422668457031e+00
-1.386627674102783203e+00
-2.199771642684936523e+00
-2.025444030761718750e+00
1.757041692733764648e+00
1.887146711349487305e+00
-4.840524494647979736e-02
-8.925104141235351562e-02
1.210788130760192871e+00
2.774193286895751953e+00
2.979383230209350586e+00
4.984696388244628906e+00
6.482505798339843750e+00
7.193868637084960938e+00
8.594876289367675781e+00
8.530809402465820312e+00
7.743522167205810547e+00
7.539985656738281250e+00
7.246151924133300781e+00
7.435466766357421875e+00
9.018566131591796875e+00
8.706469535827636719e+00
6.596415042877197266e+00
6.375670433044433594e+00
6.377764225006103516e+00
6.073013782501220703e+00
3.025528669357299805e+00
-6.253731250762939453e-01
-6.088330745697021484e-01
3.077935457229614258e+00
6.408404827117919922e+00
6.730487823486328125e+00
7.972796916961669922e+00
8.593247413635253906e+00
8.077783584594726562e+00
6.587492465972900391e+00
7.712514877319335938e+00
9.373214721679687500e+00
7.073425769805908203e+00
4.931746959686279297e+00
3.067557573318481445e+00
2.765860319137573242e+00
3.630599021911621094e+00
5.947048187255859375e+00
6.949187755584716797e+00
9.308307647705078125e+00
6.281037807464599609e+00
6.109889984130859375e+00
5.642099380493164062e+00
7.567815303802490234e+00
4.683146476745605469e+00
4.698799610137939453e+00
5.318389415740966797e+00
7.499434471130371094e+00
5.542954444885253906e+00
3.438596248626708984e+00
2.528773307800292969e+00
2.546175956726074219e+00
1.763303160667419434e+00
8.824197649955749512e-01
-5.155063271522521973e-01
-3.916139900684356689e-02
-9.303484559059143066e-01
-4.295255541801452637e-01
-1.464942574501037598e+00
-1.709326863288879395e+00
-3.019546747207641602e+00
-5.079977989196777344e+00
-4.037190914154052734e+00
-1.814806222915649414e+00
-1.307130217552185059e+00
-7.307293415069580078e-01
-2.113840818405151367e+00
-3.956707239151000977e+00
-7.072474002838134766e+00
-6.545445919036865234e+00
-3.055314540863037109e+00
-7.118865013122558594e+00
-7.013558387756347656e+00
-6.419632434844970703e+00
-6.543696403503417969e+00
-4.515582084655761719e+00
-4.542943477630615234e+00
-5.443102836608886719e+00
-6.133044242858886719e+00
-2.352037906646728516e+00
-1.040856480598449707e+00
-9.512765407562255859e-01
-3.669382333755493164e-01
1.385732531547546387e+00
2.908069372177124023e+00
4.614027023315429688e+00
4.309693336486816406e+00
5.010504245758056641e+00
5.329777240753173828e+00
5.610619068145751953e+00
5.077283382415771484e+00
4.898837566375732422e+00
3.553738355636596680e+00
3.517156839370727539e+00
2.998437643051147461e+00
3.363067865371704102e+00
2.037884473800659180e+00
1.557250767946243286e-01
-2.163535833358764648e+00
-2.122887134552001953e+00
-2.126263678073883057e-01
-8.847450613975524902e-01
-4.996906280517578125e+00
-5.790848255157470703e+00
-6.626053810119628906e+00
-6.151581287384033203e+00
-2.177586555480957031e+00
2.396720170974731445e+00
6.055190086364746094e+00
6.084969520568847656e+00
6.699847698211669922e+00
6.934422016143798828e+00
5.284913063049316406e+00
1.968542575836181641e+00
-1.621917933225631714e-01
-7.529148459434509277e-01
-2.127176046371459961e+00
-5.387048244476318359e+00
-7.620352745056152344e+00
-5.927336692810058594e+00
-3.317398309707641602e+00
-1.244468927383422852e+00
5.909531563520431519e-02
-8.160687685012817383e-01
-4.032975673675537109e+00
-7.020287036895751953e+00
-3.924144029617309570e+00
5.464590191841125488e-01
4.491415977478027344e+00
5.379028320312500000e+00
3.268015623092651367e+00
-1.909956812858581543e+00
-5.451286315917968750e+00
-5.093190670013427734e+00
-4.601660251617431641e+00
-2.487417697906494141e+00
-4.884155392646789551e-01
1.659253716468811035e+00
-2.688293755054473877e-01
1.506618022918701172e+00
3.843232870101928711e+00
-2.377082586288452148e+00
-3.855787754058837891e+00
-2.814503908157348633e+00
-6.969578862190246582e-01
1.318880170583724976e-01
-1.624356865882873535e+00
-4.414539813995361328e+00
-3.385235786437988281e+00
-1.484120965003967285e+00
-7.207952737808227539e-01
3.132906198501586914e+00
1.240245580673217773e+00
-1.529526829719543457e+00
-4.746358871459960938e+00
-7.082627773284912109e+00
-1.141676664352416992e+00
2.815950870513916016e+00
2.166929244995117188e+00
1.358469009399414062e+00
-1.195735216140747070e+00
-1.399643659591674805e+00
-4.121570110321044922e+00
-6.775607585906982422e+00
-6.371241569519042969e+00
-7.964966297149658203e+00
-6.146750450134277344e+00
-3.601396322250366211e+00
-4.765832901000976562e+00
-5.324387073516845703e+00
-5.314330101013183594e+00
-9.028582572937011719e+00
-9.921298027038574219e+00
-8.945757865905761719e+00
-5.757569313049316406e+00
-4.424892902374267578e+00
-3.989812374114990234e+00
5.683239698410034180e-01
2.185614347457885742e+00
-5.255416393280029297e+00
-7.396824359893798828e+00
-6.363008022308349609e+00
-5.852818012237548828e+00
-5.536750793457031250e+00
-1.278116822242736816e+00
-1.587627768516540527e+00
-2.444303750991821289e+00
-2.761925220489501953e+00
-2.146329641342163086e+00
-1.553610324859619141e+00
-3.229913711547851562e+00
-4.247976303100585938e+00
-2.726773500442504883e+00
-3.846372067928314209e-01
3.403320610523223877e-01
1.629475593566894531e+00
1.178841114044189453e+00
1.626591920852661133e+00
2.515856027603149414e+00
5.430745601654052734e+00
6.011435508728027344e+00
6.014194965362548828e+00
6.447574615478515625e+00
6.858990669250488281e+00
4.864498615264892578e+00
2.524557828903198242e+00
2.123889684677124023e+00
3.270406007766723633e+00
4.748889923095703125e+00
5.955453872680664062e+00
6.648746967315673828e+00
6.862441539764404297e+00
7.083755016326904297e+00
7.514448165893554688e+00
6.766849517822265625e+00
5.698720932006835938e+00
5.858356475830078125e+00
5.411419391632080078e+00
4.844064712524414062e+00
2.790092706680297852e+00
1.407794475555419922e+00
1.587323665618896484e+00
2.258924484252929688e+00
3.868647575378417969e+00
4.308657169342041016e+00
3.997495174407958984e+00
3.853930711746215820e+00
3.292443990707397461e+00
3.238113880157470703e+00
3.761689662933349609e+00
4.431712627410888672e+00
4.394738674163818359e+00
3.735879898071289062e+00
2.289811611175537109e+00
3.008643150329589844e+00
3.528422117233276367e+00
3.764746189117431641e+00
2.782869577407836914e+00
2.813263177871704102e+00
2.717102527618408203e+00
2.319466114044189453e+00
2.029010057449340820e+00
2.474493265151977539e+00
3.794794797897338867e+00
4.232438087463378906e+00
3.700457334518432617e+00
3.323108434677124023e+00
2.660653352737426758e+00
2.492634534835815430e+00
3.041797876358032227e+00
2.982883214950561523e+00
3.936460971832275391e+00
3.782419919967651367e+00
4.061710357666015625e+00
4.062325954437255859e+00
4.482419013977050781e+00
4.899798870086669922e+00
5.635739326477050781e+00
6.568486690521240234e+00
7.891107559204101562e+00
9.000424385070800781e+00
8.497063636779785156e+00
8.874090194702148438e+00
9.700201034545898438e+00
8.293671607971191406e+00
5.897181510925292969e+00
4.260490894317626953e+00
3.727892875671386719e+00
1.159342765808105469e+00
-2.262458324432373047e+00
-3.151844978332519531e+00
-5.595541477203369141e+00
-7.436115264892578125e+00
-9.839139938354492188e+00
-1.065279960632324219e+01
-1.196454811096191406e+01
-1.245275020599365234e+01
-1.221319675445556641e+01
-1.184119701385498047e+01
-1.117650127410888672e+01
-8.165966987609863281e+00
-5.022222518920898438e+00
-4.560913562774658203e+00
-4.412863731384277344e+00
-7.244680881500244141e+00
-8.734333038330078125e+00
-9.300084114074707031e+00
-1.010464954376220703e+01
-6.530063629150390625e+00
-4.822011470794677734e+00
-5.323598861694335938e+00
-6.925926208496093750e+00
-4.729892253875732422e+00
-5.529799461364746094e+00
-5.391411304473876953e+00
-4.801256179809570312e+00
-3.261565208435058594e+00
-9.835193157196044922e-01
-1.098464131355285645e+00
-3.233438491821289062e+00
-2.512709856033325195e+00
-1.712038159370422363e+00
-6.387339234352111816e-01
6.755039840936660767e-02
1.359134554862976074e+00
2.231562852859497070e+00
2.328660726547241211e+00
2.462512969970703125e+00
1.509502291679382324e+00
1.947145819664001465e+00
1.396800518035888672e+00
2.719789743423461914e+00
2.469168424606323242e+00
2.519060850143432617e+00
3.257144689559936523e+00
3.797037601470947266e+00
3.683079242706298828e+00
2.277782201766967773e+00
2.741753101348876953e+00
2.358142614364624023e+00
3.018922567367553711e+00
2.927887916564941406e+00
3.044607877731323242e+00
3.937274217605590820e+00
4.123434066772460938e+00
1.970933556556701660e+00
1.957499504089355469e+00
2.807446241378784180e+00
3.217802047729492188e+00
3.942844629287719727e+00
3.896354198455810547e+00
5.267313003540039062e+00
5.008680820465087891e+00
2.834857702255249023e+00
1.400226950645446777e+00
1.202234625816345215e+00
-1.596132397651672363e+00
-2.771810054779052734e+00
-3.905582904815673828e+00
-7.313503742218017578e+00
-6.011987686157226562e+00
-4.810991764068603516e+00
-4.090804576873779297e+00
-6.341020584106445312e+00
-5.436446189880371094e+00
-4.608562946319580078e+00
-4.490462779998779297e+00
-5.327691555023193359e+00
-3.521232366561889648e+00
-1.232661485671997070e+00
-6.697688102722167969e-01
-1.133837699890136719e+00
-5.706000328063964844e-01
7.681157588958740234e-01
2.811710536479949951e-01
1.203516483306884766e+00
1.905930519104003906e+00
2.808580160140991211e+00
2.718753814697265625e+00
4.418006420135498047e+00
5.071119785308837891e+00
4.705456256866455078e+00
4.496840000152587891e+00
5.342447757720947266e+00
4.728380680084228516e+00
2.968043804168701172e+00
2.931906700134277344e+00
1.769958734512329102e+00
2.817700624465942383e+00
3.957339286804199219e+00
4.123236179351806641e+00
4.375436305999755859e+00
3.901086330413818359e+00
2.485560655593872070e+00
1.838141918182373047e+00
2.910633325576782227e+00
2.327280521392822266e+00
2.174028635025024414e+00
1.615425229072570801e+00
4.872684955596923828e+00
4.706491470336914062e+00
2.199615716934204102e+00
8.690345883369445801e-01
1.408361554145812988e+00
-1.601876139640808105e+00
-2.367469072341918945e+00
-2.428922653198242188e+00
-3.953477859497070312e+00
-4.623821258544921875e+00
-6.504824638366699219e+00
-5.742630481719970703e+00
-1.502559185028076172e+00
-7.666944265365600586e-01
-2.411273002624511719e+00
-3.522489309310913086e+00
-9.826321601867675781e-01
3.084714651107788086e+00
1.745258927345275879e+00
-1.637643694877624512e+00
-5.235201835632324219e+00
-6.446155071258544922e+00
-6.294307708740234375e+00
-7.628538131713867188e+00
-8.954066276550292969e+00
-7.216702461242675781e+00
-6.438461780548095703e+00
-6.652455329895019531e+00
-4.608169078826904297e+00
-2.058056116104125977e+00
5.220305919647216797e-01
1.677347183227539062e+00
5.204775810241699219e+00
