1.906177401542663574e+00
9.720734953880310059e-01
-9.612107276916503906e-01
-2.244980573654174805e+00
-5.194602489471435547e+00
-8.093912124633789062e+00
-8.437711715698242188e+00
-6.515373706817626953e+00
-3.846790552139282227e+00
-3.479992151260375977e+00
-2.361527919769287109e+00
1.342520117759704590e+00
3.136134862899780273e+00
1.575294017791748047e+00
-1.723377823829650879e+00
-3.959959983825683594e+00
-5.047340869903564453e+00
-6.443910598754882812e+00
-6.439597129821777344e+00
-4.396742343902587891e+00
5.210196971893310547e-01
3.480624914169311523e+00
4.498121261596679688e+00
5.129935741424560547e+00
4.283761978149414062e+00
3.649257898330688477e+00
2.876566410064697266e+00
2.418708324432373047e+00
2.272531509399414062e+00
1.595778465270996094e+00
1.891658067703247070e+00
5.334190130233764648e-01
2.095614820718765259e-01
-6.943206787109375000e-01
-2.017432689666748047e+00
-2.982497215270996094e+00
-1.719014167785644531e+00
-1.298210117965936661e-03
5.151284933090209961e-01
1.138734817504882812e+00
2.132566452026367188e+00
2.983548879623413086e+00
2.074342250823974609e+00
3.024739503860473633e+00
1.336751818656921387e+00
9.197159409523010254e-01
3.749659955501556396e-01
1.064019680023193359e+00
1.343629240989685059e+00
2.089822769165039062e+00
3.127654552459716797e+00
4.985262870788574219e+00
5.247321605682373047e+00
6.245294570922851562e+00
6.068870544433593750e+00
6.037909984588623047e+00
5.896171569824218750e+00
6.048412322998046875e+00
5.468954563140869141e+00
4.829916000366210938e+00
3.496326446533203125e+00
1.603025794029235840e+00
5.145366787910461426e-01
-1.475986242294311523e-01
1.042992830276489258e+00
3.041822195053100586e+00
3.700383186340332031e+00
4.727469444274902344e+00
4.517643928527832031e+00
3.785798072814941406e+00
2.572453260421752930e+00
7.493318915367126465e-01
-1.623863935470581055e+00
-1.881386995315551758e+00
-2.333130836486816406e+00
-6.416425108909606934e-01
4.187451004981994629e-01
2.620300054550170898e+00
3.683720827102661133e+00
5.010528564453125000e+00
4.677846908569335938e+00
4.510273933410644531e+00
3.942647457122802734e+00
4.323842525482177734e+00
3.364126920700073242e+00
3.767013788223266602e+00
3.421217203140258789e+00
3.895023822784423828e+00
4.258223533630371094e+00
4.618760108947753906e+00
4.299611568450927734e+00
5.504375934600830078e+00
5.347377300262451172e+00
6.663562774658203125e+00
5.913104534149169922e+00
5.019526481628417969e+00
3.602126598358154297e+00
3.983617305755615234e+00
5.453965663909912109e+00
6.092462062835693359e+00
5.771611213684082031e+00
6.229764938354492188e+00
6.248056411743164062e+00
5.540169239044189453e+00
4.694388389587402344e+00
5.273106098175048828e+00
2.819007635116577148e+00
-2.866096973419189453e+00
-4.243934154510498047e+00
5.627529621124267578e-01
-2.701235771179199219e+00
-8.773819923400878906e+00
-7.680006027221679688e+00
-1.690370678901672363e+00
1.439051389694213867e+00
2.350648880004882812e+00
9.094367176294326782e-02
-2.490326166152954102e+00
-2.420738697052001953e+00
-3.102125406265258789e+00
-1.684479117393493652e+00
1.806416511535644531e+00
3.075297832489013672e+00
-1.351969361305236816e+00
-1.559625029563903809e+00
1.498064398765563965e+00
-1.743960976600646973e+00
1.528852820396423340e+00
3.219576835632324219e+00
3.427084684371948242e+00
4.997760772705078125e+00
6.635609626770019531e+00
6.787998676300048828e+00
5.586017608642578125e+00
3.600130558013916016e+00
4.732324600219726562e+00
4.547027111053466797e+00
3.805517435073852539e+00
1.875363945960998535e+00
7.739825844764709473e-01
7.158814668655395508e-01
6.610341668128967285e-01
-8.264718055725097656e-01
-2.088696718215942383e+00
-3.309362411499023438e+00
-4.373497009277343750e+00
-5.694191932678222656e+00
-5.441230773925781250e+00
-4.944647312164306641e+00
-1.524029970169067383e+00
1.339685559272766113e+00
3.323921918869018555e+00
5.481179237365722656e+00
6.192641735076904297e+00
6.525989532470703125e+00
6.521698951721191406e+00
7.072883129119873047e+00
6.338571548461914062e+00
5.435700416564941406e+00
4.706491470336914062e+00
2.697850227355957031e+00
1.334385514259338379e+00
3.075222671031951904e-01
-5.421041250228881836e-01
-1.593519091606140137e+00
-4.306348860263824463e-01
5.799343585968017578e-01
2.350895643234252930e+00
3.410445690155029297e+00
4.008514404296875000e+00
4.943284511566162109e+00
5.126730442047119141e+00
5.300319194793701172e+00
5.410506725311279297e+00
5.240468978881835938e+00
3.921251058578491211e+00
2.629642486572265625e+00
1.827887058258056641e+00
1.153155565261840820e+00
-8.705958127975463867e-01
-1.564554691314697266e+00
-2.675796985626220703e+00
-2.076569318771362305e+00
-2.840091466903686523e+00
-2.663840770721435547e+00
-4.022966861724853516e+00
-3.549629449844360352e+00
-4.087601661682128906e+00
-5.739032030105590820e-01
3.711303710937500000e+00
5.157223701477050781e+00
6.875063896179199219e+00
6.601245403289794922e+00
7.233456611633300781e+00
7.959632873535156250e+00
7.806777000427246094e+00
8.016132354736328125e+00
7.617609500885009766e+00
6.525865554809570312e+00
5.501935482025146484e+00
4.602121353149414062e+00
4.285190105438232422e+00
4.516780853271484375e+00
4.768584728240966797e+00
4.930809497833251953e+00
5.181899547576904297e+00
5.192228317260742188e+00
4.791535377502441406e+00
5.093231678009033203e+00
4.649424076080322266e+00
5.255506038665771484e+00
5.684422016143798828e+00
6.022281169891357422e+00
6.150982379913330078e+00
6.702288627624511719e+00
6.315006732940673828e+00
5.534031391143798828e+00
4.665201187133789062e+00
3.061641216278076172e+00
2.111145496368408203e+00
7.571955919265747070e-01
-2.559617161750793457e-01
-1.623987317085266113e+00
-1.806178689002990723e+00
-2.826163530349731445e+00
-3.588997125625610352e+00
-5.411897182464599609e+00
-5.636831283569335938e+00
-4.226924896240234375e+00
-3.361448764801025391e+00
-3.478784561157226562e+00
-4.609524250030517578e+00
-6.206725597381591797e+00
-5.906950473785400391e+00
-4.577799320220947266e+00
-4.966660022735595703e+00
-6.431907176971435547e+00
-6.826955318450927734e+00
-5.925067901611328125e+00
-4.384909629821777344e+00
-2.298965215682983398e+00
-9.333804845809936523e-01
5.124414563179016113e-01
-1.029172182083129883e+00
-5.640528202056884766e+00
-1.060904502868652344e+01
-1.035174655914306641e+01
-8.634470939636230469e+00
-4.650419235229492188e+00
-4.248667359352111816e-01
2.854602336883544922e-01
-2.135015487670898438e+00
-7.375378608703613281e+00
-7.834838390350341797e+00
-4.143606662750244141e+00
-1.372256875038146973e+00
-2.847758054733276367e+00
1.866292834281921387e+00
5.313976764678955078e+00
5.839844226837158203e+00
6.009438514709472656e+00
5.531664371490478516e+00
7.523567676544189453e+00
9.114185333251953125e+00
7.662644863128662109e+00
6.699947357177734375e+00
6.125740528106689453e+00
6.352498054504394531e+00
5.432840824127197266e+00
4.420767784118652344e+00
3.156077384948730469e+00
1.447802186012268066e+00
-3.329454660415649414e-01
-3.577804565429687500e+00
-4.350127696990966797e+00
-6.194596290588378906e+00
-7.876693248748779297e+00
-8.308176040649414062e+00
-7.717105865478515625e+00
-3.958062410354614258e+00
6.722750067710876465e-01
3.863125562667846680e+00
3.327668666839599609e+00
3.464701473712921143e-01
-2.456555843353271484e+00
-4.369330883026123047e+00
-3.298762083053588867e+00
5.105433464050292969e-01
-3.973321318626403809e-01
-4.696763038635253906e+00
-7.749571800231933594e+00
-4.463077545166015625e+00
5.690487384796142578e+00
1.038109588623046875e+01
3.247235059738159180e+00
-3.797538518905639648e+00
-4.058340549468994141e+00
1.245101690292358398e+00
2.396721124649047852e+00
3.025874137878417969e+00
1.547463774681091309e+00
-2.970540821552276611e-01
-5.661379918456077576e-02
2.318653106689453125e+00
3.276593446731567383e+00
4.788897514343261719e+00
4.413348197937011719e+00
4.653787612915039062e+00
4.222011566162109375e+00
4.162234306335449219e+00
4.118479251861572266e+00
4.759020328521728516e+00
4.634240627288818359e+00
3.895712852478027344e+00
4.016131401062011719e+00
2.816813468933105469e+00
2.273616552352905273e+00
-8.425927162170410156e-01
-1.115645647048950195e+00
-5.555830001831054688e+00
-5.762474060058593750e+00
-7.240021705627441406e+00
-3.913741588592529297e+00
-4.196407794952392578e+00
-7.028005123138427734e+00
-9.290000915527343750e+00
-5.964435100555419922e+00
-3.626760482788085938e+00
-2.555354118347167969e+00
-1.991426706314086914e+00
-8.153049945831298828e-01
1.051423400640487671e-01
3.905697166919708252e-01
1.332142591476440430e+00
1.138414502143859863e+00
2.285226583480834961e+00
3.599563121795654297e+00
5.171816825866699219e+00
5.648828506469726562e+00
6.361866950988769531e+00
6.594146728515625000e+00
6.299499988555908203e+00
6.026176452636718750e+00
6.150191783905029297e+00
5.989275455474853516e+00
6.189535617828369141e+00
6.771333694458007812e+00
6.636523246765136719e+00
6.660605430603027344e+00
7.376848220825195312e+00
7.500347137451171875e+00
7.708347320556640625e+00
6.906001091003417969e+00
5.222351074218750000e+00
4.156811237335205078e+00
2.322621583938598633e+00
5.388913750648498535e-01
4.480791687965393066e-01
1.546847820281982422e+00
-2.772277832031250000e+00
-6.396557331085205078e+00
-6.552423477172851562e+00
-5.084242343902587891e+00
-5.197387218475341797e+00
-5.315832614898681641e+00
-2.577934026718139648e+00
-1.195710420608520508e+00
-1.747609019279479980e+00
-5.319161891937255859e+00
-9.028829574584960938e+00
-1.004289817810058594e+01
-1.253217124938964844e+01
-1.060108375549316406e+01
-7.133457183837890625e+00
-4.527636051177978516e+00
-2.826928377151489258e+00
-2.465282201766967773e+00
-4.970135688781738281e+00
-5.539092540740966797e+00
-6.231129646301269531e+00
-5.280116081237792969e+00
-7.520567893981933594e+00
-7.656071662902832031e+00
-8.789056777954101562e+00
-8.609968185424804688e+00
-1.176983642578125000e+01
-1.181216049194335938e+01
-9.890041351318359375e+00
-8.008374214172363281e+00
-5.150947093963623047e+00
-1.407482385635375977e+00
-2.077850818634033203e+00
-6.212001323699951172e+00
-5.740584850311279297e+00
-4.785429477691650391e+00
-7.096580505371093750e+00
-1.132989788055419922e+01
-1.333587837219238281e+01
-1.603714752197265625e+01
-1.386721515655517578e+01
-1.042409324645996094e+01
-5.754831790924072266e+00
-1.728578925132751465e+00
4.048913121223449707e-01
1.849012851715087891e+00
-9.869215637445449829e-02
-1.408492922782897949e+00
-6.340749263763427734e-01
-1.100485801696777344e+00
9.851131588220596313e-02
1.218922376632690430e+00
2.111465692520141602e+00
1.050092101097106934e+00
-2.116798162460327148e+00
-4.826054096221923828e+00
-6.158090114593505859e+00
-5.089198112487792969e+00
-3.369040489196777344e+00
-9.050325751304626465e-01
2.849105358123779297e+00
5.479059696197509766e+00
7.192290782928466797e+00
6.299230098724365234e+00
6.506809711456298828e+00
6.467345714569091797e+00
6.918054580688476562e+00
5.404838562011718750e+00
5.216360092163085938e+00
3.132757663726806641e+00
3.071723222732543945e+00
2.155615091323852539e+00
3.288869142532348633e+00
2.735663890838623047e+00
2.482282161712646484e+00
7.743276357650756836e-01
-8.606371879577636719e-01
8.351156115531921387e-01
7.812297940254211426e-01
2.206518173217773438e+00
3.193915605545043945e+00
4.504332542419433594e+00
4.828856945037841797e+00
4.617231369018554688e+00
4.543353557586669922e+00
3.203308105468750000e+00
2.125270366668701172e+00
4.134698510169982910e-01
-2.315456151962280273e+00
-6.112560749053955078e+00
-5.796369552612304688e+00
-6.026800632476806641e+00
-8.980514526367187500e+00
-7.976624488830566406e+00
-4.822972774505615234e+00
-3.711089849472045898e+00
-1.740978121757507324e+00
-5.286448597908020020e-01
-5.258521556854248047e+00
-7.732044219970703125e+00
-9.390180587768554688e+00
-9.997074127197265625e+00
-8.997795104980468750e+00
-5.375758647918701172e+00
-1.676048517227172852e+00
1.259398937225341797e+00
1.963661551475524902e+00
2.055583715438842773e+00
2.137989759445190430e+00
1.646040797233581543e+00
2.165376245975494385e-01
-2.539677381515502930e+00
-4.069015026092529297e+00
4.943211376667022705e-02
2.898875236511230469e+00
4.468884944915771484e+00
3.207645893096923828e+00
-3.389846980571746826e-01
-4.539122581481933594e+00
-2.113667964935302734e+00
-1.416898846626281738e+00
-7.901985168457031250e+00
-8.884649276733398438e+00
-6.804893016815185547e+00
-5.226845741271972656e+00
-4.563946247100830078e+00
-4.304327487945556641e+00
-2.050415277481079102e+00
-3.772666454315185547e-01
7.629393339157104492e-01
4.698210060596466064e-01
1.266870051622390747e-01
7.004254460334777832e-01
1.124339580535888672e+00
1.911205649375915527e+00
2.024745464324951172e+00
2.080825328826904297e+00
2.795392036437988281e+00
3.008593559265136719e+00
2.853937149047851562e+00
3.978637695312500000e+00
2.821053028106689453e+00
1.499321699142456055e+00
-6.391530036926269531e-01
-1.477711081504821777e+00
-2.015042066574096680e+00
-2.560654640197753906e+00
-1.734001994132995605e+00
-2.587252140045166016e+00
-2.435084819793701172e+00
-2.234356880187988281e+00
4.420397579669952393e-01
-5.072928905487060547e+00
-9.945257186889648438e+00
-9.916417121887207031e+00
-8.006920814514160156e+00
-5.044728279113769531e+00
-8.256334662437438965e-01
3.473821878433227539e+00
5.173962116241455078e+00
5.449651241302490234e+00
4.219274520874023438e+00
4.029269695281982422e+00
3.960150241851806641e+00
4.253046989440917969e+00
3.321432590484619141e+00
2.518296241760253906e+00
2.692402601242065430e-01
-1.409651398658752441e+00
-2.210741043090820312e+00
-1.083526253700256348e+00
-4.448335468769073486e-01
-1.055227637290954590e+00
-5.146434307098388672e-01
2.450335770845413208e-01
1.694010496139526367e+00
3.123095035552978516e+00
2.172204732894897461e+00
9.482857584953308105e-01
2.512947320938110352e-01
1.493405103683471680e-01
-4.691390991210937500e-01
-6.370822787284851074e-01
-1.480669736862182617e+00
-1.307302832603454590e+00
-6.174360513687133789e-01
-3.359279930591583252e-01
8.711051940917968750e-01
1.957228064537048340e+00
1.507456064224243164e+00
-4.772981405258178711e-01
-8.632993698120117188e-01
-5.533695816993713379e-01
4.247352182865142822e-01
1.547463893890380859e+00
2.325899839401245117e+00
3.017148017883300781e+00
3.968136548995971680e+00
4.380711555480957031e+00
2.357772588729858398e+00
3.595274448394775391e+00
2.577482223510742188e+00
1.224567770957946777e+00
1.712621808052062988e+00
6.578789949417114258e-01
3.186150491237640381e-01
-1.454022288322448730e+00
-1.901156544685363770e+00
-2.296697616577148438e+00
-2.349695682525634766e+00
-2.991445064544677734e+00
-4.596090316772460938e+00
-9.844858169555664062e+00
-1.063623619079589844e+01
-9.344158172607421875e+00
-8.436108589172363281e+00
-1.206990528106689453e+01
-9.815079689025878906e+00
-5.540819644927978516e+00
-5.484588146209716797e+00
-5.816729545593261719e+00
-5.508353710174560547e+00
-4.799925327301025391e+00
-5.269515514373779297e+00
-8.303170204162597656e+00
-7.801361083984375000e+00
-4.047370433807373047e+00
-5.077735424041748047e+00
-3.423592329025268555e+00
-1.250705838203430176e+00
-9.138326048851013184e-01
-1.766984224319458008e+00
-2.127053022384643555e+00
-1.885848760604858398e+00
-3.192124128341674805e+00
-3.392113447189331055e+00
-1.567414402961730957e+00
-6.570994108915328979e-02
-7.712300121784210205e-02
-1.124421238899230957e+00
-4.600797653198242188e+00
-6.017802238464355469e+00
-5.118357658386230469e+00
-2.469250917434692383e+00
6.893083453178405762e-01
1.622918486595153809e+00
-2.434638887643814087e-02
-3.323658943176269531e+00
-3.375647068023681641e+00
-3.904152631759643555e+00
-2.287034511566162109e+00
-2.719156026840209961e+00
-1.341813325881958008e+00
1.637240529060363770e+00
3.596777915954589844e+00
6.022381782531738281e+00
8.174189567565917969e+00
6.506933689117431641e+00
7.305188655853271484e+00
6.153076648712158203e+00
3.751508235931396484e+00
8.876702785491943359e-01
-1.487990498542785645e+00
6.544526219367980957e-01
4.111331462860107422e+00
4.016500473022460938e+00
3.636489629745483398e+00
3.071452140808105469e+00
6.691936254501342773e-01
-2.008681774139404297e+00
-4.963998317718505859e+00
-2.122320652008056641e+00
7.424372673034667969e+00
5.129049301147460938e+00
8.637840151786804199e-01
-1.946094632148742676e+00
-2.897133350372314453e+00
1.695095300674438477e+00
2.378750562667846680e+00
1.545787453651428223e+00
-1.292142868041992188e+00
-2.916360139846801758e+00
5.412972927093505859e+00
7.741970062255859375e+00
3.646079063415527344e+00
8.342775106430053711e-01
-7.673842906951904297e-01
4.621791839599609375e-01
6.149625778198242188e-01
2.567351341247558594e+00
4.695570468902587891e+00
2.056322813034057617e+00
-1.210476160049438477e+00
-3.427683591842651367e+00
-4.344039440155029297e+00
-2.293122768402099609e+00
4.721133708953857422e-01
-3.061945676803588867e+00
-4.104140758514404297e+00
-6.786921024322509766e-01
2.925916194915771484e+00
2.065024614334106445e+00
2.676454544067382812e+00
3.309600114822387695e+00
5.097151279449462891e+00
4.515869617462158203e+00
3.652956008911132812e+00
2.902547836303710938e+00
2.852187156677246094e+00
1.123648881912231445e+00
1.032491683959960938e+00
-1.279520541429519653e-01
4.765730723738670349e-02
2.425932437181472778e-01
7.994710803031921387e-01
-9.477764368057250977e-01
-2.410804510116577148e+00
-2.873296022415161133e+00
-2.448149681091308594e+00
-3.465129137039184570e+00
-3.389130592346191406e+00
-3.325113058090209961e+00
-4.294813156127929688e+00
-6.344964504241943359e+00
-3.677885532379150391e+00
3.416879773139953613e-01
4.274492263793945312e+00
4.315732955932617188e+00
3.181714057922363281e+00
8.985903263092041016e-01
-4.920390248298645020e-01
-1.554891467094421387e+00
-1.794346094131469727e+00
-1.887376785278320312e+00
-4.718997478485107422e-01
-7.744343578815460205e-02
2.194242000579833984e+00
1.408558368682861328e+00
1.092491030693054199e+00
-8.889110088348388672e-01
-1.369743198156356812e-01
1.777378320693969727e-01
2.057579994201660156e+00
1.107971310615539551e+00
1.216531753540039062e+00
6.933016777038574219e-01
1.823499202728271484e+00
7.791591286659240723e-01
5.937139987945556641e-01
-3.019349575042724609e-01
3.397652208805084229e-01
6.834415793418884277e-01
-2.154069423675537109e+00
-4.506830692291259766e+00
-4.473725795745849609e+00
-3.425859212875366211e+00
-2.620357513427734375e+00
-2.776960849761962891e+00
-1.468492627143859863e+00
-7.206968963146209717e-02
9.678827524185180664e-01
1.625531464815139771e-01
-2.907190918922424316e-01
-1.760229825973510742e+00
-2.524714231491088867e+00
-2.388397216796875000e+00
-3.254514217376708984e+00
-3.455538988113403320e+00
-4.619162559509277344e+00
-4.790927886962890625e+00
-4.103376865386962891e+00
-4.031816482543945312e+00
-3.011657953262329102e+00
-4.364844322204589844e+00
-5.824692249298095703e+00
-8.549897193908691406e+00
-9.893445014953613281e+00
-8.056691169738769531e+00
-9.271342277526855469e+00
-1.033601760864257812e+01
-8.238439559936523438e+00
-1.182337570190429688e+01
-1.444051170349121094e+01
-1.167108345031738281e+01
-9.140546798706054688e+00
-7.539450168609619141e+00
-6.071418762207031250e+00
-5.363384246826171875e+00
-2.850986480712890625e+00
-2.329877138137817383e+00
2.247856855392456055e+00
6.554459571838378906e+00
8.215505599975585938e+00
9.006412506103515625e+00
9.017998695373535156e+00
8.057397842407226562e+00
7.224655628204345703e+00
5.385709762573242188e+00
3.236240625381469727e+00
4.848330616950988770e-01
-2.409596204757690430e+00
-3.307315111160278320e+00
-5.667100906372070312e+00
-6.308407306671142578e+00
-5.948411464691162109e+00
-5.107684612274169922e+00
-5.382512092590332031e+00
-5.884618759155273438e+00
-2.371117353439331055e+00
-5.101075768470764160e-01
-8.361715316772460938e+00
-6.746716976165771484e+00
-3.258137941360473633e+00
-1.666237831115722656e+00
-3.450116395950317383e+00
-1.242915987968444824e+00
-5.281273126602172852e-01
-3.406608104705810547e-01
1.094807982444763184e+00
3.909124374389648438e+00
5.646066665649414062e+00
5.175465583801269531e+00
3.583171129226684570e+00
1.485813260078430176e+00
1.703008174896240234e+00
2.270560026168823242e+00
2.007539749145507812e+00
3.249156951904296875e+00
3.718994379043579102e+00
1.942832231521606445e+00
4.865337312221527100e-01
2.026569604873657227e+00
4.707181930541992188e+00
2.894116401672363281e+00
2.189770154654979706e-02
-3.827564001083374023e+00
-5.730356216430664062e+00
-7.013606071472167969e+00
-5.232539176940917969e+00
-4.469781517982482910e-01
3.167563915252685547e+00
7.664887905120849609e-01
-8.047050237655639648e-01
-4.229316711425781250e+00
-4.963159561157226562e+00
-4.142669677734375000e+00
-3.949262619018554688e+00
-3.077007055282592773e+00
4.883333742618560791e-01
7.160786986351013184e-01
-4.865172803401947021e-01
-3.645248651504516602e+00
-4.987932205200195312e+00
-2.873911857604980469e+00
-1.792768478393554688e+00
-4.554627895355224609e+00
-6.808344364166259766e+00
-7.348852157592773438e+00
-7.477159500122070312e+00
-7.270933628082275391e+00
-6.379819869995117188e+00
-4.934961318969726562e+00
-4.181815624237060547e+00
-3.620178699493408203e+00
-2.102205514907836914e+00
1.828503608703613281e+00
5.342966556549072266e+00
7.287636756896972656e+00
7.994070529937744141e+00
5.971798419952392578e+00
6.776608467102050781e+00
6.054944038391113281e+00
6.358514308929443359e+00
5.153723239898681641e+00
5.275644779205322266e+00
4.755101203918457031e+00
5.252202510833740234e+00
4.987654209136962891e+00
5.026306152343750000e+00
4.658127307891845703e+00
3.638141632080078125e+00
2.852704286575317383e+00
1.786006212234497070e+00
9.378586411476135254e-01
1.148965120315551758e+00
-4.759425520896911621e-01
-2.551238536834716797e-01
5.083987712860107422e-01
1.304583072662353516e+00
1.872899055480957031e+00
9.306362271308898926e-01
9.462398886680603027e-01
-1.539336889982223511e-01
9.144655466079711914e-01
1.071538209915161133e+00
3.286651372909545898e+00
5.270493507385253906e+00
6.211990833282470703e+00
5.562723159790039062e+00
5.008040428161621094e+00
4.803663730621337891e+00
4.894918918609619141e+00
4.093852996826171875e+00
2.931758165359497070e+00
3.826544523239135742e+00
7.257244110107421875e+00
9.371510505676269531e+00
6.633463859558105469e+00
4.100633144378662109e+00
1.727115988731384277e+00
1.994228839874267578e+00
3.190513849258422852e+00
3.752568483352661133e+00
2.775844097137451172e+00
-3.201516866683959961e-01
-7.101954221725463867e-01
1.479822874069213867e+00
1.863309741020202637e+00
3.814342260360717773e+00
5.688047885894775391e+00
7.071897983551025391e+00
8.659361839294433594e+00
8.766295433044433594e+00
9.331527709960937500e+00
8.980976104736328125e+00
7.792429447174072266e+00
5.585994720458984375e+00
3.551149368286132812e+00
2.077201366424560547e+00
1.000470757484436035e+00
1.026033163070678711e+00
1.146992921829223633e+00
1.657109141349792480e+00
2.998709440231323242e+00
6.556974887847900391e+00
7.611371994018554688e+00
8.105564117431640625e+00
7.368096828460693359e+00
6.868727207183837891e+00
7.031421184539794922e+00
7.996930122375488281e+00
8.079681396484375000e+00
9.038114547729492188e+00
8.674423217773437500e+00
7.278936386108398438e+00
4.994039058685302734e+00
4.291723251342773438e+00
2.093569517135620117e+00
2.652937412261962891e+00
8.072113990783691406e-01
-1.284945130348205566e+00
-2.510096311569213867e+00
-1.655662775039672852e+00
-2.830649852752685547e+00
-9.779583930969238281e+00
-8.118365287780761719e+00
-3.053539514541625977e+00
9.052708745002746582e-01
1.916949272155761719e+00
3.435366749763488770e-01
-5.191053152084350586e-01
-3.541938662528991699e-01
6.027483463287353516e+00
5.777231216430664062e+00
5.964673995971679688e+00
1.892989039421081543e+00
-3.870036125183105469e+00
-3.692946910858154297e+00
-4.399848461151123047e+00
-7.196465969085693359e+00
-1.056252956390380859e+01
-7.922739505767822266e+00
-3.361325263977050781e+00
1.321863174438476562e+00
3.542003870010375977e+00
4.160632610321044922e+00
5.245275020599365234e+00
4.613582611083984375e+00
3.152454614639282227e+00
1.564521908760070801e+00
-8.898725509643554688e-01
-1.931279420852661133e+00
-4.621923923492431641e+00
-3.408136129379272461e+00
-1.464375495910644531e+00
-2.570070743560791016e+00
-5.815916061401367188e+00
-2.924543857574462891e+00
3.275261878967285156e+00
4.982108592987060547e+00
2.983178615570068359e+00
5.814034938812255859e+00
7.833325386047363281e+00
4.912816524505615234e+00
2.352300643920898438e+00
-1.144363760948181152e+00
-2.228588342666625977e+00
-9.292389452457427979e-02
3.986797928810119629e-01
-2.448691725730895996e-01
3.092724382877349854e-01
-4.195101737976074219e+00
7.587978243827819824e-01
-1.257639884948730469e+01
-7.531219005584716797e+00
-3.069463968276977539e+00
3.401349484920501709e-01
2.690775632858276367e+00
5.489783763885498047e+00
-2.566027641296386719e+00
-5.812170028686523438e+00
3.011970281600952148e+00
4.038316249847412109e+00
3.776011705398559570e+00
3.787892341613769531e+00
3.636982917785644531e+00
5.174060821533203125e+00
6.106018543243408203e+00
4.955830574035644531e+00
4.049631595611572266e+00
3.880676507949829102e+00
2.161752700805664062e+00
1.072277426719665527e+00
1.051423326134681702e-01
3.945137858390808105e-01
4.509386122226715088e-01
1.675424456596374512e+00
2.651926755905151367e+00
1.363916873931884766e+00
-2.167183876037597656e+00
-7.226637363433837891e+00
-8.148512840270996094e+00
-5.406176567077636719e+00
-5.082838535308837891e+00
-2.268817901611328125e+00
2.722524881362915039e+00
4.114486217498779297e+00
1.220623850822448730e+00
-2.757463455200195312e+00
-1.570667982101440430e+00
-3.921062350273132324e-01
-1.995937705039978027e+00
-3.275615692138671875e+00
-5.686034560203552246e-01
1.823672413825988770e+00
3.407215833663940430e+00
4.893734931945800781e+00
4.900957584381103516e+00
3.289583683013916016e+00
2.557909488677978516e+00
1.092441320419311523e+00
6.296543478965759277e-01
-2.897821664810180664e-01
1.675350427627563477e+00
4.963274478912353516e+00
6.465669155120849609e+00
6.320873737335205078e+00
7.297621726989746094e+00
4.413496017456054688e+00
1.037840723991394043e+00
8.200295567512512207e-01
-4.038892388343811035e-01
9.466587752103805542e-02
-1.042384624481201172e+00
-6.031880378723144531e-01
-1.653690814971923828e+00
-2.968866109848022461e+00
-5.042212963104248047e+00
-7.266495227813720703e+00
-7.606598377227783203e+00
-6.172187805175781250e+00
-4.917062759399414062e+00
-5.292268276214599609e+00
-4.980413913726806641e+00
-3.883816480636596680e+00
-2.692632198333740234e+00
-1.808495879173278809e+00
-2.743412256240844727e+00
-4.954827785491943359e+00
-4.617189407348632812e+00
-2.682525873184204102e+00
-2.234994433820247650e-03
-3.838680505752563477e+00
-1.055138778686523438e+01
-5.968601703643798828e+00
-5.978561878204345703e+00
-1.131483745574951172e+01
-1.329152870178222656e+01
-8.308026313781738281e+00
-1.308560013771057129e+00
-1.592311143875122070e+00
-9.703166961669921875e+00
-1.143589591979980469e+01
-9.852574348449707031e+00
-6.782238483428955078e+00
-3.312295913696289062e+00
-1.709253191947937012e+00
-7.575982213020324707e-01
5.338134765625000000e-01
1.827615976333618164e+00
4.081922531127929688e+00
3.180135965347290039e+00
1.664380788803100586e+00
2.046142339706420898e+00
3.783726453781127930e+00
3.401274681091308594e+00
1.926661610603332520e+00
3.820900022983551025e-01
-1.578950762748718262e+00
-2.715556859970092773e+00
-4.099679946899414062e+00
-4.552680969238281250e+00
-6.060472965240478516e+00
-6.098239421844482422e+00
-7.450880050659179688e+00
-9.794249534606933594e+00
-1.005620956420898438e+01
-9.143552780151367188e+00
-1.380512237548828125e+01
-1.598920249938964844e+01
-1.251228237152099609e+01
-7.482878208160400391e+00
-1.818626880645751953e+00
-1.011226534843444824e+00
-4.432509422302246094e+00
-5.363409042358398438e+00
-3.503509044647216797e+00
-7.453174591064453125e+00
-7.138732433319091797e+00
-5.720174312591552734e+00
-5.342899799346923828e+00
-3.425047159194946289e+00
-1.923637747764587402e+00
-1.416972517967224121e+00
-4.411482334136962891e+00
-4.874319076538085938e+00
-3.838902473449707031e+00
3.090753853321075439e-01
3.276297569274902344e+00
5.121382713317871094e+00
4.942788600921630859e+00
3.828319787979125977e+00
5.015829086303710938e+00
4.780467033386230469e+00
5.005549430847167969e+00
3.541141271591186523e+00
2.157143115997314453e+00
1.376587033271789551e+00
7.265796065330505371e-01
1.104889869689941406e+00
8.145818114280700684e-01
2.332407712936401367e+00
2.875407457351684570e+00
3.945483922958374023e+00
2.855316877365112305e+00
3.605429887771606445e+00
4.129277706146240234e+00
4.084092140197753906e+00
2.853049278259277344e+00
2.854010343551635742e+00
2.836534023284912109e+00
2.421567916870117188e+00
1.882216930389404297e+00
1.233885645866394043e+00
-5.623174905776977539e-01
-2.105065345764160156e+00
-3.586850881576538086e+00
-3.548421382904052734e+00
-3.833010435104370117e+00
-2.099592208862304688e+00
-3.284884691238403320e+00
-5.470712184906005859e+00
-4.363809585571289062e+00
-2.820839643478393555e+00
-2.131293296813964844e+00
-5.949793383479118347e-02
-3.488200604915618896e-01
-6.119880676269531250e-01
-2.381593704223632812e+00
-3.411045312881469727e+00
-4.971910476684570312e+00
-1.450102806091308594e+00
-1.717313751578330994e-02
2.230182409286499023e+00
4.223589897155761719e+00
4.952083587646484375e+00
5.244067668914794922e+00
6.635658264160156250e+00
7.815305709838867188e+00
7.361368179321289062e+00
6.646332740783691406e+00
6.296641349792480469e+00
6.703940391540527344e+00
5.876226425170898438e+00
4.848724365234375000e+00
3.678124427795410156e+00
3.336591958999633789e+00
2.156502246856689453e+00
2.084350347518920898e+00
1.884262800216674805e+00
4.050739288330078125e+00
4.265815258026123047e+00
4.055300712585449219e+00
4.315633296966552734e+00
2.874224424362182617e+00
-2.120989561080932617e+00
-4.470769315958023071e-02
2.080209255218505859e+00
-6.961201429367065430e-01
-4.381902694702148438e+00
-2.922326087951660156e+00
7.423048466444015503e-02
3.270775556564331055e+00
6.021344661712646484e+00
6.034829139709472656e+00
4.722661018371582031e+00
4.496592521667480469e+00
1.950399994850158691e+00
-3.598389923572540283e-01
-1.438245892524719238e+00
-3.270290791988372803e-01
1.849135637283325195e+00
3.040244579315185547e+00
2.078310966491699219e+00
1.143048763275146484e+00
1.269160389900207520e+00
7.107545435428619385e-02
2.769312262535095215e-01
1.857837080955505371e+00
2.521402835845947266e+00
2.099830865859985352e+00
2.089576244354248047e+00
3.276075601577758789e+00
3.617730379104614258e+00
3.192264556884765625e+00
3.698090553283691406e+00
4.774575233459472656e+00
4.178477764129638672e+00
3.053655147552490234e+00
3.286699533462524414e+00
3.572472095489501953e+00
3.187901020050048828e+00
1.782012820243835449e+00
-1.660371869802474976e-01
-6.984127759933471680e-01
-2.222080469131469727e+00
-2.707152366638183594e+00
-2.550572156906127930e+00
-3.633540153503417969e+00
-6.068486213684082031e+00
-6.746593952178955078e+00
-2.771735906600952148e+00
-8.044637680053710938e+00
-1.213224506378173828e+01
-8.432782173156738281e+00
-4.729226112365722656e+00
-3.824481964111328125e+00
-8.066132545471191406e+00
-1.133763885498046875e+01
-1.071080398559570312e+01
-8.296071052551269531e+00
-4.852380275726318359e+00
-5.002008438110351562e+00
-4.615834712982177734e+00
-7.030295372009277344e+00
-6.377576351165771484e+00
-5.651227474212646484e+00
-4.837959766387939453e+00
-4.379930496215820312e+00
-2.935883283615112305e+00
-1.460973739624023438e+00
-1.432921648025512695e+00
-2.421453475952148438e+00
-2.590678691864013672e+00
-1.482690930366516113e+00
-9.939465522766113281e-01
2.317223101854324341e-01
-2.999382317066192627e-01
5.701479911804199219e-01
-1.559895873069763184e+00
-3.940092325210571289e+00
-5.428411483764648438e+00
-7.037369251251220703e+00
-6.291866302490234375e+00
-3.574255943298339844e+00
7.639991641044616699e-01
2.194981813430786133e+00
2.524952173233032227e+00
1.363990783691406250e+00
1.147165417671203613e+00
1.145292043685913086e+00
9.909064173698425293e-01
-4.120730459690093994e-01
2.865202426910400391e+00
4.330769062042236328e+00
4.994976043701171875e+00
3.926699399948120117e+00
2.929071187973022461e+00
8.607521057128906250e-01
-1.702498555183410645e+00
-1.247476458549499512e+00
-4.050131797790527344e+00
-6.023176670074462891e+00
-5.890558242797851562e+00
-8.002213478088378906e+00
-9.435215950012207031e+00
-8.724249839782714844e+00
-6.337643146514892578e+00
-4.077075004577636719e+00
-1.750715136528015137e+00
-9.457056522369384766e-01
-6.091781258583068848e-01
-1.025302410125732422e+00
8.322069644927978516e-01
7.500470280647277832e-01
-4.525246322154998779e-01
-1.551391601562500000e+00
-1.061217427253723145e+00
-9.878332614898681641e-01
1.842800617218017578e+00
4.903744220733642578e+00
6.131139278411865234e+00
6.425810337066650391e+00
6.799856185913085938e+00
8.036963462829589844e+00
8.424023628234863281e+00
6.657155036926269531e+00
4.887228012084960938e+00
2.490663766860961914e+00
2.382302880287170410e-01
-6.238203048706054688e-01
8.584594726562500000e-01
3.041452169418334961e+00
2.715499639511108398e+00
4.125825762748718262e-01
1.224592328071594238e+00
4.609417438507080078e+00
5.910985946655273438e+00
6.240265369415283203e+00
6.134047508239746094e+00
7.612087249755859375e+00
8.526792526245117188e+00
9.170463562011718750e+00
9.867874145507812500e+00
1.088573932647705078e+01
9.962011337280273438e+00
7.721609115600585938e+00
5.300616264343261719e+00
6.446912288665771484e-01
1.487241126596927643e-02
9.612025618553161621e-01
1.569575667381286621e+00
1.012993097305297852e+00
3.327151536941528320e+00
3.181492090225219727e+00
3.933749198913574219e+00
2.726198673248291016e+00
3.012315988540649414e+00
4.426190376281738281e+00
5.748291492462158203e+00
4.774797439575195312e+00
3.055577754974365234e+00
2.001820564270019531e+00
-9.203650355339050293e-01
-2.988610982894897461e+00
-1.252012014389038086e+00
2.369900703430175781e+00
2.339876890182495117e+00
3.414635658264160156e+00
3.461619377136230469e+00
2.308422803878784180e+00
1.046517968177795410e+00
1.369734168052673340e+00
1.430398941040039062e+00
7.811064720153808594e-01
9.091410636901855469e-01
1.407868742942810059e+00
1.691816806793212891e+00
9.962801933288574219e-01
8.304322361946105957e-01
2.282762050628662109e+00
1.573199033737182617e+00
3.077195882797241211e-01
1.401385068893432617e+00
2.329277276992797852e+00
3.134976625442504883e+00
2.902596712112426758e+00
1.529124021530151367e+00
1.183623552322387695e+00
-5.148901939392089844e-01
-1.417811512947082520e-01
4.363702535629272461e-01
1.969208121299743652e+00
3.246322393417358398e+00
3.566383838653564453e+00
2.258875608444213867e+00
1.729137778282165527e+00
-5.048573017120361328e-01
9.503563493490219116e-02
9.356155991554260254e-01
1.461384415626525879e+00
2.272335290908813477e+00
3.274645328521728516e+00
2.611844778060913086e+00
3.134458303451538086e+00
2.926089048385620117e+00
4.319011211395263672e+00
5.341141223907470703e+00
7.656778812408447266e+00
7.826298236846923828e+00
6.464783191680908203e+00
5.637366771697998047e+00
6.369805812835693359e+00
4.723943710327148438e+00
2.588994264602661133e+00
1.126410007476806641e+00
1.518425464630126953e+00
1.409840583801269531e+00
-2.994207665324211121e-02
-2.331109941005706787e-01
-6.677476763725280762e-01
-1.126541256904602051e+00
-1.259407401084899902e+00
3.270702064037322998e-01
1.421500205993652344e+00
4.030107498168945312e+00
3.761221408843994141e+00
4.211559772491455078e+00
4.798214435577392578e+00
5.696994304656982422e+00
6.374340057373046875e+00
8.663551330566406250e+00
9.704491615295410156e+00
8.559747695922851562e+00
6.915244102478027344e+00
5.344124317169189453e+00
3.966830492019653320e+00
1.689080715179443359e+00
-1.614866614341735840e+00
-2.451772928237915039e+00
-1.573059439659118652e+00
-1.269785046577453613e+00
-3.172650337219238281e+00
-5.774354934692382812e+00
-9.115845680236816406e+00
-7.454330921173095703e+00
-4.571191787719726562e+00
-4.280564308166503906e+00
-4.080181598663330078e+00
-4.145208835601806641e+00
-4.452180385589599609e+00
-5.406177043914794922e+00
-6.819311141967773438e+00
-5.964683055877685547e+00
-4.445377349853515625e+00
-2.220503330230712891e+00
-1.632910966873168945e+00
-3.719988822937011719e+00
-4.345197677612304688e+00
-2.816476106643676758e+00
-1.504925251007080078e+00
1.409593820571899414e+00
2.251455307006835938e+00
2.282145738601684570e+00
2.059502601623535156e+00
9.667002558708190918e-01
-1.050642490386962891e+00
-3.766479015350341797e+00
-5.487549781799316406e+00
-3.622126340866088867e+00
1.183105826377868652e+00
3.889428138732910156e+00
1.890450358390808105e+00
1.554218053817749023e+00
2.001303434371948242e+00
4.082736492156982422e+00
6.188549041748046875e+00
6.005052089691162109e+00
4.823778152465820312e+00
3.531701326370239258e+00
2.784324169158935547e+00
2.805893421173095703e+00
3.269937276840209961e+00
4.263178348541259766e+00
4.779703617095947266e+00
3.181688785552978516e+00
5.830650329589843750e-01
-1.342898130416870117e+00
-9.849984645843505859e-01
-1.402922034263610840e+00
-1.010018706321716309e+00
-6.630638241767883301e-01
-2.539258003234863281e+00
-3.769807815551757812e+00
-4.264098644256591797e+00
-1.787443995475769043e+00
-9.990737438201904297e-01
-3.870972156524658203e+00
-5.981001377105712891e+00
-6.269583702087402344e+00
-7.273571491241455078e+00
-5.778868198394775391e+00
-4.475105285644531250e+00
-5.028631210327148438e+00
-5.699172496795654297e+00
