-3.829165458679199219e+00
-2.119707107543945312e+00
-2.003973245620727539e+00
-4.667428970336914062e+00
-3.560180902481079102e+00
-2.811349153518676758e+00
-3.024304866790771484e+00
-4.798026084899902344e+00
-3.981776714324951172e+00
-2.188136816024780273e+00
-3.278918564319610596e-01
-2.263814210891723633e-01
1.703106760978698730e+00
2.581426620483398438e+00
3.460312604904174805e+00
4.114782333374023438e+00
4.249595642089843750e+00
4.601504802703857422e+00
3.905032157897949219e+00
3.923099756240844727e+00
4.045834064483642578e+00
4.671438217163085938e+00
4.909808158874511719e+00
5.669830322265625000e+00
5.217889308929443359e+00
4.131839752197265625e+00
4.244073390960693359e+00
5.455740928649902344e+00
5.812704086303710938e+00
6.737884521484375000e+00
6.781983852386474609e+00
7.992467403411865234e+00
6.903289794921875000e+00
3.609497308731079102e+00
3.020745992660522461e+00
4.371245384216308594e+00
3.219872713088989258e+00
1.288708329200744629e+00
1.860992550849914551e+00
3.634788274765014648e+00
3.775863409042358398e+00
2.865523338317871094e+00
2.903484344482421875e+00
2.680496454238891602e+00
2.971716642379760742e+00
1.792193651199340820e+00
1.955527067184448242e+00
3.156594753265380859e+00
3.364422798156738281e+00
1.564448118209838867e+00
1.844526171684265137e+00
3.336098909378051758e+00
3.927044868469238281e+00
3.444363594055175781e+00
2.800938844680786133e+00
3.943806886672973633e+00
3.049759864807128906e+00
2.721933364868164062e+00
3.149421453475952148e+00
4.761338710784912109e+00
4.417366027832031250e+00
6.301965117454528809e-01
-5.554646849632263184e-01
-8.308839201927185059e-01
1.827172636985778809e-01
1.896908164024353027e+00
3.429204225540161133e+00
5.338775634765625000e+00
6.024820804595947266e+00
6.339065074920654297e+00
6.247857570648193359e+00
6.235508441925048828e+00
5.174084663391113281e+00
3.414932012557983398e+00
3.358630180358886719e+00
4.300645828247070312e+00
4.856019973754882812e+00
4.932757854461669922e+00
4.672177314758300781e+00
4.352806568145751953e+00
2.440549135208129883e+00
1.543840527534484863e+00
1.683214068412780762e+00
2.640217542648315430e+00
1.974261641502380371e+00
1.272833347320556641e+00
2.629248380661010742e+00
2.201661825180053711e+00
2.108261346817016602e+00
4.706588983535766602e-01
1.910244077444076538e-01
1.900877803564071655e-01
-7.350183725357055664e-01
-2.050365686416625977e+00
-2.123922348022460938e+00
-4.158816337585449219e+00
-4.875354290008544922e+00
-4.014882564544677734e+00
-3.180341482162475586e+00
-3.760563611984252930e+00
-3.470847129821777344e+00
-2.572585105895996094e+00
-2.570785760879516602e+00
-2.562010049819946289e+00
-8.330285549163818359e-01
3.572916090488433838e-01
2.111835479736328125e+00
3.697400808334350586e+00
3.897783756256103516e+00
2.593603610992431641e+00
1.871296882629394531e+00
3.129184007644653320e+00
2.957715511322021484e+00
-8.498894572257995605e-01
-2.618927478790283203e+00
-2.166690975427627563e-01
6.491207168437540531e-04
-2.001631259918212891e+00
3.118609189987182617e-01
2.620053291320800781e+00
2.643791913986206055e+00
2.339309930801391602e+00
1.739047050476074219e+00
2.578467845916748047e+00
3.429450392723083496e-01
1.946776270866394043e+00
2.960352897644042969e+00
3.883338689804077148e+00
3.793093919754028320e+00
4.922404289245605469e+00
5.000742912292480469e+00
6.171688079833984375e+00
5.833682060241699219e+00
4.520380973815917969e+00
3.199388265609741211e+00
2.987641096115112305e+00
1.474498510360717773e+00
-9.019019603729248047e-01
-2.590776920318603516e+00
-6.045709609985351562e+00
-7.458992481231689453e+00
-8.768249511718750000e+00
-9.959435462951660156e+00
-9.786606788635253906e+00
-8.872867584228515625e+00
-6.073465347290039062e+00
-1.568893313407897949e+00
1.951977372169494629e+00
1.770821571350097656e+00
-1.537957429885864258e+00
-3.418119192123413086e+00
-6.874529838562011719e+00
-7.089629650115966797e+00
-6.295417308807373047e+00
-6.590210914611816406e+00
-7.425640583038330078e+00
-6.745064735412597656e+00
-6.456705570220947266e+00
-7.314909934997558594e+00
-9.712486267089843750e+00
-7.857859134674072266e+00
-5.689114093780517578e+00
-2.568764448165893555e+00
-2.030127793550491333e-01
1.837772130966186523e-01
-1.852964520454406738e+00
-5.140815734863281250e+00
-7.402245998382568359e+00
-7.367045402526855469e+00
-6.951834678649902344e+00
-5.201701164245605469e+00
-4.663434505462646484e+00
-2.734317064285278320e+00
-2.976285457611083984e+00
-4.825142383575439453e+00
-7.964400291442871094e+00
-9.175893783569335938e+00
-9.328013420104980469e+00
-1.054995918273925781e+01
-9.605279922485351562e+00
-4.914056777954101562e+00
-1.460012316703796387e+00
1.293096184730529785e+00
9.743907451629638672e-01
-6.401144862174987793e-01
3.109236806631088257e-02
2.510236024856567383e+00
3.717515945434570312e+00
4.160556316375732422e+00
4.678438186645507812e+00
4.818280696868896484e+00
5.532798767089843750e+00
3.384735584259033203e+00
2.273320436477661133e+00
3.594361543655395508e-01
-3.840950131416320801e-01
-5.887674093246459961e-01
-5.487350821495056152e-01
-1.018350362777709961e+00
-1.679623007774353027e+00
-2.099764823913574219e+00
-1.471006512641906738e+00
-1.064644098281860352e+00
1.192965984344482422e+00
2.986704349517822266e+00
4.353028774261474609e+00
4.426906585693359375e+00
4.224475860595703125e+00
2.521846532821655273e+00
8.351402878761291504e-01
2.530498504638671875e+00
3.571018457412719727e+00
6.349318027496337891e+00
4.992756843566894531e+00
5.344049334526062012e-01
-3.609382152557373047e+00
-4.637280464172363281e+00
-3.552439928054809570e+00
-2.560382843017578125e+00
-3.490444183349609375e+00
-4.491399288177490234e+00
-3.219954490661621094e+00
-2.480688571929931641e+00
-3.125445127487182617e+00
-2.132525444030761719e+00
-1.685884594917297363e+00
-1.140246987342834473e+00
-1.614595293998718262e+00
-2.086256504058837891e+00
-3.147088050842285156e+00
-3.571001529693603516e+00
-3.138977766036987305e+00
-9.593128561973571777e-01
1.772177457809448242e+00
3.174318552017211914e+00
3.423880338668823242e+00
3.355104923248291016e+00
3.316552162170410156e+00
3.349361658096313477e+00
3.744014739990234375e+00
4.183408737182617188e+00
2.832170486450195312e+00
2.383088827133178711e+00
2.461773157119750977e+00
4.329314708709716797e+00
4.768807888031005859e+00
4.079236984252929688e+00
3.116883039474487305e+00
7.402115464210510254e-01
2.842918634414672852e+00
3.654015302658081055e+00
4.311221599578857422e+00
3.898696184158325195e+00
1.800525069236755371e+00
2.189607858657836914e+00
4.360991001129150391e+00
5.753691196441650391e+00
3.632668972015380859e+00
1.974877834320068359e+00
-6.371806859970092773e-01
4.212347865104675293e-01
-4.898452162742614746e-01
6.340420842170715332e-01
2.949852228164672852e+00
4.898221969604492188e+00
4.642054557800292969e+00
4.656032085418701172e+00
4.062079429626464844e+00
4.182718276977539062e+00
3.771105527877807617e+00
4.469870567321777344e+00
3.283273458480834961e+00
2.612361907958984375e+00
5.799096226692199707e-01
-2.530778646469116211e-01
-2.232506424188613892e-01
7.742291688919067383e-01
2.948471307754516602e+00
3.029768466949462891e+00
3.185510396957397461e+00
2.165918588638305664e+00
1.536420464515686035e+00
4.669367671012878418e-01
-7.074838876724243164e-01
-1.481951355934143066e+00
-2.057021379470825195e+00
-1.689557433128356934e+00
3.566506803035736084e-01
2.351931095123291016e+00
2.170257329940795898e+00
2.183001756668090820e+00
2.126329898834228516e+00
3.278811454772949219e+00
3.342434644699096680e+00
4.445935249328613281e+00
3.609251260757446289e+00
3.847917079925537109e+00
2.183026075363159180e+00
2.622173309326171875e+00
2.220494508743286133e+00
2.964519023895263672e+00
3.329788923263549805e+00
4.533961772918701172e+00
7.043031692504882812e+00
9.318489074707031250e+00
1.030162334442138672e+01
1.047493743896484375e+01
1.017169094085693359e+01
7.656138420104980469e+00
4.466198921203613281e+00
2.563480854034423828e+00
-7.147810608148574829e-02
-1.772210121154785156e+00
-3.368153333663940430e+00
-3.292205333709716797e+00
-3.187786817550659180e+00
-2.211924552917480469e+00
-4.221797287464141846e-01
1.906275391578674316e+00
2.865053653717041016e+00
2.125319480895996094e+00
1.336628794670104980e+00
4.334368109703063965e-01
-4.402488172054290771e-01
-1.186120986938476562e+00
-1.143796801567077637e+00
-4.585883617401123047e+00
-3.836067438125610352e+00
-2.856878995895385742e+00
-1.054487943649291992e+00
2.030291110277175903e-01
1.669557809829711914e+00
2.161974430084228516e+00
2.638320207595825195e+00
3.362869262695312500e+00
1.881600618362426758e+00
-4.985715746879577637e-01
-4.759250640869140625e+00
-6.320536136627197266e+00
-7.565603733062744141e+00
-7.449920177459716797e+00
-7.185764789581298828e+00
-6.516999721527099609e+00
-5.715515136718750000e+00
-6.692091464996337891e+00
-5.947944164276123047e+00
-3.826158285140991211e+00
-1.046649217605590820e+00
4.452689588069915771e-01
1.121972799301147461e+00
9.707914590835571289e-01
1.167527213692665100e-01
6.198925375938415527e-01
1.264994740486145020e+00
2.597252130508422852e+00
4.848107814788818359e+00
4.551144123077392578e+00
3.020080804824829102e+00
6.408949494361877441e-01
-3.323289752006530762e-01
-4.145874679088592529e-01
5.967459678649902344e-01
2.086470365524291992e+00
3.493369579315185547e+00
2.908808469772338867e+00
3.887850999832153320e+00
4.345658302307128906e+00
4.597511291503906250e+00
3.882771492004394531e+00
4.873350143432617188e+00
4.934360027313232422e+00
5.083223342895507812e+00
4.823408603668212891e+00
4.732447624206542969e+00
3.076136112213134766e+00
2.606840610504150391e+00
2.520958662033081055e+00
3.112939357757568359e+00
3.345393180847167969e+00
3.570278882980346680e+00
4.632293224334716797e+00
5.919390201568603516e+00
9.127990722656250000e+00
1.179570865631103516e+01
1.212656879425048828e+01
1.168083763122558594e+01
1.028621387481689453e+01
8.916094779968261719e+00
6.011731147766113281e+00
8.000873327255249023e-01
-2.825128555297851562e+00
-4.332897186279296875e+00
-2.364634871482849121e-01
2.260280847549438477e+00
3.089890956878662109e+00
4.622728824615478516e+00
5.833188056945800781e+00
5.950993061065673828e+00
4.480126380920410156e+00
2.623036384582519531e+00
1.786746382713317871e-01
3.616868495941162109e+00
4.928592205047607422e+00
3.069627761840820312e+00
2.869737863540649414e+00
2.385923624038696289e+00
1.225504398345947266e+00
-6.519220471382141113e-01
8.736931532621383667e-02
3.986451148986816406e+00
3.045150041580200195e+00
1.853844165802001953e+00
1.415559411048889160e+00
3.380298376083374023e+00
3.710613250732421875e+00
4.633476734161376953e+00
4.861369132995605469e+00
4.204781055450439453e+00
2.959243774414062500e+00
2.225991964340209961e+00
1.954245090484619141e+00
7.127755880355834961e-01
-1.016797542572021484e+00
-1.924697637557983398e+00
-2.351495504379272461e+00
-1.257903337478637695e+00
-1.453258395195007324e+00
-1.656723141670227051e+00
-1.971631407737731934e+00
-2.267881155014038086e+00
-2.348833799362182617e+00
-5.554401278495788574e-01
2.561263144016265869e-01
1.515615463256835938e+00
7.864804267883300781e-01
-5.283985137939453125e-01
-1.993077874183654785e+00
-3.491553544998168945e+00
-3.569966077804565430e+00
-1.290367960929870605e+00
3.788607120513916016e-01
1.676730632781982422e+00
1.323391437530517578e+00
2.444887876510620117e+00
4.097082138061523438e+00
5.576971530914306641e+00
6.196117401123046875e+00
6.647984504699707031e+00
5.769368648529052734e+00
3.108476877212524414e+00
2.207873582839965820e+00
-1.778545260429382324e+00
-7.351614952087402344e+00
-6.307298660278320312e+00
-6.952573060989379883e-01
2.869048118591308594e+00
3.892238616943359375e+00
5.418248176574707031e+00
5.023224830627441406e+00
3.136751651763916016e+00
8.372602462768554688e-01
-1.331411242485046387e+00
-3.537575244903564453e+00
-3.973444700241088867e+00
-3.601568460464477539e+00
-4.063344478607177734e+00
-5.578238010406494141e+00
-4.464382648468017578e+00
-6.854268550872802734e+00
-4.732775688171386719e+00
-4.860293865203857422e+00
-4.609252929687500000e+00
-5.309867858886718750e+00
-9.381798744201660156e+00
-4.467414379119873047e+00
-5.807091236114501953e+00
-5.783428192138671875e+00
-8.018433570861816406e+00
-8.459675788879394531e+00
-6.070950031280517578e+00
-6.325786590576171875e+00
-6.772845745086669922e+00
-7.132916927337646484e+00
-5.695326805114746094e+00
-4.376158714294433594e+00
-3.058297395706176758e+00
-4.233481884002685547e+00
-5.240404129028320312e+00
-4.678864479064941406e+00
-3.180291891098022461e+00
-2.557301759719848633e+00
-2.655878782272338867e+00
-3.761426448822021484e+00
-7.495967864990234375e+00
-6.996696949005126953e+00
-1.373469638824462891e+01
-1.354170799255371094e+01
-1.207429027557373047e+01
-7.590647697448730469e+00
-3.058420658111572266e+00
3.524846434593200684e-01
4.132628440856933594e+00
5.460844039916992188e+00
6.467813968658447266e+00
6.334307193756103516e+00
5.366037845611572266e+00
3.725330352783203125e+00
1.676853895187377930e+00
1.060864210128784180e+00
-3.154433146119117737e-02
7.259634733200073242e-01
1.833926677703857422e+00
4.546411037445068359e+00
2.202869653701782227e+00
3.937494009733200073e-02
6.646578311920166016e-01
3.569021224975585938e+00
2.854553222656250000e+00
2.410229444503784180e+00
2.123914718627929688e+00
1.718390107154846191e+00
1.715234875679016113e+00
2.765393018722534180e+00
2.561681032180786133e+00
7.159801125526428223e-01
2.071458250284194946e-01
1.034734845161437988e+00
2.155023068189620972e-01
-1.654702574014663696e-01
-2.874406576156616211e-01
-1.473545670509338379e+00
-4.162710189819335938e+00
-6.257553577423095703e+00
-8.480086326599121094e+00
-9.133963584899902344e+00
-6.892376899719238281e+00
-8.339185714721679688e+00
-7.657304763793945312e+00
-3.150267839431762695e+00
-2.533907890319824219e+00
-4.215363979339599609e+00
-6.926272392272949219e+00
-7.134862899780273438e+00
-4.980094432830810547e+00
-5.059666037559509277e-01
3.255738735198974609e+00
4.166770458221435547e+00
4.965542316436767578e+00
4.916364669799804688e+00
5.337911605834960938e+00
4.859694004058837891e+00
2.495051383972167969e+00
-1.975895911455154419e-01
-7.380011677742004395e-01
1.597775340080261230e+00
4.170640468597412109e+00
4.833514213562011719e+00
5.489289283752441406e+00
2.727874994277954102e+00
-3.031773805618286133e+00
-7.091060161590576172e+00
-5.414977550506591797e+00
2.535748958587646484e+00
-1.587307095527648926e+00
-9.300771713256835938e+00
-9.841136932373046875e+00
-1.028560733795166016e+01
-4.645366668701171875e+00
1.151947975158691406e+00
1.018909454345703125e+00
-5.630940914154052734e+00
-8.349710464477539062e+00
-5.254010677337646484e+00
8.419191837310791016e-01
-1.538770318031311035e+00
-7.460913181304931641e+00
-9.098344802856445312e+00
-1.284417343139648438e+01
-1.232291793823242188e+01
-4.821270465850830078e+00
-6.170513153076171875e+00
-9.547647476196289062e+00
-1.182480621337890625e+01
-1.221945858001708984e+01
-1.201954555511474609e+01
-1.047692012786865234e+01
-1.067969417572021484e+01
-9.106945991516113281e+00
-7.501809597015380859e+00
-5.248562335968017578e+00
-4.214181423187255859e+00
-4.102169513702392578e+00
-5.454641819000244141e+00
-6.312154769897460938e+00
-6.967189788818359375e+00
-8.998682975769042969e+00
-1.146947002410888672e+01
-1.021306228637695312e+01
-8.426965713500976562e+00
-6.813642978668212891e+00
-5.053996086120605469e+00
-3.305689573287963867e+00
-8.959684371948242188e+00
-9.397846221923828125e+00
-9.922581672668457031e+00
-1.015084171295166016e+01
-9.785795211791992188e+00
-1.061797142028808594e+01
-1.124566650390625000e+01
-1.158690547943115234e+01
-6.020195007324218750e+00
-4.602301120758056641e+00
-9.954795837402343750e+00
-1.027540206909179688e+01
-8.972873687744140625e+00
-6.778073310852050781e+00
-5.084686756134033203e+00
-4.625916481018066406e+00
-3.814276456832885742e+00
-3.975219964981079102e+00
-4.332577228546142578e+00
-4.271000385284423828e+00
-5.904930114746093750e+00
-7.072990417480468750e+00
-5.714603424072265625e+00
-2.249861955642700195e+00
-9.916048496961593628e-02
-9.106035232543945312e-01
-2.834496498107910156e+00
-3.502079010009765625e+00
-5.016429901123046875e+00
-6.357263565063476562e+00
-6.739593505859375000e+00
-4.179399013519287109e+00
-1.930096149444580078e+00
-3.060022890567779541e-01
-1.197978138923645020e+00
-1.588071227073669434e+00
-2.012847423553466797e+00
-3.035668134689331055e+00
-3.153226137161254883e+00
-3.489309310913085938e+00
-3.504667282104492188e+00
-3.500871658325195312e+00
-3.549999952316284180e+00
-3.097984552383422852e+00
-2.864027500152587891e+00
-4.293776988983154297e+00
-4.795981407165527344e+00
-2.833534479141235352e+00
-1.714774608612060547e+00
-4.245313167572021484e+00
-5.174932956695556641e+00
-9.565915107727050781e+00
-1.222251319885253906e+01
-1.251943206787109375e+01
-7.772840976715087891e+00
-6.604041576385498047e+00
-1.005783843994140625e+01
-1.011926651000976562e+01
-6.234160900115966797e+00
-4.533799171447753906e+00
-6.775878429412841797e+00
-7.103015899658203125e+00
-7.376090526580810547e+00
-5.135638236999511719e+00
-7.381489276885986328e-01
-3.689200162887573242e+00
-4.149424552917480469e+00
-1.729762315750122070e+00
-4.755528450012207031e+00
-7.834663867950439453e+00
-8.749565124511718750e+00
-1.262897586822509766e+01
-1.119567775726318359e+01
-7.311508655548095703e+00
-8.177453041076660156e+00
-1.039207267761230469e+01
-8.613938331604003906e+00
-9.565889358520507812e+00
-1.129410934448242188e+01
-8.706648826599121094e+00
-3.922344207763671875e+00
-1.428312182426452637e+00
-1.954204201698303223e+00
4.849809110164642334e-01
2.561262369155883789e+00
3.768368959426879883e+00
6.129410266876220703e-01
-1.657684206962585449e+00
-1.399298191070556641e+00
1.024677515029907227e+00
4.611464023590087891e+00
8.251987457275390625e+00
1.000635910034179688e+01
8.410441398620605469e+00
6.933658123016357422e+00
5.583775997161865234e+00
4.016181468963623047e+00
2.386983871459960938e+00
1.094980597496032715e+00
1.462592244148254395e+00
1.127913236618041992e+00
3.320249021053314209e-01
7.593646645545959473e-01
1.546847462654113770e+00
1.525574445724487305e+00
1.926094412803649902e+00
2.007859945297241211e+00
2.841612100601196289e+00
2.827191352844238281e+00
2.698812007904052734e+00
2.697801113128662109e+00
3.399524688720703125e+00
4.260392189025878906e+00
4.485155105590820312e+00
3.414783477783203125e+00
2.391420006752014160e-01
-3.551059663295745850e-01
1.415756702423095703e+00
1.128307819366455078e+00
-2.083199739456176758e+00
-6.847757816314697266e+00
-4.681750297546386719e+00
-1.303679049015045166e-01
5.438879489898681641e+00
7.052522182464599609e+00
8.104356765747070312e+00
1.005575847625732422e+01
1.112270450592041016e+01
1.061608600616455078e+01
9.342103958129882812e+00
7.838870048522949219e+00
8.161570549011230469e+00
8.769646644592285156e+00
6.397338867187500000e+00
2.837914228439331055e+00
4.373660564422607422e+00
3.686209678649902344e+00
4.693820953369140625e+00
6.349170207977294922e+00
7.246645927429199219e+00
6.740619659423828125e+00
6.790094852447509766e+00
7.443403720855712891e+00
7.518537521362304688e+00
7.837787628173828125e+00
8.213778495788574219e+00
7.268115043640136719e+00
5.706140518188476562e+00
3.438596487045288086e+00
2.600851535797119141e+00
1.431089043617248535e+00
1.777526378631591797e+00
-8.683775067329406738e-01
-4.273835182189941406e+00
-5.895316123962402344e+00
-5.676936626434326172e+00
-1.735332965850830078e+00
4.411818981170654297e+00
7.150113105773925781e+00
8.066617965698242188e+00
7.785084724426269531e+00
7.267646789550781250e+00
7.143063068389892578e+00
6.747842311859130859e+00
5.882293224334716797e+00
4.135118007659912109e+00
2.693019151687622070e+00
1.799909234046936035e+00
1.633468985557556152e+00
1.741240739822387695e+00
3.206339359283447266e+00
5.663569450378417969e+00
8.558467864990234375e+00
8.726633071899414062e+00
6.674804210662841797e+00
5.494343757629394531e+00
4.267886161804199219e+00
3.102265834808349609e+00
4.237985134124755859e+00
4.758996486663818359e+00
4.603747844696044922e+00
2.778605461120605469e+00
2.283279180526733398e+00
2.329030513763427734e+00
3.499656200408935547e+00
3.919082641601562500e+00
4.036442756652832031e+00
2.892983675003051758e+00
8.829867243766784668e-01
1.322750568389892578e+00
3.774186849594116211e+00
5.400030612945556641e+00
6.805328369140625000e+00
6.467640876770019531e+00
5.202112674713134766e+00
4.761140823364257812e+00
4.130977630615234375e+00
4.330423831939697266e+00
4.077880382537841797e+00
3.578166484832763672e+00
2.481912612915039062e+00
2.181645631790161133e+00
1.319521427154541016e+00
3.627887964248657227e-01
-1.120354175567626953e+00
-2.696896791458129883e+00
-2.686913728713989258e+00
5.891782045364379883e-01
3.414340734481811523e+00
6.095764636993408203e+00
6.539225578308105469e+00
6.056791305541992188e+00
5.409766674041748047e+00
3.431571245193481445e+00
1.018293023109436035e+00
-3.603416919708251953e+00
-6.858209609985351562e+00
-1.089321994781494141e+01
-1.274665832519531250e+01
-1.106167697906494141e+01
-7.092710494995117188e+00
1.674610853195190430e+00
2.418782711029052734e+00
2.992422819137573242e+00
2.813608646392822266e+00
4.429074764251708984e+00
2.219878673553466797e+00
-1.063583940267562866e-01
-7.154213190078735352e-01
-7.457658648490905762e-01
-4.230425357818603516e-01
4.799028337001800537e-01
-2.304314613342285156e+00
-4.371820449829101562e+00
-4.019072532653808594e+00
-6.817735433578491211e-01
1.975321888923645020e+00
4.743491649627685547e+00
4.730944156646728516e+00
6.057111740112304688e+00
5.818496227264404297e+00
5.854955673217773438e+00
4.871402740478515625e+00
4.453701019287109375e+00
4.196966648101806641e+00
4.253933906555175781e+00
4.371072769165039062e+00
4.414062976837158203e+00
4.677625179290771484e+00
3.899115562438964844e+00
3.286379337310791016e+00
2.586479425430297852e+00
2.105944156646728516e+00
2.546102762222290039e+00
4.268157482147216797e+00
5.563908100128173828e+00
5.466981887817382812e+00
4.831148147583007812e+00
3.218467950820922852e+00
3.247998714447021484e+00
3.913141727447509766e+00
6.587812423706054688e+00
6.534789562225341797e+00
5.732023239135742188e+00
4.515796184539794922e+00
2.302876472473144531e+00
-2.143757045269012451e-02
-3.031453609466552734e+00
-5.620956897735595703e+00
-4.379709243774414062e+00
-4.798642158508300781e+00
-6.338408470153808594e+00
-7.750729560852050781e+00
-5.708169937133789062e+00
-5.155210971832275391e+00
-6.739099025726318359e+00
-8.129433631896972656e+00
-7.715823650360107422e+00
-2.908127307891845703e+00
-6.888087272644042969e+00
-7.918130874633789062e+00
-5.670232295989990234e+00
-6.063309669494628906e+00
-6.307075500488281250e+00
-7.095520019531250000e+00
-6.320905685424804688e+00
-6.943305492401123047e+00
-2.490548610687255859e+00
6.698334962129592896e-02
-2.279589891433715820e+00
-6.812335491180419922e+00
-1.573503017425537109e+00
2.229985952377319336e+00
3.069924116134643555e+00
4.170196950435638428e-01
2.574081182479858398e+00
4.228568553924560547e+00
3.818483591079711914e+00
-1.074652194976806641e+00
-2.419283866882324219e+00
2.207577466964721680e+00
2.065196752548217773e+00
4.976018965244293213e-01
-7.595209479331970215e-01
1.617199897766113281e+00
5.719573974609375000e+00
7.293850421905517578e+00
6.490074634552001953e+00
3.930741786956787109e+00
2.159509658813476562e+00
-4.834114611148834229e-01
-2.794543094933032990e-02
8.927730917930603027e-01
2.982489109039306641e+00
4.199308872222900391e+00
3.840127229690551758e+00
2.256040573120117188e+00
1.036386787891387939e-01
-9.448924064636230469e-01
-9.582524895668029785e-01
-1.055769443511962891e+00
-2.527598381042480469e+00
-1.766072034835815430e+00
-9.096173644065856934e-01
1.213253378868103027e+00
1.541350603103637695e+00
2.465273380279541016e+00
4.648933410644531250e+00
5.317920684814453125e+00
6.261736392974853516e+00
5.587424278259277344e+00
3.794228315353393555e+00
2.947953224182128906e+00
3.287932395935058594e+00
3.191795825958251953e+00
4.486609458923339844e+00
3.184942483901977539e+00
-9.183931946754455566e-01
-2.051820278167724609e+00
-3.621929168701171875e+00
-2.918529033660888672e+00
-4.850752830505371094e+00
-3.571347236633300781e+00
-2.805630564689636230e-01
-4.055949687957763672e+00
-7.054648876190185547e+00
-4.531579971313476562e+00
-2.586192369461059570e+00
-5.913803577423095703e-01
2.452578783035278320e+00
4.078742980957031250e+00
2.271792411804199219e+00
-2.139823287725448608e-01
-2.159690380096435547e+00
-3.553648471832275391e+00
-3.251261234283447266e+00
-1.108571171760559082e+00
2.148120999336242676e-01
3.498224616050720215e-01
1.379865407943725586e+00
1.529098987579345703e+00
6.474273800849914551e-01
9.789508581161499023e-01
1.887467384338378906e+00
3.187432289123535156e+00
4.667272567749023438e+00
5.634233951568603516e+00
6.996493339538574219e+00
6.439859867095947266e+00
5.361896514892578125e+00
4.556838512420654297e+00
4.736711502075195312e+00
4.834303855895996094e+00
5.535805702209472656e+00
5.481402873992919922e+00
5.552493572235107422e+00
4.237048149108886719e+00
3.569169998168945312e+00
3.125485897064208984e+00
3.158936977386474609e+00
3.548462629318237305e+00
2.742221593856811523e+00
2.408528089523315430e+00
1.622130155563354492e+00
6.724474430084228516e-01
-8.286406397819519043e-01
1.761084675788879395e+00
3.391021013259887695e+00
5.526265144348144531e+00
6.345572948455810547e+00
7.064207077026367188e+00
7.046605587005615234e+00
5.737544536590576172e+00
3.745272159576416016e+00
2.787602424621582031e+00
3.415547370910644531e+00
3.293183088302612305e+00
4.325074672698974609e+00
3.763809680938720703e+00
4.293102741241455078e+00
4.865782737731933594e+00
5.130035400390625000e+00
5.644736289978027344e+00
4.792545795440673828e+00
3.540106534957885742e+00
1.677618384361267090e+00
-7.177877426147460938e-01
3.408744633197784424e-01
9.544976353645324707e-01
6.101310253143310547e-01
-5.044359207153320312e+00
-6.158607482910156250e+00
4.624036312103271484e+00
8.136303901672363281e+00
7.965451240539550781e+00
7.827431678771972656e+00
7.741945266723632812e+00
8.056459426879882812e+00
1.119552040100097656e+01
9.774053573608398438e+00
8.373637199401855469e+00
6.192616939544677734e+00
4.770631313323974609e+00
3.859650135040283203e+00
2.239204645156860352e+00
3.839337825775146484e+00
5.280673503875732422e+00
5.991296768188476562e+00
4.568818569183349609e+00
3.228376865386962891e+00
2.098079025745391846e-01
-1.864575624465942383e+00
-2.836344957351684570e+00
2.329300940036773682e-01
3.814194202423095703e+00
3.575159072875976562e+00
-6.105585694313049316e-01
-2.203666687011718750e+00
-8.861017227172851562e-02
8.120428323745727539e-01
-7.635143995285034180e-01
-2.104522943496704102e+00
-3.856158256530761719e+00
-5.716993331909179688e+00
-4.932988166809082031e+00
-1.688053488731384277e+00
-1.535393476486206055e+00
-3.085437059402465820e+00
-6.705797672271728516e+00
-8.458025932312011719e+00
-8.601934432983398438e+00
-7.179356575012207031e+00
-7.625307083129882812e+00
-4.382887840270996094e+00
-4.475500583648681641e+00
-3.885935306549072266e+00
-2.998864889144897461e+00
-4.264295578002929688e+00
-3.027854204177856445e+00
-4.038496494293212891e+00
-2.428503274917602539e+00
1.829144656658172607e-01
1.012130379676818848e+00
3.288376569747924805e+00
4.577174663543701172e+00
6.022774696350097656e+00
5.578474521636962891e+00
5.132327079772949219e+00
5.027167797088623047e+00
5.520349979400634766e+00
5.630733966827392578e+00
7.299790859222412109e+00
7.948465347290039062e+00
7.550091743469238281e+00
6.759329795837402344e+00
6.337758064270019531e+00
5.480317115783691406e+00
5.007079124450683594e+00
3.384906768798828125e+00
9.355415701866149902e-01
-1.441524624824523926e+00
-5.436323881149291992e-01
8.836769461631774902e-01
4.548554897308349609e+00
4.179341316223144531e+00
4.185677528381347656e+00
2.604548931121826172e+00
3.642996788024902344e+00
2.711211204528808594e+00
1.864813446998596191e+00
7.942205667495727539e-01
-1.480447292327880859e+00
-1.785053133964538574e+00
-3.065051317214965820e+00
-5.423235416412353516e+00
-4.194929122924804688e+00
-4.779194831848144531e+00
-4.366767406463623047e+00
1.551679134368896484e+00
5.090619564056396484e+00
-1.478993058204650879e+00
-1.086723232269287109e+01
-8.887532234191894531e+00
-3.984684705734252930e+00
-2.837060213088989258e+00
4.173401594161987305e-01
1.268298149108886719e+00
-2.345653772354125977e-01
-5.765407681465148926e-01
-2.434641569852828979e-01
-1.175176739692687988e+00
-3.952146530151367188e+00
-3.892146825790405273e+00
-5.566750049591064453e+00
-3.459878206253051758e+00
-7.494882345199584961e-01
1.394508004188537598e+00
1.271132469177246094e+00
-2.380952835083007812e+00
-6.561863422393798828e-01
2.123766422271728516e+00
6.167472362518310547e+00
8.310680389404296875e+00
8.504628181457519531e+00
7.748256683349609375e+00
7.472096920013427734e+00
6.712345600128173828e+00
6.589612007141113281e+00
5.859539031982421875e+00
5.953654289245605469e+00
6.930403709411621094e+00
5.451944828033447266e+00
6.315005779266357422e+00
7.453756809234619141e+00
7.201879024505615234e+00
6.751318454742431641e+00
6.150636196136474609e+00
6.020014762878417969e+00
6.380749702453613281e+00
5.974361419677734375e+00
5.162574291229248047e+00
2.433129310607910156e+00
-2.212862014770507812e+00
-6.961470127105712891e+00
-5.386013507843017578e+00
-2.263961791992187500e+00
1.996323823928833008e+00
-1.620659828186035156e+00
-3.029628753662109375e+00
-3.417108535766601562e+00
-1.940769910812377930e+00
-5.005928874015808105e-01
4.493854939937591553e-01
-1.225611448287963867e+00
-2.757019281387329102e+00
-5.145326137542724609e+00
-4.909421920776367188e+00
-2.459685802459716797e+00
-2.323960781097412109e+00
1.249169230461120605e+00
4.278904438018798828e+00
1.786154270172119141e+00
3.320717573165893555e+00
1.835060238838195801e+00
-2.615600585937500000e+00
-5.858585834503173828e-01
-1.492008566856384277e+00
-2.540860176086425781e+00
-2.513818502426147461e+00
-1.230418205261230469e+00
1.750115633010864258e+00
5.866243362426757812e+00
7.530246257781982422e+00
7.427234172821044922e+00
6.228631496429443359e+00
5.185916900634765625e+00
5.430398941040039062e+00
5.149286270141601562e+00
5.476225852966308594e+00
4.119737148284912109e+00
4.688742637634277344e+00
4.236579895019531250e+00
4.959208488464355469e+00
4.130978107452392578e+00
4.733828544616699219e+00
5.110486507415771484e+00
5.697364807128906250e+00
5.070725440979003906e+00
4.313562870025634766e+00
3.885237216949462891e+00
3.369378089904785156e+00
1.607068657875061035e+00
1.233737826347351074e+00
2.111021995544433594e+00
3.103965997695922852e+00
2.711063623428344727e+00
1.716911315917968750e+00
1.418468117713928223e+00
1.599205136299133301e+00
1.653140306472778320e+00
2.662279367446899414e+00
3.455974340438842773e+00
4.735800743103027344e+00
5.022707939147949219e+00
6.400049686431884766e+00
8.244049072265625000e+00
8.259530067443847656e+00
6.734705448150634766e+00
6.616209506988525391e+00
5.224224567413330078e+00
3.921226739883422852e+00
2.879992246627807617e+00
2.338989734649658203e+00
2.972728013992309570e+00
3.335384130477905273e+00
3.173060894012451172e+00
2.834413528442382812e+00
2.811439275741577148e+00
2.386343002319335938e+00
2.860198259353637695e+00
2.876985311508178711e+00
3.811730146408081055e+00
3.864925622940063477e+00
3.575972080230712891e+00
3.023753881454467773e+00
3.458882331848144531e+00
3.407684087753295898e+00
4.030206203460693359e+00
4.551390647888183594e+00
6.347519874572753906e+00
5.133189201354980469e+00
3.445004940032958984e+00
2.543489694595336914e+00
3.388283729553222656e+00
2.215909957885742188e+00
9.807996153831481934e-01
3.227809667587280273e-01
-3.568733692169189453e+00
-7.704881191253662109e+00
-8.862539291381835938e+00
-9.357863426208496094e+00
-8.758069038391113281e+00
-6.348759651184082031e+00
-4.209177017211914062e+00
-3.364752054214477539e+00
-5.304986953735351562e+00
-6.743536472320556641e+00
-9.253296852111816406e+00
-1.161138153076171875e+01
-1.083099746704101562e+01
-9.326754570007324219e+00
-7.762486934661865234e+00
-6.938890933990478516e+00
-9.696783065795898438e+00
-1.340070438385009766e+01
-1.384377574920654297e+01
-9.489865303039550781e+00
-8.498154640197753906e+00
-7.205486297607421875e+00
-7.048635482788085938e+00
-9.855408668518066406e+00
-1.330642127990722656e+01
-1.281404972076416016e+01
-1.106754493713378906e+01
-1.337048625946044922e+01
-1.145770931243896484e+01
-8.721339225769042969e+00
-3.299747943878173828e+00
-1.548704862594604492e+00
2.245268821716308594e+00
3.489597797393798828e+00
5.089581966400146484e+00
5.321593761444091797e+00
6.196362972259521484e+00
5.341512203216552734e+00
3.666069984436035156e+00
2.339236021041870117e+00
1.946628689765930176e+00
8.111801147460937500e-01
-2.864593505859375000e+00
-5.671983242034912109e+00
-7.258778572082519531e+00
-6.542463302612304688e+00
-2.426901340484619141e+00
-4.655202388763427734e+00
-7.613131999969482422e+00
-5.028039455413818359e+00
-1.186762213706970215e+00
1.079475522041320801e+00
1.768602728843688965e+00
3.089767456054687500e+00
8.469478487968444824e-01
-1.343711614608764648e+00
-1.992560505867004395e+00
-1.539707303047180176e+00
-1.571925282478332520e+00
-1.986225247383117676e+00
-8.252391219139099121e-01
-4.229439198970794678e-01
1.160328745841979980e+00
8.835290670394897461e-01
1.833334684371948242e+00
2.190914392471313477e+00
4.181757450103759766e+00
4.110837936401367188e+00
4.587157726287841797e+00
3.823882341384887695e+00
3.510131359100341797e+00
3.228548765182495117e+00
3.730210065841674805e+00
3.244301557540893555e+00
4.670649528503417969e+00
4.897409439086914062e+00
5.342693805694580078e+00
3.836577415466308594e+00
3.425803184509277344e+00
3.322024345397949219e+00
2.478387355804443359e+00
2.243370532989501953e+00
2.881150960922241211e+00
3.526327133178710938e+00
4.525311470031738281e+00
5.458994388580322266e+00
5.097521305084228516e+00
4.944836616516113281e+00
4.943109989166259766e+00
4.407481670379638672e+00
3.640507698059082031e+00
2.877576589584350586e+00
3.322196483612060547e+00
3.561231851577758789e+00
2.958873987197875977e+00
2.455191612243652344e+00
2.717250108718872070e+00
2.142180442810058594e+00
-1.055695787072181702e-01
-1.135218381881713867e+00
-1.242915749549865723e+00
-1.846062779426574707e+00
-1.195340633392333984e+00
4.664930105209350586e-01
1.582491993904113770e+00
2.525715589523315430e+00
2.225547790527343750e+00
2.315202236175537109e+00
2.920222282409667969e+00
2.760044097900390625e+00
1.542854309082031250e+00
2.558057785034179688e+00
4.962534427642822266e+00
4.573846817016601562e+00
2.616084575653076172e+00
2.717546224594116211e-01
-7.801534533500671387e-01
-2.590653419494628906e+00
-2.633028984069824219e+00
-2.866171598434448242e+00
-2.417089939117431641e+00
-1.401960968971252441e+00
2.106461822986602783e-01
8.633402734994888306e-02
-7.377298474311828613e-01
-1.936184883117675781e+00
-2.546381950378417969e+00
-7.014688849449157715e-01
1.404170542955398560e-01
4.510126590728759766e+00
5.540735244750976562e+00
5.255037307739257812e+00
4.007060050964355469e+00
3.344357490539550781e+00
1.681340456008911133e+00
6.368767619132995605e-01
8.560438156127929688e-01
7.732430696487426758e-01
-2.486407011747360229e-01
-6.096710562705993652e-01
-1.173623561859130859e+00
-1.449659347534179688e+00
-2.147932052612304688e+00
-1.865758657455444336e+00
-1.207296252250671387e+00
4.150969982147216797e-01
1.950844049453735352e+00
3.736964702606201172e+00
6.304824352264404297e+00
7.749709606170654297e+00
7.593845367431640625e+00
6.536144256591796875e+00
7.388138294219970703e+00
5.858824253082275391e+00
1.235783815383911133e+00
-1.004053115844726562e+00
-2.644243955612182617e+00
-1.815939784049987793e+00
5.416029095649719238e-01
2.294347286224365234e+00
2.376950740814208984e+00
4.520454406738281250e+00
4.430405616760253906e+00
3.998702764511108398e+00
1.535286903381347656e+00
-5.346598625183105469e-01
-3.127787351608276367e+00
-2.734982728958129883e+00
5.712326616048812866e-02
1.937877178192138672e+00
4.921247005462646484e+00
5.311166286468505859e+00
6.741334438323974609e+00
5.910270214080810547e+00
4.134674549102783203e+00
2.946153879165649414e+00
2.155318975448608398e+00
7.447470426559448242e-01
1.318978786468505859e+00
1.594447612762451172e+00
2.006701707839965820e+00
1.714002370834350586e+00
2.048484086990356445e+00
1.796605825424194336e+00
1.263836026191711426e+00
1.370128750801086426e+00
2.183149337768554688e+00
1.899546027183532715e+00
2.478856086730957031e+00
2.803107261657714844e+00
3.336542844772338867e+00
3.368317127227783203e+00
4.253540039062500000e+00
3.391834020614624023e+00
2.815753936767578125e+00
2.456990718841552734e+00
3.368489742279052734e+00
3.053038597106933594e+00
2.541912078857421875e+00
2.265851259231567383e+00
2.354346275329589844e+00
2.114670038223266602e+00
1.465969443321228027e+00
1.260557770729064941e+00
3.724269866943359375e-01
1.932010531425476074e+00
3.180136203765869141e+00
2.745918035507202148e+00
2.247462511062622070e+00
3.129800081253051758e+00
3.588027238845825195e+00
3.542990446090698242e+00
3.301662683486938477e+00
1.914681553840637207e+00
8.767996430397033691e-01
1.265881806612014771e-01
-1.095925331115722656e+00
-1.729737401008605957e+00
-1.552574872970581055e+00
-1.707651019096374512e+00
-2.326130151748657227e+00
