6.064408779144287109e+00
4.746968746185302734e+00
4.710287570953369141e+00
3.980978965759277344e+00
2.410450696945190430e+00
4.654824137687683105e-01
-2.175072431564331055e-01
-5.292366147041320801e-01
-7.929229177534580231e-03
2.539570033550262451e-01
6.907380819320678711e-01
8.672352433204650879e-01
7.611396312713623047e-01
1.483052253723144531e+00
1.967014074325561523e+00
3.495020627975463867e+00
4.282108306884765625e+00
3.922163248062133789e+00
3.819198846817016602e+00
4.550651073455810547e+00
4.445960521697998047e+00
4.090870857238769531e+00
4.460799694061279297e+00
5.537999153137207031e+00
5.142211914062500000e+00
4.929379463195800781e+00
5.317277908325195312e+00
6.218227863311767578e+00
6.264102935791015625e+00
4.501029968261718750e+00
4.882027149200439453e+00
5.064588069915771484e+00
4.847393512725830078e+00
3.038938522338867188e+00
2.615813970565795898e+00
1.516848087310791016e+00
1.550298690795898438e+00
-8.177946805953979492e-01
-3.774145841598510742e-01
-1.438689947128295898e+00
-9.275631904602050781e-01
-2.962160408496856689e-01
-4.404214210808277130e-03
1.027511954307556152e-01
-2.326425909996032715e-01
-1.735406994819641113e+00
-9.430435299873352051e-02
2.259417533874511719e+00
3.973411083221435547e+00
4.853877067565917969e+00
6.182312965393066406e+00
8.061635971069335938e+00
7.934835910797119141e+00
7.328827857971191406e+00
6.081417083740234375e+00
4.588883876800537109e+00
2.461822748184204102e+00
1.381492763757705688e-01
-2.570563316345214844e+00
-6.181581497192382812e+00
-8.098424911499023438e+00
-6.887719631195068359e+00
-5.923765182495117188e+00
-7.060689926147460938e+00
-7.264180183410644531e+00
-7.648652076721191406e+00
-4.467341423034667969e+00
-2.784628629684448242e+00
-1.540644049644470215e+00
-1.048004984855651855e+00
-1.717313677072525024e-01
3.089521639049053192e-02
-9.193542599678039551e-01
-1.462008714675903320e+00
-5.294091701507568359e-01
1.835085034370422363e+00
2.017498731613159180e+00
1.482041478157043457e+00
9.809230566024780273e-01
3.044410943984985352e+00
-5.281274914741516113e-01
-2.659428596496582031e+00
-1.729860901832580566e+00
-2.377945482730865479e-01
9.330270290374755859e-01
5.317426919937133789e-01
1.982715167105197906e-02
-1.067478656768798828e+00
-2.494369029998779297e+00
-2.005329608917236328e+00
-1.446134209632873535e+00
-1.192358136177062988e+00
-1.224058568477630615e-01
-3.094041049480438232e-01
7.789372205734252930e-01
8.065703511238098145e-01
1.232948780059814453e+00
-9.541362524032592773e-02
-5.813477039337158203e-01
-1.095235347747802734e+00
-8.048776388168334961e-01
-1.445764422416687012e+00
-7.354868650436401367e-01
-6.133438348770141602e-01
-4.930988848209381104e-01
-1.006198048591613770e+00
-1.345905661582946777e+00
-8.879250884056091309e-01
-1.420793652534484863e+00
-7.021347880363464355e-01
-1.634192347526550293e+00
-1.769424915313720703e+00
-3.346263408660888672e+00
-2.140857219696044922e+00
-1.488089561462402344e+00
-1.270130276679992676e+00
-4.321878552436828613e-01
8.776869773864746094e-01
1.227328896522521973e+00
1.328888297080993652e+00
1.529247522354125977e+00
2.034063816070556641e+00
1.585819959640502930e+00
3.991726934909820557e-01
1.185152053833007812e+00
2.400295019149780273e+00
4.189300060272216797e+00
5.274831771850585938e+00
6.130843162536621094e+00
5.830871582031250000e+00
6.541593551635742188e+00
7.558571338653564453e+00
7.908533573150634766e+00
6.535553932189941406e+00
6.882952213287353516e+00
7.393412590026855469e+00
6.323361396789550781e+00
5.481130599975585938e+00
5.755293369293212891e+00
6.823717117309570312e+00
6.144522666931152344e+00
4.820795059204101562e+00
3.528151035308837891e+00
3.822969675064086914e+00
2.068204402923583984e+00
-3.302324190735816956e-02
-2.555625200271606445e+00
-5.491912364959716797e+00
-4.884820938110351562e+00
-4.229291915893554688e+00
-2.221833944320678711e+00
-1.223737835884094238e+00
4.672571718692779541e-01
2.553866505622863770e-01
-6.787906885147094727e-01
-2.581656217575073242e+00
-2.740947484970092773e+00
-5.496447563171386719e+00
-6.577935695648193359e+00
-7.730441093444824219e+00
-6.133217811584472656e+00
-3.826552629470825195e+00
-7.163334488868713379e-01
-9.988519549369812012e-01
-2.771637678146362305e+00
-5.843328475952148438e+00
-4.915806293487548828e+00
-4.122703075408935547e+00
-2.341437816619873047e+00
-2.998988628387451172e+00
-2.527992010116577148e+00
-3.261638641357421875e+00
-9.235942363739013672e-01
-4.557043910026550293e-01
2.074440717697143555e+00
4.185257911682128906e+00
5.892768383026123047e+00
5.564425468444824219e+00
4.642474174499511719e+00
3.238804101943969727e+00
2.259713888168334961e+00
1.860302448272705078e+00
3.117819309234619141e+00
4.383644580841064453e+00
5.017702102661132812e+00
6.291785717010498047e+00
8.299045562744140625e+00
9.359777450561523438e+00
9.516605377197265625e+00
8.312578201293945312e+00
6.606645584106445312e+00
5.844872951507568359e+00
5.765695095062255859e+00
5.785661697387695312e+00
6.155517578125000000e+00
6.318628787994384766e+00
5.563759326934814453e+00
2.803626060485839844e+00
1.879431486129760742e+00
1.668176800012588501e-01
-1.661159873008728027e+00
-3.935384988784790039e+00
-5.331905364990234375e+00
-7.320677757263183594e+00
-7.760245323181152344e+00
-8.426644325256347656e+00
-6.929400444030761719e+00
-7.495893001556396484e+00
-6.615060329437255859e+00
-5.784364700317382812e+00
-3.995580911636352539e+00
-3.049965858459472656e+00
-9.109981656074523926e-01
1.499124526977539062e+00
3.572694778442382812e+00
4.408590316772460938e+00
4.122375011444091797e+00
3.794818639755249023e+00
3.440666913986206055e+00
5.281437397003173828e+00
5.888479709625244141e+00
6.295409202575683594e+00
5.894667148590087891e+00
5.491114139556884766e+00
4.665940761566162109e+00
3.568405151367187500e+00
4.443420886993408203e+00
6.693415164947509766e+00
8.132778167724609375e+00
7.758487224578857422e+00
8.062795639038085938e+00
8.122276306152343750e+00
6.691984653472900391e+00
5.705696582794189453e+00
5.737766742706298828e+00
6.377988815307617188e+00
5.902827262878417969e+00
4.426339626312255859e+00
3.366074085235595703e+00
3.467017412185668945e+00
3.365901470184326172e+00
3.122502803802490234e+00
1.942117571830749512e+00
7.118387818336486816e-01
-1.951467990875244141e+00
-2.493185758590698242e+00
-4.481712818145751953e+00
-6.179608345031738281e+00
-5.130832672119140625e+00
-3.906420230865478516e+00
-1.685095667839050293e+00
-1.625367760658264160e+00
-8.101777732372283936e-02
6.287668347358703613e-01
2.595206022262573242e+00
3.258721828460693359e+00
3.474709272384643555e+00
2.943935632705688477e+00
2.777150630950927734e+00
2.190766334533691406e+00
-1.399890065193176270e+00
-4.068422317504882812e+00
-4.614035606384277344e+00
-1.767625451087951660e+00
1.295511960983276367e+00
1.454285144805908203e+00
3.049587488174438477e+00
5.700791358947753906e+00
6.579380512237548828e+00
5.765202522277832031e+00
5.464566230773925781e+00
4.465680122375488281e+00
2.880608797073364258e+00
3.148805618286132812e+00
2.956902027130126953e+00
3.664985418319702148e+00
3.258351802825927734e+00
4.441523551940917969e+00
5.275102615356445312e+00
4.713811874389648438e+00
4.376126766204833984e+00
3.767827033996582031e+00
1.510389447212219238e+00
-1.276662349700927734e+00
-3.325039863586425781e+00
-3.487263441085815430e+00
-3.546376228332519531e+00
-3.109496355056762695e+00
-2.612740993499755859e+00
-2.854019165039062500e+00
-2.268965244293212891e+00
-2.364560127258300781e+00
-2.297634124755859375e+00
-2.648705720901489258e+00
-2.180939197540283203e+00
-3.623433589935302734e+00
-3.265212774276733398e+00
-4.145825386047363281e+00
-2.532972097396850586e+00
-3.014420568943023682e-01
8.012211322784423828e-01
3.279084265232086182e-01
2.414591163396835327e-01
1.611308455467224121e+00
1.547734975814819336e+00
-2.743535518646240234e+00
-1.840146899223327637e+00
1.786450028419494629e+00
1.782653808593750000e+00
-5.084072351455688477e-01
-9.898300766944885254e-01
1.510808825492858887e+00
4.320316791534423828e+00
5.500358104705810547e+00
5.211454868316650391e+00
1.861559629440307617e+00
-6.081081867218017578e+00
-5.841331005096435547e+00
4.519245028495788574e-02
6.688707351684570312e+00
8.565909385681152344e+00
2.141687393188476562e+00
-8.062532424926757812e+00
-9.286056518554687500e+00
-4.127213954925537109e+00
-1.312947869300842285e+00
1.130477070808410645e+00
5.332933425903320312e+00
7.319783210754394531e+00
5.017431259155273438e+00
2.133108615875244141e+00
1.412379503250122070e+00
5.545936822891235352e-01
-2.666602730751037598e-01
-2.829294681549072266e+00
-6.921021461486816406e+00
-8.990523338317871094e+00
-8.544867515563964844e+00
-8.255546569824218750e+00
-7.063203334808349609e+00
-5.340507984161376953e+00
-3.820957660675048828e+00
-3.476121902465820312e+00
-4.198897361755371094e+00
-3.155568122863769531e+00
-4.094010353088378906e+00
-4.628924369812011719e+00
-6.149978160858154297e+00
-6.854859352111816406e+00
-7.985893249511718750e+00
-7.819456100463867188e+00
-7.519458770751953125e+00
-4.966290473937988281e+00
-3.292131423950195312e+00
-6.578133702278137207e-01
5.491952300071716309e-01
-7.178123593330383301e-01
-4.359964370727539062e+00
-5.363088130950927734e+00
-3.860940217971801758e+00
-4.381039619445800781e+00
-5.528023719787597656e+00
-3.203390121459960938e+00
-4.429847240447998047e+00
-1.389066219329833984e+01
-1.096502304077148438e+01
-7.424481391906738281e+00
-5.240007877349853516e+00
-5.584326267242431641e+00
-3.914876222610473633e+00
6.364823579788208008e-01
4.515722274780273438e+00
3.551543951034545898e+00
-7.349937558174133301e-01
-1.509288549423217773e+00
-1.708759903907775879e+00
4.672325849533081055e-01
1.171988606452941895e+00
3.650195360183715820e+00
2.648524999618530273e+00
-1.979618906974792480e+00
-3.026448726654052734e+00
3.333141565322875977e+00
4.970053672790527344e+00
4.600247383117675781e+00
5.118326187133789062e+00
3.744260549545288086e+00
4.721108436584472656e+00
5.516281604766845703e+00
5.643750190734863281e+00
5.377500534057617188e+00
5.305595874786376953e+00
5.846228122711181641e+00
6.015428066253662109e+00
5.761603832244873047e+00
4.810663700103759766e+00
3.587853908538818359e+00
2.735491514205932617e+00
2.015822172164916992e+00
2.087357521057128906e+00
1.346341013908386230e+00
8.943998217582702637e-01
2.166855335235595703e-01
-1.242669343948364258e+00
-2.407550096511840820e+00
-2.969531059265136719e+00
-3.107449531555175781e+00
-5.311001777648925781e+00
-7.462911605834960938e+00
-8.527390480041503906e+00
-7.949484348297119141e+00
-6.204382419586181641e+00
-1.493339776992797852e+00
2.600185394287109375e+00
5.213697910308837891e+00
4.131001949310302734e+00
4.311048984527587891e+00
3.366789102554321289e+00
4.400702953338623047e+00
5.475684642791748047e+00
4.753671646118164062e+00
4.437060832977294922e+00
3.330701589584350586e+00
2.330312252044677734e+00
3.235943317413330078e-01
-3.320503950119018555e+00
-8.464654922485351562e+00
-1.102803134918212891e+01
-1.168444633483886719e+01
-1.496428298950195312e+01
-1.437398052215576172e+01
-1.140937137603759766e+01
-6.645526885986328125e+00
-5.350812435150146484e+00
-4.058168411254882812e+00
-3.297431707382202148e+00
-1.886834621429443359e+00
-1.887303233146667480e+00
3.579818010330200195e-01
1.764609575271606445e+00
3.177203178405761719e+00
3.375342607498168945e+00
3.316453695297241211e+00
3.688625097274780273e+00
3.903034925460815430e+00
3.420749902725219727e+00
1.423891425132751465e+00
2.068179845809936523e+00
1.957326769828796387e+00
4.477931976318359375e+00
5.834765911102294922e+00
6.929245471954345703e+00
8.759960174560546875e+00
8.417787551879882812e+00
8.135268211364746094e+00
8.040487289428710938e+00
8.238998413085937500e+00
8.782488822937011719e+00
8.466493606567382812e+00
7.988942623138427734e+00
7.007928848266601562e+00
5.124957561492919922e+00
2.295358180999755859e+00
3.032837621867656708e-02
-1.062425613403320312e+00
3.761738538742065430e-01
5.658587813377380371e-01
-8.054448366165161133e-01
-3.288729906082153320e+00
-5.809187412261962891e+00
-7.071758747100830078e+00
-9.693699836730957031e+00
-1.009390354156494141e+01
-7.202528476715087891e+00
-2.374396324157714844e+00
-1.740731596946716309e+00
-3.756472110748291016e+00
-4.390604019165039062e+00
-2.162130594253540039e+00
-9.784168004989624023e-01
4.080221652984619141e-01
3.094746828079223633e+00
5.632878780364990234e+00
7.749194145202636719e+00
5.597505569458007812e+00
3.198771476745605469e+00
8.972347378730773926e-01
-3.971597850322723389e-01
-3.046095848083496094e+00
-5.757224082946777344e+00
-1.767477393150329590e+00
2.874002456665039062e+00
3.332476377487182617e+00
3.243413925170898438e+00
3.772559881210327148e+00
4.313366413116455078e+00
3.555735349655151367e+00
2.750676631927490234e+00
2.233929157257080078e+00
2.754250526428222656e+00
3.138180971145629883e+00
5.171989440917968750e+00
6.494362354278564453e+00
6.582710266113281250e+00
5.136518478393554688e+00
2.815285444259643555e+00
2.838579714298248291e-01
-9.463467597961425781e-01
-1.034274816513061523e+00
-1.368411421775817871e+00
-2.046963930130004883e+00
-2.519783973693847656e+00
-7.535802125930786133e-01
9.016471505165100098e-01
1.602458834648132324e+00
-8.350748568773269653e-02
-5.283836364746093750e+00
-3.361965179443359375e+00
-1.971928238868713379e+00
-1.133073806762695312e+00
-8.789771199226379395e-01
5.784306526184082031e-01
1.855175375938415527e+00
2.797684431076049805e+00
2.712369680404663086e+00
2.036355972290039062e+00
1.796310067176818848e+00
4.398705959320068359e-01
-2.512364149093627930e+00
-5.832926750183105469e+00
-9.116264343261718750e+00
-6.889616966247558594e+00
-2.018615484237670898e+00
2.758613348007202148e+00
6.487461090087890625e+00
6.156306266784667969e+00
3.972622871398925781e+00
1.825890779495239258e+00
-2.622822761535644531e+00
-5.028630733489990234e+00
-2.478420257568359375e+00
-3.056103944778442383e+00
-5.413275241851806641e+00
-6.448423862457275391e+00
-5.705557346343994141e+00
-3.479918718338012695e+00
4.132727384567260742e-01
3.960520505905151367e+00
3.440641641616821289e+00
3.479465961456298828e+00
3.688230991363525391e+00
3.667622566223144531e+00
1.818865180015563965e+00
2.715081274509429932e-01
-2.806714773178100586e+00
-6.023449420928955078e+00
-3.792904853820800781e+00
6.596538424491882324e-01
2.489012002944946289e+00
4.924573421478271484e+00
7.792799949645996094e+00
8.969539642333984375e+00
1.008565902709960938e+01
5.758349895477294922e+00
-1.381229639053344727e+00
-7.254616737365722656e+00
-1.109821128845214844e+01
-1.386058330535888672e+01
-1.370972633361816406e+01
-4.034873485565185547e+00
6.359646916389465332e-01
-2.503414452075958252e-01
-2.768556594848632812e+00
-3.961094856262207031e+00
2.565699517726898193e-01
-1.706294775009155273e+00
-2.454928398132324219e+00
7.497758269309997559e-01
-9.002989530563354492e-01
-4.080057144165039062e+00
-4.782102584838867188e+00
-3.534987449645996094e+00
-6.694977283477783203e-01
-1.191026940941810608e-01
1.131980776786804199e+00
2.893057465553283691e-01
-1.198397636413574219e+00
-4.472740590572357178e-01
1.871518611907958984e+00
1.703550338745117188e+00
2.519110202789306641e+00
1.707420468330383301e+00
2.071950882673263550e-01
-3.927224874496459961e-01
-3.962962701916694641e-02
1.741561412811279297e+00
2.590399265289306641e+00
3.394570589065551758e+00
3.587410926818847656e+00
3.312139034271240234e+00
2.517679929733276367e+00
8.715242147445678711e-01
4.607741236686706543e-01
2.294790744781494141e-01
-1.149860247969627380e-01
2.244997501373291016e+00
4.610699653625488281e+00
4.212224960327148438e+00
2.306376934051513672e+00
-5.805342197418212891e-01
-2.072452783584594727e+00
-2.897700309753417969e+00
-3.955819129943847656e+00
-3.087927103042602539e+00
-1.406521320343017578e+00
1.917047858238220215e+00
3.681477069854736328e+00
4.772923469543457031e+00
4.884294033050537109e+00
4.704543113708496094e+00
2.431305170059204102e+00
2.636914491653442383e+00
1.649713993072509766e+00
1.585154533386230469e+00
-1.667248725891113281e+00
-5.106748580932617188e+00
-4.298287868499755859e+00
-2.729805946350097656e+00
-4.810030937194824219e+00
-6.769074916839599609e+00
-1.079737186431884766e+01
-6.064319133758544922e+00
-3.659152269363403320e+00
-4.262963533401489258e-01
2.603956699371337891e+00
1.266720175743103027e+00
-1.944591850042343140e-01
2.204644680023193359e+00
3.331637382507324219e+00
1.223778963088989258e+00
-3.182140350341796875e+00
-7.612291812896728516e+00
-4.097731590270996094e+00
-1.573577046394348145e+00
-1.964532732963562012e+00
-2.079182147979736328e+00
2.403992652893066406e+00
6.667234897613525391e+00
6.865155220031738281e+00
5.682894706726074219e+00
5.824189186096191406e+00
3.586400270462036133e+00
-6.778296828269958496e-01
-4.004997730255126953e+00
-8.104685783386230469e+00
-7.764312267303466797e+00
-4.215018749237060547e+00
-1.198865652084350586e+00
5.253089666366577148e-01
5.311018824577331543e-01
-9.482693672180175781e-01
-3.373306035995483398e+00
-5.478549957275390625e+00
-6.142066478729248047e+00
-6.836666584014892578e+00
-7.141443252563476562e+00
-6.425005435943603516e+00
-5.679871559143066406e+00
-3.682495594024658203e+00
-2.850715875625610352e+00
-2.584491014480590820e+00
-3.348161935806274414e+00
-3.785213232040405273e+00
-3.730859756469726562e+00
-3.582439422607421875e+00
-5.104134559631347656e+00
-5.503275394439697266e+00
-5.637447357177734375e+00
-4.181050777435302734e+00
-4.096203804016113281e+00
-4.191305160522460938e+00
-6.738459110260009766e+00
-8.987170219421386719e+00
-8.169491767883300781e+00
-8.077396392822265625e+00
-1.226000404357910156e+01
-1.249406242370605469e+01
-1.005823040008544922e+01
-8.579575538635253906e+00
-7.483789920806884766e+00
-6.348416328430175781e+00
-4.811535358428955078e+00
-4.750401496887207031e+00
1.046221375465393066e+00
3.878163099288940430e+00
8.872020244598388672e-01
7.395952939987182617e-02
3.356410980224609375e+00
4.418401241302490234e+00
3.723210573196411133e+00
2.750355958938598633e+00
3.287562608718872070e+00
3.841581106185913086e+00
2.368742942810058594e+00
1.038259983062744141e+00
1.185026466846466064e-01
2.331717252731323242e+00
6.187760353088378906e+00
6.940535068511962891e+00
6.778606891632080078e+00
5.805752277374267578e+00
5.567998886108398438e+00
6.038131237030029297e+00
8.707355499267578125e+00
1.034949398040771484e+01
8.896472930908203125e+00
9.451624870300292969e+00
6.530154705047607422e+00
5.732170581817626953e+00
3.953469991683959961e+00
4.784731268882751465e-01
-1.969019293785095215e+00
-3.385580062866210938e+00
1.727485537528991699e+00
7.685299396514892578e+00
9.121705055236816406e+00
8.024118423461914062e+00
5.434393405914306641e+00
2.248817920684814453e+00
8.057225227355957031e+00
1.017188549041748047e+01
8.937736511230468750e+00
4.363948345184326172e+00
3.005832910537719727e+00
2.045969963073730469e+00
1.831930041313171387e+00
1.798503637313842773e+00
1.632458686828613281e+00
4.950900077819824219e+00
7.337162017822265625e+00
8.931871414184570312e+00
7.628775596618652344e+00
6.275810718536376953e+00
4.501646518707275391e+00
2.663191795349121094e+00
3.181172132492065430e+00
1.649911284446716309e+00
3.286872625350952148e+00
3.536038875579833984e+00
4.231255054473876953e+00
2.729994297027587891e+00
2.134563326835632324e-01
-8.266934752464294434e-01
-2.484509229660034180e+00
-1.711200356483459473e+00
6.381093263626098633e-01
2.169764280319213867e+00
1.270467042922973633e+00
-7.326027154922485352e-01
-2.850346565246582031e+00
-4.122776985168457031e+00
-5.162827968597412109e+00
-7.917390823364257812e+00
-1.200458145141601562e+01
-7.223553657531738281e+00
-3.543911218643188477e+00
3.089027404785156250e-01
1.880466818809509277e+00
2.613274812698364258e+00
-4.623584449291229248e-02
-2.889269351959228516e+00
-4.995253562927246094e+00
-5.871010780334472656e+00
-6.820176124572753906e+00
-3.383387327194213867e+00
-3.319838345050811768e-01
-2.752237796783447266e+00
-5.657538890838623047e+00
-1.006185531616210938e+01
-1.149431610107421875e+01
-1.348992061614990234e+01
-1.396029853820800781e+01
-9.889772415161132812e+00
-5.674373626708984375e+00
-2.786846876144409180e+00
-1.489790320396423340e+00
-9.299789071083068848e-01
-3.053539514541625977e+00
-3.759429693222045898e+00
-2.861660718917846680e+00
-2.425964117050170898e+00
-3.018807172775268555e+00
-3.381267070770263672e+00
-3.615741729736328125e+00
-5.840640544891357422e+00
-6.834965705871582031e+00
-5.574045658111572266e+00
-4.434851646423339844e+00
-3.601593494415283203e+00
-4.054519653320312500e+00
-3.093152523040771484e+00
-2.229894876480102539e+00
-2.196517884731292725e-01
-6.992508172988891602e-01
-1.278363585472106934e+00
-2.020637035369873047e+00
-1.395576000213623047e+00
-1.131003141403198242e+00
-2.159542441368103027e-01
-1.484860181808471680e-01
4.818749129772186279e-01
5.851356387138366699e-01
1.480488538742065430e+00
2.577433109283447266e+00
3.773595094680786133e+00
4.946464061737060547e+00
5.816328048706054688e+00
6.604303359985351562e+00
7.188963890075683594e+00
6.211004734039306641e+00
6.652395725250244141e+00
7.532689094543457031e+00
6.981728076934814453e+00
6.629718303680419922e+00
4.680484771728515625e+00
3.720202684402465820e+00
2.416540145874023438e+00
4.176753520965576172e+00
4.915994644165039062e+00
3.642060756683349609e+00
2.877231836318969727e+00
2.760141849517822266e+00
1.630979537963867188e+00
-5.505838394165039062e-01
6.759478449821472168e-01
4.081258296966552734e+00
5.135506987571716309e-01
-1.989577531814575195e+00
-2.224249839782714844e+00
-1.251272678375244141e+00
-5.303956568241119385e-02
3.703193187713623047e+00
3.378523111343383789e+00
5.221537113189697266e+00
5.357114791870117188e+00
6.532990455627441406e+00
5.151727199554443359e+00
3.403124094009399414e+00
2.625747919082641602e+00
2.581303358078002930e+00
-1.504825502634048462e-01
-2.044991493225097656e+00
-3.981504678726196289e+00
-1.976488351821899414e+00
-2.908076286315917969e+00
-2.666601657867431641e+00
-2.944387674331665039e+00
-4.326661586761474609e+00
-2.020784854888916016e+00
-7.781074643135070801e-01
6.624391674995422363e-02
-2.591173052787780762e-01
-7.381996512413024902e-02
-2.026428431272506714e-01
1.900778770446777344e+00
9.334461688995361328e-01
1.060691714286804199e+00
1.152046442031860352e+00
1.425592660903930664e+00
2.295506238937377930e+00
1.735546827316284180e+00
2.047793418169021606e-01
-4.703960418701171875e-01
-2.031113624572753906e+00
-3.223948240280151367e+00
-4.709211349487304688e+00
-5.375710487365722656e+00
-7.886997222900390625e+00
-8.823518753051757812e+00
-4.153146743774414062e+00
-3.079989433288574219e+00
-1.235447049140930176e+00
-5.563521385192871094e-01
1.576329231262207031e+00
3.308737516403198242e+00
5.487564563751220703e+00
5.571770191192626953e+00
6.892048835754394531e+00
4.333061695098876953e+00
1.888355016708374023e+00
-1.417268633842468262e+00
-7.674091458320617676e-01
2.400541543960571289e+00
5.162992477416992188e+00
3.725724220275878906e+00
4.666483402252197266e+00
3.793611288070678711e+00
2.183568954467773438e+00
4.904039204120635986e-01
-8.719514608383178711e-01
-1.475418925285339355e+00
-8.961583375930786133e-01
4.316076755523681641e+00
8.796885490417480469e+00
8.585533142089843750e+00
9.153454780578613281e+00
7.131823539733886719e+00
7.470520019531250000e+00
6.683455467224121094e+00
1.021056365966796875e+01
1.208306026458740234e+01
1.071848487854003906e+01
8.027790069580078125e+00
6.582610607147216797e+00
5.704957485198974609e+00
5.677249908447265625e+00
5.985306262969970703e+00
6.359869003295898438e+00
6.645592212677001953e+00
5.872629165649414062e+00
9.014081001281738281e+00
1.030813026428222656e+01
9.166740417480468750e+00
7.054173946380615234e+00
7.410543918609619141e+00
8.789023399353027344e+00
8.763928413391113281e+00
6.826601982116699219e+00
4.777336597442626953e+00
1.870310544967651367e+00
-3.520197868347167969e+00
-4.326388835906982422e+00
-7.783785462379455566e-01
2.414099574089050293e-01
8.966677188873291016e-01
2.668787717819213867e+00
4.079901218414306641e+00
3.796914577484130859e+00
3.873035192489624023e+00
3.021338224411010742e+00
2.190544605255126953e+00
5.336408615112304688e-01
-1.224452733993530273e+00
-2.281907081604003906e+00
3.386558294296264648e-01
6.642094135284423828e+00
5.155547142028808594e+00
-1.115719676017761230e+00
-7.922691822052001953e+00
-7.938000679016113281e+00
-5.860754489898681641e+00
-2.901668548583984375e+00
-2.930336475372314453e+00
-2.334757804870605469e+00
1.369956135749816895e+00
4.605645656585693359e+00
6.393863201141357422e+00
6.597205638885498047e+00
7.868206024169921875e+00
7.391415119171142578e+00
6.451988697052001953e+00
4.557085514068603516e+00
2.868086814880371094e+00
1.915371656417846680e+00
2.541739463806152344e+00
3.737457275390625000e+00
1.786795377731323242e+00
1.316563367843627930e+00
-7.519777417182922363e-01
-2.191735744476318359e+00
-4.938410282135009766e+00
-6.291374206542968750e+00
-6.995513916015625000e+00
-7.930381298065185547e+00
-9.181612968444824219e+00
-9.733387947082519531e+00
-5.555756092071533203e+00
-3.326173782348632812e+00
-4.668735027313232422e+00
-5.008713245391845703e+00
-5.372702121734619141e+00
-5.087202072143554688e+00
-4.796473026275634766e+00
-4.410645008087158203e+00
-3.968538999557495117e+00
-1.910991787910461426e+00
1.611628890037536621e+00
1.874871015548706055e+00
5.368946194648742676e-01
-4.695577025413513184e-01
-4.599688649177551270e-01
1.833335757255554199e-01
2.119551181793212891e+00
3.385252475738525391e+00
3.957561731338500977e+00
4.293004989624023438e+00
4.953760147094726562e+00
4.553091049194335938e+00
3.945408582687377930e+00
5.498952865600585938e+00
5.560407161712646484e+00
6.111466884613037109e+00
4.981861114501953125e+00
2.899540185928344727e+00
1.276481151580810547e-01
-3.622052371501922607e-01
-2.977197766304016113e-01
-3.457881212234497070e-01
-1.892331987619400024e-02
2.022083282470703125e+00
3.198254346847534180e+00
3.352442741394042969e+00
3.583615064620971680e+00
5.569601058959960938e+00
7.246644496917724609e+00
8.428385734558105469e+00
9.127792358398437500e+00
9.302146911621093750e+00
7.453905582427978516e+00
4.718496799468994141e+00
3.210530281066894531e+00
2.499734640121459961e+00
1.158751249313354492e+00
-5.640924572944641113e-01
-2.634383201599121094e+00
-4.983472824096679688e+00
-4.747122287750244141e+00
-2.664703130722045898e+00
-2.409694671630859375e+00
-1.814904689788818359e+00
-1.824346065521240234e+00
-2.201719045639038086e+00
-1.345018029212951660e+00
3.261901378631591797e+00
5.855669021606445312e+00
7.312189579010009766e+00
5.027563095092773438e+00
3.178878307342529297e+00
8.420177102088928223e-01
-2.450418621301651001e-01
-1.290047764778137207e+00
-2.295391082763671875e+00
-2.553580045700073242e+00
-2.543644905090332031e+00
-2.381495237350463867e+00
-2.457959890365600586e+00
-6.604754447937011719e+00
-1.024782180786132812e+01
-9.529059410095214844e+00
-8.706130027770996094e+00
-1.015114116668701172e+01
-8.620125770568847656e+00
-7.761797904968261719e+00
-6.293468952178955078e+00
-9.325473785400390625e+00
-9.941191673278808594e+00
-9.299714088439941406e+00
-9.889130592346191406e+00
-9.312999725341796875e+00
-7.616064071655273438e+00
-6.250576972961425781e+00
-4.145357608795166016e+00
-2.472997188568115234e+00
-2.370771884918212891e+00
-3.288631439208984375e+00
-2.726083278656005859e+00
1.108957290649414062e+00
1.208816289901733398e+00
8.994285464286804199e-01
2.346309870481491089e-01
-3.945717960596084595e-02
3.255665898323059082e-01
-5.942394956946372986e-02
-2.622970640659332275e-01
6.875334382057189941e-01
3.581051826477050781e-01
9.486305713653564453e-02
-9.752612709999084473e-01
-1.634907245635986328e+00
-2.096314191818237305e+00
-2.570193529129028320e+00
-3.264079570770263672e+00
-3.394357204437255859e+00
-4.115579128265380859e+00
-5.713124752044677734e+00
-6.442752838134765625e+00
-9.428659439086914062e+00
-7.111346721649169922e+00
-3.384422779083251953e+00
-3.246306419372558594e+00
-2.242195367813110352e+00
2.851866006851196289e+00
4.070878982543945312e+00
2.223131895065307617e+00
3.074213981628417969e+00
1.395148992538452148e+00
-4.548663198947906494e-01
-1.407778024673461914e+00
-3.836462259292602539e+00
-5.872859954833984375e+00
-1.006688499450683594e+01
-1.265187644958496094e+01
-1.211895847320556641e+01
-7.334507942199707031e+00
6.726199984550476074e-01
-2.489808559417724609e+00
-4.036598205566406250e+00
-3.906222105026245117e+00
-1.925634384155273438e+00
2.237898111343383789e+00
2.052354335784912109e+00
-8.223549127578735352e-01
-1.329094171524047852e+00
-2.488182544708251953e+00
-2.859540939331054688e+00
-3.134615421295166016e+00
2.195203453302383423e-01
1.152637958526611328e+00
2.424181222915649414e+00
4.789884567260742188e+00
5.870683193206787109e+00
5.716272354125976562e+00
5.487194538116455078e+00
5.399020195007324219e+00
6.223429679870605469e+00
6.960994720458984375e+00
6.837645053863525391e+00
9.943499565124511719e+00
9.752606391906738281e+00
7.757598876953125000e+00
6.625773429870605469e+00
6.967626571655273438e+00
6.395907878875732422e+00
5.197233200073242188e+00
3.400880813598632812e+00
3.033810555934906006e-01
-1.985337734222412109e+00
-5.505346059799194336e-01
1.014521718025207520e+00
1.619270801544189453e+00
-1.235964775085449219e+00
-1.226301312446594238e+00
2.551032304763793945e+00
2.931733846664428711e+00
-1.723870635032653809e+00
-4.509492874145507812e+00
-4.782447814941406250e+00
-6.414626121520996094e+00
-7.027830123901367188e+00
-9.683395385742187500e+00
-1.174286746978759766e+01
-8.619116783142089844e+00
-3.898433208465576172e+00
-9.125756621360778809e-01
-9.115155935287475586e-01
-4.157213568687438965e-01
2.721514701843261719e+00
4.287802696228027344e+00
3.940059900283813477e+00
5.481131076812744141e+00
7.045916080474853516e+00
7.826988697052001953e+00
7.277063846588134766e+00
6.389744758605957031e+00
6.423369884490966797e+00
5.290606498718261719e+00
5.353047370910644531e+00
3.270233154296875000e+00
2.581943988800048828e+00
1.290779113769531250e-01
-4.228847503662109375e+00
-9.312410354614257812e+00
-1.398928642272949219e+01
-1.065482234954833984e+01
-3.680227994918823242e+00
-4.131848335266113281e+00
-5.367920398712158203e+00
-3.251853227615356445e+00
-1.801962852478027344e+00
-1.677084088325500488e+00
-1.246120810508728027e+00
-5.676912665367126465e-01
1.672318458557128906e+00
4.679893970489501953e+00
5.866984367370605469e+00
6.170801639556884766e+00
5.238842487335205078e+00
2.847305774688720703e+00
-4.553444385528564453e+00
-7.045258045196533203e+00
-2.592034578323364258e+00
1.953974485397338867e+00
5.067052841186523438e+00
5.405504226684570312e+00
3.591231822967529297e+00
1.256514787673950195e+00
-8.323384523391723633e-01
2.926335036754608154e-01
7.724049687385559082e-01
-1.806473970413208008e+00
-1.775685667991638184e+00
2.310148477554321289e+00
4.492796897888183594e+00
2.506144046783447266e+00
-8.428885936737060547e-01
-2.598172426223754883e+00
-2.693593502044677734e+00
-2.548600912094116211e+00
-2.160923004150390625e+00
-2.997953176498413086e+00
-2.739049434661865234e+00
-1.058456659317016602e+00
1.624274969100952148e+00
-2.198391675949096680e+00
-8.255421638488769531e+00
-1.193686676025390625e+01
-1.430860900878906250e+01
-1.149486064910888672e+01
-9.168918609619140625e+00
-5.886318206787109375e+00
-3.181894779205322266e+00
-1.550233006477355957e+00
-4.944056272506713867e-01
1.155029058456420898e+00
1.664208292961120605e+00
1.581801652908325195e+00
-3.925499618053436279e-01
-1.389117717742919922e+00
-3.647220849990844727e+00
-2.029856681823730469e+00
-1.189473986625671387e+00
-1.860311150550842285e+00
-2.725639820098876953e+00
-7.854285836219787598e-01
3.616005897521972656e+00
6.115534305572509766e+00
7.797482013702392578e+00
8.008761405944824219e+00
8.353325843811035156e+00
8.838521003723144531e+00
6.799978256225585938e+00
4.911040782928466797e+00
2.814841270446777344e+00
8.226671218872070312e-01
-1.427991747856140137e+00
-7.838756442070007324e-01
7.528323531150817871e-01
2.680150985717773438e+00
3.195567131042480469e+00
3.655987977981567383e+00
3.695577621459960938e+00
4.634190559387207031e+00
4.951886653900146484e+00
3.744878053665161133e+00
1.935288906097412109e+00
9.787042140960693359e-01
5.507482886314392090e-01
5.131316184997558594e-01
2.522093057632446289e+00
4.939536094665527344e+00
3.695109128952026367e+00
2.077152490615844727e+00
1.871395230293273926e+00
3.722544014453887939e-01
-3.455908894538879395e-01
-3.252789974212646484e-01
1.123846173286437988e+00
3.646645784378051758e+00
5.734464645385742188e+00
6.074195384979248047e+00
6.832048416137695312e+00
6.209032058715820312e+00
5.830084323883056641e+00
5.335915088653564453e+00
5.362931728363037109e+00
4.991203308105468750e+00
4.934360027313232422e+00
4.875026702880859375e+00
5.588605880737304688e+00
7.596090316772460938e+00
7.583591938018798828e+00
5.556118011474609375e+00
4.864623069763183594e+00
5.009346008300781250e+00
4.604364871978759766e+00
3.774852752685546875e+00
2.937131881713867188e+00
1.277886629104614258e+00
-4.011528491973876953e-01
-1.633773088455200195e+00
-1.205570697784423828e+00
-1.316719770431518555e+00
-2.136518478393554688e+00
-4.250910282135009766e+00
-5.944616794586181641e+00
-7.849652290344238281e+00
-8.691267967224121094e+00
-1.001188945770263672e+01
-7.554609775543212891e+00
-6.656298637390136719e+00
-5.529453754425048828e+00
-5.138325691223144531e+00
-3.713554620742797852e+00
-3.704186916351318359e+00
-3.783488273620605469e+00
-3.298934698104858398e+00
-2.678779363632202148e+00
-2.474106311798095703e+00
-2.490597963333129883e+00
-1.167264223098754883e+00
-2.759829759597778320e+00
-3.313256502151489258e+00
-3.899222135543823242e+00
-4.357351779937744141e+00
-4.944499015808105469e+00
-4.609598636627197266e+00
-4.179744720458984375e+00
-4.992618083953857422e+00
-5.538944721221923828e+00
-5.004031181335449219e+00
-3.244949579238891602e+00
-2.372152328491210938e+00
-9.195024371147155762e-01
1.873022079467773438e+00
1.004735350608825684e+00
-1.010906100273132324e+00
-1.518581628799438477e+00
3.570204675197601318e-01
2.123963356018066406e+00
1.486256837844848633e+00
1.186655163764953613e+00
2.294076204299926758e+00
2.833821773529052734e+00
1.951089978218078613e+00
9.703233838081359863e-01
9.722461104393005371e-01
9.478916525840759277e-01
-1.182645782828330994e-01
6.030071377754211426e-01
3.015619754791259766e+00
6.839861869812011719e+00
9.541450500488281250e+00
9.670742034912109375e+00
1.014413166046142578e+01
9.324726104736328125e+00
7.366296291351318359e+00
8.117741584777832031e+00
8.547349929809570312e+00
6.373403072357177734e+00
3.524132728576660156e+00
2.016364812850952148e+00
2.244430303573608398e+00
3.533845901489257812e+00
3.724171161651611328e+00
4.957826614379882812e+00
5.462101459503173828e+00
6.244358539581298828e+00
6.965999126434326172e+00
8.105787277221679688e+00
7.175724029541015625e+00
5.223952770233154297e+00
5.662953376770019531e+00
6.671351909637451172e+00
1.018578910827636719e+01
9.881922721862792969e+00
5.630167961120605469e+00
2.055287837982177734e+00
1.847755432128906250e+00
1.013683557510375977e+00
1.241822838783264160e+00
7.636047601699829102e-01
6.816419363021850586e-01
-1.821831762790679932e-01
-9.556645154953002930e-01
-2.157348871231079102e+00
-5.053109169006347656e+00
-5.323624134063720703e+00
-7.595973491668701172e+00
-9.279228210449218750e+00
-1.108918857574462891e+01
-9.305875778198242188e+00
-6.226643562316894531e+00
-4.160961151123046875e+00
-2.315185546875000000e+00
2.736772000789642334e-01
7.619531154632568359e-01
1.898954391479492188e+00
3.302180528640747070e+00
3.591921329498291016e+00
3.768936634063720703e+00
4.323989868164062500e+00
3.958498239517211914e+00
2.979752540588378906e+00
1.499395489692687988e+00
4.075316905975341797e+00
5.304289817810058594e+00
6.589487552642822266e+00
5.091826915740966797e+00
4.545646667480468750e+00
5.379077911376953125e+00
5.131266117095947266e+00
4.010510444641113281e+00
3.723801136016845703e+00
3.258623123168945312e+00
6.643866300582885742e-01
-3.312640190124511719e+00
-5.545008659362792969e+00
-6.136569976806640625e+00
-2.812409162521362305e+00
-8.194215893745422363e-01
-1.196474552154541016e+00
-6.063184738159179688e-01
-8.802588582038879395e-01
-9.662396907806396484e-01
-1.415370464324951172e+00
-1.414162635803222656e+00
-1.247081637382507324e+00
-7.459139823913574219e-01
-6.583803892135620117e-01
-9.460263252258300781e-01
-6.614616513252258301e-01
-5.667052865028381348e-01
1.152489781379699707e-01
-1.353966116905212402e+00
-2.643158912658691406e+00
-5.146583080291748047e+00
-6.752976894378662109e+00
-6.667588710784912109e+00
-2.919121026992797852e+00
7.153390645980834961e-01
2.451049804687500000e+00
3.585635900497436523e+00
2.302654027938842773e+00
-1.224798634648323059e-01
-1.110715866088867188e+00
-7.354375720024108887e-01
5.872555971145629883e-01
1.941476464271545410e+00
3.992935180664062500e+00
5.681316852569580078e+00
5.697585105895996094e+00
6.145804882049560547e+00
5.357385635375976562e+00
5.690634250640869141e+00
4.558834552764892578e+00
4.345829963684082031e+00
3.973855257034301758e+00
3.999392509460449219e+00
2.593899011611938477e+00
3.455580234527587891e+00
2.746288537979125977e+00
2.367337465286254883e+00
-7.221760600805282593e-02
-1.192062139511108398e+00
-2.802154779434204102e+00
-3.438012838363647461e+00
-3.734113693237304688e+00
-3.499318361282348633e+00
-3.014838695526123047e+00
-3.515439510345458984e+00
