5.563956260681152344e+00
4.450348854064941406e+00
5.049674034118652344e+00
6.379319190979003906e+00
7.415476322174072266e+00
7.372509956359863281e+00
7.365212917327880859e+00
6.268045902252197266e+00
4.205076694488525391e+00
1.673501491546630859e+00
2.240954399108886719e+00
3.331490278244018555e+00
2.518296241760253906e+00
1.447580337524414062e+00
3.281399726867675781e+00
4.753475189208984375e+00
5.285159587860107422e+00
4.397719860076904297e+00
4.633229732513427734e+00
5.717947483062744141e+00
5.070800304412841797e+00
4.430873870849609375e+00
4.023871898651123047e+00
5.292185306549072266e+00
4.283367633819580078e+00
2.910978555679321289e+00
2.955915927886962891e+00
3.590072870254516602e+00
3.911464929580688477e+00
2.576052665710449219e+00
1.841149330139160156e+00
8.919596672058105469e-01
-2.275029420852661133e+00
-5.428830146789550781e+00
-6.838244438171386719e+00
-1.143217182159423828e+01
-6.589225292205810547e+00
-4.679852485656738281e+00
-1.827229976654052734e+00
1.095793962478637695e+00
3.885409116744995117e+00
5.018171310424804688e+00
5.344813346862792969e+00
4.464965343475341797e+00
3.986254692077636719e+00
3.736397981643676758e+00
3.257710456848144531e+00
3.820726871490478516e+00
3.574593067169189453e+00
4.494226455688476562e+00
4.214319705963134766e+00
3.523713827133178711e+00
3.357028007507324219e+00
4.127600193023681641e+00
4.653443336486816406e+00
3.434134483337402344e+00
3.505964517593383789e+00
2.600703239440917969e+00
3.456590652465820312e+00
6.336206436157226562e+00
4.768240451812744141e+00
2.778309583663940430e+00
4.820154666900634766e+00
3.746061086654663086e+00
3.896477699279785156e+00
5.228685855865478516e+00
5.913352966308593750e+00
4.840145111083984375e+00
4.473297595977783203e+00
2.462857484817504883e+00
2.276057243347167969e+00
1.095251560211181641e+00
2.204595088958740234e+00
1.691077113151550293e+00
1.576181650161743164e+00
1.226564645767211914e+00
1.134544491767883301e+00
1.120641589164733887e+00
1.847360968589782715e+00
1.904944419860839844e+00
2.747717618942260742e+00
3.008667469024658203e+00
3.262936830520629883e+00
3.789175271987915039e+00
3.889181852340698242e+00
2.728639125823974609e+00
2.028295040130615234e+00
1.896316885948181152e+00
1.586806058883666992e+00
1.581900715827941895e+00
9.428625106811523438e-01
1.307664394378662109e+00
1.632113456726074219e+00
1.954689025878906250e+00
2.181571483612060547e+00
2.101556301116943359e+00
2.663733959197998047e+00
3.419812202453613281e+00
4.296505451202392578e+00
4.012161731719970703e+00
3.493714094161987305e+00
3.036695241928100586e+00
3.438423871994018555e+00
3.181270360946655273e+00
2.924214839935302734e+00
1.332931280136108398e+00
-1.724067807197570801e+00
-3.632801055908203125e+00
-4.272454738616943359e+00
-5.045787811279296875e+00
-6.934973239898681641e+00
-7.455911159515380859e+00
-3.525274991989135742e+00
-3.407051801681518555e+00
-4.222487926483154297e+00
-5.694636344909667969e+00
-4.642284870147705078e+00
-4.273539543151855469e+00
-4.396618366241455078e+00
-6.242320060729980469e+00
-3.416986227035522461e+00
-2.501789331436157227e+00
-1.146163105964660645e+00
-1.860754370689392090e+00
-2.666650772094726562e+00
-1.243113279342651367e+00
-6.094245314598083496e-01
2.708178460597991943e-01
9.282447695732116699e-01
2.232721328735351562e+00
2.412694215774536133e+00
3.430411338806152344e+00
3.086096048355102539e+00
3.183340787887573242e+00
2.618746995925903320e+00
4.317852497100830078e+00
4.376667976379394531e+00
4.192800521850585938e+00
3.536187887191772461e+00
3.391291618347167969e+00
3.006670951843261719e+00
2.449768304824829102e+00
2.909770250320434570e+00
2.901265382766723633e+00
3.365409135818481445e+00
2.937009096145629883e+00
3.337233066558837891e+00
3.902566432952880859e+00
3.908507585525512695e+00
3.859871864318847656e+00
3.756857872009277344e+00
2.696815729141235352e+00
1.930802822113037109e+00
1.104717612266540527e+00
1.398378372192382812e+00
2.292572259902954102e-01
1.309611797332763672e+00
1.434638857841491699e+00
2.035937070846557617e+00
4.192233562469482422e+00
4.949323177337646484e+00
3.326831102371215820e+00
2.495815038681030273e+00
2.663586378097534180e+00
1.164223670959472656e+00
-7.956361025571823120e-02
-6.388573348522186279e-02
1.508319139480590820e+00
3.553293943405151367e+00
4.488186836242675781e+00
4.578703403472900391e+00
4.799842834472656250e+00
4.016451835632324219e+00
3.562341213226318359e+00
3.212057352066040039e+00
5.078095912933349609e+00
5.137307167053222656e+00
3.267447710037231445e+00
1.595409035682678223e+00
9.518355727195739746e-01
-1.627635598182678223e+00
-2.027415990829467773e+00
3.373740911483764648e-01
3.305926561355590820e+00
4.773244380950927734e+00
2.343081712722778320e+00
-8.912776708602905273e-01
-1.303753137588500977e+00
9.465848803520202637e-01
1.615844368934631348e+00
-2.115416824817657471e-01
3.944644331932067871e-01
-7.265633940696716309e-01
-8.710648864507675171e-02
4.332396090030670166e-01
2.318923950195312500e+00
5.095302104949951172e+00
6.215269565582275391e+00
5.400203704833984375e+00
3.838820695877075195e+00
1.203294634819030762e+00
-1.639788150787353516e+00
-3.890249490737915039e+00
-5.297837734222412109e+00
-5.881438732147216797e+00
-5.815473556518554688e+00
-4.735661029815673828e+00
-3.723932743072509766e+00
-2.704661607742309570e+00
-2.050587415695190430e+00
-2.003406524658203125e+00
-2.386104345321655273e+00
-3.058247566223144531e+00
-3.305516481399536133e+00
-3.225895643234252930e+00
-3.751787424087524414e+00
-1.789194464683532715e+00
-8.245734572410583496e-01
2.169567048549652100e-01
-3.247366249561309814e-01
-8.133326172828674316e-01
-5.527039766311645508e-01
2.326097190380096436e-01
1.885939121246337891e+00
2.935283422470092773e+00
1.859957456588745117e+00
1.308354854583740234e+00
1.011810064315795898e+00
5.194174647331237793e-01
5.124167799949645996e-01
-2.659699916839599609e-01
-4.851863384246826172e-01
-1.417317837476730347e-01
2.909893274307250977e+00
5.371041774749755859e+00
4.865683555603027344e+00
1.810533165931701660e+00
-2.801562547683715820e+00
-3.813044548034667969e+00
-2.546849489212036133e+00
-1.790648460388183594e+00
-2.866812467575073242e+00
-5.132410049438476562e+00
-4.519180774688720703e+00
-3.505900144577026367e+00
-3.341999769210815430e+00
-3.925129652023315430e+00
-6.410486221313476562e+00
-5.644202709197998047e+00
-2.920353651046752930e+00
7.288230061531066895e-01
1.426775455474853516e+00
5.089656710624694824e-01
-1.107141375541687012e+00
-1.369989365339279175e-01
1.802028894424438477e+00
3.170029163360595703e+00
3.545948266983032227e+00
3.227637767791748047e+00
2.969941854476928711e+00
2.686708211898803711e+00
2.597424507141113281e+00
3.979746818542480469e+00
5.037472724914550781e+00
7.692324638366699219e+00
9.636331558227539062e+00
9.012923240661621094e+00
3.661977767944335938e+00
-1.679721713066101074e+00
2.305292606353759766e+00
3.635700702667236328e+00
-2.513523101806640625e-01
-5.357565879821777344e+00
-2.566249847412109375e+00
-3.386912584304809570e+00
-3.309953451156616211e+00
-2.759631872177124023e+00
-3.495004653930664062e+00
-4.052227497100830078e+00
-4.019910335540771484e+00
-3.388908147811889648e+00
-2.322926044464111328e+00
-1.166130006313323975e-01
2.667998373508453369e-01
1.413612246513366699e+00
2.353681087493896484e+00
3.165493726730346680e+00
2.961313962936401367e+00
2.972899913787841797e+00
2.843731641769409180e+00
3.572916030883789062e+00
3.563326835632324219e+00
3.918884992599487305e+00
3.483656406402587891e+00
2.871834039688110352e+00
1.970933914184570312e+00
1.129663586616516113e+00
-1.439429521560668945e+00
-5.515232086181640625e+00
-7.634822845458984375e+00
-5.025599956512451172e+00
-2.725500799715518951e-02
3.720794200897216797e+00
6.353509902954101562e+00
7.334769725799560547e+00
6.328243732452392578e+00
4.627068042755126953e+00
2.610341310501098633e+00
2.947534620761871338e-01
-7.942041158676147461e-01
-1.269859075546264648e+00
-2.038163900375366211e+00
-2.037596940994262695e+00
-2.446301460266113281e+00
-3.149479627609252930e+00
-4.220393180847167969e+00
-3.082356452941894531e+00
-9.537417292594909668e-01
1.207115292549133301e+00
1.738233923912048340e+00
-5.732129216194152832e-01
-4.731248855590820312e+00
-3.524338245391845703e+00
-1.254575490951538086e+00
-5.497161865234375000e+00
-8.652738571166992188e+00
-8.207451820373535156e+00
-6.185969352722167969e+00
1.556019186973571777e-01
1.235339999198913574e+00
-2.742130517959594727e+00
-5.488237857818603516e+00
-5.634786128997802734e+00
-3.945343017578125000e+00
-3.589488983154296875e+00
-3.382598638534545898e+00
4.294919967651367188e-02
5.509208202362060547e+00
8.735972404479980469e+00
4.176137447357177734e+00
5.146846175193786621e-01
-2.078590154647827148e+00
-1.978213787078857422e+00
-9.547525644302368164e-01
1.752555489540100098e+00
4.908180236816406250e+00
4.877763271331787109e+00
4.146950721740722656e+00
1.192719459533691406e+00
5.171003341674804688e-01
-5.742978453636169434e-01
-1.469083130359649658e-01
1.028769493103027344e+00
2.044490575790405273e+00
1.845882177352905273e+00
1.226638555526733398e+00
5.705425739288330078e-01
2.171908617019653320e+00
3.329986095428466797e+00
4.715019226074218750e+00
5.298100948333740234e+00
6.135353088378906250e+00
6.563309669494628906e+00
6.623604774475097656e+00
6.254390716552734375e+00
5.417039871215820312e+00
5.051819324493408203e+00
3.368786096572875977e+00
2.356318473815917969e+00
3.493146419525146484e+00
4.226053714752197266e+00
5.718119621276855469e+00
6.057482719421386719e+00
6.798696994781494141e+00
7.556746006011962891e+00
8.510817527770996094e+00
7.424695491790771484e+00
7.008594512939453125e+00
5.383563995361328125e+00
4.489985942840576172e+00
4.220334529876708984e+00
4.561744213104248047e+00
4.959552288055419922e+00
3.375096559524536133e+00
-6.539677381515502930e-01
-4.824254035949707031e+00
-4.792060852050781250e+00
-2.620185136795043945e+00
1.408977746963500977e+00
4.237663745880126953e+00
4.331854343414306641e+00
3.098025560379028320e+00
2.824627161026000977e+00
6.611428260803222656e+00
6.021837711334228516e+00
1.644709944725036621e+00
-4.169809818267822266e+00
-3.978645563125610352e+00
-1.595762372016906738e+00
-2.592995643615722656e+00
-4.291853904724121094e+00
-6.844038009643554688e+00
-7.796085834503173828e+00
-8.353677749633789062e+00
-7.509820938110351562e+00
-6.063210010528564453e+00
-5.797871589660644531e+00
-4.779464244842529297e+00
-4.633411407470703125e+00
-3.533878564834594727e+00
-1.539510250091552734e+00
1.914853692054748535e+00
3.596579790115356445e+00
4.660911560058593750e+00
5.496561050415039062e+00
5.493604183197021484e+00
5.086749076843261719e+00
3.785526514053344727e+00
2.219163656234741211e+00
1.188701510429382324e+00
1.596123933792114258e+00
2.256385564804077148e+00
2.153223752975463867e+00
3.054123401641845703e+00
4.009352684020996094e+00
4.338682174682617188e+00
5.173912525177001953e+00
6.703349113464355469e+00
6.530229568481445312e+00
5.412257671356201172e+00
4.437036991119384766e+00
2.079420089721679688e+00
1.544185280799865723e+00
5.812408924102783203e-01
3.075716793537139893e-01
4.742332398891448975e-01
1.513495683670043945e+00
6.715592741966247559e-02
-2.902827262878417969e+00
-4.052819252014160156e+00
-1.916982054710388184e+00
8.506207466125488281e-01
3.520657539367675781e+00
5.123453617095947266e+00
5.574261665344238281e+00
3.700359106063842773e+00
5.315824985504150391e+00
5.863951206207275391e+00
1.949068546295166016e+00
9.903150796890258789e-01
3.366098999977111816e-01
-1.108497142791748047e+00
-1.484736800193786621e+00
-9.692713618278503418e-01
-2.167677134275436401e-01
2.525666952133178711e+00
6.081838011741638184e-01
2.592073976993560791e-01
3.601115942001342773e+00
5.296745300292968750e+00
6.403303623199462891e+00
6.388711452484130859e+00
5.816869258880615234e+00
4.217599391937255859e+00
3.158986091613769531e+00
4.623912811279296875e+00
5.125894069671630859e+00
4.415541648864746094e+00
2.205457925796508789e+00
-1.529994845390319824e+00
-4.823071479797363281e+00
-4.977826118469238281e+00
-2.826091051101684570e-01
3.912820816040039062e+00
3.721853733062744141e+00
4.025004506111145020e-01
-3.326937675476074219e+00
-5.104898452758789062e+00
-5.094644069671630859e+00
-5.881216049194335938e+00
-5.039525508880615234e+00
-4.707905054092407227e-01
2.426252126693725586e+00
5.006560325622558594e+00
5.007127285003662109e+00
5.799664497375488281e+00
6.490516662597656250e+00
8.214173316955566406e+00
8.522870063781738281e+00
7.185905456542968750e+00
4.915946483612060547e+00
3.478628873825073242e+00
7.861351370811462402e-01
-1.807435512542724609e+00
-4.988697052001953125e+00
-5.957139015197753906e+00
-5.185925960540771484e+00
-3.614287853240966797e+00
-2.694087028503417969e+00
-4.021561622619628906e+00
-4.118758678436279297e+00
-5.477859973907470703e+00
-4.993774890899658203e+00
-4.821838378906250000e+00
-4.729892730712890625e+00
-4.497192859649658203e+00
-3.274234533309936523e+00
5.889561772346496582e-01
1.995731949806213379e+00
1.871099472045898438e+00
1.608991503715515137e+00
1.679319143295288086e+00
1.868510961532592773e+00
5.307566523551940918e-01
1.005992531776428223e+00
-1.862010806798934937e-01
-1.696336030960083008e+00
-4.926553726196289062e+00
-7.673449039459228516e+00
-1.028472042083740234e+01
-1.254134464263916016e+01
-1.313021755218505859e+01
-1.308291435241699219e+01
-4.999198436737060547e+00
1.611235141754150391e-01
-1.594049856066703796e-03
-3.554017245769500732e-01
-2.741120100021362305e+00
-4.320497989654541016e+00
-4.133943080902099609e+00
-5.539462089538574219e+00
-6.639094352722167969e+00
-9.330750465393066406e+00
-9.341716766357421875e+00
-7.061331272125244141e+00
-5.810986518859863281e+00
-4.314410209655761719e+00
-3.735568761825561523e+00
-1.685859799385070801e+00
2.324864864349365234e-01
1.980448961257934570e+00
1.856950163841247559e+00
2.814052581787109375e+00
4.702868461608886719e+00
7.096251964569091797e+00
7.141928672790527344e+00
6.443163394927978516e+00
3.545677661895751953e+00
2.353212833404541016e-01
-1.999240756034851074e+00
-2.128039121627807617e+00
-1.145448207855224609e+00
-2.644909620285034180e-01
1.885667800903320312e+00
2.674506664276123047e+00
1.274287819862365723e+00
-2.005230665206909180e+00
-7.900825977325439453e+00
-9.797626495361328125e+00
-8.748652458190917969e+00
-9.235079765319824219e+00
-1.066226577758789062e+01
-1.310603523254394531e+01
-6.894324779510498047e+00
-4.702456474304199219e+00
-8.646452903747558594e+00
-6.842385768890380859e+00
-1.523536562919616699e+00
-2.329260587692260742e+00
-6.917840480804443359e+00
-6.628420829772949219e+00
-2.155376672744750977e+00
-2.091753482818603516e+00
-3.393100023269653320e+00
-1.010758280754089355e+00
2.054227050393819809e-03
3.050080299377441406e+00
5.513767719268798828e+00
6.982959270477294922e+00
6.418119430541992188e+00
4.989058971405029297e+00
1.887491941452026367e+00
1.512164592742919922e+00
3.830464363098144531e+00
5.101169109344482422e+00
4.138470649719238281e+00
2.638516902923583984e+00
1.658489346504211426e+00
3.361982345581054688e+00
6.356073856353759766e+00
5.564719676971435547e+00
3.280783891677856445e+00
3.872417509555816650e-01
-3.185764789581298828e+00
-1.582870364189147949e+00
7.207869887351989746e-01
2.220174789428710938e+00
2.718507528305053711e+00
2.537672281265258789e+00
2.475208044052124023e+00
4.018793106079101562e+00
4.413372993469238281e+00
5.451648712158203125e+00
6.842328548431396484e+00
6.755706787109375000e+00
7.397876262664794922e+00
7.081216335296630859e+00
6.564049243927001953e+00
5.152244567871093750e+00
3.760431766510009766e+00
1.788076996803283691e+00
-1.255856752395629883e-01
-1.274714946746826172e+00
3.955244421958923340e-01
3.455826520919799805e+00
5.196516513824462891e+00
4.938008308410644531e+00
4.349256992340087891e+00
4.082169532775878906e+00
1.702884793281555176e+00
1.460619419813156128e-01
-3.776609897613525391e+00
-4.894629955291748047e+00
-7.779669284820556641e+00
-8.574054718017578125e+00
-7.154880046844482422e+00
-8.572079658508300781e+00
-1.176490497589111328e+01
-1.503683185577392578e+01
-9.261626243591308594e+00
-3.910241127014160156e+00
-4.623822212219238281e+00
-7.966396808624267578e+00
-6.657606124877929688e+00
-5.894453048706054688e+00
-4.207624435424804688e+00
-5.616839408874511719e+00
-6.542290210723876953e+00
-1.003405189514160156e+01
-1.027813911437988281e+01
-6.078172683715820312e+00
-1.463783740997314453e+00
1.189367055892944336e+00
8.547126501798629761e-02
-9.042682051658630371e-01
-1.214271783828735352e+00
-2.721301317214965820e+00
-4.311105728149414062e+00
-5.104234218597412109e+00
-4.883981704711914062e+00
-5.164134025573730469e+00
-3.981259346008300781e+00
-1.769991636276245117e+00
7.801454663276672363e-01
4.029441833496093750e+00
7.514370918273925781e+00
4.632909297943115234e+00
1.380013465881347656e+00
1.047799825668334961e+00
2.693363666534423828e+00
3.969664573669433594e+00
4.006048202514648438e+00
2.562223911285400391e+00
6.183643937110900879e-01
-9.262818843126296997e-02
-1.098932981491088867e+00
-2.651565313339233398e+00
-4.904318809509277344e+00
-9.160658836364746094e+00
-1.263097476959228516e+01
-1.336545753479003906e+01
-1.134939479827880859e+01
-1.022097492218017578e+01
-8.882208824157714844e+00
-6.985925197601318359e+00
-4.613591670989990234e+00
-2.034860610961914062e+00
-2.182910919189453125e+00
-2.017975091934204102e+00
-1.982971310615539551e+00
2.530449330806732178e-01
2.116321921348571777e-01
-1.331903457641601562e+00
-6.539776802062988281e+00
-9.490236282348632812e+00
-9.398683547973632812e+00
-1.177742958068847656e+01
-1.124630928039550781e+01
-4.363759040832519531e+00
-1.096393942832946777e+00
-4.224632740020751953e+00
-6.860183238983154297e+00
-7.515637397766113281e+00
-6.537140846252441406e+00
-6.741073727607727051e-01
2.265112161636352539e+00
9.487788081169128418e-01
-3.174869537353515625e+00
-5.714923858642578125e+00
-7.773653984069824219e+00
-7.812576770782470703e+00
-7.354621410369873047e+00
-6.696233749389648438e+00
-5.345069885253906250e+00
-3.365022897720336914e+00
-2.082016706466674805e+00
-1.055005550384521484e+00
-1.979273557662963867e+00
-1.074750781059265137e+00
-2.036265373229980469e+00
-2.242959499359130859e+00
-2.370353221893310547e+00
-3.084870100021362305e+00
-3.880610704421997070e+00
-3.957766771316528320e+00
-3.931267738342285156e+00
-4.221280574798583984e+00
-4.219677448272705078e+00
-3.796109199523925781e+00
-3.948868274688720703e+00
-4.231140613555908203e+00
-4.273342132568359375e+00
-5.071472644805908203e+00
-8.616082191467285156e+00
-1.034600067138671875e+01
-1.298574256896972656e+01
-1.306388378143310547e+01
-9.578362464904785156e+00
-6.344865798950195312e+00
-6.581460475921630859e+00
-9.527533531188964844e+00
-7.326938629150390625e+00
-5.286771774291992188e+00
-2.020267486572265625e+00
6.372712850570678711e-01
6.131385639309883118e-02
-2.744102954864501953e+00
-7.178715705871582031e+00
-7.954193115234375000e+00
-3.453887462615966797e+00
-1.196499347686767578e+00
-1.194872379302978516e+00
-2.943278789520263672e+00
-7.545784950256347656e+00
-7.700317859649658203e+00
-3.926953792572021484e+00
-1.948017001152038574e+00
-1.175201296806335449e+00
-1.219128370285034180e-01
-1.725940942764282227e+00
-5.563126087188720703e+00
-9.745910644531250000e+00
-6.434469699859619141e+00
-3.014862775802612305e+00
8.884838819503784180e-01
5.216162204742431641e+00
2.172796249389648438e+00
4.241929054260253906e-01
2.863008975982666016e+00
5.727338314056396484e+00
1.336628675460815430e+00
-7.877308845520019531e+00
-7.993733406066894531e+00
9.379571676254272461e-01
2.366351366043090820e+00
2.488173484802246094e+00
4.708808660507202148e-01
-3.601567506790161133e+00
-7.257377147674560547e+00
-9.707356452941894531e+00
-1.278797245025634766e+01
-1.344853019714355469e+01
-1.883852005004882812e+00
-4.418014526367187500e+00
-5.017143249511718750e+00
-5.402158737182617188e+00
5.524540424346923828e+00
1.086865615844726562e+01
7.712291717529296875e+00
7.102882385253906250e+00
6.547337055206298828e+00
7.192142486572265625e+00
4.594404697418212891e+00
2.001327991485595703e+00
2.091547966003417969e+00
3.044410943984985352e-01
-2.551657199859619141e+00
-6.887028217315673828e+00
-5.399300098419189453e+00
-4.956233501434326172e+00
-8.469609260559082031e+00
-5.461566925048828125e+00
-4.848905801773071289e-01
-1.513454675674438477e+00
-4.165988922119140625e+00
-4.050748825073242188e+00
-2.382234334945678711e+00
-1.905617833137512207e+00
-1.378690719604492188e+00
-1.673361897468566895e+00
-1.209810614585876465e+00
-7.490444183349609375e-02
2.068524599075317383e+00
-1.013297587633132935e-01
-2.991593122482299805e+00
-7.300365447998046875e+00
-9.071795463562011719e+00
-9.862925529479980469e+00
-2.851233720779418945e+00
-2.398084640502929688e+00
-6.890255928039550781e+00
-8.806310653686523438e+00
-5.618910312652587891e+00
-2.016200304031372070e+00
-6.726775169372558594e+00
-7.414916515350341797e+00
-4.839587688446044922e+00
-4.815108776092529297e+00
-5.120922088623046875e+00
-6.811103343963623047e+00
-2.415636062622070312e+00
1.038336277008056641e+01
7.373791694641113281e+00
9.143671393394470215e-02
-2.502233028411865234e+00
-9.604960680007934570e-01
2.084350109100341797e+00
2.558797121047973633e+00
1.170336842536926270e+00
-4.661069512367248535e-01
-2.129961729049682617e+00
-5.111407756805419922e+00
-6.999974727630615234e+00
-5.954230785369873047e+00
-3.424627542495727539e+00
6.362606287002563477e-01
5.125622749328613281e+00
7.122874259948730469e+00
7.745617389678955078e+00
7.833176136016845703e+00
1.055138111114501953e+01
1.018527030944824219e+01
6.548323154449462891e+00
8.948164939880371094e+00
6.177578926086425781e+00
5.193164348602294922e+00
5.355289936065673828e+00
6.367314338684082031e+00
4.683985233306884766e+00
1.921386599540710449e+00
-1.733163475990295410e+00
-4.830540180206298828e+00
-5.143895626068115234e+00
-5.367821216583251953e+00
-6.733011722564697266e+00
-9.092032432556152344e+00
-9.508577346801757812e+00
-1.042342758178710938e+01
-9.780768394470214844e+00
-7.926610469818115234e+00
-7.933389663696289062e+00
-9.407830238342285156e+00
-1.395670032501220703e+01
-1.400481319427490234e+01
-1.192140769958496094e+01
-6.230216979980468750e+00
-9.544565677642822266e-01
-1.958444476127624512e+00
-4.836604595184326172e+00
-7.239699840545654297e+00
-5.961304187774658203e+00
-4.292150497436523438e+00
-3.695264577865600586e+00
-2.644243955612182617e+00
-3.970929861068725586e+00
-6.712009906768798828e+00
-4.487109661102294922e+00
-1.467481493949890137e+00
-5.381601452827453613e-01
-2.365964889526367188e+00
-1.660173892974853516e+00
6.385283917188644409e-02
-1.553462147712707520e+00
-1.583880901336669922e+00
2.176124095916748047e+00
8.940375328063964844e+00
8.342576026916503906e+00
5.432668209075927734e+00
3.130046367645263672e+00
4.918213844299316406e+00
8.804700851440429688e+00
6.438530445098876953e+00
2.715944290161132812e+00
-3.765739917755126953e+00
-4.688554286956787109e+00
-3.987519979476928711e+00
3.349212408065795898e+00
7.909396171569824219e+00
8.805761337280273438e+00
9.514212608337402344e+00
5.974164009094238281e+00
1.529740333557128906e+00
-1.842315673828125000e+00
-3.651755571365356445e+00
-4.995008945465087891e+00
-4.987194061279296875e+00
-2.885250151157379150e-01
7.652414321899414062e+00
9.294430732727050781e+00
3.902812480926513672e+00
2.118811607360839844e+00
2.565551280975341797e+00
3.221598386764526367e+00
4.013640403747558594e+00
4.859793186187744141e+00
2.729575395584106445e+00
-1.014085769653320312e+00
-6.734835624694824219e+00
-6.886633396148681641e+00
-3.968563318252563477e+00
-9.130932092666625977e-01
-2.278973579406738281e+00
-2.564326763153076172e+00
3.446955606341362000e-02
3.955293893814086914e+00
6.338990211486816406e+00
4.697765350341796875e+00
4.015711307525634766e+00
2.258554935455322266e+00
-2.094317197799682617e+00
-3.332853794097900391e+00
-3.411883592605590820e+00
-2.498905181884765625e+00
-1.143673300743103027e+00
-3.809889554977416992e-01
4.271509051322937012e-01
3.730604648590087891e+00
5.478764533996582031e+00
5.521459579467773438e+00
8.337252616882324219e+00
5.650603294372558594e+00
4.385911941528320312e+00
5.223632812500000000e+00
4.251173019409179688e+00
3.257316350936889648e+00
5.654398441314697266e+00
1.139089870452880859e+01
1.305251312255859375e+01
1.256033992767333984e+01
1.088785934448242188e+01
9.075681686401367188e+00
6.908735752105712891e+00
5.984912872314453125e+00
4.142710685729980469e+00
3.833544969558715820e+00
3.630573749542236328e+00
3.515554666519165039e+00
4.471350669860839844e+00
4.977646350860595703e+00
5.639953613281250000e+00
6.651213645935058594e+00
5.939480781555175781e+00
4.674592971801757812e+00
3.033120870590209961e+00
2.092361688613891602e+00
3.556499242782592773e+00
3.860487222671508789e+00
4.597068786621093750e+00
3.892558097839355469e+00
5.815834045410156250e+00
8.590487480163574219e+00
1.009573936462402344e+01
8.251396179199218750e+00
6.597251892089843750e+00
8.104184150695800781e+00
9.272441864013671875e+00
7.134854316711425781e+00
4.727937221527099609e+00
3.626950263977050781e+00
4.028283596038818359e+00
1.839424014091491699e+00
-8.959612250328063965e-01
-7.210170030593872070e-01
8.745317459106445312e-01
3.421957015991210938e+00
7.181666851043701172e+00
1.059723186492919922e+01
8.315710067749023438e+00
2.652025222778320312e+00
4.537486433982849121e-01
-4.379555583000183105e-02
-4.873063266277313232e-01
-2.292851686477661133e+00
-3.511569261550903320e+00
-2.599626541137695312e+00
2.550317287445068359e+00
4.736761569976806641e+00
1.381517410278320312e+00
-3.263314962387084961e+00
-4.996733665466308594e+00
-6.998176574707031250e-01
2.507720947265625000e+00
1.891189455986022949e+00
2.653701603412628174e-01
-1.852324128150939941e+00
-4.872668743133544922e+00
-7.647642135620117188e+00
-1.253513336181640625e+01
-1.216880035400390625e+01
-9.555263519287109375e+00
-8.822999000549316406e+00
-8.818389892578125000e+00
-3.216035604476928711e+00
1.132695674896240234e+00
3.657787561416625977e+00
4.333259105682373047e+00
6.641156673431396484e-01
-1.148061156272888184e+00
8.446062356233596802e-02
5.465812981128692627e-02
5.090889334678649902e-01
1.272636294364929199e+00
4.088085174560546875e+00
7.399797439575195312e+00
5.302883148193359375e+00
3.125806570053100586e+00
-2.765696644783020020e-01
-4.398171901702880859e+00
-5.017785549163818359e+00
9.962061643600463867e-01
7.140032768249511719e+00
3.685001373291015625e+00
2.521204471588134766e+00
1.435427665710449219e+00
1.835405826568603516e+00
3.662569999694824219e+00
4.894450187683105469e+00
4.674987792968750000e+00
4.666582584381103516e+00
3.408645391464233398e+00
2.876960515975952148e+00
1.643477320671081543e+00
1.834567040205001831e-01
-1.874386072158813477e+00
-4.665284633636474609e+00
-6.547170162200927734e+00
-7.672340393066406250e+00
-6.955654621124267578e+00
-4.584061145782470703e+00
7.297351211309432983e-02
5.510908126831054688e+00
8.307698249816894531e+00
1.106145000457763672e+01
1.021610927581787109e+01
9.330468177795410156e+00
8.124446868896484375e+00
6.795121669769287109e+00
6.554064273834228516e+00
6.939723491668701172e+00
8.187354087829589844e+00
7.972647666931152344e+00
4.777977466583251953e+00
-3.884086012840270996e-01
-3.512309074401855469e+00
3.729470729827880859e+00
7.315763950347900391e+00
6.960181713104248047e+00
3.746627569198608398e+00
-1.592434644699096680e+00
-3.785386085510253906e+00
4.299609959125518799e-01
5.536495685577392578e+00
2.079370975494384766e+00
-4.875527381896972656e+00
-5.853435516357421875e+00
5.399266481399536133e-01
3.954923868179321289e+00
3.208606719970703125e+00
2.660185098648071289e+00
4.377580642700195312e+00
6.105452060699462891e+00
4.649499416351318359e+00
1.583428740501403809e+00
-2.895899772644042969e+00
-7.175438404083251953e+00
-8.968484878540039062e+00
-6.110094547271728516e+00
-4.222832202911376953e+00
-4.292495250701904297e+00
-1.739474296569824219e+00
7.511562108993530273e-01
2.094087362289428711e+00
2.473112344741821289e+00
1.981139183044433594e+00
1.232677817344665527e+00
1.033921360969543457e+00
2.399728536605834961e+00
7.361959457397460938e+00
9.881555557250976562e+00
1.049207115173339844e+01
7.876167774200439453e+00
4.445935726165771484e+00
1.253334879875183105e+00
-8.970952630043029785e-01
-2.175984621047973633e+00
-2.674514770507812500e+00
1.801634550094604492e+00
5.072033405303955078e+00
5.300098419189453125e+00
4.055473327636718750e+00
2.894782781600952148e+00
4.033633172512054443e-01
7.298088669776916504e-01
-5.071992874145507812e-01
-3.435941338539123535e-01
-2.027095794677734375e+00
-1.734643101692199707e+00
-2.144999027252197266e+00
-2.129764556884765625e+00
-1.796983838081359863e+00
-9.830511808395385742e-01
1.353637456893920898e+00
1.871715664863586426e+00
1.251412272453308105e+00
-1.406865835189819336e+00
-3.782477617263793945e+00
-6.162748813629150391e+00
-8.263409614562988281e+00
-8.797140121459960938e+00
-6.633030891418457031e+00
-4.725111007690429688e+00
-2.704587936401367188e+00
-9.578335881233215332e-01
1.106393456459045410e+00
2.127315282821655273e+00
3.148410797119140625e+00
3.621330022811889648e+00
3.539933681488037109e+00
2.931634902954101562e+00
3.748723268508911133e+00
4.113919258117675781e+00
4.813473224639892578e+00
3.557583808898925781e+00
4.093188762664794922e+00
3.663210630416870117e+00
3.319731712341308594e+00
2.822089195251464844e+00
3.142076015472412109e+00
2.791965961456298828e+00
2.589807271957397461e+00
2.709657907485961914e+00
2.562002420425415039e+00
2.923426151275634766e+00
3.011256456375122070e+00
3.407241106033325195e+00
3.461298942565917969e+00
4.387735843658447266e+00
4.725398063659667969e+00
5.221662044525146484e+00
5.143320083618164062e+00
5.150519847869873047e+00
4.124666690826416016e+00
3.528717279434204102e+00
2.543119430541992188e+00
2.918570280075073242e+00
2.188794374465942383e+00
2.512231826782226562e+00
2.122830152511596680e+00
2.635829210281372070e+00
2.253747940063476562e+00
1.859020590782165527e+00
1.061948657035827637e+00
1.663740158081054688e+00
1.436413407325744629e+00
1.531490206718444824e+00
4.227631986141204834e-01
-4.278000593185424805e-01
-1.998525738716125488e+00
-2.100726604461669922e+00
-2.712748050689697266e+00
-2.752730846405029297e+00
-4.155118465423583984e+00
-5.540670871734619141e+00
-9.451140403747558594e+00
-8.710494041442871094e+00
-8.387671470642089844e+00
-7.954391956329345703e+00
-7.455270290374755859e+00
-4.018973827362060547e+00
-2.319153785705566406e+00
-1.833935141563415527e+00
-2.428774356842041016e+00
-4.172496795654296875e+00
-4.770172119140625000e+00
-4.608415126800537109e+00
-6.323791503906250000e+00
-6.245228767395019531e+00
-5.681695938110351562e+00
-5.974469184875488281e+00
-7.987127304077148438e+00
-8.537669181823730469e+00
-8.225866317749023438e+00
-6.956861972808837891e+00
-6.530211925506591797e+00
-4.498351573944091797e+00
-6.222303390502929688e+00
-5.823461055755615234e+00
-6.291300296783447266e+00
-7.340520381927490234e+00
-1.045525169372558594e+01
-1.365302944183349609e+01
-1.475519847869873047e+01
-1.322487258911132812e+01
-1.205106925964355469e+01
-1.275324058532714844e+01
-1.113427352905273438e+01
-7.558774948120117188e+00
-7.932081699371337891e+00
-5.900097846984863281e+00
-5.411206245422363281e+00
-3.210809707641601562e+00
-1.207296013832092285e+00
-1.230812788009643555e+00
-2.641409635543823242e+00
-3.606055259704589844e+00
-3.533312082290649414e+00
-3.264991283416748047e+00
6.234910339117050171e-02
6.797440052032470703e-01
-6.294652223587036133e-01
-1.925240278244018555e+00
-1.647380352020263672e+00
-4.621134698390960693e-01
-9.461001753807067871e-01
-2.167504549026489258e+00
-2.664136648178100586e+00
-2.198735952377319336e+00
-7.507700920104980469e-01
1.988879144191741943e-01
2.608344852924346924e-01
6.399335265159606934e-01
1.081398129463195801e+00
2.588919878005981445e+00
-4.060833454132080078e-01
-3.388341903686523438e+00
-4.936511993408203125e+00
-5.041203022003173828e+00
-7.903831481933593750e+00
-6.899575710296630859e+00
3.512522280216217041e-01
6.391470909118652344e+00
8.980973243713378906e+00
8.310753822326660156e+00
5.438459873199462891e+00
3.092035770416259766e+00
1.792291998863220215e+00
8.254035115242004395e-01
8.716967105865478516e-01
1.257205128669738770e+00
1.525155305862426758e+00
3.105396032333374023e+00
2.599618911743164062e+00
2.414493560791015625e+00
2.821496486663818359e+00
3.077861309051513672e+00
3.133547067642211914e+00
3.631387233734130859e+00
4.686104297637939453e+00
5.586980819702148438e+00
4.330547809600830078e+00
4.607889175415039062e+00
5.335694313049316406e+00
5.408463001251220703e+00
3.649504899978637695e+00
3.222017049789428711e+00
4.717755794525146484e+00
5.850591659545898438e+00
5.334953784942626953e+00
7.056490898132324219e+00
7.748231887817382812e+00
7.162437915802001953e+00
4.994185924530029297e+00
4.874730587005615234e+00
4.233547687530517578e+00
3.311744213104248047e+00
1.692457914352416992e+00
1.760098218917846680e+00
1.214609146118164062e+00
1.844107508659362793e+00
2.639502763748168945e+00
2.566340208053588867e+00
1.901961445808410645e+00
9.878742098808288574e-01
1.375551581382751465e+00
2.311208724975585938e+00
2.816443443298339844e+00
3.662027835845947266e+00
4.873645305633544922e+00
6.176249027252197266e+00
7.425803661346435547e+00
6.791794776916503906e+00
4.936134815216064453e+00
3.088116407394409180e+00
1.477234840393066406e+00
-1.754535436630249023e-01
-4.851863384246826172e-01
-8.361346125602722168e-01
-7.126358151435852051e-01
-7.226931452751159668e-01
1.257969379425048828e+00
1.081964850425720215e+00
3.101920366287231445e+00
1.730912446975708008e+00
2.459308385848999023e+00
2.195720672607421875e+00
2.329425096511840820e+00
2.135450601577758789e+00
1.379841089248657227e+00
7.653056383132934570e-01
1.061973571777343750e+00
1.847139447927474976e-01
-1.088703036308288574e+00
-1.304640769958496094e+00
1.573025882244110107e-01
4.833539724349975586e-01
4.808889031410217285e-01
9.073906540870666504e-01
2.725508689880371094e+00
2.251061201095581055e+00
3.259608894586563110e-02
-1.289604067802429199e+00
-1.580799460411071777e+00
-1.730427384376525879e+00
-2.999999523162841797e+00
-4.650196075439453125e+00
-6.223536491394042969e+00
-6.211137771606445312e+00
-5.479166984558105469e+00
-5.453653812408447266e+00
-4.419863700866699219e+00
-3.688879966735839844e+00
-3.127860784530639648e+00
-2.736239433288574219e+00
-2.512684583663940430e+00
-1.118283510208129883e+00
5.480120182037353516e-01
2.037687301635742188e+00
2.089255809783935547e+00
2.821916103363037109e+00
2.215860605239868164e+00
2.209402084350585938e+00
4.030181467533111572e-01
9.557303190231323242e-01
1.156434178352355957e+00
1.961467862129211426e+00
1.596370220184326172e+00
2.145137786865234375e+00
2.560350418090820312e+00
3.037040233612060547e+00
2.766329288482666016e+00
2.781489133834838867e+00
2.134932994842529297e+00
1.664257526397705078e+00
1.022803902626037598e+00
1.687823534011840820e+00
3.303757667541503906e+00
3.317710399627685547e+00
1.467103123664855957e+00
-1.092301726341247559e+00
-2.020711183547973633e+00
-2.643011331558227539e+00
-4.987810134887695312e+00
-4.261854171752929688e+00
-3.285426616668701172e+00
7.494553178548812866e-02
-9.571926593780517578e-01
-2.884684801101684570e+00
-4.615416049957275391e+00
-6.103833198547363281e+00
-9.416629791259765625e+00
-8.147403717041015625e+00
-4.636196136474609375e+00
5.766558051109313965e-01
5.049799442291259766e+00
6.692304134368896484e+00
3.292591333389282227e+00
-6.548060178756713867e-01
-5.960615158081054688e+00
-4.567642688751220703e+00
4.243900477886199951e-01
4.333135485649108887e-01
-2.986342906951904297e+00
-4.861329078674316406e+00
-5.382438659667968750e+00
-4.574792385101318359e+00
-5.031589508056640625e+00
-2.769960880279541016e+00
-2.071934938430786133e+00
-5.489570498466491699e-01
4.682433903217315674e-01
3.660794973373413086e+00
6.611896514892578125e+00
8.706934928894042969e+00
1.093178749084472656e+01
1.090952777862548828e+01
6.476096630096435547e+00
3.706841945648193359e+00
3.580212831497192383e+00
2.015970230102539062e+00
1.185447573661804199e+00
-1.620856404304504395e+00
-3.413805961608886719e+00
-6.379054069519042969e+00
-7.104222297668457031e+00
-6.331825733184814453e+00
-6.699807643890380859e+00
-5.167192459106445312e+00
-2.532503366470336914e+00
-1.541802406311035156e+00
-1.084611058235168457e+00
-1.358896046876907349e-01
-7.486501336097717285e-01
-2.755294084548950195e+00
-3.053367696702480316e-02
4.117000579833984375e+00
3.548043489456176758e+00
1.300688266754150391e+00
-6.789387464523315430e-01
-6.187177300453186035e-01
2.152311354875564575e-01
2.909818887710571289e-01
6.765643358230590820e-01
1.168118119239807129e+00
2.368150711059570312e+00
3.124056100845336914e+00
3.136775732040405273e+00
3.343075752258300781e+00
2.347420215606689453e+00
2.527121305465698242e+00
2.643914937973022461e+00
3.534485578536987305e+00
4.041348457336425781e+00
4.778150081634521484e+00
5.952200889587402344e+00
6.073407173156738281e+00
6.726447582244873047e+00
7.935722351074218750e+00
9.654080390930175781e+00
9.031360626220703125e+00
7.603655815124511719e+00
6.017154693603515625e+00
5.104102611541748047e+00
4.797327995300292969e+00
3.774162054061889648e+00
3.694590091705322266e+00
4.340703010559082031e+00
2.713873147964477539e+00
3.759150505065917969e+00
3.314382553100585938e+00
3.230472326278686523e+00
3.575825214385986328e+00
3.788213253021240234e+00
5.037398815155029297e+00
4.588391304016113281e+00
