-5.078450202941894531e+00
-2.829960107803344727e+00
-5.460976362228393555e-01
4.361484050750732422e-01
3.004058122634887695e+00
3.930199384689331055e+00
4.341886997222900391e+00
4.722489356994628906e+00
3.938777446746826172e+00
2.886647701263427734e+00
2.127636671066284180e+00
9.920157790184020996e-01
2.327773571014404297e+00
2.885858535766601562e+00
3.429647922515869141e+00
2.768547773361206055e+00
2.184307336807250977e+00
1.683213591575622559e+00
-1.876556724309921265e-01
-7.436461448669433594e-01
-1.707083463668823242e+00
-1.906259179115295410e+00
-2.471986770629882812e+00
-2.738187074661254883e+00
-1.610330581665039062e+00
1.641998291015625000e+00
3.767703771591186523e+00
5.938249111175537109e+00
5.620849609375000000e+00
3.803545475006103516e+00
3.009604930877685547e+00
3.877940416336059570e+00
3.694468021392822266e+00
2.543908357620239258e+00
2.243986606597900391e+00
3.287193775177001953e+00
2.125369071960449219e+00
3.635281324386596680e-01
-7.357334494590759277e-01
-2.080587387084960938e+00
-3.221704244613647461e+00
-3.637212753295898438e+00
-3.000615596771240234e+00
-5.719090938568115234e+00
-5.858364105224609375e+00
-5.797255516052246094e+00
-4.014980316162109375e+00
-4.257935047149658203e+00
-1.233055830001831055e+00
5.909036993980407715e-01
2.141662836074829102e+00
1.762144565582275391e+00
2.990870237350463867e+00
3.441653013229370117e+00
4.356996059417724609e+00
5.147808074951171875e+00
5.556783676147460938e+00
4.248486518859863281e+00
4.245627403259277344e+00
3.629415035247802734e+00
3.302697658538818359e+00
2.717496871948242188e+00
2.376309871673583984e+00
2.257248640060424805e+00
1.857073068618774414e+00
2.600851297378540039e+00
2.465840339660644531e+00
2.404855012893676758e+00
2.334749460220336914e+00
1.188159346580505371e+00
1.189588904380798340e+00
-5.244788900017738342e-02
8.685663342475891113e-01
1.402642607688903809e+00
2.375447034835815430e+00
2.408158779144287109e+00
3.947677135467529297e+00
4.615530490875244141e+00
6.259395122528076172e+00
6.715524673461914062e+00
5.589173793792724609e+00
3.891720533370971680e+00
3.684360742568969727e+00
4.041521072387695312e+00
3.352491617202758789e+00
4.154345989227294922e+00
4.315831184387207031e+00
4.763359069824218750e+00
4.642572879791259766e+00
3.575184345245361328e+00
2.767832517623901367e+00
3.520805835723876953e+00
2.131580591201782227e+00
4.170196652412414551e-01
-1.113378256559371948e-01
-5.909119248390197754e-01
-1.635449647903442383e+00
-1.801938414573669434e+00
-2.214660882949829102e+00
-4.295872688293457031e+00
-3.595996856689453125e+00
-3.419746637344360352e+00
-3.585891246795654297e+00
-4.717789173126220703e+00
-2.907905340194702148e+00
-1.355469703674316406e+00
-6.767693161964416504e-01
-1.498344063758850098e+00
2.520342171192169189e-01
5.773953199386596680e-01
9.157718420028686523e-01
-5.151121690869331360e-02
5.166318416595458984e-01
1.562919318675994873e-01
7.618298530578613281e-01
-1.007972836494445801e+00
4.780787527561187744e-01
5.160158872604370117e-02
-6.161786615848541260e-02
-1.077043175697326660e+00
1.317647993564605713e-01
6.514698266983032227e-01
2.152582883834838867e+00
6.869417428970336914e-01
2.318233728408813477e+00
1.713509082794189453e+00
2.024819612503051758e+00
1.324032306671142578e+00
2.487261533737182617e+00
1.020930528640747070e+00
1.085243582725524902e+00
7.401375770568847656e-01
7.768175005912780762e-01
-1.662120580673217773e+00
-1.346891760826110840e+00
-2.973081111907958984e+00
-2.645993947982788086e+00
-2.938866138458251953e+00
-2.555057764053344727e+00
-4.081439018249511719e+00
-2.447484016418457031e+00
-1.043962121009826660e+00
2.511468231678009033e-01
2.070077896118164062e+00
4.159645557403564453e+00
4.976832866668701172e+00
5.457096576690673828e+00
5.080461978912353516e+00
3.801007032394409180e+00
2.404066562652587891e+00
3.609152734279632568e-01
-2.578230142593383789e+00
-3.863010168075561523e+00
-2.295958042144775391e+00
-2.064564228057861328e+00
-3.984340190887451172e+00
-2.535634279251098633e+00
-1.215455532073974609e+00
-1.956670433282852173e-01
-2.723076380789279938e-02
1.011883974075317383e+00
2.439686298370361328e+00
2.605312347412109375e+00
3.224236011505126953e+00
3.373321533203125000e+00
2.151498317718505859e+00
2.251357078552246094e+00
3.878556013107299805e+00
4.320539474487304688e+00
3.303955078125000000e+00
2.778555870056152344e+00
3.729372739791870117e+00
3.256947517395019531e+00
2.123248577117919922e+00
1.886851072311401367e+00
2.872030496597290039e+00
3.018478631973266602e+00
2.783141136169433594e+00
2.622025251388549805e+00
3.670655250549316406e+00
4.154271602630615234e+00
4.411154270172119141e+00
5.070948123931884766e+00
6.312565326690673828e+00
6.666496753692626953e+00
5.170362949371337891e+00
5.089313030242919922e+00
4.367251873016357422e+00
3.639546155929565430e+00
2.971371412277221680e+00
2.735343694686889648e+00
2.194020271301269531e+00
2.037909030914306641e+00
1.834173321723937988e+00
1.564300060272216797e+00
1.394064426422119141e-01
9.912022352218627930e-01
2.431181907653808594e+00
3.131772279739379883e+00
1.638941884040832520e+00
5.381272435188293457e-01
5.278234481811523438e-01
1.640617847442626953e+00
3.366271972656250000e+00
5.371905326843261719e+00
6.100841522216796875e+00
7.066155910491943359e+00
8.591499328613281250e+00
8.998895645141601562e+00
7.265058994293212891e+00
8.357590675354003906e+00
9.089584350585937500e+00
7.796029090881347656e+00
5.552667140960693359e+00
4.369913578033447266e+00
2.991288661956787109e+00
2.637678623199462891e+00
2.955102443695068359e+00
1.949808359146118164e+00
1.243622660636901855e+00
-7.966215908527374268e-02
-1.058555364608764648e+00
-1.369570016860961914e+00
-2.731481790542602539e+00
-2.675032138824462891e+00
-3.329033136367797852e+00
-4.159728050231933594e+00
-6.153258800506591797e+00
-3.936148405075073242e+00
-2.430179595947265625e+00
9.685484170913696289e-01
1.646361351013183594e+00
-3.469714820384979248e-01
-3.744663715362548828e+00
-4.065760612487792969e+00
-3.205263853073120117e+00
-1.722021937370300293e+00
-6.178303956985473633e-01
2.641128599643707275e-01
-2.793551087379455566e-01
3.395186364650726318e-02
1.379619359970092773e+00
1.493873834609985352e+00
-3.026499748229980469e-01
-2.886656761169433594e+00
-5.573775291442871094e+00
-7.173046588897705078e+00
-7.845289230346679688e+00
-8.292127609252929688e+00
-7.216087341308593750e+00
-8.512796401977539062e+00
-9.075590133666992188e+00
-9.754711151123046875e+00
-8.106238365173339844e+00
-6.288687229156494141e+00
-4.085629940032958984e+00
-2.141030073165893555e+00
-1.011127948760986328e+00
5.595239400863647461e-01
1.884854793548583984e+00
1.057659745216369629e+00
-1.474260330200195312e+00
-2.171695470809936523e+00
-1.952725648880004883e+00
-1.006789565086364746e+00
4.082440733909606934e-01
2.107620239257812500e+00
4.270178318023681641e+00
4.694116592407226562e+00
5.561564445495605469e+00
6.136808872222900391e+00
6.799337863922119141e+00
7.364201545715332031e+00
7.137540817260742188e+00
6.458570957183837891e+00
5.615722179412841797e+00
4.037133216857910156e+00
3.331834793090820312e+00
2.408478498458862305e+00
1.817336559295654297e+00
1.910342931747436523e+00
1.663912773132324219e+00
1.523183226585388184e+00
1.175340890884399414e+00
7.682882547378540039e-01
6.801382303237915039e-01
1.176351666450500488e+00
9.246213436126708984e-01
8.028236031532287598e-01
-4.496155977249145508e-01
-5.166400671005249023e-01
-9.679405689239501953e-01
3.999861478805541992e-01
1.666180253028869629e+00
2.558575391769409180e+00
1.700148463249206543e+00
2.230133295059204102e+00
1.344566106796264648e+00
2.523152828216552734e+00
1.465254783630371094e+00
2.397681951522827148e+00
2.743428468704223633e+00
3.710712194442749023e+00
2.502249002456665039e+00
2.622567892074584961e+00
2.312243461608886719e+00
5.627381801605224609e+00
1.105173397064208984e+01
1.389563083648681641e+01
9.849457740783691406e+00
4.332198143005371094e+00
8.312208056449890137e-01
-6.790374219417572021e-02
-3.124976873397827148e+00
-2.993121862411499023e+00
-3.589908599853515625e+00
-4.291041374206542969e+00
-5.712977409362792969e+00
-1.734100580215454102e+00
-5.009008884429931641e+00
-8.779762268066406250e+00
-7.844820976257324219e+00
-6.661599159240722656e+00
-4.319906711578369141e+00
-1.049878358840942383e+00
2.571935892105102539e+00
6.839962005615234375e+00
8.344132423400878906e+00
8.723477363586425781e+00
5.402669429779052734e+00
3.004625320434570312e+00
1.612294077873229980e+00
6.604673266410827637e-01
1.730567216873168945e+00
4.532657146453857422e+00
6.916500568389892578e+00
6.648107051849365234e+00
5.088992595672607422e+00
9.683510661125183105e-01
-2.809796333312988281e+00
-2.029191017150878906e+00
-2.364017963409423828e+00
-2.514780044555664062e+00
-3.665905714035034180e+00
-3.605808734893798828e+00
-4.942158699035644531e+00
-4.706351280212402344e+00
-3.966345310211181641e+00
-3.300660848617553711e+00
-5.321479320526123047e+00
-7.038553714752197266e+00
-8.692276954650878906e+00
-1.124534702301025391e+01
-1.006806659698486328e+01
-8.892537117004394531e+00
-7.936448097229003906e+00
-6.294011116027832031e+00
-5.684160232543945312e+00
-6.425078868865966797e+00
-7.746835231781005859e+00
-6.722609043121337891e+00
-4.985049724578857422e+00
1.934155970811843872e-01
-1.621522188186645508e+00
-5.457721233367919922e+00
-5.506282329559326172e+00
-3.243397712707519531e+00
-4.835667133331298828e+00
-4.287788391113281250e+00
-4.207007408142089844e+00
-2.781719923019409180e+00
-1.654775738716125488e+00
3.031099438667297363e-01
-3.105379641056060791e-01
-8.592318743467330933e-02
5.972635149955749512e-01
3.954578399658203125e+00
5.597948074340820312e+00
5.083100318908691406e+00
3.190538644790649414e+00
8.650164604187011719e-01
-1.969487071037292480e-01
-6.696810014545917511e-03
1.296004533767700195e+00
5.072994232177734375e+00
6.076314926147460938e+00
6.412302494049072266e+00
6.269033908843994141e+00
6.798253059387207031e+00
6.942705631256103516e+00
4.999856472015380859e+00
2.745006799697875977e+00
1.522936820983886719e+00
9.446868300437927246e-01
2.012395620346069336e+00
2.100249767303466797e+00
2.818884134292602539e+00
3.141139030456542969e+00
3.252953529357910156e+00
3.113456010818481445e+00
3.300776004791259766e+00
2.208958387374877930e+00
1.211305856704711914e+00
1.071562528610229492e+00
4.733211696147918701e-01
1.852389812469482422e+00
3.224310398101806641e+00
4.323201179504394531e+00
5.938346862792968750e+00
6.401775836944580078e+00
6.506540298461914062e+00
6.505899906158447266e+00
5.342053890228271484e+00
4.373216629028320312e+00
4.552031993865966797e+00
6.364011764526367188e+00
6.037515640258789062e+00
4.569977283477783203e+00
4.451851367950439453e+00
4.609244823455810547e+00
4.869579792022705078e+00
5.564376354217529297e+00
7.530049324035644531e+00
6.964692592620849609e+00
3.580335855484008789e+00
2.464558362960815430e+00
3.046999216079711914e+00
5.080166339874267578e+00
5.217001914978027344e+00
5.856309413909912109e+00
6.001132488250732422e+00
5.888997554779052734e+00
5.389259338378906250e+00
4.959232330322265625e+00
4.550921916961669922e+00
2.934765100479125977e+00
2.972185373306274414e+00
2.007933855056762695e+00
1.814748764038085938e+00
1.866785764694213867e+00
3.636341810226440430e+00
5.505214691162109375e+00
6.333148479461669922e+00
5.720461845397949219e+00
3.935351371765136719e+00
1.159121036529541016e+00
-7.676556110382080078e-01
-3.223480224609375000e+00
-4.106433868408203125e+00
-2.348586559295654297e+00
4.001440048217773438e+00
8.248585700988769531e+00
1.041940116882324219e+01
5.977442741394042969e+00
2.345251083374023438e+00
-3.469393014907836914e+00
-4.977925777435302734e+00
-3.046834230422973633e+00
2.319589614868164062e+00
1.470702648162841797e+00
8.304319977760314941e-01
6.180438399314880371e-01
2.225547552108764648e+00
2.892515182495117188e+00
3.384266138076782227e+00
4.125825881958007812e+00
4.110468864440917969e+00
3.966583728790283203e+00
3.220489263534545898e+00
2.546299457550048828e+00
2.472816944122314453e+00
3.097311258316040039e+00
4.036048412322998047e+00
4.750665664672851562e+00
4.750911712646484375e+00
4.963989734649658203e+00
5.574062347412109375e+00
5.649000644683837891e+00
7.222857475280761719e+00
6.599224090576171875e+00
6.655279636383056641e+00
7.558867454528808594e+00
6.682739257812500000e+00
4.723575115203857422e+00
4.071322917938232422e+00
4.359930515289306641e+00
4.060871124267578125e+00
1.893013477325439453e+00
1.490398049354553223e+00
1.293613791465759277e+00
2.230699777603149414e+00
2.058911323547363281e+00
2.107250928878784180e+00
2.661146163940429688e+00
3.257169008255004883e+00
4.753005504608154297e+00
3.963724136352539062e+00
1.552911758422851562e+00
-1.321107149124145508e+00
-2.657900333404541016e+00
-4.850432872772216797e+00
-9.860412597656250000e+00
-1.075485420227050781e+01
-9.962957382202148438e+00
-6.717260837554931641e+00
-2.906869411468505859e+00
-2.050365686416625977e+00
-1.649993062019348145e+00
-7.698249816894531250e-01
-5.452348589897155762e-01
-1.856514692306518555e+00
-3.588848829269409180e+00
-4.972378730773925781e+00
-5.026560783386230469e+00
-7.150910854339599609e+00
-9.594335556030273438e+00
-9.409285545349121094e+00
-8.473973274230957031e+00
-8.928749084472656250e+00
-1.015103912353515625e+01
-9.063093185424804688e+00
-7.545833587646484375e+00
-6.672716617584228516e+00
-5.780691623687744141e+00
-5.090332031250000000e+00
-5.631457805633544922e+00
-4.091569423675537109e+00
-2.207561731338500977e+00
-1.782711267471313477e+00
-3.133505582809448242e+00
-4.883910179138183594e+00
-4.795881748199462891e+00
-3.594419240951538086e+00
-1.620708584785461426e+00
-3.862887620925903320e-01
9.123948216438293457e-02
-5.028360486030578613e-01
-2.038656949996948242e+00
-5.053825855255126953e+00
-1.085293865203857422e+01
-8.635976791381835938e+00
-2.783617496490478516e+00
-1.303605079650878906e+00
-2.417385816574096680e+00
3.179002404212951660e-01
5.713510036468505859e+00
7.260201930999755859e+00
5.723468303680419922e+00
2.975980997085571289e+00
-1.823655366897583008e+00
-7.419105529785156250e+00
-1.136825466156005859e+01
-9.529356956481933594e+00
-8.323727607727050781e+00
-8.607059478759765625e+00
-5.603356838226318359e+00
1.366430759429931641e+00
3.200251340866088867e+00
2.500351428985595703e+00
1.580446124076843262e+00
-2.690414667129516602e+00
-3.194391965866088867e+00
-3.732265233993530273e+00
-4.831304073333740234e+00
-2.862474203109741211e+00
-5.522477149963378906e+00
-8.122113227844238281e+00
-7.390980720520019531e+00
-4.159554958343505859e+00
-3.762783050537109375e+00
-1.986348509788513184e+00
-1.993324160575866699e+00
-5.328380584716796875e+00
-4.527956008911132812e+00
-3.960798740386962891e+00
-5.364567756652832031e+00
-5.471993446350097656e+00
-4.136753559112548828e+00
-5.337945938110351562e+00
-8.159579277038574219e+00
-8.238462448120117188e+00
-6.085863113403320312e+00
-5.498616695404052734e+00
-7.017010688781738281e+00
-7.101684570312500000e+00
-1.306479644775390625e+01
-1.268140888214111328e+01
-8.907969474792480469e+00
-4.077691555023193359e+00
-4.077444553375244141e+00
-5.798883914947509766e+00
-8.040963172912597656e+00
-7.868485927581787109e+00
-8.165817260742187500e+00
-1.011369705200195312e+01
-1.123097610473632812e+01
-8.599689483642578125e+00
-6.085715293884277344e+00
-4.922930717468261719e+00
-4.192192554473876953e+00
-3.226906061172485352e+00
-7.345254421234130859e-01
1.632705330848693848e+00
2.992497444152832031e+00
4.288517951965332031e+00
4.539532184600830078e+00
4.704322338104248047e+00
5.954246997833251953e+00
4.015613079071044922e+00
1.191634893417358398e+00
-2.272909879684448242e+00
-3.261836528778076172e+00
-1.952478438615798950e-01
-4.135028719902038574e-01
-3.158649444580078125e+00
-6.548353672027587891e+00
-7.321418285369873047e+00
-6.914340972900390625e+00
-5.764372825622558594e+00
-5.960615634918212891e+00
-4.004478931427001953e+00
-6.187744140625000000e+00
-8.401869773864746094e+00
-8.889875411987304688e+00
-7.680106163024902344e+00
-7.735001087188720703e+00
-6.127892971038818359e+00
-1.976587176322937012e+00
3.341941535472869873e-01
-1.255142688751220703e+00
-8.024569511413574219e+00
-9.345833778381347656e+00
-7.212141990661621094e+00
-7.779522895812988281e+00
-8.792088508605957031e+00
-8.572696685791015625e+00
-6.880569934844970703e+00
-5.359440803527832031e+00
-1.945157766342163086e+00
-3.737293481826782227e+00
-4.277902603149414062e+00
-4.518515110015869141e+00
-6.271236896514892578e+00
-1.205343723297119141e+01
-1.129319381713867188e+01
-5.863442897796630859e+00
-4.538013458251953125e+00
-4.144789218902587891e+00
-2.250749021768569946e-01
4.940770268440246582e-01
4.710532128810882568e-01
-2.004466772079467773e+00
-3.666620969772338867e+00
-2.996326208114624023e+00
-3.122215986251831055e+00
2.631762027740478516e-01
9.039398431777954102e-01
1.198315143585205078e+00
4.022047519683837891e-01
-1.483873605728149414e+00
-1.355420589447021484e+00
-3.039661407470703125e+00
1.309020280838012695e+00
4.515868663787841797e+00
7.800022125244140625e+00
1.097162055969238281e+01
1.401708412170410156e+01
8.098513603210449219e+00
-2.350829541683197021e-01
-6.037843704223632812e+00
-5.232244014739990234e+00
-2.476990699768066406e+00
-1.294484615325927734e+00
7.268828868865966797e+00
4.415739059448242188e+00
2.822409152984619141e+00
-1.974540591239929199e+00
-4.602966785430908203e+00
-5.139557838439941406e+00
-3.366477012634277344e+00
-1.129351615905761719e+00
-6.177563071250915527e-01
-2.205269098281860352e+00
-4.264394283294677734e+00
-5.241660594940185547e+00
-6.365251541137695312e+00
-7.620132923126220703e+00
-9.332795143127441406e+00
-8.253599166870117188e+00
-5.881043434143066406e+00
-3.510879039764404297e+00
-3.916033744812011719e+00
-3.647640228271484375e+00
-4.640756607055664062e+00
-6.643433094024658203e+00
-7.397760391235351562e+00
-7.240290164947509766e+00
-6.517148971557617188e+00
-5.294140815734863281e+00
-4.494826793670654297e+00
-1.948608279228210449e+00
-1.734248518943786621e+00
-1.364813651889562607e-02
-1.147642582654953003e-01
1.497300624847412109e+00
2.487040042877197266e+00
3.594288587570190430e+00
3.350890159606933594e+00
3.481167554855346680e+00
3.912303447723388672e+00
4.218117237091064453e+00
3.708369970321655273e+00
3.742313623428344727e+00
2.309088230133056641e+00
1.793105244636535645e+00
1.503635287284851074e+00
3.856223821640014648e+00
5.893828392028808594e+00
6.969647884368896484e+00
2.193699836730957031e+00
1.690610647201538086e-01
3.829280614852905273e+00
6.573736190795898438e+00
7.215338230133056641e+00
5.959645271301269531e+00
4.672695159912109375e+00
4.576559543609619141e+00
3.825977563858032227e+00
1.595285773277282715e+00
-1.624626964330673218e-01
-2.587177991867065430e+00
-2.443687915802001953e+00
-2.574237108230590820e+00
-3.456352472305297852e+00
-3.942779779434204102e+00
-5.230000972747802734e+00
-4.315075397491455078e+00
3.557854652404785156e+00
5.254321575164794922e+00
6.678304195404052734e+00
8.248290061950683594e+00
8.894870758056640625e+00
9.323322296142578125e+00
7.943536758422851562e+00
6.026152133941650391e+00
4.931697845458984375e+00
2.621483325958251953e+00
-9.198718667030334473e-01
-1.579640746116638184e+00
1.280992746353149414e+00
8.022393226623535156e+00
9.828702926635742188e+00
5.770871162414550781e+00
2.151547670364379883e+00
2.850411653518676758e+00
3.297003984451293945e+00
2.210092067718505859e+00
1.629623889923095703e+00
1.221116900444030762e+00
1.083641409873962402e+00
3.996361732482910156e+00
3.473229408264160156e+00
3.818902969360351562e+00
2.160224676132202148e+00
3.430337905883789062e+00
1.717527270317077637e+00
2.626733303070068359e+00
2.878563404083251953e+00
1.321863174438476562e+00
7.530541419982910156e-01
1.234329640865325928e-01
-2.931101620197296143e-01
7.646398544311523438e-01
1.666352748870849609e+00
2.372341394424438477e+00
6.507797241210937500e-01
3.330848813056945801e-01
1.086623787879943848e+00
3.316551744937896729e-01
1.425986289978027344e+00
1.740526080131530762e+00
2.735515594482421875e+00
1.972807407379150391e+00
-2.631968021392822266e+00
-4.258403301239013672e+00
-5.595049381256103516e+00
-2.777331590652465820e+00
-9.836674928665161133e-01
-3.363715708255767822e-01
-1.586123824119567871e+00
-3.778582811355590820e+00
-4.274499893188476562e+00
-6.887001395225524902e-01
3.282263040542602539e+00
6.967674255371093750e+00
5.989398479461669922e+00
4.052145004272460938e+00
6.600235939025878906e+00
5.672836780548095703e+00
5.989744663238525391e+00
4.900439739227294922e+00
5.507482290267944336e-01
5.355882644653320312e-01
1.783984899520874023e+00
-4.234122037887573242e-01
-4.686187267303466797e+00
-7.380381107330322266e+00
-6.205689430236816406e+00
-4.347490310668945312e+00
-1.437087655067443848e+00
-4.039730548858642578e+00
-1.015446567535400391e+01
-1.246219158172607422e+01
-1.302024841308593750e+01
-7.111272335052490234e+00
-2.252474546432495117e+00
-5.280435085296630859e+00
-9.636684417724609375e+00
-1.037306690216064453e+01
-3.997453927993774414e+00
-2.434986591339111328e+00
-4.990965366363525391e+00
-4.828691959381103516e+00
-2.260116338729858398e+00
6.708967685699462891e+00
1.042006778717041016e+01
9.084533691406250000e+00
5.961272239685058594e+00
2.986556053161621094e+00
8.117468357086181641e-01
-4.180631935596466064e-01
-9.431667923927307129e-01
1.344763636589050293e+00
4.174583911895751953e+00
2.335587501525878906e+00
-1.814781665802001953e+00
-4.401819705963134766e+00
-6.551140308380126953e+00
-6.691254138946533203e+00
-7.869371891021728516e+00
-7.956338882446289062e+00
-5.181735038757324219e+00
-6.898589134216308594e-01
2.205531835556030273e+00
3.837760686874389648e+00
3.918884038925170898e+00
1.759161591529846191e+00
-1.090107917785644531e+00
-1.561153173446655273e+00
2.099880456924438477e+00
3.484840154647827148e+00
2.076930522918701172e+00
3.538824558258056641e+00
3.624927997589111328e+00
3.641961336135864258e+00
3.096644878387451172e+00
1.693517684936523438e+00
2.023833513259887695e+00
3.021979093551635742e+00
4.754139900207519531e+00
7.411875247955322266e+00
7.868500232696533203e+00
6.865473747253417969e+00
2.561484336853027344e+00
-2.590900421142578125e+00
-6.078147888183593750e+00
-2.928833246231079102e+00
3.396000385284423828e+00
7.427309036254882812e+00
6.003990650177001953e+00
4.738684177398681641e+00
4.658447265625000000e+00
2.700167655944824219e+00
-7.526186704635620117e-01
-5.429496288299560547e+00
-7.472670555114746094e+00
-6.997041702270507812e+00
-5.205127716064453125e+00
-6.401684761047363281e+00
-2.251833438873291016e+00
-1.601579904556274414e+00
-4.500347673892974854e-01
-1.674890398979187012e+00
-2.619199514389038086e+00
-2.268078565597534180e+00
1.467596173286437988e+00
4.794025421142578125e+00
3.544888973236083984e+00
1.242488622665405273e+00
-1.973924934864044189e-01
1.357014536857604980e+00
5.353737354278564453e+00
1.125660610198974609e+01
1.248318576812744141e+01
1.124815082550048828e+01
1.010272026062011719e+01
6.370296955108642578e+00
1.215646934509277344e+01
1.062723064422607422e+01
1.095902538299560547e+01
8.456463813781738281e+00
9.692264556884765625e+00
9.208744049072265625e+00
1.006657981872558594e+01
8.508746147155761719e+00
5.718046665191650391e+00
2.414074182510375977e+00
2.000563621520996094e+00
1.046000123023986816e+00
-9.679476730525493622e-03
-1.444310069084167480e+00
-2.566298961639404297e+00
-5.482125759124755859e+00
-7.080312252044677734e+00
1.337072253227233887e+00
1.313827276229858398e+00
-7.299407124519348145e-01
-7.602853178977966309e-01
-5.200426280498504639e-02
2.606124579906463623e-01
8.186737298965454102e-01
5.271825194358825684e-01
-3.570164203643798828e+00
-4.345986843109130859e+00
-4.638291358947753906e+00
-4.460710048675537109e+00
-3.177482128143310547e+00
-1.648021459579467773e+00
-1.555754542350769043e+00
-4.734969139099121094e+00
-2.243526458740234375e+00
1.809769630432128906e+00
4.747163772583007812e+00
5.698547840118408203e+00
6.037269115447998047e+00
4.964087963104248047e+00
-1.243287026882171631e-01
-3.078091859817504883e+00
3.801302909851074219e+00
6.691762924194335938e+00
1.986783862113952637e+00
-1.248314380645751953e+00
-1.784831047058105469e+00
2.768967390060424805e+00
6.981874465942382812e+00
8.541530609130859375e+00
6.465619087219238281e+00
1.149433374404907227e+00
-2.228612899780273438e+00
4.857693910598754883e-01
7.240015029907226562e+00
6.595650196075439453e+00
4.518162250518798828e+00
3.554699659347534180e+00
1.126853585243225098e+00
-2.912564039230346680e+00
-5.091022491455078125e+00
-3.352697610855102539e+00
2.983845233917236328e+00
5.063454151153564453e+00
3.970132827758789062e+00
4.132230579853057861e-02
-2.146798133850097656e+00
-3.903806924819946289e+00
-4.030215263366699219e+00
2.006627559661865234e+00
6.561807155609130859e+00
2.437911510467529297e+00
-3.704533100128173828e+00
-6.769421577453613281e+00
-5.012706756591796875e+00
-4.097312986850738525e-01
4.827870726585388184e-01
-3.339164495468139648e+00
-3.426697731018066406e+00
2.172549486160278320e+00
7.026614189147949219e+00
7.710861682891845703e+00
6.306280136108398438e+00
4.952182769775390625e+00
4.110788822174072266e+00
2.015698909759521484e+00
6.280273199081420898e-01
-2.300295978784561157e-01
-1.627709269523620605e+00
-2.619347095489501953e+00
-1.668357610702514648e+00
-7.871294617652893066e-01
1.142876744270324707e-01
3.645314216613769531e+00
6.098747253417968750e+00
4.364589214324951172e+00
2.118762016296386719e+00
-7.248875498771667480e-02
-3.417626380920410156e+00
-6.220897674560546875e+00
-6.063159942626953125e+00
-5.490505695343017578e+00
-3.789823532104492188e+00
-2.631105422973632812e+00
9.194941520690917969e-01
2.984042167663574219e+00
5.989497184753417969e+00
8.453160285949707031e+00
9.563761711120605469e+00
8.882989883422851562e+00
8.005114555358886719e+00
5.924320697784423828e+00
4.209242343902587891e+00
3.535891294479370117e+00
4.197114467620849609e+00
5.821602344512939453e+00
5.152294158935546875e+00
3.705017805099487305e+00
2.060118913650512695e+00
-3.462563455104827881e-01
-1.547693967819213867e+00
-2.526612043380737305e+00
-2.742894649505615234e+00
-3.781417846679687500e+00
-5.027028083801269531e+00
-7.297975540161132812e+00
-5.354213714599609375e+00
-1.689434289932250977e+00
-3.175609111785888672e+00
-2.113101005554199219e+00
-1.979643464088439941e+00
-6.809676170349121094e+00
-7.811172962188720703e+00
-3.459802389144897461e+00
1.016345620155334473e+00
2.776090145111083984e+00
2.576545476913452148e-01
-3.271399974822998047e+00
-4.051118373870849609e+00
-3.295828819274902344e+00
1.391056776046752930e+00
3.397898197174072266e+00
3.799946546554565430e+00
7.355573654174804688e+00
8.566799163818359375e+00
6.300363540649414062e+00
2.766995429992675781e+00
8.800535798072814941e-01
7.144523411989212036e-02
-6.290462613105773926e-01
-4.193695485591888428e-01
-1.843573331832885742e+00
-3.654690504074096680e+00
-5.366168975830078125e+00
-5.966628551483154297e+00
-3.859905004501342773e+00
-6.144037842750549316e-01
5.513645410537719727e-01
7.832758426666259766e-01
-1.297763228416442871e+00
-2.972341537475585938e+00
-4.723754405975341797e+00
-4.839660167694091797e+00
-5.521441936492919922e+00
-3.851695775985717773e+00
-1.429199457168579102e+00
1.305051326751708984e+00
2.558427572250366211e+00
-3.410058915615081787e-01
-4.352912902832031250e+00
-7.030961990356445312e+00
-9.978487968444824219e+00
-9.169215202331542969e+00
-4.970210075378417969e+00
-1.658719539642333984e+00
-3.399065017700195312e+00
-4.151791095733642578e+00
-3.168904066085815430e+00
-1.372108817100524902e+00
-3.695585250854492188e+00
-6.941012382507324219e+00
-7.869051933288574219e+00
-4.767361164093017578e+00
-2.160034775733947754e-01
8.658300638198852539e-01
-2.644490480422973633e+00
-5.708810329437255859e+00
-6.725716114044189453e+00
-4.221724033355712891e+00
-2.471494197845458984e+00
-2.510737180709838867e+00
-1.196153998374938965e+00
-6.244019985198974609e+00
-9.953393936157226562e+00
-8.696640968322753906e+00
-7.561118125915527344e+00
-1.357441663742065430e+00
4.170812129974365234e+00
1.735620617866516113e+00
-1.896842837333679199e+00
-4.993011474609375000e+00
-7.831878185272216797e+00
-8.045647621154785156e+00
-4.387202560901641846e-01
1.589764118194580078e+00
-2.047629594802856445e+00
-3.231762647628784180e+00
-2.311395294964313507e-02
4.407875537872314453e+00
6.915342330932617188e+00
6.528750896453857422e+00
5.831044197082519531e+00
4.939856052398681641e+00
3.633260250091552734e+00
4.461884975433349609e+00
4.900292873382568359e+00
3.133744001388549805e+00
1.250795841217041016e+00
-1.779729127883911133e+00
-5.332053661346435547e+00
-7.862689971923828125e+00
-6.258194446563720703e+00
-4.423758983612060547e+00
-2.430179357528686523e+00
-8.579996973276138306e-02
-9.393951892852783203e-01
-1.638678312301635742e+00
-3.238097667694091797e+00
-3.687080144882202148e+00
2.557317614555358887e-01
5.670519828796386719e+00
1.000635910034179688e+01
1.171379470825195312e+01
1.175865936279296875e+01
1.056212806701660156e+01
9.491018295288085938e+00
7.270037651062011719e+00
5.414994239807128906e+00
5.110561370849609375e+00
3.759914636611938477e+00
2.651778459548950195e+00
1.764165878295898438e+00
1.490225553512573242e+00
4.160656452178955078e+00
4.935887813568115234e+00
5.064340591430664062e+00
5.624128341674804688e+00
5.538443088531494141e+00
5.260461330413818359e+00
4.892825126647949219e+00
5.377944469451904297e+00
6.666643619537353516e+00
6.644828796386718750e+00
4.761412143707275391e+00
3.895565271377563477e+00
1.268371582031250000e+00
-3.556433439254760742e+00
-4.232495307922363281e+00
-4.478171840310096741e-02
3.742388010025024414e+00
2.582560539245605469e+00
-8.469560742378234863e-01
-2.357682943344116211e+00
-1.297738671302795410e+00
-5.497950911521911621e-01
-1.957310199737548828e+00
-3.215517997741699219e+00
-3.064829349517822266e+00
-2.216139554977416992e+00
-1.804723739624023438e+00
-5.442733168601989746e-01
2.585420012474060059e-01
1.679294228553771973e+00
1.786375999450683594e+00
8.166275620460510254e-01
-2.077061891555786133e+00
-4.816070079803466797e+00
-6.479087352752685547e+00
-5.723453044891357422e+00
-5.141431808471679688e+00
-3.812969923019409180e+00
-3.413411140441894531e+00
-2.548550844192504883e+00
-2.887272596359252930e+00
-7.999476194381713867e-01
3.419835865497589111e-02
1.032812237739562988e+00
1.991320013999938965e+00
2.495618343353271484e+00
1.928140163421630859e+00
1.646287202835083008e+00
1.546428799629211426e+00
1.726870298385620117e+00
-5.146681666374206543e-01
-3.225082635879516602e+00
-7.847581863403320312e+00
-1.242913246154785156e+01
-1.028849220275878906e+01
-2.715730428695678711e+00
3.116513729095458984e+00
1.914902925491333008e+00
-3.015110254287719727e+00
-6.121483325958251953e+00
-8.313078880310058594e+00
-7.418023586273193359e+00
-8.792554855346679688e+00
-6.064219474792480469e+00
-2.124588251113891602e+00
6.123003959655761719e-01
2.164513587951660156e+00
5.648161888122558594e+00
7.559559822082519531e+00
5.928930759429931641e+00
4.269192218780517578e+00
4.175620555877685547e+00
2.871562004089355469e+00
7.032605409622192383e-01
-2.792196273803710938e+00
-6.667441368103027344e+00
-6.488035202026367188e+00
-4.570552349090576172e+00
-2.887026309967041016e+00
-1.285462856292724609e+00
-6.723325252532958984e-01
1.441664218902587891e+00
2.962029933929443359e+00
4.028998851776123047e+00
5.565658092498779297e+00
5.406292915344238281e+00
4.912395954132080078e+00
4.395501613616943359e+00
5.280526161193847656e+00
4.891146659851074219e+00
2.872892618179321289e+00
2.653677225112915039e+00
2.453539609909057617e+00
1.741438269615173340e+00
6.315276622772216797e-01
6.557344794273376465e-01
-9.874153137207031250e-02
7.741049677133560181e-02
2.127759933471679688e+00
3.547920465469360352e+00
4.978237628936767578e+00
3.955910205841064453e+00
1.005992531776428223e+00
-1.430950045585632324e+00
-3.169125556945800781e+00
-7.643272727727890015e-02
-2.308480262756347656e+00
-5.842885017395019531e+00
-6.753396511077880859e+00
-2.766016960144042969e+00
8.288545012474060059e-01
3.645708322525024414e+00
6.027114391326904297e+00
5.969382286071777344e+00
4.804845809936523438e+00
3.878606319427490234e+00
2.733445882797241211e+00
-7.486993670463562012e-01
-3.157243967056274414e+00
-2.024802923202514648e+00
5.877978205680847168e-01
-2.131909370422363281e+00
-5.601556777954101562e+00
-6.437131881713867188e+00
-5.850427150726318359e+00
-6.158586740493774414e-01
-6.754132509231567383e-01
-2.122073411941528320e+00
-5.273311614990234375e+00
-6.268326759338378906e+00
-7.112111568450927734e+00
-5.640059947967529297e+00
-4.153614521026611328e+00
-4.045472621917724609e+00
-5.878701210021972656e+00
-9.164282798767089844e+00
-1.258095836639404297e+01
-1.245795059204101562e+01
-8.716114997863769531e+00
-5.916614055633544922e+00
-5.301535606384277344e+00
-3.836683750152587891e+00
-4.459058761596679688e+00
-3.591559648513793945e+00
-5.490556240081787109e+00
-4.713771820068359375e+00
-3.965507984161376953e+00
3.700607120990753174e-01
4.552942276000976562e+00
6.033450126647949219e+00
6.840281009674072266e+00
6.838259696960449219e+00
7.204222202301025391e+00
5.102303028106689453e+00
2.218029737472534180e+00
7.952558994293212891e-01
-5.815696716308593750e-01
5.987672209739685059e-01
-8.231437206268310547e-01
4.844631254673004150e-01
-8.239814639091491699e-02
2.623997688293457031e+00
2.386466264724731445e+00
6.933362960815429688e+00
9.191046714782714844e+00
8.079682350158691406e+00
2.762829065322875977e+00
-6.894399523735046387e-01
-3.556506872177124023e+00
-1.454293370246887207e+00
-1.728159487247467041e-01
1.619098186492919922e+00
2.026964187622070312e+00
5.007300853729248047e+00
5.583948612213134766e+00
2.936885595321655273e+00
-1.186367869377136230e+00
-1.745414733886718750e+00
-4.191231429576873779e-01
1.663444161415100098e+00
3.119199991226196289e+00
3.760087013244628906e+00
2.867273330688476562e+00
1.848174810409545898e+00
-1.725374102592468262e+00
-1.590462684631347656e+00
-1.585458278656005859e+00
-1.033855795860290527e+00
-2.529495954513549805e+00
-1.414779424667358398e+00
-2.392143964767456055e+00
-2.863386154174804688e+00
-2.340871095657348633e+00
1.106492400169372559e+00
2.764356851577758789e+00
2.722623586654663086e+00
3.203553915023803711e+00
3.056908845901489258e+00
2.393491268157958984e+00
1.001086950302124023e+00
2.295161008834838867e+00
3.008765935897827148e+00
3.125363111495971680e+00
3.900322675704956055e+00
5.499717235565185547e+00
5.391697883605957031e+00
4.965788364410400391e+00
4.743122100830078125e+00
5.635444164276123047e+00
4.771470069885253906e+00
2.370320081710815430e+00
-2.277864366769790649e-01
2.481912374496459961e+00
8.708512306213378906e+00
7.816512584686279297e+00
7.533056735992431641e+00
7.262913703918457031e+00
5.551187038421630859e+00
4.271114826202392578e+00
4.280926227569580078e+00
5.700742721557617188e+00
5.939850330352783203e+00
5.924050331115722656e+00
5.484040737152099609e+00
5.782482624053955078e+00
5.498312950134277344e+00
3.535915374755859375e+00
1.587002992630004883e+00
2.967502474784851074e-01
7.052570581436157227e-01
7.194063663482666016e-01
3.917777910828590393e-02
-3.079620122909545898e+00
-4.067314147949218750e+00
-3.215813636779785156e+00
-2.803658246994018555e+00
-5.557358741760253906e+00
-4.925148487091064453e+00
-4.821542739868164062e+00
-4.624733924865722656e+00
-6.812483787536621094e+00
-4.287959575653076172e+00
-3.145116090774536133e+00
-1.819292306900024414e+00
-4.141487598419189453e+00
-2.040924549102783203e+00
-1.133098244667053223e+00
-6.328918337821960449e-01
-1.429322600364685059e+00
-7.981480956077575684e-01
3.353280723094940186e-01
4.361976385116577148e-01
-2.899795472621917725e-01
1.218626976013183594e+00
1.291592478752136230e+00
6.465150713920593262e-01
4.568053185939788818e-01
-7.336381077766418457e-01
-2.413614273071289062e+00
-4.557783007621765137e-01
6.869665384292602539e-01
2.559413433074951172e+00
1.476100683212280273e+00
1.215003609657287598e+00
2.140257596969604492e+00
3.755378246307373047e+00
4.680361747741699219e+00
5.624473571777343750e+00
6.823247432708740234e+00
9.034195899963378906e+00
8.991304397583007812e+00
7.137935161590576172e+00
5.010529041290283203e+00
4.062349796295166016e+00
4.100533962249755859e+00
4.748076915740966797e+00
5.626716613769531250e+00
5.117684841156005859e+00
3.713423967361450195e+00
3.707630157470703125e+00
5.870164871215820312e+00
6.727235794067382812e+00
5.706435680389404297e+00
5.080659389495849609e+00
5.744027137756347656e+00
5.066166400909423828e+00
7.079934477806091309e-01
-1.182892084121704102e+00
-2.679050445556640625e+00
-1.355174183845520020e+00
2.373795509338378906e+00
5.628023147583007812e+00
8.537834167480468750e+00
6.557615280151367188e+00
4.489247322082519531e+00
3.665329933166503906e+00
5.024654388427734375e+00
5.681735515594482422e+00
4.828929901123046875e+00
3.284432172775268555e+00
3.977898120880126953e+00
4.137534141540527344e+00
4.350810050964355469e+00
5.240124225616455078e+00
6.057310581207275391e+00
6.814078330993652344e+00
6.096405506134033203e+00
4.884738445281982422e+00
3.380544662475585938e+00
1.785093903541564941e+00
1.749745011329650879e+00
1.399906277656555176e+00
1.334829092025756836e+00
1.034143209457397461e+00
7.732183933258056641e-01
1.051669597625732422e+00
1.592229247093200684e+00
3.865219593048095703e+00
5.275989055633544922e+00
4.469403266906738281e+00
3.396246433258056641e+00
