-9.096668958663940430e-01
-1.370482087135314941e+00
-1.728356719017028809e+00
-2.322826623916625977e+00
-1.029862403869628906e+00
-1.849439889192581177e-01
4.558440148830413818e-01
3.669545948505401611e-01
4.908230006694793701e-01
-4.408401548862457275e-01
3.538158908486366272e-02
-7.274261713027954102e-01
9.699533581733703613e-01
1.463800072669982910e+00
3.084368944168090820e+00
3.314850330352783203e+00
4.686573028564453125e+00
4.663649082183837891e+00
5.264034271240234375e+00
5.693421363830566406e+00
6.169715881347656250e+00
4.479362010955810547e+00
3.950412750244140625e+00
3.338589429855346680e+00
3.024912595748901367e+00
2.294051885604858398e+00
1.825939893722534180e+00
2.778333425521850586e+00
2.783412218093872070e+00
3.811557531356811523e+00
3.938334226608276367e+00
4.349849224090576172e+00
3.458538055419921875e+00
2.433326244354248047e+00
2.036282062530517578e+00
2.306894302368164062e+00
2.466185569763183594e+00
2.087751865386962891e+00
2.166584253311157227e+00
1.669384717941284180e+00
2.165055990219116211e+00
6.945093870162963867e-01
1.873243927955627441e+00
2.147480249404907227e+00
2.397830009460449219e+00
1.555524617433547974e-01
1.032935008406639099e-01
3.687787353992462158e-01
8.122892975807189941e-01
2.066774517297744751e-01
9.634210169315338135e-02
-2.337518483400344849e-01
2.407936602830886841e-01
1.975395441055297852e+00
3.340708732604980469e+00
4.079113006591796875e+00
4.782168388366699219e+00
3.425284862518310547e+00
3.549745082855224609e+00
3.679604053497314453e+00
4.238576412200927734e+00
3.679405689239501953e+00
4.500610828399658203e+00
5.994797706604003906e+00
6.076218128204345703e+00
4.986889362335205078e+00
4.819169044494628906e+00
3.936312675476074219e+00
3.619333267211914062e+00
2.591507911682128906e+00
3.142420768737792969e+00
4.316224575042724609e+00
4.535984039306640625e+00
2.911988735198974609e+00
1.001925110816955566e+00
-3.854753375053405762e-01
1.075210928916931152e+00
4.947153091430664062e+00
6.464214324951171875e+00
6.379934310913085938e+00
3.596481323242187500e+00
1.114996552467346191e+00
-5.915282964706420898e-01
-3.782501697540283203e+00
-5.542026519775390625e+00
-4.229956150054931641e+00
-2.971182346343994141e+00
-3.702535867691040039e+00
-3.009021043777465820e+00
-3.546572685241699219e+00
-4.072292327880859375e+00
-4.439338207244873047e+00
-8.155763149261474609e-01
2.009610176086425781e+00
3.603778839111328125e+00
4.891888141632080078e+00
6.138607978820800781e+00
6.001352787017822266e+00
5.432741165161132812e+00
5.393943786621093750e+00
4.872832298278808594e+00
4.968648910522460938e+00
3.982680320739746094e+00
3.859403133392333984e+00
3.468520879745483398e+00
3.172025680541992188e+00
5.211774349212646484e+00
7.832044124603271484e+00
7.379930973052978516e+00
7.478457927703857422e+00
6.916796684265136719e+00
7.346997261047363281e+00
6.990600585937500000e+00
6.160225868225097656e+00
6.165353775024414062e+00
7.125833034515380859e+00
7.343127250671386719e+00
6.607630252838134766e+00
5.452881813049316406e+00
4.728503704071044922e+00
4.294878959655761719e+00
1.918058514595031738e+00
2.229738712310791016e+00
1.808832406997680664e+00
2.342293024063110352e+00
2.225326061248779297e+00
2.035715341567993164e+00
2.507400989532470703e+00
3.021288633346557617e+00
2.446613073348999023e+00
1.871074795722961426e+00
2.359941959381103516e+00
2.945956468582153320e+00
1.622327446937561035e+00
1.567554116249084473e+00
3.014632940292358398e+00
3.100539684295654297e+00
2.547630548477172852e+00
3.319706916809082031e+00
4.280211448669433594e+00
4.637371540069580078e+00
4.017857074737548828e+00
3.692889928817749023e+00
3.551346778869628906e+00
2.380352735519409180e+00
7.920513749122619629e-01
-5.638704299926757812e-01
-2.229870080947875977e+00
-2.738679885864257812e+00
-4.602129936218261719e+00
-4.923693656921386719e+00
-5.515872001647949219e+00
-5.050841808319091797e+00
-5.920657157897949219e+00
-4.445180416107177734e+00
-3.948621511459350586e+00
-2.889096021652221680e+00
-2.456777095794677734e+00
1.652400568127632141e-02
7.700386047363281250e-01
2.260231256484985352e+00
2.127241611480712891e+00
2.263854742050170898e+00
1.395148754119873047e+00
2.338496446609497070e+00
3.044164657592773438e+00
3.408053636550903320e+00
3.757868289947509766e+00
4.155307292938232422e+00
4.442411422729492188e+00
3.354660511016845703e+00
3.126471757888793945e+00
2.592173814773559570e+00
1.748956918716430664e+00
1.730863332748413086e+00
6.776733398437500000e-01
1.007693409919738770e+00
5.974854826927185059e-01
1.081817150115966797e+00
9.980551004409790039e-01
2.255547285079956055e+00
2.649978876113891602e+00
5.007250785827636719e+00
5.758178710937500000e+00
6.856552600860595703e+00
7.237844467163085938e+00
8.189645767211914062e+00
8.076773643493652344e+00
8.356997489929199219e+00
7.938063144683837891e+00
6.022307395935058594e+00
3.738517522811889648e+00
1.947145938873291016e+00
-1.818750381469726562e+00
-6.139108538627624512e-01
1.187937259674072266e+00
4.109160900115966797e+00
3.790307760238647461e+00
3.193669319152832031e+00
1.696328163146972656e+00
5.640846118330955505e-02
-2.151900827884674072e-01
3.594855070114135742e-01
1.111397743225097656e+00
2.212335586547851562e+00
1.906275987625122070e+00
1.352873444557189941e+00
5.277740955352783203e-01
2.465864866971969604e-01
-7.789454460144042969e-01
-8.496428132057189941e-01
-3.916378915309906006e-01
9.521806240081787109e-01
3.136701822280883789e+00
4.662687778472900391e+00
5.708532333374023438e+00
6.165081977844238281e+00
5.875192642211914062e+00
5.625706195831298828e+00
5.677103042602539062e+00
4.637026786804199219e+00
4.770976066589355469e+00
6.712616920471191406e+00
8.297911643981933594e+00
8.151514053344726562e+00
6.847652435302734375e+00
6.105895042419433594e+00
4.033904075622558594e+00
4.517299175262451172e+00
3.257020473480224609e+00
3.046752691268920898e+00
1.647125601768493652e+00
4.357785880565643311e-01
-1.808372616767883301e+00
-2.061433792114257812e+00
-2.624449968338012695e+00
-1.987925767898559570e+00
-1.311887860298156738e+00
1.631448030471801758e+00
3.492284774780273438e+00
6.669085025787353516e+00
9.283979415893554688e+00
1.097245883941650391e+01
9.580299377441406250e+00
7.420382976531982422e+00
7.446289539337158203e+00
5.752408981323242188e+00
4.115669727325439453e+00
2.553349971771240234e+00
1.878938674926757812e+00
2.451493740081787109e+00
2.450729608535766602e+00
1.550323367118835449e+00
-1.517521739006042480e+00
-5.838767528533935547e+00
-9.837535858154296875e+00
-9.875769615173339844e+00
-9.094695091247558594e+00
-6.202878952026367188e+00
-3.293191194534301758e+00
-7.803258895874023438e-01
1.098333120346069336e+00
2.612116336822509766e+00
2.064211130142211914e+00
6.981823444366455078e-01
-9.511780738830566406e-01
-1.419733762741088867e+00
-3.838581562042236328e+00
-5.722121715545654297e+00
-9.121835708618164062e+00
-1.084024238586425781e+01
-1.208970069885253906e+01
-4.949946880340576172e+00
-4.371277809143066406e+00
-3.071559429168701172e+00
-2.700077056884765625e+00
8.213605880737304688e-01
4.119489669799804688e+00
7.344458103179931641e+00
7.284433364868164062e+00
5.752975940704345703e+00
2.644605398178100586e+00
-2.069025754928588867e+00
-4.403742313385009766e+00
-5.297689914703369141e+00
-5.495239257812500000e+00
-5.879317283630371094e+00
-2.932481527328491211e+00
-1.094841122627258301e+00
-1.287114024162292480e+00
2.763815164566040039e+00
6.284514427185058594e+00
6.460172653198242188e+00
4.198371887207031250e+00
4.557208061218261719e+00
-9.106282591819763184e-01
-8.001251220703125000e+00
-4.186004638671875000e+00
-4.325403213500976562e+00
-6.169748783111572266e+00
-8.296244621276855469e+00
-9.094820022583007812e+00
-8.466602325439453125e+00
-6.435604572296142578e+00
-3.984217643737792969e+00
-4.376972198486328125e+00
-3.449080467224121094e+00
-3.068231344223022461e+00
-3.784449815750122070e+00
-4.732061386108398438e+00
-3.785066366195678711e+00
1.545566082000732422e+00
5.857493400573730469e+00
4.604807376861572266e+00
1.363596200942993164e+00
1.011464834213256836e+00
2.036676406860351562e+00
4.070312500000000000e+00
5.473121166229248047e+00
4.529723167419433594e+00
3.194852113723754883e+00
1.090839147567749023e+00
-6.422342658042907715e-01
1.978550672531127930e+00
1.489215135574340820e+00
3.830513238906860352e+00
5.447090148925781250e+00
6.842747211456298828e+00
7.621823310852050781e+00
7.866110324859619141e+00
8.350859642028808594e+00
8.862627029418945312e+00
8.241413116455078125e+00
6.387971401214599609e+00
5.705154895782470703e+00
4.661454677581787109e+00
4.113425731658935547e+00
3.993600845336914062e+00
3.369895458221435547e+00
2.830173969268798828e+00
1.447629570960998535e+00
1.245372891426086426e+00
3.162881135940551758e+00
3.943683624267578125e+00
2.573217868804931641e+00
1.292553544044494629e+00
5.784307718276977539e-01
2.069510936737060547e+00
4.097747802734375000e+00
5.031162261962890625e+00
5.145146369934082031e+00
5.881479263305664062e+00
6.061797618865966797e+00
6.417355060577392578e+00
5.834913730621337891e+00
6.109593391418457031e+00
5.953088283538818359e+00
5.885867118835449219e+00
4.657608985900878906e+00
2.303493022918701172e+00
1.805307030677795410e+00
-1.415962100028991699e+00
-2.195309877395629883e+00
-3.492786169052124023e+00
-3.059234142303466797e+00
-4.879323005676269531e+00
-5.490186691284179688e+00
-6.812213420867919922e+00
-8.660601615905761719e+00
-5.829080581665039062e+00
-5.076107978820800781e+00
-1.610503315925598145e+00
1.149162292480468750e+00
1.308255910873413086e+00
5.083494186401367188e-01
-2.290436029434204102e+00
-4.661759376525878906e+00
-5.541976451873779297e+00
-3.650696516036987305e+00
-3.182215452194213867e+00
-1.876333713531494141e+00
-2.174899339675903320e+00
-2.102082014083862305e+00
-3.743209838867187500e+00
-3.621313571929931641e+00
-4.236662387847900391e+00
-3.774046897888183594e+00
-4.189777374267578125e+00
-6.324629306793212891e+00
-5.342626571655273438e+00
-4.799628734588623047e+00
1.013930082321166992e+00
-6.895336627960205078e+00
-8.454523086547851562e+00
-3.133233785629272461e+00
-6.049355983734130859e+00
-5.970696926116943359e+00
-3.667951822280883789e+00
9.644318819046020508e-01
5.133042812347412109e+00
4.884466171264648438e+00
1.186655521392822266e+00
-1.543626666069030762e+00
2.287395894527435303e-01
1.896785140037536621e+00
2.422455787658691406e+00
2.138803243637084961e+00
1.467423915863037109e+00
2.837618112564086914e+00
4.597733020782470703e+00
4.410710334777832031e+00
3.657861232757568359e+00
4.125061511993408203e+00
5.258363723754882812e+00
6.189116477966308594e+00
5.003701210021972656e+00
2.508042097091674805e+00
2.080677747726440430e+00
1.548252463340759277e+00
2.634991645812988281e+00
2.282663106918334961e+00
6.994150876998901367e-01
-1.055893063545227051e+00
-1.240993261337280273e+00
3.016432046890258789e+00
4.412066459655761719e+00
3.080326318740844727e+00
5.339933872222900391e+00
7.829776287078857422e+00
5.593118190765380859e+00
2.467565774917602539e+00
-1.499329328536987305e+00
6.203857064247131348e-01
5.866219520568847656e+00
7.117378711700439453e+00
6.384323596954345703e+00
7.075299739837646484e+00
6.852853775024414062e+00
5.764117717742919922e+00
5.482388496398925781e+00
3.622217655181884766e+00
2.939991712570190430e+00
3.274350166320800781e+00
4.899503707885742188e+00
5.386029720306396484e+00
3.771697282791137695e+00
3.665132761001586914e+00
4.049582004547119141e+00
3.812665700912475586e+00
2.747299432754516602e+00
2.811933040618896484e+00
4.622162342071533203e+00
4.066418170928955078e+00
3.308170795440673828e+00
3.636145114898681641e+00
4.963250637054443359e+00
4.114634037017822266e+00
4.821805953979492188e+00
5.088425159454345703e+00
4.786728382110595703e+00
3.635454654693603516e+00
3.662396669387817383e+00
3.552135705947875977e+00
3.948958635330200195e+00
4.262289524078369141e+00
4.730031967163085938e+00
5.084554672241210938e+00
6.316928386688232422e+00
6.644778728485107422e+00
6.494782447814941406e+00
5.807034015655517578e+00
4.395156383514404297e+00
2.225178718566894531e+00
1.241527199745178223e+00
1.039541602134704590e+00
3.523269891738891602e+00
4.567782402038574219e+00
4.609121799468994141e+00
3.403321266174316406e+00
9.699780941009521484e-01
-1.008194446563720703e+00
2.320674210786819458e-01
1.703846216201782227e+00
-2.753445625305175781e+00
-3.239897012710571289e+00
-5.459818363189697266e+00
-7.574750781059265137e-01
4.377333641052246094e+00
5.605664253234863281e+00
-2.840140759944915771e-01
-6.933074474334716797e+00
-3.369657278060913086e+00
2.622198343276977539e+00
-1.530118584632873535e+00
-6.967585563659667969e+00
-3.582340717315673828e+00
-3.915393352508544922e-01
-7.139151573181152344e+00
-9.647307395935058594e+00
-5.367131233215332031e+00
1.818347692489624023e+00
9.914757728576660156e+00
1.019924831390380859e+01
6.951504707336425781e+00
1.477284193038940430e+00
-3.260184764862060547e+00
-4.938804626464843750e+00
-2.216311931610107422e+00
-1.298724532127380371e+00
-5.377533912658691406e+00
-5.571780204772949219e+00
-7.272411823272705078e+00
-9.958274841308593750e+00
-6.584665298461914062e+00
-2.466366529464721680e+00
-5.936581134796142578e+00
1.519041895866394043e+00
-5.272890329360961914e-01
2.872942924499511719e+00
5.777650833129882812e+00
6.660801410675048828e+00
4.067625045776367188e+00
-1.040905714035034180e-01
-4.650691032409667969e+00
1.670740365982055664e+00
7.334967136383056641e+00
8.288592338562011719e+00
5.866343498229980469e+00
2.772664070129394531e+00
-4.478656053543090820e-01
2.083832740783691406e+00
4.847047805786132812e+00
3.375391721725463867e+00
8.790180683135986328e-01
-1.209511887282133102e-02
2.566118240356445312e+00
1.714716911315917969e+00
-2.391157150268554688e+00
-2.007966995239257812e+00
-1.151413798332214355e+00
-4.925321042537689209e-01
3.996582746505737305e+00
4.826711654663085938e+00
4.764344692230224609e+00
5.679049491882324219e+00
7.170721054077148438e+00
7.593721389770507812e+00
6.756075859069824219e+00
5.641211032867431641e+00
4.163861274719238281e+00
2.917412519454956055e+00
1.604110598564147949e+00
2.249730110168457031e+00
1.154560446739196777e+00
2.509324073791503906e+00
3.780004024505615234e+00
2.384937763214111328e+00
-9.910628199577331543e-01
-4.592292785644531250e+00
-1.613264083862304688e+00
3.658452332019805908e-01
-4.737040519714355469e+00
-4.134165763854980469e+00
-1.639368772506713867e+00
3.249675273895263672e+00
5.180000782012939453e+00
6.236887574195861816e-01
-5.980827331542968750e+00
-7.333669185638427734e+00
-3.732043504714965820e+00
-3.763595819473266602e+00
-5.473645687103271484e+00
-3.004485368728637695e+00
1.065769791603088379e+00
-2.515642642974853516e+00
-3.712790727615356445e+00
5.831388235092163086e-01
5.411590635776519775e-02
-4.181125760078430176e-01
-1.530931591987609863e+00
-1.216071009635925293e+00
2.921896874904632568e-01
4.192036628723144531e+00
2.489825248718261719e+00
-4.496995449066162109e+00
-9.307824134826660156e+00
-1.365288257598876953e+01
-1.434304523468017578e+01
-7.706457614898681641e+00
-6.982523441314697266e+00
-7.458350658416748047e+00
-4.924778938293457031e+00
-4.668464183807373047e+00
-9.584746360778808594e+00
-1.162545871734619141e+01
-1.250242137908935547e+01
-1.314527988433837891e+01
-1.274983787536621094e+01
-1.415385341644287109e+01
-7.415308952331542969e+00
-6.063727855682373047e+00
-1.228887271881103516e+01
-1.144020938873291016e+01
-6.529570579528808594e+00
-5.808915138244628906e+00
-8.597199440002441406e+00
-1.040072441101074219e+01
-1.112305545806884766e+01
-1.240399265289306641e+01
-8.182358741760253906e+00
-7.397981166839599609e+00
-8.246893882751464844e+00
-9.997024536132812500e+00
-8.849793434143066406e+00
-7.058863639831542969e+00
-6.060966014862060547e+00
-4.947087287902832031e+00
-3.954365253448486328e+00
-3.056546926498413086e+00
-1.938008904457092285e+00
2.409316778182983398e+00
5.489882946014404297e+00
5.239778518676757812e+00
8.209169507026672363e-01
-3.115018129348754883e+00
-5.107141494750976562e+00
-5.358898162841796875e+00
-6.027097702026367188e+00
-4.524703502655029297e+00
-9.182697534561157227e-01
1.837254047393798828e+00
4.167016506195068359e+00
4.648908138275146484e+00
5.103980541229248047e+00
5.924913883209228516e+00
5.598023891448974609e+00
2.921183347702026367e+00
2.149601429700851440e-01
-1.809309005737304688e+00
-2.806961536407470703e+00
-2.869499444961547852e+00
-3.408678293228149414e+00
-3.704507589340209961e+00
-4.216670989990234375e+00
-4.628381729125976562e+00
-6.474478721618652344e+00
-9.704200744628906250e+00
-7.168708801269531250e+00
-1.920975565910339355e+00
-4.073575019836425781e+00
-9.668952941894531250e+00
-6.516258716583251953e+00
-3.875632524490356445e+00
-5.655073165893554688e+00
-1.023428440093994141e+01
-1.127081012725830078e+01
-1.074321842193603516e+01
-9.326754570007324219e+00
-4.154823303222656250e+00
-3.394085645675659180e+00
-6.675083160400390625e+00
-9.653419494628906250e+00
-7.456032752990722656e+00
-9.393137931823730469e+00
-1.017593765258789062e+01
-8.521521568298339844e+00
-7.509328842163085938e+00
-9.563523292541503906e+00
-9.826615333557128906e+00
-1.036767196655273438e+01
-1.072739315032958984e+01
-1.113883113861083984e+01
-8.502543449401855469e+00
-1.154822921752929688e+01
-1.257590198516845703e+01
-1.318338966369628906e+01
-1.114038658142089844e+01
-7.982223033905029297e+00
-6.031017303466796875e+00
-3.717252492904663086e+00
-1.483085155487060547e+00
-4.542252048850059509e-02
2.348824739456176758e+00
2.235901117324829102e+00
3.064920186996459961e+00
2.257470607757568359e+00
1.219761013984680176e+00
-6.396952271461486816e-01
-3.105527162551879883e+00
-4.844640254974365234e+00
-3.223405599594116211e+00
-1.704865217208862305e+00
-9.356237649917602539e-01
5.064003914594650269e-02
-8.224534988403320312e-01
-1.221765995025634766e+00
-9.899781346321105957e-01
-2.136370688676834106e-01
-8.111882805824279785e-01
-9.823113679885864258e-01
-2.317477464675903320e+00
-2.949316978454589844e+00
-3.249215126037597656e+00
-3.019916296005249023e+00
-2.189049005508422852e+00
-5.504853725433349609e-01
5.234847664833068848e-01
1.578301429748535156e+00
1.526141285896301270e+00
2.784841656684875488e-01
-2.046889781951904297e+00
-2.997583389282226562e+00
-1.685687065124511719e+00
-9.298555850982666016e-01
2.436037540435791016e+00
7.033147335052490234e+00
6.915983676910400391e+00
3.589505910873413086e+00
-5.427205562591552734e-01
-2.295366525650024414e+00
-1.715933203697204590e+00
1.444474458694458008e+00
4.763162612915039062e+00
6.143365383148193359e+00
6.636694431304931641e+00
6.617959499359130859e+00
7.335015773773193359e+00
7.059499263763427734e+00
6.424897670745849609e+00
3.346205949783325195e+00
-2.666347101330757141e-02
-2.857765913009643555e+00
-1.873301744461059570e+00
9.350237250328063965e-01
4.648983001708984375e+00
6.988652706146240234e+00
7.456493377685546875e+00
5.859910011291503906e+00
4.101644039154052734e+00
1.101882576942443848e+00
-1.797402739524841309e+00
-4.331295013427734375e+00
-4.875723838806152344e+00
-3.946379184722900391e+00
-4.777172088623046875e+00
-6.992629528045654297e+00
-7.810629844665527344e+00
-5.053847312927246094e+00
-3.599054336547851562e+00
-5.150872707366943359e+00
-9.463686943054199219e+00
-1.264983177185058594e+01
-1.022580623626708984e+01
-5.265027999877929688e+00
-1.604513525962829590e+00
-4.524012207984924316e-01
1.841519236564636230e+00
-1.540815234184265137e-01
-1.006469058990478516e+01
-1.104493808746337891e+01
-8.257763862609863281e+00
-4.373546600341796875e+00
-8.369479179382324219e-01
2.661591470241546631e-01
-2.236032485961914062e+00
-9.387984275817871094e+00
-1.309267711639404297e+01
-1.376536273956298828e+01
-1.422634792327880859e+01
-1.414189624786376953e+01
-1.347983264923095703e+01
-1.327444744110107422e+01
-1.173586845397949219e+01
-8.306177139282226562e+00
-3.796330690383911133e+00
-1.411105990409851074e+00
1.466388821601867676e+00
3.243463277816772461e+00
5.960532188415527344e+00
3.658551454544067383e+00
1.339142680168151855e+00
1.475731015205383301e+00
2.157981246709823608e-01
-3.892837762832641602e+00
-6.565832614898681641e+00
-1.364723682403564453e+01
-5.645829200744628906e+00
-3.867102861404418945e+00
-8.703493475914001465e-01
2.878167629241943359e+00
6.596685409545898438e+00
8.087200164794921875e+00
1.018049049377441406e+01
9.836764335632324219e+00
4.793728828430175781e+00
-1.648045897483825684e+00
-5.555484294891357422e+00
-3.980741500854492188e+00
-1.231946349143981934e-01
3.174220085144042969e+00
2.992398262023925781e+00
4.842167198657989502e-01
-1.881485581398010254e-01
-4.537324011325836182e-01
-7.771451026201248169e-02
6.405177116394042969e+00
4.306833744049072266e+00
-1.014628410339355469e+00
-4.702528953552246094e+00
-6.133439064025878906e+00
-4.482279300689697266e+00
-2.541402339935302734e+00
2.333517074584960938e+00
5.248923778533935547e+00
5.585179328918457031e+00
4.925509929656982422e+00
5.231864929199218750e+00
6.495644092559814453e+00
7.868944168090820312e+00
8.556124687194824219e+00
7.586130142211914062e+00
8.261528015136718750e+00
6.765664577484130859e+00
5.825325012207031250e+00
3.071994781494140625e+00
2.280912876129150391e+00
3.244423866271972656e+00
5.033307552337646484e+00
6.639380931854248047e+00
7.376281261444091797e+00
7.541856765747070312e+00
6.068747520446777344e+00
1.869102716445922852e+00
-3.442449092864990234e+00
-5.426734924316406250e+00
-9.317290186882019043e-01
3.660178899765014648e+00
4.635694980621337891e+00
4.120352745056152344e+00
2.749690055847167969e+00
9.665271639823913574e-01
1.543938089162111282e-02
5.191956758499145508e-01
-1.063707113265991211e+00
-2.921142339706420898e+00
-2.362661361694335938e-01
-2.461214065551757812e+00
-3.170925378799438477e+00
3.537912070751190186e-01
2.648549556732177734e+00
2.875111818313598633e+00
-2.435874938964843750e-01
-3.705371022224426270e-01
5.433803558349609375e+00
8.740262985229492188e+00
7.837664127349853516e+00
6.791448116302490234e+00
4.427868366241455078e+00
-1.208701372146606445e+00
-5.313097000122070312e+00
-5.555582523345947266e+00
1.140805840492248535e+00
5.280155181884765625e+00
4.011447429656982422e+00
1.733993768692016602e+00
1.186334967613220215e+00
1.967507362365722656e+00
1.688562750816345215e+00
1.461951494216918945e+00
-1.407112956047058105e+00
-4.443478584289550781e+00
-6.693101406097412109e+00
-5.119394779205322266e+00
-1.230319857597351074e+00
-5.737700462341308594e+00
-5.462576866149902344e+00
1.950646400451660156e+00
1.285774588584899902e+00
-3.400593757629394531e+00
-2.289227962493896484e+00
-3.452826976776123047e+00
-6.242838382720947266e+00
-6.749355792999267578e+00
-7.054132223129272461e-01
1.774543881416320801e+00
-3.009933948516845703e+00
-1.256604385375976562e+01
-6.289944171905517578e+00
-2.819804430007934570e+00
-2.360714912414550781e+00
1.111619234085083008e+00
2.946794509887695312e+00
-1.824296474456787109e+00
-4.501924514770507812e+00
-4.053977966308593750e+00
-7.894048690795898438e+00
-1.142290496826171875e+01
-6.004935741424560547e+00
-5.537143707275390625e+00
-6.302887916564941406e+00
-2.215474367141723633e+00
5.679395198822021484e+00
-4.438968181610107422e+00
-1.330612087249755859e+01
-1.046769809722900391e+01
-6.013908863067626953e+00
-4.328336715698242188e+00
-7.526926994323730469e-01
6.432860493659973145e-01
2.359375000000000000e+00
3.404406070709228516e+00
3.564091682434082031e+00
1.886283874511718750e+00
-6.788401007652282715e-01
-2.765376091003417969e+00
-3.773530006408691406e+00
-3.760095357894897461e+00
-3.887341260910034180e+00
-1.608901023864746094e+00
-9.856393933296203613e-01
-6.254472732543945312e-01
7.386338114738464355e-01
1.587249517440795898e+00
2.259516477584838867e+00
1.300935029983520508e+00
-2.510615110397338867e+00
-4.579943656921386719e+00
1.215619683265686035e+00
2.882137060165405273e+00
1.615696430206298828e+00
-3.201762139797210693e-01
4.922773838043212891e-01
5.327091217041015625e+00
7.338492393493652344e+00
4.058924198150634766e+00
-6.672298312187194824e-01
-5.816261768341064453e+00
-7.298147678375244141e+00
-5.055572986602783203e+00
-2.572732925415039062e+00
1.302167415618896484e+00
5.027834892272949219e+00
7.058315277099609375e+00
5.757215976715087891e+00
3.240529537200927734e+00
3.452869951725006104e-01
-3.473162651062011719e-01
8.088875412940979004e-01
3.587337017059326172e+00
5.831167221069335938e+00
7.425014495849609375e+00
7.858813762664794922e+00
7.484915733337402344e+00
6.123569965362548828e+00
5.332833290100097656e+00
4.932165622711181641e+00
5.221463203430175781e+00
4.460578441619873047e+00
2.355209350585937500e+00
-7.490199804306030273e-01
-4.883415699005126953e-01
2.349441051483154297e+00
3.929755449295043945e+00
5.481254100799560547e+00
6.013505458831787109e+00
3.604542732238769531e+00
-1.378123164176940918e-01
-2.085221290588378906e+00
-1.404647707939147949e+00
1.443562269210815430e+00
3.749956369400024414e+00
6.318925380706787109e+00
8.552722930908203125e+00
7.064527511596679688e+00
4.983217239379882812e+00
4.024389743804931641e+00
4.170912265777587891e+00
4.744822502136230469e+00
5.221315383911132812e+00
8.269491195678710938e+00
9.920277595520019531e+00
7.347045421600341797e+00
6.803652763366699219e+00
6.300708293914794922e+00
5.771562576293945312e+00
4.613583087921142578e+00
3.770341396331787109e+00
2.076413154602050781e+00
-1.721750736236572266e+00
-2.878225564956665039e+00
-1.534087181091308594e+00
-1.710387110710144043e+00
-2.455150842666625977e+00
-3.705937862396240234e+00
-6.792839050292968750e+00
-1.028264999389648438e+01
-8.760363578796386719e+00
-5.572174072265625000e+00
-3.729874134063720703e+00
-1.391755223274230957e+00
5.094093680381774902e-01
2.074588775634765625e+00
3.712659120559692383e+00
6.213075637817382812e+00
5.305126667022705078e+00
3.197687149047851562e+00
1.443759560585021973e+00
-1.200665235519409180e+00
-1.348765015602111816e+00
-7.827171683311462402e-01
3.682117760181427002e-01
2.405816555023193359e+00
4.028480529785156250e+00
2.639083623886108398e+00
1.653534770011901855e+00
3.736841380596160889e-01
-2.557080030441284180e+00
-6.439869880676269531e+00
-9.753873825073242188e+00
-5.585484504699707031e+00
5.236327648162841797e-01
-2.195556640625000000e+00
-8.275166511535644531e+00
-9.908431053161621094e+00
-6.953681468963623047e+00
-5.002378940582275391e+00
-2.586068868637084961e+00
3.626975059509277344e+00
7.703837394714355469e+00
5.729164123535156250e+00
-1.411549448966979980e+00
-5.033882141113281250e+00
1.565976142883300781e+00
2.696938514709472656e+00
3.222683668136596680e+00
4.355739593505859375e+00
5.995561599731445312e+00
5.485961914062500000e+00
3.327397346496582031e+00
6.127439737319946289e-01
-2.013685464859008789e+00
-2.428230941295623779e-01
8.117247581481933594e+00
9.336163520812988281e+00
2.895054101943969727e+00
-7.392583489418029785e-01
-1.289850711822509766e+00
9.712106585502624512e-01
2.012445211410522461e+00
2.917559862136840820e+00
2.827881336212158203e+00
2.871611595153808594e+00
1.559887647628784180e+00
-1.413274526596069336e+00
-2.001459360122680664e+00
-1.602615237236022949e+00
2.247265100479125977e+00
5.957303047180175781e+00
5.523085117340087891e+00
3.827802181243896484e+00
1.878987669944763184e+00
4.462550580501556396e-01
-1.693329095840454102e+00
-1.705506443977355957e+00
-2.611459255218505859e+00
-2.823649644851684570e+00
-3.547411203384399414e+00
-9.803886413574218750e-01
1.086475968360900879e+00
3.816954195499420166e-01
-1.898444414138793945e+00
-4.006772518157958984e+00
-2.686938285827636719e+00
-2.602066278457641602e+00
-4.445672988891601562e+00
-7.919706344604492188e+00
-7.574528217315673828e+00
-8.401353836059570312e+00
-8.346726417541503906e+00
-6.562530040740966797e+00
-6.540293693542480469e+00
-8.491645812988281250e+00
-9.416802406311035156e+00
-1.233460140228271484e+01
-1.096376514434814453e+01
-4.024742126464843750e+00
-9.951791763305664062e-01
-1.192629098892211914e+00
-3.272978305816650391e+00
-6.869675159454345703e+00
-8.072023391723632812e+00
-8.119327545166015625e+00
-1.005049228668212891e+01
-4.881418704986572266e+00
-2.087390899658203125e+00
-7.218057513236999512e-01
-2.281241655349731445e+00
2.832022666931152344e+00
7.566878318786621094e+00
8.850944519042968750e+00
6.846840381622314453e+00
2.224833250045776367e+00
-3.049571037292480469e+00
-4.234295368194580078e+00
-2.147291183471679688e+00
-2.175146341323852539e+00
-6.896198272705078125e+00
-8.741997718811035156e+00
-9.467780113220214844e+00
-9.568477630615234375e+00
-7.624199390411376953e+00
-5.202589988708496094e+00
-4.339380741119384766e+00
-7.823572635650634766e+00
-7.674287319183349609e+00
-5.527260303497314453e+00
-4.415821075439453125e+00
-3.053564310073852539e+00
-3.276429891586303711e+00
-4.184057712554931641e+00
-4.482477188110351562e+00
-4.897638320922851562e+00
-4.160270214080810547e+00
-4.268337249755859375e+00
-2.422981977462768555e+00
-2.261348724365234375e+00
-2.352160215377807617e+00
-2.423671960830688477e+00
-2.425421953201293945e+00
-4.910950660705566406e+00
-4.442788600921630859e+00
-2.612691402435302734e+00
1.498705267906188965e+00
5.827937722206115723e-01
1.188800096511840820e+00
1.419873237609863281e+00
1.156162738800048828e+00
2.112772226333618164e+00
3.940380096435546875e+00
4.313193798065185547e+00
3.467658281326293945e+00
3.577822208404541016e+00
2.416761398315429688e+00
9.791481494903564453e-01
-1.408419013023376465e+00
-4.744510173797607422e+00
-7.070894241333007812e+00
-8.930375099182128906e+00
-7.311507701873779297e+00
-2.998125791549682617e+00
2.603956699371337891e+00
4.834402084350585938e+00
1.893753290176391602e+00
-8.309333920478820801e-01
-2.408684492111206055e+00
-2.133535861968994141e+00
-2.251611471176147461e+00
-3.335540533065795898e+00
-1.668801665306091309e+00
-5.298527479171752930e-01
1.079401373863220215e+00
3.038002252578735352e+00
1.980695009231567383e+00
-1.836129575967788696e-01
-2.343558073043823242e+00
7.113704085350036621e-01
3.513483762741088867e+00
3.416336297988891602e+00
3.394767522811889648e+00
3.487674713134765625e+00
4.168766021728515625e+00
3.237275838851928711e+00
2.952760457992553711e+00
2.640981674194335938e+00
3.270701646804809570e+00
3.745716094970703125e+00
4.092226028442382812e+00
4.568375587463378906e+00
5.289104938507080078e+00
6.576547622680664062e+00
6.327232360839843750e+00
6.872252941131591797e+00
7.018825054168701172e+00
7.547625064849853516e+00
7.250662803649902344e+00
6.997231483459472656e+00
6.587763309478759766e+00
6.518987655639648438e+00
5.732172012329101562e+00
4.846850395202636719e+00
5.333869457244873047e+00
5.918602466583251953e+00
5.806689739227294922e+00
4.676491260528564453e+00
4.123409748077392578e+00
3.010787963867187500e+00
1.272981286048889160e+00
1.021596193313598633e+00
1.432272672653198242e+00
9.626569151878356934e-01
-2.810461521148681641e+00
-4.761519908905029297e+00
-5.804947853088378906e+00
-6.746249675750732422e+00
-8.071333885192871094e+00
-9.028903961181640625e+00
-1.079981422424316406e+01
-1.165333557128906250e+01
-7.538686752319335938e+00
-3.287892103195190430e+00
-6.707128047943115234e+00
-1.007669448852539062e+01
-7.755781650543212891e+00
-4.936020851135253906e+00
-4.949972152709960938e+00
-5.569016933441162109e+00
-2.986021995544433594e+00
-4.333907127380371094e+00
-9.339303016662597656e+00
-6.937437534332275391e+00
-3.487904548645019531e+00
-6.412161827087402344e+00
-7.344564914703369141e+00
-4.542598724365234375e+00
-4.515359878540039062e+00
-4.222660064697265625e+00
-4.897293567657470703e+00
-3.396526098251342773e+00
-1.229580283164978027e+00
7.314112186431884766e-01
2.478215217590332031e+00
4.301878929138183594e+00
2.291833162307739258e+00
-4.239595413208007812e+00
-3.463673591613769531e+00
-2.559570074081420898e+00
-4.124379634857177734e+00
-5.157257080078125000e+00
-5.541459083557128906e+00
-4.574002265930175781e+00
-1.152719974517822266e+00
3.254679441452026367e-01
1.690263867378234863e+00
2.382497310638427734e+00
3.510574817657470703e+00
3.342754602432250977e+00
3.687959432601928711e+00
2.030538558959960938e+00
3.649085760116577148e-01
-1.838988304138183594e+00
-3.003203630447387695e+00
-5.836771488189697266e+00
-4.338591575622558594e+00
-4.792084693908691406e+00
-4.626704216003417969e+00
-6.776519298553466797e+00
-6.107433795928955078e+00
-5.612205505371093750e+00
-4.154181003570556641e+00
-2.792417764663696289e+00
-5.332422256469726562e+00
-9.452276229858398438e+00
-1.023490047454833984e+01
-1.123543834686279297e+01
-8.953079223632812500e+00
-6.458504199981689453e+00
-3.417478799819946289e+00
-2.331553220748901367e+00
-2.242047309875488281e+00
-1.022812008857727051e+00
-9.159527420997619629e-01
-3.686118602752685547e+00
-1.103369951248168945e+00
1.628983020782470703e+00
5.136740207672119141e-01
1.686763644218444824e+00
2.835991144180297852e+00
3.126053094863891602e+00
4.847393035888671875e+00
5.118054389953613281e+00
3.887011766433715820e+00
2.150734424591064453e+00
-8.948273062705993652e-01
-5.083626747131347656e+00
-5.743961334228515625e+00
-4.426273822784423828e+00
-1.951566457748413086e+00
-2.696847677230834961e+00
-3.452556610107421875e+00
-5.897657394409179688e+00
-6.898983955383300781e+00
-7.325657367706298828e+00
-5.208259582519531250e+00
-3.907085657119750977e+00
-1.428114771842956543e+00
-1.296013355255126953e+00
-1.051406741142272949e+00
-2.155918598175048828e+00
-3.784055233001708984e+00
-4.609326362609863281e+00
-4.045152664184570312e+00
-1.473570346832275391e+00
3.466919064521789551e-01
-4.792701601982116699e-01
-7.891260981559753418e-01
-7.760120034217834473e-01
-2.540169715881347656e+00
-5.736024856567382812e+00
-7.426107406616210938e+00
-3.425342559814453125e+00
2.541295289993286133e+00
3.338096380233764648e+00
1.538737773895263672e+00
-2.358224838972091675e-01
-2.440730094909667969e+00
-3.222395181655883789e+00
-1.958739757537841797e+00
-1.214395403861999512e+00
4.939289093017578125e-01
1.353218793869018555e+00
3.174983978271484375e+00
2.648179769515991211e+00
3.394077301025390625e+00
3.971020936965942383e+00
4.684896945953369141e+00
3.932270526885986328e+00
3.401077270507812500e+00
2.900083303451538086e+00
2.416736841201782227e+00
1.152095675468444824e+00
1.478516817092895508e+00
3.120604991912841797e+00
3.533549308776855469e+00
2.881127357482910156e+00
4.106672286987304688e+00
5.336063861846923828e+00
5.328718185424804688e+00
3.926477432250976562e+00
4.377531528472900391e+00
5.482191085815429688e+00
5.131587982177734375e+00
4.125653266906738281e+00
4.324384689331054688e+00
5.119015693664550781e+00
4.315115451812744141e+00
2.958183526992797852e+00
3.065955400466918945e+00
3.982803583145141602e+00
3.132635354995727539e+00
2.632945775985717773e+00
2.878464221954345703e+00
2.077719211578369141e+00
1.327902793884277344e+00
1.707149267196655273e+00
1.886530876159667969e+00
1.570511937141418457e+00
1.952667355537414551e+00
2.159016847610473633e+00
1.112186551094055176e+00
-1.026583671569824219e+00
-1.434203863143920898e+00
-2.318340063095092773e+00
-3.528997659683227539e+00
-3.633663177490234375e+00
-2.216682195663452148e+00
-8.442938923835754395e-01
2.351142168045043945e+00
6.073702812194824219e+00
4.761166095733642578e+00
2.897888422012329102e+00
1.852661013603210449e+00
6.294322609901428223e-01
2.449842542409896851e-01
-1.494720429182052612e-01
-5.287929773330688477e-01
-3.016119956970214844e+00
-1.661455750465393066e+00
-2.521188259124755859e+00
-2.433260917663574219e+00
-3.554782152175903320e+00
-2.277839899063110352e+00
-2.068877935409545898e+00
-3.005298674106597900e-01
-4.526723921298980713e-01
1.151035547256469727e+00
2.107398748397827148e+00
2.540259599685668945e+00
7.257911562919616699e-01
3.669053018093109131e-01
1.320852339267730713e-01
7.323726415634155273e-01
-5.502141714096069336e-01
-3.256979882717132568e-01
-2.609659135341644287e-01
-7.534811738878488541e-03
-8.614260554313659668e-01
-5.112910270690917969e-01
4.174140095710754395e-02
-7.063992023468017578e-01
-3.265632152557373047e+00
-4.113039493560791016e+00
-3.863306045532226562e+00
-3.415876626968383789e+00
-4.001694202423095703e+00
-3.268220663070678711e+00
1.203738331794738770e+00
4.695940017700195312e+00
7.020403861999511719e+00
6.769510746002197266e+00
2.446095466613769531e+00
-3.349170833826065063e-02
-1.062770724296569824e+00
-1.747658252716064453e+00
2.209253311157226562e-01
1.827246427536010742e+00
4.249718189239501953e+00
4.021603107452392578e+00
4.853949069976806641e+00
3.654311656951904297e+00
4.511875152587890625e+00
4.801395893096923828e+00
5.217320919036865234e+00
4.780886650085449219e+00
5.786870956420898438e+00
3.648395538330078125e+00
2.858793139457702637e-01
-2.599577188491821289e+00
-5.795110702514648438e+00
-2.964256048202514648e+00
2.466210842132568359e+00
9.575790762901306152e-01
2.828217856585979462e-02
1.072351336479187012e+00
3.450772762298583984e+00
2.934494256973266602e+00
2.960229635238647461e+00
1.398698449134826660e+00
1.310031175613403320e+00
1.238101005554199219e+00
2.598583459854125977e+00
2.008723020553588867e+00
7.501208186149597168e-01
4.645949304103851318e-01
-4.043082594871520996e-01
-8.784101009368896484e-01
3.162733018398284912e-01
-1.076402887701988220e-01
5.596470236778259277e-01
4.683911204338073730e-01
2.467344403266906738e-01
1.229423880577087402e+00
4.113476276397705078e+00
4.114461898803710938e+00
4.510396957397460938e+00
4.806448936462402344e+00
2.075599670410156250e+00
-2.064145356416702271e-01
-2.415759086608886719e+00
-3.580270528793334961e+00
-6.197506427764892578e+00
