2.431108206510543823e-01
1.521260589361190796e-01
-2.325193285942077637e-01
-1.153287172317504883e+00
-3.893454074859619141e-01
1.283605575561523438e+00
1.923531413078308105e+00
3.215633153915405273e+00
2.365069389343261719e+00
1.404787063598632812e+00
-7.385926246643066406e-01
-4.588842868804931641e+00
-8.759374618530273438e+00
-5.976488113403320312e+00
-6.119338512420654297e+00
-4.154181003570556641e+00
-2.046519994735717773e+00
-8.931754827499389648e-01
3.403073549270629883e-01
-5.666558146476745605e-01
-2.196148157119750977e+00
-2.674983024597167969e+00
-4.011579513549804688e+00
-5.459126472473144531e+00
-4.744312286376953125e+00
-3.153300523757934570e+00
-4.848313808441162109e+00
-5.473375797271728516e+00
-5.800758838653564453e+00
-5.777708053588867188e+00
-5.513973236083984375e+00
-7.232651233673095703e+00
-5.952406883239746094e+00
-6.458281993865966797e+00
-6.612150669097900391e+00
-3.346929073333740234e+00
7.004019618034362793e-02
1.233318686485290527e+00
-3.455292701721191406e+00
-9.539462089538574219e+00
-9.646349906921386719e+00
-5.973505496978759766e+00
1.489954948425292969e+00
2.647834539413452148e+00
1.567553758621215820e+00
-1.475492835044860840e+00
-9.967815279960632324e-01
-1.232242226600646973e+00
8.801027536392211914e-01
1.163878917694091797e+00
-4.229685664176940918e-01
-5.529503822326660156e-01
-1.084438443183898926e+00
-7.870060205459594727e-02
-1.009081959724426270e+00
-2.114752292633056641e+00
-2.468412399291992188e+00
-1.709129691123962402e+00
-2.089633464813232422e+00
-2.910074234008789062e+00
-3.690901994705200195e+00
-2.956318616867065430e+00
-2.342350244522094727e+00
-3.656193971633911133e+00
-2.848546981811523438e+00
-1.914665222167968750e+00
-1.384655833244323730e+00
-1.554891705513000488e+00
7.903750985860824585e-02
1.536272764205932617e+00
1.517070174217224121e+00
1.720165014266967773e+00
1.173344016075134277e+00
1.493232965469360352e+00
9.122714400291442871e-01
5.120721086859703064e-02
-1.816852211952209473e+00
-2.776962280273437500e+00
-3.065125942230224609e+00
-4.971763134002685547e+00
-4.050946235656738281e+00
-3.819379568099975586e+00
-3.510928392410278320e+00
-3.865796089172363281e+00
-3.011929512023925781e+00
-2.381889373064041138e-01
1.350186347961425781e+00
3.018799066543579102e+00
4.320342540740966797e+00
2.919408321380615234e+00
6.345104575157165527e-01
-1.773073196411132812e+00
-4.039064407348632812e+00
-4.673517227172851562e+00
-4.622786521911621094e+00
-5.648071765899658203e+00
-4.477544784545898438e+00
-5.994435310363769531e+00
-6.832355022430419922e+00
-8.336916923522949219e+00
-8.499239921569824219e+00
-6.973991870880126953e+00
-6.129864692687988281e+00
-6.568199157714843750e+00
-6.152740955352783203e+00
-3.929739236831665039e+00
-8.431844711303710938e-01
8.714750409126281738e-01
2.287617683410644531e+00
1.702564358711242676e+00
1.913744688034057617e+00
3.267596006393432617e+00
4.728553295135498047e+00
4.820400238037109375e+00
6.348208427429199219e+00
7.445524215698242188e+00
8.376349449157714844e+00
7.036005496978759766e+00
6.615988731384277344e+00
6.540359020233154297e+00
6.133011341094970703e+00
6.054155349731445312e+00
5.919415950775146484e+00
5.285406589508056641e+00
4.571924686431884766e+00
4.069425582885742188e+00
4.454046249389648438e+00
4.963571071624755859e+00
4.213975429534912109e+00
5.006710052490234375e+00
6.045946598052978516e+00
5.705424308776855469e+00
5.125474929809570312e+00
4.335354328155517578e+00
3.447198629379272461e+00
2.359104156494140625e+00
2.101580858230590820e+00
3.925417661666870117e+00
4.565539836883544922e+00
4.982106685638427734e+00
2.770249843597412109e+00
1.779128670692443848e+00
2.370960861444473267e-01
-1.085991263389587402e+00
4.537980556488037109e-01
3.877028703689575195e+00
4.910301208496093750e+00
5.686295986175537109e+00
5.846130371093750000e+00
7.543557167053222656e+00
7.287787914276123047e+00
6.774933338165283203e+00
4.772924423217773438e+00
3.579079151153564453e+00
2.724891901016235352e+00
1.539403200149536133e+00
9.340872764587402344e-01
4.459098875522613525e-01
2.867665290832519531e-01
9.949737787246704102e-01
2.621138572692871094e+00
2.619732856750488281e+00
2.828128099441528320e+00
1.956094145774841309e+00
7.635801434516906738e-01
9.425668716430664062e-01
1.937852799892425537e-01
3.127236664295196533e-01
-2.819187007844448090e-02
7.970306873321533203e-01
1.876966118812561035e+00
2.618081569671630859e+00
2.798424482345581055e+00
3.353626012802124023e+00
3.430633783340454102e+00
4.025103569030761719e+00
2.618279218673706055e+00
2.541024684906005859e+00
1.762982726097106934e+00
4.749925613403320312e+00
5.576430320739746094e+00
4.672103404998779297e+00
4.109951019287109375e+00
2.688704967498779297e+00
9.615724682807922363e-01
-2.351840734481811523e+00
-4.249480724334716797e+00
-5.550061225891113281e+00
-4.070986747741699219e+00
-4.191231727600097656e+00
-2.948406219482421875e+00
-2.549266099929809570e+00
-1.383941292762756348e+00
5.571820735931396484e-01
3.146857738494873047e+00
4.531127452850341797e+00
4.201576232910156250e+00
3.605257511138916016e+00
2.119329452514648438e+00
-3.090811491012573242e+00
-6.106472015380859375e+00
-7.877333641052246094e+00
-4.652835369110107422e+00
-1.507365584373474121e+00
3.541610538959503174e-01
-1.572393417358398438e+00
-4.021044731140136719e+00
-7.558456897735595703e+00
-6.346591949462890625e+00
-3.092734098434448242e+00
5.991369485855102539e-01
5.200337171554565430e-01
-2.123331069946289062e+00
-4.472912311553955078e+00
-5.667078018188476562e+00
-5.091661930084228516e+00
-2.545370817184448242e+00
2.824405431747436523e+00
4.935493469238281250e+00
6.142698287963867188e+00
4.128808498382568359e+00
1.278601765632629395e+00
-1.112564563751220703e+00
-3.587566614151000977e+00
-3.087902307510375977e+00
-3.754647731781005859e+00
-5.123559951782226562e+00
-7.069440841674804688e+00
-5.384386539459228516e+00
-3.839888811111450195e+00
-1.073887825012207031e+00
-2.154316663742065430e+00
-2.796755790710449219e+00
-7.139818668365478516e+00
-4.991064548492431641e+00
-5.665129661560058594e+00
-4.934097766876220703e+00
-3.832912206649780273e+00
-4.017445564270019531e+00
-4.180064201354980469e+00
-4.349338531494140625e+00
-2.298398256301879883e+00
5.882417783141136169e-02
2.645616054534912109e+00
3.190119981765747070e+00
3.143086910247802734e+00
3.069998502731323242e+00
3.373173713684082031e+00
2.070349216461181641e+00
-6.561125814914703369e-02
-8.472520112991333008e-01
-1.517226219177246094e+00
-1.144314169883728027e+00
-7.737933993339538574e-01
2.639897167682647705e-01
2.282465696334838867e-01
1.947441816329956055e+00
-2.967093698680400848e-02
-2.054851770401000977e+00
-5.824986934661865234e+00
-8.749218940734863281e+00
-9.992635726928710938e+00
-8.959143638610839844e+00
-7.302142143249511719e+00
-3.818443059921264648e+00
6.777965426445007324e-01
4.351746082305908203e+00
5.436958312988281250e+00
6.793173789978027344e+00
8.122177124023437500e+00
8.735259056091308594e+00
9.320066452026367188e+00
9.662878990173339844e+00
6.445703029632568359e+00
3.156521081924438477e+00
-8.266441822052001953e-01
-2.607071161270141602e+00
-4.125365257263183594e+00
-4.212233543395996094e+00
-4.133326530456542969e+00
-3.710054397583007812e+00
-1.742753148078918457e+00
-1.974885344505310059e+00
4.629188477993011475e-01
2.572109103202819824e-01
1.338650107383728027e+00
1.073066234588623047e+00
1.399807691574096680e+00
2.458272457122802734e+00
3.546539783477783203e+00
5.369021415710449219e+00
7.524429798126220703e+00
7.237030506134033203e+00
3.823389530181884766e+00
1.227772235870361328e+00
2.377617120742797852e+00
3.152380466461181641e+00
3.574814081192016602e+00
3.218467235565185547e+00
3.048798561096191406e+00
3.769158124923706055e+00
4.657609462738037109e+00
3.072167158126831055e+00
2.796303987503051758e+00
2.539397239685058594e+00
2.365390062332153320e+00
2.879869222640991211e+00
3.749561071395874023e+00
3.776257514953613281e+00
3.418111801147460938e+00
3.270307302474975586e+00
2.768670797348022461e+00
3.642577886581420898e+00
5.016271591186523438e+00
3.861153602600097656e+00
4.728355884552001953e+00
4.389610290527343750e+00
4.081035137176513672e+00
5.381050586700439453e+00
4.223762035369873047e+00
3.957906723022460938e+00
3.891424894332885742e+00
4.585852146148681641e+00
7.502342700958251953e+00
9.617646217346191406e+00
9.241233825683593750e+00
7.870376110076904297e+00
4.945057868957519531e+00
3.187999486923217773e+00
-1.544193625450134277e+00
-1.649130582809448242e+00
-2.119633436203002930e+00
-1.233770728111267090e+00
1.434786915779113770e+00
3.869214534759521484e+00
6.537673473358154297e+00
8.327541351318359375e+00
7.801205158233642578e+00
6.223429679870605469e+00
6.861924648284912109e+00
7.838846206665039062e+00
7.672776699066162109e+00
6.335194587707519531e+00
1.735374331474304199e+00
-9.179739952087402344e-01
6.024402379989624023e-01
-8.489774465560913086e-01
-2.231966018676757812e+00
-1.084585905075073242e+00
4.988344311714172363e-01
1.827517628669738770e+00
-1.621053695678710938e+00
-1.749605774879455566e+00
-2.813271760940551758e+00
-3.019423484802246094e+00
-5.250214099884033203e+00
-6.344669818878173828e+00
-3.341974258422851562e+00
-1.364245772361755371e+00
-6.683070182800292969e+00
-5.691604137420654297e+00
-5.903032302856445312e+00
-4.278494358062744141e+00
-4.642334938049316406e+00
-2.627407789230346680e+00
-1.007356286048889160e+00
-2.446251630783081055e+00
-4.075423240661621094e+00
-3.097614526748657227e+00
-1.226521059870719910e-01
1.919833898544311523e+00
-2.078196257352828979e-01
1.294969469308853149e-01
1.596443951129913330e-01
-3.820489346981048584e-01
-2.889860391616821289e+00
-3.873881578445434570e+00
-5.257658004760742188e+00
-5.485255718231201172e+00
-3.643252134323120117e+00
-9.970772266387939453e-01
1.191462278366088867e+00
2.655870914459228516e+00
1.906374573707580566e+00
1.866736292839050293e+00
1.462666034698486328e+00
3.492629528045654297e+00
4.963078022003173828e+00
5.411639690399169922e+00
5.034711360931396484e+00
5.010924339294433594e+00
3.956229686737060547e+00
2.887782096862792969e+00
2.720725774765014648e+00
5.929744720458984375e+00
7.026219844818115234e+00
6.789872169494628906e+00
6.551970481872558594e+00
7.379707336425781250e+00
6.463500976562500000e+00
6.506317257881164551e-01
-2.779402732849121094e+00
7.022497653961181641e-01
2.027753353118896484e+00
2.813929617404937744e-01
-1.481852769851684570e+00
-1.960144758224487305e+00
-3.667532205581665039e+00
-2.514656782150268555e+00
-4.315964281558990479e-01
-4.144640564918518066e-01
-7.572284340858459473e-01
-2.197085142135620117e+00
-4.151272296905517578e+00
-5.771767616271972656e+00
-6.912886142730712891e+00
-5.589798927307128906e+00
-5.160683155059814453e+00
-4.066106319427490234e+00
-3.131829261779785156e+00
-9.953765273094177246e-01
-8.433323502540588379e-01
-2.210840225219726562e+00
-2.009667873382568359e+00
-4.065513312816619873e-01
1.472453866153955460e-02
-1.064890503883361816e+00
-1.425748109817504883e+00
-9.844808578491210938e-01
2.458741188049316406e+00
3.825312614440917969e+00
4.199012279510498047e+00
5.055615901947021484e+00
3.388679027557373047e+00
1.510266304016113281e+00
9.526242613792419434e-01
-1.324630826711654663e-01
-3.661394596099853516e+00
-8.108382225036621094e+00
-7.598242282867431641e+00
-6.152813911437988281e+00
-6.751695156097412109e+00
-2.245424032211303711e+00
-1.993373990058898926e+00
-4.217409610748291016e+00
-3.079546213150024414e+00
-5.686280727386474609e-01
-3.829166412353515625e+00
-8.611277580261230469e+00
-1.002505207061767578e+01
-8.284360885620117188e+00
-3.942482948303222656e+00
2.354692220687866211e+00
5.626616954803466797e+00
4.131149768829345703e+00
-9.031109511852264404e-02
-5.670207977294921875e+00
-2.334437370300292969e+00
-4.666985273361206055e-01
1.529518485069274902e+00
1.791009902954101562e+00
2.054030656814575195e+00
5.234404563903808594e+00
8.738858222961425781e+00
1.000825691223144531e+01
8.121883392333984375e+00
3.909221649169921875e+00
-3.098329782485961914e+00
-2.368011236190795898e+00
-1.087987944483757019e-01
1.253458023071289062e+00
4.991942882537841797e+00
8.512024879455566406e+00
8.848208427429199219e+00
8.205769538879394531e+00
7.316110134124755859e+00
8.749408721923828125e+00
7.067386627197265625e+00
5.812013626098632812e+00
5.440333843231201172e+00
4.453626632690429688e+00
3.755379199981689453e+00
1.321838617324829102e+00
-1.041990280151367188e+00
-2.589347362518310547e+00
-1.870565176010131836e+00
7.225124835968017578e-01
2.513268470764160156e+00
5.042525768280029297e+00
5.819827556610107422e+00
5.789065361022949219e+00
3.669077873229980469e+00
2.366376161575317383e+00
-5.713641643524169922e-01
-1.015466570854187012e+00
-1.634463429450988770e+00
-1.591276049613952637e+00
-2.720413446426391602e+00
-3.722699880599975586e+00
-3.285475969314575195e+00
2.422208786010742188e+00
5.781767845153808594e+00
5.970466136932373047e+00
5.691078662872314453e+00
4.664535999298095703e+00
2.852507591247558594e+00
5.171052932739257812e+00
6.353115558624267578e+00
7.624658584594726562e+00
8.134775161743164062e+00
8.483061790466308594e+00
6.404215335845947266e+00
2.638640403747558594e+00
-2.729188680648803711e+00
-5.493488311767578125e+00
-7.295707225799560547e+00
-9.788286209106445312e+00
-8.104759216308593750e+00
-2.848004579544067383e+00
-3.812970638275146484e+00
-3.625455141067504883e+00
-3.476960659027099609e+00
-2.165852785110473633e+00
-1.973776698112487793e+00
-2.567728757858276367e+00
-5.424835681915283203e+00
-7.776316165924072266e+00
-9.292688369750976562e+00
-9.505175590515136719e+00
-8.372042655944824219e+00
-4.986872673034667969e+00
-5.621252059936523438e+00
-6.621911525726318359e+00
-5.503522396087646484e+00
-3.976895570755004883e+00
-1.555705308914184570e+00
2.486078739166259766e+00
2.597202539443969727e+00
1.773187875747680664e+00
-1.086755633354187012e+00
-6.252279281616210938e+00
-8.390384674072265625e+00
-6.907782077789306641e+00
-3.478119373321533203e+00
3.336000919342041016e+00
6.747374057769775391e+00
6.582217216491699219e+00
3.340438127517700195e+00
7.586995959281921387e-01
1.997137427330017090e+00
3.257045269012451172e+00
3.765412092208862305e+00
5.010085582733154297e+00
-1.543700695037841797e+00
-2.362341403961181641e+00
-2.453696012496948242e+00
-2.388963937759399414e+00
-2.690167665481567383e+00
-2.612001419067382812e+00
-3.074344873428344727e+00
-3.851351261138916016e+00
-5.041351318359375000e+00
-4.465664863586425781e+00
-3.820513486862182617e+00
-3.711090087890625000e+00
-3.383708238601684570e+00
-3.205978393554687500e+00
-4.040172576904296875e+00
-3.710251569747924805e+00
-3.336082935333251953e+00
-2.460006713867187500e+00
-1.066344976425170898e+00
-1.079335808753967285e+00
-6.062937974929809570e-01
-1.292956113815307617e+00
5.867131948471069336e-01
7.922238111495971680e-01
2.725384950637817383e+00
1.802004098892211914e+00
2.131482124328613281e+00
1.988978028297424316e+00
2.793025732040405273e+00
2.940139472484588623e-01
-2.753248691558837891e+00
-8.702826499938964844e+00
-7.503460407257080078e+00
-2.389432430267333984e+00
1.244682818651199341e-01
1.942314505577087402e+00
2.888201475143432617e+00
1.669680953025817871e+00
1.716935634613037109e+00
2.818243265151977539e+00
4.392099857330322266e+00
6.031230926513671875e+00
5.571597576141357422e+00
3.649456262588500977e+00
-6.344200670719146729e-02
-1.573429346084594727e+00
1.728398203849792480e+00
4.050691127777099609e+00
4.800852775573730469e+00
5.291740417480468750e+00
4.843424797058105469e+00
3.292443513870239258e+00
-5.811505913734436035e-01
-1.704470753669738770e+00
-1.023823261260986328e+00
-2.341931343078613281e+00
-3.075651407241821289e+00
-4.565326213836669922e+00
-6.066242218017578125e+00
-7.644681930541992188e+00
-7.393001079559326172e+00
-7.462936878204345703e+00
-6.578256130218505859e+00
-1.842759609222412109e+00
2.575682878494262695e+00
-1.533396482467651367e+00
-3.906395912170410156e+00
-6.513696193695068359e+00
-5.389267444610595703e+00
-3.163553774356842041e-01
3.967496395111083984e+00
3.810546398162841797e+00
3.707902431488037109e+00
1.699976205825805664e+00
4.091068208217620850e-01
-6.631131172180175781e-01
2.340147793292999268e-01
-1.280384778976440430e+00
-5.246269702911376953e-01
-5.195489525794982910e-02
6.461452841758728027e-01
9.429613351821899414e-01
-2.930853366851806641e-01
-4.731813669204711914e-01
-1.371615767478942871e+00
-1.504605174064636230e+00
1.453200459480285645e+00
9.865432977676391602e-01
1.942240238189697266e+00
1.337787151336669922e+00
1.160452246665954590e+00
2.552634775638580322e-01
-1.176088571548461914e+00
-2.550892829895019531e+00
-4.168282032012939453e+00
-5.311223506927490234e+00
-3.947635412216186523e+00
-3.833627223968505859e+00
-4.247582912445068359e+00
-5.516192436218261719e+00
-6.715905666351318359e+00
-7.373281955718994141e+00
-6.571108818054199219e+00
-7.138214588165283203e+00
-8.409660339355468750e+00
-1.673928618431091309e+00
5.537136077880859375e+00
2.008106470108032227e+00
-4.472862720489501953e+00
-9.056536674499511719e+00
-3.795443773269653320e+00
-6.128386020660400391e+00
-5.492454528808593750e+00
6.824058294296264648e-02
-1.627585887908935547e-01
9.469053894281387329e-02
-3.668642640113830566e-01
4.475860893726348877e-01
3.021116256713867188e+00
6.052256584167480469e+00
6.303815841674804688e+00
6.202230453491210938e+00
3.204540252685546875e+00
-1.841084003448486328e+00
-6.130528926849365234e+00
-3.415162086486816406e+00
1.320679903030395508e+00
-3.828007221221923828e+00
-3.318088293075561523e+00
-1.228520154953002930e+00
-1.683961510658264160e+00
-7.235808968544006348e-01
-7.913938164710998535e-01
-1.084832668304443359e+00
8.039081692695617676e-01
1.480020523071289062e+00
2.633956432342529297e+00
5.439793109893798828e+00
5.368133068084716797e+00
3.898104429244995117e+00
5.144652843475341797e+00
5.046421051025390625e+00
8.822473287582397461e-01
-2.245917320251464844e+00
-3.191828727722167969e+00
-2.810066938400268555e-01
3.002529382705688477e+00
5.580768108367919922e+00
5.889194488525390625e+00
6.752723693847656250e+00
5.603644847869873047e+00
5.613750934600830078e+00
5.910295486450195312e+00
5.211208343505859375e+00
3.281005620956420898e+00
7.694717645645141602e-01
-3.302332386374473572e-02
9.589347839355468750e-01
1.869226098060607910e+00
4.097502231597900391e+00
3.692075967788696289e+00
5.487021923065185547e+00
7.278074741363525391e+00
6.737440109252929688e+00
4.744527339935302734e+00
2.904297590255737305e+00
9.238817691802978516e-01
-1.379849314689636230e+00
-1.045515179634094238e+00
-1.271436452865600586e+00
-2.222696781158447266e+00
-5.364738941192626953e+00
-5.290492057800292969e+00
-4.278962612152099609e+00
-2.387165069580078125e+00
-1.317779183387756348e+00
1.882881969213485718e-01
7.344184815883636475e-02
1.157715916633605957e+00
9.266426563262939453e-01
1.548622488975524902e+00
1.919192314147949219e+00
1.241009473800659180e+00
-2.547541260719299316e-01
-3.081246376037597656e+00
-4.163474559783935547e+00
-1.166253447532653809e+00
3.042881965637207031e+00
6.609183311462402344e+00
9.110685348510742188e+00
7.859897136688232422e+00
7.182727813720703125e+00
6.402243137359619141e+00
6.776658058166503906e+00
7.335361003875732422e+00
5.951659202575683594e+00
6.174399852752685547e+00
2.571861982345581055e+00
-9.575380682945251465e-01
2.960056781768798828e+00
2.456572055816650391e+00
1.154979586601257324e+00
2.749295949935913086e+00
2.306056022644042969e+00
1.110929369926452637e+00
2.987493038177490234e+00
4.153976440429687500e+00
4.298945426940917969e+00
3.191918849945068359e+00
1.434712886810302734e+00
3.847026228904724121e-01
-1.128612041473388672e+00
-1.443792223930358887e+00
-2.148030281066894531e+00
-2.914610147476196289e+00
-2.353886842727661133e+00
-3.141738891601562500e+00
-4.654313564300537109e+00
-5.607521057128906250e+00
-5.482888698577880859e+00
-4.252414703369140625e+00
-5.557581901550292969e+00
-6.239386081695556641e+00
-6.837355613708496094e+00
-5.222975254058837891e+00
-4.365534305572509766e+00
-4.047715663909912109e+00
-4.807443141937255859e+00
-6.350634098052978516e+00
-6.235565662384033203e+00
-4.067461013793945312e+00
-1.243976116180419922e+00
1.771166801452636719e+00
2.237528324127197266e+00
2.621877193450927734e+00
1.827542066574096680e+00
1.215397834777832031e+00
2.132961034774780273e+00
2.547260522842407227e+00
3.736053228378295898e+00
4.059096336364746094e+00
4.300843238830566406e+00
4.895905971527099609e+00
5.658047199249267578e+00
4.036270618438720703e+00
6.091451644897460938e-01
-1.231330394744873047e+00
6.561535000801086426e-01
1.674931168556213379e+00
9.112362861633300781e-01
1.279242634773254395e+00
1.814798235893249512e+00
-9.576612114906311035e-01
-3.008701086044311523e+00
-4.195397377014160156e+00
-3.116989612579345703e+00
-2.637613058090209961e+00
-1.849883556365966797e+00
-4.717025756835937500e-01
4.284820556640625000e-01
-1.948781907558441162e-01
-9.275385141372680664e-01
-1.560537070035934448e-01
1.829489231109619141e+00
2.833452463150024414e+00
5.057438850402832031e+00
4.616763591766357422e+00
5.491286754608154297e+00
7.198870182037353516e+00
7.899290084838867188e+00
6.271620273590087891e+00
5.281142234802246094e+00
5.192079544067382812e+00
4.533691406250000000e+00
3.782321929931640625e+00
8.041547536849975586e-01
6.546498298645019531e+00
4.398606777191162109e+00
1.746564060449600220e-01
-9.198226928710937500e-01
-3.534790873527526855e-01
1.780139446258544922e+00
7.605851650238037109e+00
8.850129127502441406e+00
3.471652269363403320e+00
2.423318862915039062e+00
3.789766788482666016e+00
4.453109264373779297e+00
4.600912094116210938e+00
4.399297714233398438e+00
4.580279827117919922e+00
4.831764698028564453e+00
2.674309253692626953e+00
-6.379452347755432129e-01
-3.445851564407348633e+00
-2.760914564132690430e+00
-2.681391954421997070e+00
-1.678218007087707520e+00
-3.415480554103851318e-01
-1.546658873558044434e+00
-5.773492336273193359e+00
-9.337625503540039062e+00
-5.864675998687744141e+00
-3.688016653060913086e+00
-7.031280517578125000e+00
-5.227929592132568359e+00
-1.011266136169433594e+01
-1.442094230651855469e+01
-1.157359409332275391e+01
-1.093142509460449219e+01
-8.022178649902343750e+00
-4.694273471832275391e+00
-3.736874341964721680e+00
-1.771840572357177734e+00
1.484753012657165527e+00
6.025116443634033203e+00
7.481144428253173828e+00
6.592816352844238281e+00
6.238835811614990234e+00
4.445888042449951172e+00
1.766951084136962891e+00
-8.607849478721618652e-01
-6.008118629455566406e+00
-1.253160667419433594e+01
-8.120214462280273438e+00
-2.237610101699829102e+00
-1.113698482513427734e+00
-7.930531501770019531e+00
-7.379716396331787109e+00
-4.217114746570587158e-01
4.464966297149658203e+00
3.825780391693115234e+00
4.334393024444580078e+00
3.287833213806152344e+00
-2.824537038803100586e+00
-4.373028278350830078e+00
-5.649552345275878906e-01
4.300941944122314453e+00
7.543953418731689453e+00
9.989818572998046875e+00
9.590357780456542969e+00
8.547396659851074219e+00
7.862832069396972656e+00
8.829818725585937500e+00
8.366020202636718750e+00
8.231996536254882812e+00
1.031258964538574219e+01
1.051285266876220703e+01
8.804995536804199219e+00
6.913518905639648438e+00
6.108781337738037109e+00
7.529409885406494141e+00
7.916939258575439453e+00
9.404372215270996094e+00
9.155942916870117188e+00
1.083976554870605469e+01
1.065375137329101562e+01
1.005871772766113281e+01
8.015861511230468750e+00
3.848137617111206055e+00
-1.740484237670898438e+00
-5.938281059265136719e+00
-3.810825824737548828e+00
-2.450639724731445312e+00
-4.171239852905273438e+00
-7.929963588714599609e+00
-1.086546134948730469e+01
-7.322181701660156250e+00
3.175798356533050537e-01
5.811596393585205078e+00
1.331452131271362305e+00
-2.156461238861083984e+00
-1.080173730850219727e+00
2.893056273460388184e-01
7.123562097549438477e-01
1.360293745994567871e+00
1.949413776397705078e+00
2.014515548944473267e-01
3.733636736869812012e-01
1.942881941795349121e+00
4.973750114440917969e+00
9.277002334594726562e+00
5.138071537017822266e+00
5.429020404815673828e+00
7.957858562469482422e+00
6.567475795745849609e+00
5.826164245605468750e+00
5.390663623809814453e+00
5.543052673339843750e+00
6.059455394744873047e+00
7.584822177886962891e+00
6.080556392669677734e+00
3.004008769989013672e+00
-1.917869567871093750e+00
-1.433685541152954102e+00
3.912746191024780273e+00
4.501917362213134766e+00
2.966367721557617188e+00
6.902943849563598633e-01
-1.980358481407165527e+00
-1.824962139129638672e+00
5.323712825775146484e+00
8.409086227416992188e+00
4.416132926940917969e+00
3.521224021911621094e+00
2.975242137908935547e+00
3.290667831897735596e-01
3.023704588413238525e-01
1.355609446763992310e-01
-8.343843221664428711e-01
-2.382949352264404297e+00
-4.986996650695800781e+00
-5.987632274627685547e+00
-5.742385387420654297e+00
-5.264510154724121094e+00
-8.513191223144531250e+00
-1.061777210235595703e+01
-8.768422126770019531e+00
-3.094706058502197266e+00
-3.473164558410644531e+00
-1.285679435729980469e+01
-1.379329204559326172e+01
-7.224317550659179688e+00
-4.163499355316162109e+00
-2.359506607055664062e+00
-4.827705621719360352e-01
-2.147734880447387695e+00
-3.167301654815673828e+00
-3.127268791198730469e+00
-1.957384228706359863e+00
2.883665561676025391e+00
3.755058050155639648e+00
3.406821250915527344e+00
9.147117733955383301e-01
-8.253870606422424316e-01
-3.566144466400146484e+00
-5.542666912078857422e+00
-6.917962551116943359e+00
-9.439382553100585938e+00
-7.332067489624023438e+00
-4.790039539337158203e+00
-4.516567707061767578e+00
-4.831501007080078125e+00
-4.937844276428222656e+00
-3.950198411941528320e+00
-2.628072977066040039e+00
-3.184729576110839844e+00
-1.542616009712219238e+00
-1.450842171907424927e-01
4.206678271293640137e-01
3.376772403717041016e+00
8.883161544799804688e+00
1.027440547943115234e+01
1.220434188842773438e+01
1.096072673797607422e+01
7.303907871246337891e+00
4.000034332275390625e+00
2.152928113937377930e+00
-8.876784443855285645e-01
-8.107445836067199707e-01
4.418869972229003906e+00
9.322112083435058594e+00
1.076426601409912109e+01
1.210549163818359375e+01
1.032992267608642578e+01
9.827371597290039062e+00
7.561676502227783203e+00
7.809389114379882812e+00
5.592673778533935547e+00
5.375060081481933594e+00
4.906356334686279297e+00
5.888972282409667969e+00
7.880482673645019531e+00
7.338541030883789062e+00
6.456795215606689453e+00
6.078115463256835938e+00
5.910417556762695312e+00
4.813547611236572266e+00
2.441781759262084961e+00
-6.719378829002380371e-01
-1.666977643966674805e+00
-2.640078306198120117e+00
1.050289392471313477e+00
2.396301746368408203e+00
1.963193655014038086e+00
-6.589224338531494141e-01
-1.758800625801086426e+00
-4.112867355346679688e+00
-3.212214708328247070e+00
-1.741742014884948730e+00
4.266331195831298828e-01
-2.254397630691528320e+00
-2.786477327346801758e+00
-3.618503332138061523e+00
-2.515987634658813477e+00
4.474878311157226562e-02
-2.252030849456787109e+00
-5.405880451202392578e+00
-5.617184638977050781e+00
-4.180852890014648438e+00
-3.683333873748779297e+00
-1.146680712699890137e+00
2.570186376571655273e+00
5.368970870971679688e+00
2.840428352355957031e+00
1.294970139861106873e-02
-1.354656100273132324e+00
-6.417881488800048828e+00
-6.116552352905273438e+00
2.049642801284790039e+00
7.008470058441162109e+00
4.313562870025634766e+00
1.927992701530456543e-01
-1.140690565109252930e+00
-1.572319865226745605e+00
-3.554263830184936523e+00
-5.443151473999023438e+00
-5.645877838134765625e+00
3.302995562553405762e-01
4.290835380554199219e+00
3.127630949020385742e+00
-1.733829617500305176e+00
-4.679161071777343750e+00
-2.318143129348754883e+00
-2.660612106323242188e+00
-3.510755538940429688e+00
-4.072761058807373047e+00
-6.726824760437011719e+00
-7.558800220489501953e+00
3.419343829154968262e-01
-1.277451276779174805e+00
-2.166469335556030273e+00
-4.493297576904296875e+00
-6.580572605133056641e+00
-6.545692443847656250e+00
-6.719478607177734375e+00
-4.308715820312500000e+00
4.015145897865295410e-01
-9.706519842147827148e-01
1.265241265296936035e+00
5.139993190765380859e+00
6.689568996429443359e+00
5.037226200103759766e+00
4.632639288902282715e-01
-1.902044177055358887e+00
-2.234972953796386719e+00
-2.747578859329223633e+00
5.425913810729980469e+00
6.224217891693115234e+00
4.445591449737548828e+00
2.088664054870605469e+00
1.843737363815307617e+00
1.765349149703979492e+00
2.419054269790649414e+00
-1.788184165954589844e+00
-4.396323204040527344e+00
-6.025543689727783203e+00
-4.467267036437988281e+00
-4.791814327239990234e+00
-5.901206970214843750e+00
-1.321861267089843750e+01
-1.448202323913574219e+01
-1.420870304107666016e+01
-1.117578315734863281e+01
-6.834670066833496094e+00
-2.583111047744750977e+00
3.655568599700927734e+00
8.888190269470214844e+00
1.089101505279541016e+01
1.008464813232421875e+01
4.189201354980468750e+00
-2.864544987678527832e-01
-1.633477568626403809e+00
3.159725189208984375e+00
3.214350700378417969e+00
5.664701938629150391e+00
4.806596755981445312e+00
4.608999252319335938e+00
3.900298833847045898e+00
3.029867172241210938e+00
2.452060937881469727e+00
-1.116730332374572754e+00
-3.445260047912597656e+00
1.538614511489868164e+00
7.460905551910400391e+00
1.046683120727539062e+01
8.841847419738769531e+00
6.274185657501220703e+00
4.739646911621093750e+00
4.607568740844726562e+00
5.041465282440185547e+00
4.609516143798828125e+00
4.290786743164062500e+00
3.076850175857543945e+00
2.674162089824676514e-01
-2.168022155761718750e+00
-3.717104673385620117e+00
-4.694790363311767578e+00
-4.603658199310302734e+00
-4.083137989044189453e+00
2.428890019655227661e-01
5.724653005599975586e-01
-3.280150890350341797e-01
-8.750079572200775146e-02
-3.623926162719726562e+00
-4.573708057403564453e+00
-1.346102952957153320e+00
1.344048738479614258e+00
3.435095787048339844e+00
3.858886003494262695e+00
4.532533168792724609e+00
4.455377578735351562e+00
4.378098011016845703e+00
3.761540889739990234e+00
3.553393125534057617e+00
2.715451002120971680e+00
3.164261102676391602e+00
3.099602937698364258e+00
4.570445060729980469e+00
2.236369371414184570e+00
-4.033220410346984863e-01
-2.512339830398559570e+00
-5.562609672546386719e+00
-6.907734870910644531e+00
-6.804277420043945312e+00
-6.903913021087646484e+00
-6.521733283996582031e+00
-3.705617189407348633e+00
-2.808096408843994141e-01
-3.240489244461059570e+00
-8.737190246582031250e+00
-5.081308841705322266e+00
-3.288778781890869141e+00
-3.490000724792480469e+00
-5.191275596618652344e+00
-4.613543033599853516e+00
-2.802277565002441406e+00
-4.483092203736305237e-02
3.429672241210937500e+00
2.905580043792724609e+00
6.972458362579345703e-01
-3.558700084686279297e-01
1.006189703941345215e+00
5.488255023956298828e-01
-6.626691222190856934e-01
-1.387466073036193848e+00
-1.531967043876647949e+00
-2.658146619796752930e+00
-2.875439882278442383e+00
-3.478463649749755859e+00
-4.775249958038330078e+00
-4.690994739532470703e+00
-3.815756320953369141e+00
-3.396870851516723633e+00
-2.370205640792846680e+00
-1.949125766754150391e+00
-5.376571178436279297e+00
-6.466588973999023438e+00
-9.561720848083496094e+00
-9.465044021606445312e+00
-7.926388263702392578e+00
-6.489760875701904297e+00
-7.963882923126220703e+00
-9.531304359436035156e+00
-1.179717445373535156e+01
-1.356485557556152344e+01
-1.327232837677001953e+01
-8.886373519897460938e+00
-9.079141616821289062e+00
-8.523915290832519531e+00
-7.430815696716308594e+00
-2.818522214889526367e+00
-8.102762699127197266e-01
-2.534968554973602295e-01
-4.019910693168640137e-01
2.118540704250335693e-01
2.251406610012054443e-01
1.281904697418212891e+00
2.574992418289184570e+00
1.879160404205322266e+00
1.055120706558227539e+00
-6.954544186592102051e-01
-1.922331452369689941e+00
-2.875538825988769531e+00
-6.970567703247070312e-01
2.237601727247238159e-01
1.322430133819580078e+00
2.120117902755737305e+00
3.203159868717193604e-01
-1.545845150947570801e+00
-3.332089900970458984e+00
-1.388969540596008301e+00
8.952133655548095703e-01
1.596025347709655762e+00
1.893728613853454590e+00
-1.381821334362030029e-01
5.871815681457519531e-01
1.074594497680664062e+00
2.587958812713623047e+00
4.357859611511230469e+00
3.245114803314208984e+00
1.259275555610656738e+00
1.714963674545288086e+00
1.638571977615356445e+00
4.394268989562988281e-01
-1.421261876821517944e-01
4.839696735143661499e-02
2.783411979675292969e+00
4.942666530609130859e+00
4.238896369934082031e+00
-6.346663832664489746e-01
-3.726472377777099609e+00
-4.702999591827392578e+00
-7.302188396453857422e+00
-9.933600425720214844e+00
-9.342039108276367188e+00
-8.692722320556640625e+00
-7.446912765502929688e+00
-6.926469326019287109e+00
-5.517671108245849609e+00
-5.036519527435302734e+00
-5.189499378204345703e+00
-7.308252811431884766e+00
-6.401438236236572266e+00
-5.277971267700195312e+00
-4.729103565216064453e+00
-5.659806251525878906e+00
-2.066067934036254883e+00
1.687652319669723511e-01
1.734782576560974121e+00
1.122588992118835449e+00
2.491821527481079102e+00
2.230034351348876953e+00
1.935708165168762207e+00
3.138823434710502625e-02
-3.692060410976409912e-01
2.063323557376861572e-01
1.454285144805908203e+00
1.668793797492980957e+00
4.005259513854980469e+00
5.319325447082519531e+00
5.927082061767578125e+00
6.109371662139892578e+00
6.210858821868896484e+00
4.757025241851806641e+00
5.262309074401855469e+00
3.410123825073242188e+00
2.697578668594360352e+00
2.083684921264648438e+00
1.194666862487792969e+00
1.361673712730407715e+00
1.482805728912353516e+00
1.815882802009582520e+00
2.103676319122314453e+00
2.361642837524414062e+00
2.529414176940917969e+00
-6.775581091642379761e-02
-7.858477234840393066e-01
6.459481716156005859e-01
1.949832797050476074e+00
1.464958667755126953e+00
7.731443643569946289e-01
-2.290115833282470703e+00
-6.125402450561523438e+00
-8.755062103271484375e+00
-7.411538600921630859e+00
-2.944609642028808594e+00
4.067898094654083252e-01
-6.135408878326416016e-01
-4.376676082611083984e+00
-8.088194847106933594e+00
-9.153980255126953125e+00
-8.044536590576171875e+00
-7.903365612030029297e+00
-7.017379283905029297e+00
-3.830842018127441406e+00
-3.591214656829833984e+00
-3.044788599014282227e+00
-3.427166223526000977e+00
1.732022166252136230e-01
-6.417412161827087402e-01
-8.248690366744995117e-01
-2.378241300582885742e+00
-4.192883014678955078e+00
-4.321657180786132812e+00
7.429969906806945801e-01
6.944455146789550781e+00
1.251212501525878906e+01
1.407215118408203125e+01
1.194023513793945312e+01
9.187695503234863281e+00
6.997378826141357422e+00
5.018886089324951172e+00
3.714927196502685547e+00
3.084960937500000000e+00
3.175871849060058594e+00
2.630407333374023438e+00
2.808949947357177734e+00
1.808610796928405762e+00
1.717995882034301758e+00
1.854509234428405762e+00
1.813269615173339844e+00
2.028838157653808594e+00
1.636920452117919922e+00
2.300386667251586914e+00
2.297083616256713867e+00
-6.118403077125549316e-01
-2.432299375534057617e+00
-5.374994277954101562e+00
-6.242098808288574219e+00
-3.650647163391113281e+00
4.671832919120788574e-01
3.143258690834045410e-01
4.370110929012298584e-01
2.394428491592407227e+00
3.059644460678100586e+00
1.510759472846984863e+00
2.059872150421142578e-01
-4.117033779621124268e-01
-1.145349621772766113e+00
-2.769517660140991211e+00
-3.204376220703125000e+00
-3.594197511672973633e+00
-1.859916567802429199e+00
-9.062650203704833984e-01
-1.036271333694458008e+00
-1.262217283248901367e+00
-1.478648304939270020e+00
-8.431599736213684082e-01
-2.099469423294067383e+00
-3.272485256195068359e+00
-4.027996540069580078e+00
-2.753790378570556641e+00
-3.045083999633789062e+00
-5.249252796173095703e+00
-3.074714183807373047e+00
1.781076490879058838e-01
2.011656284332275391e+00
-8.838824033737182617e-01
-1.688448071479797363e+00
-2.525009632110595703e+00
-1.212793350219726562e+00
-1.430604577064514160e+00
2.489529252052307129e-01
1.504202365875244141e+00
1.343259811401367188e+00
2.522512435913085938e+00
2.479595422744750977e+00
1.529493451118469238e+00
6.101310849189758301e-01
1.518277525901794434e+00
2.456843376159667969e+00
3.321087121963500977e+00
5.640767574310302734e+00
9.098704338073730469e+00
8.776302337646484375e+00
8.007873535156250000e+00
6.909254074096679688e+00
6.424973011016845703e+00
5.515494346618652344e+00
3.759445905685424805e+00
4.027347087860107422e+00
5.864889144897460938e+00
5.330147266387939453e+00
4.673977851867675781e+00
4.311073303222656250e+00
5.278306961059570312e+00
4.014873504638671875e+00
3.197464942932128906e+00
1.609928250312805176e+00
1.228043556213378906e+00
-4.790483415126800537e-01
-2.317502260208129883e+00
-3.753883123397827148e+00
-7.419847011566162109e+00
-6.971258640289306641e+00
-7.732389926910400391e+00
-7.783687114715576172e+00
-6.441372394561767578e+00
-3.412178993225097656e+00
-1.812735557556152344e+00
-1.230023860931396484e+00
-4.222784340381622314e-01
4.970103800296783447e-01
9.365505725145339966e-02
8.009995818138122559e-01
2.145754575729370117e+00
2.053709983825683594e+00
1.200952529907226562e+00
2.038426846265792847e-01
-1.221842505037784576e-02
-9.650807976722717285e-01
-1.692786931991577148e+00
-1.501597404479980469e+00
1.848913908004760742e+00
2.664769172668457031e+00
3.496598005294799805e+00
3.060556888580322266e+00
3.351777553558349609e+00
8.198816180229187012e-01
-2.579413890838623047e+00
2.614088296890258789e+00
5.544137001037597656e+00
2.894166469573974609e+00
-1.104504093527793884e-01
2.942086696624755859e+00
5.631770133972167969e+00
