3.692397117614746094e+00
2.984806299209594727e+00
3.603112697601318359e+00
2.982218265533447266e+00
2.560128450393676758e+00
9.972169995307922363e-01
1.481721282005310059e+00
1.197896361351013184e+00
1.513101100921630859e+00
2.330509424209594727e+00
3.139611244201660156e+00
3.999343395233154297e+00
3.728682518005371094e+00
2.260700225830078125e+00
8.700698018074035645e-01
5.390391945838928223e-01
2.523546814918518066e-01
2.740938901901245117e+00
4.023846149444580078e+00
5.557373523712158203e+00
4.215503692626953125e+00
2.420483827590942383e+00
2.618106603622436523e+00
3.328975439071655273e+00
3.511315107345581055e+00
2.681310176849365234e+00
2.960796594619750977e+00
2.934962749481201172e+00
4.700426578521728516e+00
5.241453647613525391e+00
4.422272682189941406e+00
4.861715316772460938e+00
5.151406288146972656e+00
4.677995681762695312e+00
3.375983476638793945e+00
3.771254539489746094e+00
3.844070196151733398e+00
3.898794412612915039e+00
4.275453567504882812e+00
4.223861217498779297e+00
4.198938369750976562e+00
3.057722091674804688e+00
2.688828468322753906e+00
3.078157186508178711e+00
2.535231590270996094e+00
2.342243194580078125e+00
1.925428748130798340e+00
1.450291633605957031e+00
1.597208380699157715e+00
1.927352070808410645e+00
1.183796048164367676e+00
2.415455102920532227e+00
3.165099620819091797e+00
2.030710935592651367e+00
1.091726541519165039e+00
6.268194317817687988e-01
-1.133837819099426270e+00
-2.343212842941284180e+00
-2.710996866226196289e+00
-2.868169069290161133e+00
-1.307943940162658691e+00
-3.061994910240173340e-01
1.077848553657531738e+00
2.430097579956054688e+00
1.683041095733642578e+00
2.233164757490158081e-01
-1.734574511647224426e-02
-2.379669249057769775e-01
-5.022442340850830078e-01
-9.708979725837707520e-02
1.751496046781539917e-01
6.586431264877319336e-01
1.101192355155944824e+00
2.500104904174804688e+00
1.981952309608459473e+00
2.309384346008300781e+00
3.620983660221099854e-01
1.547710537910461426e+00
8.052146434783935547e-01
2.137471675872802734e+00
1.231346607208251953e+00
1.077404737472534180e+00
8.457399606704711914e-01
4.819982051849365234e-01
7.238929867744445801e-01
-4.573312699794769287e-01
-9.546291828155517578e-01
-3.604428529739379883e+00
-3.433946132659912109e+00
-2.726798057556152344e+00
-2.357559919357299805e+00
-4.126646995544433594e+00
-3.324348926544189453e+00
-2.496439933776855469e+00
-2.145418167114257812e+00
-3.905459165573120117e+00
-3.145781993865966797e+00
-3.572062253952026367e+00
-4.712219238281250000e+00
-6.612396240234375000e+00
-7.029728412628173828e+00
-4.998656272888183594e+00
-4.733909606933593750e+00
-5.391536235809326172e+00
-3.603466033935546875e+00
-1.005729436874389648e+00
-8.892316222190856934e-01
-2.716394662857055664e-01
1.916901767253875732e-01
3.132807493209838867e+00
2.892489671707153320e+00
2.883541822433471680e+00
3.693086862564086914e+00
2.667703390121459961e+00
2.924880981445312500e+00
6.805573701858520508e-01
1.761675953865051270e+00
1.170262932777404785e+00
1.084947586059570312e+00
1.870705127716064453e+00
1.859094858169555664e+00
2.910362958908081055e+00
2.652173042297363281e+00
2.277363300323486328e+00
2.233362436294555664e+00
1.698546409606933594e+00
8.572024106979370117e-01
1.086180329322814941e+00
-1.083797775208950043e-02
6.200652122497558594e-01
-9.799697399139404297e-01
-1.082959175109863281e+00
-2.225457906723022461e+00
-8.703988194465637207e-01
-1.704938888549804688e+00
-1.632515907287597656e+00
-1.239884257316589355e+00
-4.753261506557464600e-01
-8.941863179206848145e-01
-5.543062090873718262e-01
-7.917882800102233887e-01
1.106541514396667480e+00
7.321015000343322754e-01
1.261691331863403320e+00
1.196219682693481445e+00
1.223581910133361816e+00
1.590404748916625977e+00
2.673471212387084961e+00
3.162018299102783203e+00
2.412841558456420898e+00
1.956439256668090820e+00
1.567159652709960938e+00
3.213340520858764648e+00
1.995263576507568359e+00
2.779763221740722656e+00
1.144478678703308105e+00
1.948550939559936523e+00
1.248109221458435059e+00
-1.320441961288452148e-01
-3.284637928009033203e+00
-4.073106288909912109e+00
-2.943746805191040039e+00
-2.600933074951171875e+00
-6.955606460571289062e+00
-5.691850662231445312e+00
-5.004450321197509766e+00
-4.271099090576171875e+00
-5.768438339233398438e+00
-3.581749200820922852e+00
-2.588509321212768555e+00
-1.326924800872802734e+00
-1.542690396308898926e+00
1.444474220275878906e+00
3.361365795135498047e+00
4.829890251159667969e+00
4.787960529327392578e+00
4.135168075561523438e+00
3.389097452163696289e+00
2.994000673294067383e+00
3.100490808486938477e+00
2.936885356903076172e+00
3.075988054275512695e+00
3.331488847732543945e+00
2.565526962280273438e+00
2.919137239456176758e+00
2.534072160720825195e+00
3.001248359680175781e+00
2.909351348876953125e+00
4.474159717559814453e+00
4.178059577941894531e+00
4.137238979339599609e+00
3.684705972671508789e+00
3.804901599884033203e+00
2.333664894104003906e+00
2.353853702545166016e+00
3.748254776000976562e+00
4.496789932250976562e+00
3.241491317749023438e+00
4.081306457519531250e+00
4.403093338012695312e+00
4.909955501556396484e+00
2.496012926101684570e+00
1.776318311691284180e+00
-1.920531868934631348e+00
-1.182374477386474609e+00
1.247714519500732422e+00
2.190396547317504883e+00
2.266442775726318359e+00
6.569916605949401855e-01
1.251559972763061523e+00
1.626493334770202637e+00
3.086317062377929688e+00
4.529795646667480469e+00
5.315382003784179688e+00
6.845753669738769531e+00
5.847534179687500000e+00
-6.969828009605407715e-01
-2.597851514816284180e+00
-2.089165210723876953e+00
-1.755571365356445312e+00
-4.529682397842407227e-01
1.941057085990905762e+00
2.742394208908081055e+00
2.163749456405639648e+00
1.908691406250000000e+00
1.779079318046569824e+00
-6.913873553276062012e-01
-4.621135294437408447e-01
-5.417343974113464355e-01
9.668722152709960938e-01
1.059483885765075684e+00
-1.587898135185241699e-01
-2.318734884262084961e+00
-1.226400256156921387e+00
3.444488346576690674e-02
1.229868054389953613e+00
2.677834510803222656e+00
1.080067038536071777e+00
5.426138043403625488e-01
-9.961898326873779297e-01
6.563753485679626465e-01
6.074442267417907715e-01
2.352497339248657227e+00
3.542867660522460938e+00
5.040603160858154297e+00
6.019151687622070312e+00
5.851923465728759766e+00
5.785193920135498047e+00
4.617798805236816406e+00
1.801141619682312012e+00
-6.129247546195983887e-01
-1.049853682518005371e+00
-9.639469385147094727e-01
1.442502617835998535e+00
2.953968286514282227e+00
3.008888959884643555e+00
2.728195190429687500e+00
3.682216167449951172e+00
3.876042366027832031e+00
4.177000522613525391e+00
4.858018398284912109e+00
6.148763179779052734e+00
6.142773151397705078e+00
7.360825061798095703e+00
6.637138843536376953e+00
5.030791759490966797e+00
5.189196109771728516e+00
5.653364181518554688e+00
6.118073463439941406e+00
6.042789936065673828e+00
6.987766265869140625e+00
5.804989337921142578e+00
3.719511985778808594e+00
2.884528636932373047e+00
4.649400234222412109e+00
5.926415920257568359e+00
6.603342056274414062e+00
6.784745216369628906e+00
6.516943454742431641e+00
5.404319286346435547e+00
4.540470600128173828e+00
1.801782608032226562e+00
1.369044065475463867e+00
1.061357378959655762e+00
2.083167076110839844e+00
1.501268982887268066e+00
5.963761210441589355e-01
3.174072206020355225e-01
1.323613524436950684e+00
2.272383689880371094e+00
2.627892971038818359e+00
2.362653732299804688e+00
2.826648950576782227e+00
3.060335636138916016e+00
2.697431564331054688e+00
2.772146701812744141e+00
3.393905162811279297e+00
3.637328147888183594e+00
4.672030448913574219e+00
4.175520896911621094e+00
4.512072563171386719e+00
2.951552391052246094e+00
2.161777257919311523e+00
1.968024849891662598e+00
6.774757057428359985e-02
-3.302828371524810791e-01
-1.521367549896240234e+00
-2.448076009750366211e+00
-3.370199441909790039e+00
-5.111232280731201172e+00
-7.002120018005371094e+00
-7.558406829833984375e+00
-6.957822799682617188e+00
-6.394732952117919922e+00
-4.356906890869140625e+00
-6.527204990386962891e+00
-7.421029567718505859e+00
-4.784518718719482422e+00
-1.529970407485961914e+00
-1.201527953147888184e+00
-1.180944919586181641e+00
-2.761777162551879883e+00
-2.416177749633789062e+00
-1.621472954750061035e+00
2.946547418832778931e-02
1.614143490791320801e+00
1.917910337448120117e+00
1.760443687438964844e+00
8.976042866706848145e-01
-7.096777558326721191e-01
-9.373741596937179565e-02
-1.677379906177520752e-01
8.937590718269348145e-01
7.607944607734680176e-01
1.266843318939208984e+00
2.013455629348754883e+00
3.400166273117065430e+00
4.682801723480224609e+00
6.335170745849609375e+00
7.575630664825439453e+00
9.197580337524414062e+00
1.011901092529296875e+01
1.016140937805175781e+01
9.746122360229492188e+00
8.333605766296386719e+00
5.531097412109375000e+00
4.266407012939453125e+00
4.119120121002197266e+00
4.266308307647705078e+00
3.930815935134887695e+00
2.986580848693847656e+00
2.643718719482421875e+00
2.053586721420288086e+00
2.286705255508422852e+00
3.701049089431762695e+00
4.604388236999511719e+00
3.346995115280151367e+00
2.428691864013671875e+00
1.294279217720031738e+00
1.360022068023681641e+00
1.065227389335632324e+00
1.377129316329956055e+00
8.730033636093139648e-01
8.953612446784973145e-01
-8.562736958265304565e-02
-2.004318952560424805e+00
-3.339756011962890625e+00
-5.131916999816894531e+00
-3.831088781356811523e+00
-2.216608762741088867e+00
-6.165484786033630371e-01
8.317384719848632812e-01
2.514944314956665039e+00
2.476637125015258789e+00
2.007663011550903320e+00
1.928830742835998535e+00
3.706965684890747070e+00
7.102685451507568359e+00
7.988526821136474609e+00
8.056929588317871094e+00
6.961141586303710938e+00
5.472034454345703125e+00
4.740337371826171875e+00
3.819839000701904297e+00
3.369624137878417969e+00
2.491033792495727539e+00
1.443069338798522949e+00
3.467412590980529785e-01
1.949561834335327148e+00
4.813745498657226562e+00
4.442756175994873047e+00
4.713762760162353516e+00
3.826051235198974609e+00
2.369654417037963867e+00
-1.479905247688293457e+00
-4.773180007934570312e+00
-5.234388828277587891e+00
-4.438844203948974609e+00
-2.375849962234497070e+00
-8.586650490760803223e-01
2.629987716674804688e+00
5.088349819183349609e+00
6.471906185150146484e+00
6.830740928649902344e+00
6.994174957275390625e+00
7.366839408874511719e+00
6.544649124145507812e+00
6.409343719482421875e+00
6.032339572906494141e+00
5.713560581207275391e+00
3.218393802642822266e+00
-2.278357446193695068e-01
-9.806843996047973633e-01
1.519782543182373047e-01
1.057536363601684570e+00
2.352349996566772461e+00
2.395981311798095703e+00
2.397559404373168945e+00
3.416534423828125000e+00
4.152769088745117188e+00
3.858515739440917969e+00
2.843288183212280273e+00
1.850048422813415527e+00
1.914138913154602051e+00
9.085986018180847168e-01
-2.533661603927612305e+00
-4.886127471923828125e+00
-9.056166648864746094e+00
-6.016251087188720703e+00
1.922568976879119873e-01
-2.374938249588012695e+00
-4.330580234527587891e+00
-2.860896825790405273e+00
-4.010322093963623047e+00
-3.043359041213989258e+00
-3.104985237121582031e+00
-2.216978073120117188e+00
-1.624208927154541016e+00
-2.013019800186157227e+00
-2.642197608947753906e+00
-2.706979274749755859e+00
-3.678182601928710938e+00
-3.600532770156860352e+00
-3.606325149536132812e+00
-3.325556993484497070e+00
-2.297436952590942383e+00
-1.700822353363037109e+00
-5.501646995544433594e-01
2.867669425904750824e-02
1.747674584388732910e+00
1.209457159042358398e+00
2.139000415802001953e+00
2.509718179702758789e+00
2.021467208862304688e+00
2.140824556350708008e+00
2.083315134048461914e+00
2.036577701568603516e+00
2.499537467956542969e+00
2.741407632827758789e+00
3.570746660232543945e+00
3.598404169082641602e+00
4.176236152648925781e+00
3.476360321044921875e+00
3.535201072692871094e+00
3.084541559219360352e+00
3.330898523330688477e+00
3.457330703735351562e+00
3.510747909545898438e+00
2.763420581817626953e+00
1.637709140777587891e+00
-5.102558135986328125e-01
-4.690402746200561523e-01
2.984115600585937500e+00
3.981891393661499023e+00
2.861504793167114258e+00
3.340708732604980469e+00
4.138545036315917969e+00
5.476397037506103516e+00
6.176445007324218750e+00
8.352092742919921875e+00
8.962093353271484375e+00
8.340704917907714844e+00
5.760938167572021484e+00
2.782993316650390625e+00
9.007352590560913086e-01
1.094980835914611816e+00
2.700659751892089844e+00
2.132763624191284180e+00
3.699767351150512695e+00
3.323946714401245117e+00
2.871167421340942383e+00
2.077620744705200195e+00
1.064783811569213867e+00
1.330860376358032227e+00
1.319102406501770020e+00
3.779239952564239502e-01
-1.241732835769653320e+00
8.236038684844970703e-01
3.913388490676879883e+00
4.913134574890136719e+00
4.583090782165527344e+00
4.191272258758544922e+00
4.027544975280761719e+00
3.712535858154296875e+00
3.476754426956176758e+00
2.401774406433105469e+00
2.103232860565185547e+00
1.413439393043518066e+00
2.318504810333251953e+00
3.160588026046752930e+00
3.774557113647460938e+00
3.215706825256347656e+00
2.889852046966552734e+00
1.886999249458312988e+00
1.915717005729675293e+00
3.320298910140991211e+00
4.602169513702392578e+00
5.805111885070800781e+00
7.940999507904052734e+00
6.885244846343994141e+00
6.148000717163085938e+00
4.819167613983154297e+00
4.627535820007324219e+00
4.158215999603271484e+00
4.058036327362060547e+00
2.737513065338134766e+00
1.798848748207092285e+00
5.083987116813659668e-01
1.014373660087585449e+00
2.463547706604003906e+00
3.435144901275634766e+00
3.898499011993408203e+00
4.126959323883056641e+00
2.353680849075317383e+00
-3.901143550872802734e+00
-7.524388313293457031e+00
-4.426692008972167969e+00
-3.259690999984741211e-01
1.352528214454650879e+00
1.907212138175964355e+00
6.388981938362121582e-01
1.288634419441223145e+00
1.729753613471984863e+00
2.773133039474487305e+00
2.672657728195190430e+00
1.091652631759643555e+00
6.842303872108459473e-01
1.437350630760192871e+00
9.409897029399871826e-02
5.699755549430847168e-01
-1.358353972434997559e+00
-6.311810016632080078e+00
-6.092323303222656250e+00
-1.933498024940490723e+00
-3.483788251876831055e+00
-4.102243423461914062e+00
2.803329527378082275e-01
5.360492229461669922e+00
3.866231918334960938e+00
-2.113200426101684570e-01
3.588914632797241211e+00
2.270066976547241211e+00
-2.730915069580078125e+00
-5.234610557556152344e+00
-6.107431888580322266e+00
-3.820464134216308594e+00
-2.884856939315795898e+00
1.659524917602539062e+00
3.937841415405273438e+00
3.730605125427246094e+00
2.869664192199707031e+00
5.592526793479919434e-01
1.859834313392639160e+00
2.266566514968872070e+00
3.134655952453613281e+00
4.050862789154052734e+00
5.549906253814697266e+00
6.371479034423828125e+00
6.159460544586181641e+00
4.762497425079345703e+00
2.302038431167602539e+00
1.286292552947998047e+00
-9.895585775375366211e-01
-7.050682306289672852e-01
-8.645073175430297852e-01
-2.231078624725341797e+00
-2.017260074615478516e+00
-2.609955787658691406e+00
-3.704657316207885742e+00
-4.670558452606201172e+00
-5.556199073791503906e+00
-4.609006881713867188e+00
-8.230698108673095703e-01
1.174724459648132324e+00
3.125535726547241211e+00
4.551465511322021484e+00
5.606898307800292969e+00
6.035050868988037109e+00
4.106770992279052734e+00
-2.313853949308395386e-01
-2.837798357009887695e+00
-4.524480342864990234e+00
-3.628166437149047852e+00
-4.431967735290527344e+00
-2.754924297332763672e+00
2.307116389274597168e-01
3.562785148620605469e+00
4.525483131408691406e+00
4.737723350524902344e+00
2.720651388168334961e+00
2.085410356521606445e+00
1.045235991477966309e+00
1.027512431144714355e+00
-4.422208666801452637e-01
-3.612859010696411133e+00
-5.820945262908935547e+00
-5.707578659057617188e+00
-6.030129432678222656e+00
-3.747449159622192383e+00
-1.099327579140663147e-01
3.678518295288085938e+00
5.494935989379882812e+00
6.460369110107421875e+00
5.112730979919433594e+00
6.779421806335449219e+00
9.183627128601074219e+00
8.668826103210449219e+00
4.364540100097656250e+00
4.938846111297607422e+00
4.792940139770507812e+00
4.461589813232421875e+00
1.574258923530578613e+00
-2.318858146667480469e+00
-4.066844940185546875e+00
-4.063739299774169922e+00
-3.538389205932617188e+00
-3.325434684753417969e+00
-3.130005836486816406e+00
-2.142755031585693359e+00
-5.074407100677490234e+00
-6.293470859527587891e+00
-1.940967082977294922e+00
1.846153497695922852e+00
3.388506174087524414e+00
3.420428991317749023e+00
2.626660108566284180e+00
1.624176025390625000e+00
2.434608697891235352e+00
5.638374090194702148e-01
-2.774422883987426758e+00
-4.453659534454345703e+00
-5.866796016693115234e+00
-7.809520721435546875e+00
-1.081349563598632812e+01
-1.454335403442382812e+01
-1.174062347412109375e+01
-9.141605377197265625e+00
-8.347639083862304688e+00
-7.790737628936767578e+00
-6.089586257934570312e+00
-4.787451267242431641e+00
-4.459674358367919922e+00
-4.528054714202880859e+00
-4.171042442321777344e+00
-4.093467235565185547e+00
-3.398991107940673828e+00
-4.504956722259521484e+00
-5.606437683105468750e+00
-2.791283845901489258e+00
1.773483514785766602e+00
5.879506587982177734e+00
5.322160720825195312e+00
3.845575094223022461e+00
3.483411073684692383e+00
2.305217981338500977e+00
1.887023806571960449e+00
1.299554467201232910e+00
2.480532646179199219e+00
4.847393035888671875e+00
4.445023059844970703e+00
5.751028060913085938e+00
3.427355289459228516e+00
-1.367893815040588379e+00
-4.841016769409179688e+00
-4.775348663330078125e+00
-5.585903167724609375e+00
-5.595271587371826172e+00
-6.953559875488281250e+00
-8.239128112792968750e+00
-5.614054679870605469e+00
-3.122166633605957031e+00
-3.854999780654907227e+00
-4.032064437866210938e+00
-5.445691585540771484e+00
-4.970751762390136719e+00
-6.283855438232421875e+00
-6.054901599884033203e+00
-5.279349327087402344e+00
-5.464696884155273438e+00
-6.321101665496826172e+00
-5.861027240753173828e+00
-4.466920852661132812e+00
-1.483627438545227051e+00
1.886407375335693359e+00
3.736299514770507812e+00
3.892409324645996094e+00
2.506711006164550781e+00
2.811513900756835938e+00
4.054882049560546875e+00
5.373802661895751953e+00
5.300000190734863281e+00
5.881922245025634766e+00
7.104216098785400391e+00
7.216348171234130859e+00
9.327538490295410156e+00
9.449456214904785156e+00
9.174208641052246094e+00
8.572197914123535156e+00
7.100245952606201172e+00
5.447777271270751953e+00
4.776769161224365234e+00
3.719364166259765625e+00
2.854726314544677734e+00
4.118874073028564453e+00
3.003762245178222656e+00
2.488396167755126953e+00
5.019798755645751953e+00
7.317440986633300781e+00
8.943555831909179688e+00
9.667858123779296875e+00
1.127472019195556641e+01
1.217895317077636719e+01
1.333942222595214844e+01
1.294698333740234375e+01
1.141010284423828125e+01
1.096807193756103516e+01
8.926967620849609375e+00
6.722673892974853516e+00
4.019853115081787109e+00
3.195862770080566406e+00
3.320964336395263672e+00
3.565743207931518555e+00
4.685390949249267578e+00
6.579727649688720703e+00
5.994820594787597656e+00
5.171793460845947266e+00
4.830087661743164062e+00
4.549072742462158203e+00
2.558920621871948242e+00
-3.424357473850250244e-01
-1.828092336654663086e+00
-8.003205992281436920e-03
1.190180301666259766e+00
-2.237067937850952148e+00
-4.986084461212158203e+00
-7.306874275207519531e+00
-6.836616992950439453e+00
-2.313681602478027344e+00
-1.554867386817932129e+00
-2.798851966857910156e+00
-2.735080957412719727e+00
-4.437735080718994141e+00
-8.315199851989746094e+00
-1.249514865875244141e+01
-8.601984024047851562e+00
-3.310766935348510742e+00
-1.467925190925598145e+00
-2.407279163599014282e-01
3.316302597522735596e-02
-2.855671346187591553e-01
-1.194625854492187500e+00
-4.536953449249267578e+00
-6.881285667419433594e+00
-7.855616569519042969e+00
-1.034927845001220703e+01
-1.075684738159179688e+01
-7.511868000030517578e+00
-8.209746479988098145e-01
4.494719028472900391e+00
4.808913707733154297e+00
6.742296695709228516e+00
4.030773639678955078e+00
9.833635687828063965e-01
-2.305719703435897827e-01
4.379480183124542236e-01
1.077306151390075684e+00
1.589467883110046387e+00
-4.726144969463348389e-01
1.731799840927124023e+00
4.065333366394042969e+00
4.434917449951171875e+00
4.499329566955566406e+00
3.793735265731811523e+00
3.487157106399536133e+00
3.130194664001464844e+00
1.963489651679992676e+00
1.055860400199890137e+00
1.563165336847305298e-01
-1.256966829299926758e+00
-2.595140218734741211e+00
-5.788455963134765625e+00
-6.176380157470703125e+00
-8.905477523803710938e+00
-8.438377380371093750e+00
-6.854636192321777344e+00
-2.007966756820678711e+00
2.341824293136596680e+00
4.992262840270996094e+00
3.778500795364379883e+00
4.460577964782714844e-01
-1.610971808433532715e+00
-3.289715766906738281e+00
-3.910882234573364258e+00
-4.176811218261718750e+00
-2.354428768157958984e+00
2.070250511169433594e+00
5.631647109985351562e+00
4.241756439208984375e+00
3.164310455322265625e+00
2.843657493591308594e+00
2.155442237854003906e+00
3.332031965255737305e+00
3.870248794555664062e+00
4.132677555084228516e+00
3.509564161300659180e+00
2.050333023071289062e+00
1.652548789978027344e+00
3.459770083427429199e-01
1.387482523918151855e+00
3.162314414978027344e+00
3.569538593292236328e+00
3.447248220443725586e+00
2.959267854690551758e+00
2.086420774459838867e+00
6.237628459930419922e-01
3.151147365570068359e-01
-1.892651796340942383e+00
-2.342818260192871094e+00
-4.294737815856933594e+00
-5.216886520385742188e+00
-4.202175617218017578e+00
-4.606542110443115234e+00
-4.113953113555908203e+00
-3.427609443664550781e+00
-2.908052682876586914e+00
-2.424978494644165039e+00
-3.846248149871826172e+00
-4.106261253356933594e+00
-4.079342842102050781e+00
-4.309602737426757812e+00
-5.692961215972900391e+00
-7.002786636352539062e+00
-8.332923889160156250e+00
-8.821840286254882812e+00
-6.940298080444335938e+00
-8.150805473327636719e+00
-9.266310691833496094e+00
-1.514965534210205078e+01
-1.516809463500976562e+01
-9.583415031433105469e+00
-4.931385040283203125e+00
-3.045503616333007812e+00
-3.891359329223632812e+00
-4.515408039093017578e+00
-5.745786666870117188e+00
-4.839019775390625000e+00
-3.813019514083862305e+00
-2.421601057052612305e+00
-1.103049755096435547e+00
8.162087798118591309e-01
1.225923776626586914e+00
-2.754606306552886963e-01
-2.699707269668579102e+00
-4.345518589019775391e+00
-4.539098262786865234e+00
-3.568215847015380859e+00
-1.379898309707641602e+00
-4.584406018257141113e-01
-8.533406257629394531e-01
-2.041417837142944336e+00
-1.675925254821777344e+00
-1.690814614295959473e+00
-1.949668765068054199e+00
-8.392899036407470703e-01
1.694331169128417969e+00
3.536655187606811523e+00
4.103417873382568359e+00
3.735189437866210938e+00
4.801198959350585938e+00
5.735720634460449219e+00
6.244851112365722656e+00
5.357237339019775391e+00
4.102037906646728516e+00
3.088559627532958984e+00
2.306573867797851562e+00
2.947436571121215820e+00
7.639991641044616699e-01
-7.026697635650634766e+00
-1.186062240600585938e+01
-1.439071941375732422e+01
-1.030241870880126953e+01
-5.892012119293212891e+00
-1.339841365814208984e+00
-3.793915033340454102e+00
-6.153184413909912109e+00
-4.828494071960449219e+00
1.539501696825027466e-01
-3.476393222808837891e+00
-6.250061988830566406e+00
-8.738400459289550781e+00
-9.221349716186523438e+00
-7.670591354370117188e+00
-3.789109230041503906e+00
-2.693816184997558594e+00
-4.403003215789794922e+00
-7.394063472747802734e+00
-6.813372611999511719e+00
-5.565639972686767578e+00
-3.923133373260498047e+00
-4.461005687713623047e+00
-5.716969490051269531e+00
-8.059082984924316406e+00
-9.091515541076660156e+00
-8.609574317932128906e+00
-6.291102886199951172e+00
-4.684955596923828125e+00
-3.138115644454956055e+00
-3.756249904632568359e+00
-4.300925731658935547e+00
-5.686921119689941406e+00
-5.769621849060058594e+00
-5.014679431915283203e+00
-3.104442834854125977e+00
-3.207383155822753906e+00
-2.133092164993286133e+00
-1.615531921386718750e+00
-2.773337960243225098e-01
-1.212719529867172241e-01
-1.371763944625854492e+00
-2.772228240966796875e+00
-3.378999233245849609e-01
3.777785778045654297e+00
6.640021800994873047e+00
6.346755027770996094e+00
4.583091259002685547e+00
2.907058715820312500e+00
1.631423115730285645e+00
9.592302143573760986e-02
-1.057371973991394043e+00
-3.053440809249877930e+00
-3.693293333053588867e+00
-5.115400314331054688e+00
-6.765402317047119141e+00
-9.262811660766601562e+00
-9.456638336181640625e+00
-8.058613777160644531e+00
-6.988439083099365234e+00
-8.810821533203125000e+00
-9.078279495239257812e+00
-7.570558547973632812e+00
-1.433439254760742188e+00
-5.804356336593627930e-01
-3.181770801544189453e+00
-4.989287853240966797e+00
4.741592705249786377e-01
1.673131823539733887e+00
-1.826762109994888306e-01
-2.892325878143310547e+00
-3.203882932662963867e+00
-3.041904687881469727e+00
-2.517960071563720703e-01
1.370375275611877441e+00
-6.415676325559616089e-02
-2.246656894683837891e+00
-6.170018672943115234e+00
-7.378557682037353516e+00
-8.843064308166503906e+00
-8.672975540161132812e+00
-8.331147193908691406e+00
-9.872171401977539062e+00
-1.021071910858154297e+01
-1.190358734130859375e+01
-7.463429450988769531e+00
-9.321577072143554688e+00
-8.470077514648437500e+00
-8.122902870178222656e+00
-5.429743289947509766e+00
-3.371111154556274414e+00
-2.483918190002441406e+00
-2.699682474136352539e+00
-3.255796909332275391e+00
-2.749328851699829102e+00
3.278343379497528076e-01
1.026008486747741699e+00
3.405046701431274414e+00
3.850060701370239258e+00
4.927482128143310547e+00
5.833335399627685547e+00
6.822213649749755859e+00
5.839449882507324219e+00
3.208213090896606445e+00
1.537455797195434570e+00
3.471605479717254639e-02
-1.996676206588745117e+00
-1.661012172698974609e+00
-9.789590835571289062e-01
-7.147802412509918213e-02
7.363412380218505859e-01
3.618198633193969727e+00
6.364010810852050781e+00
7.811361312866210938e+00
5.727117538452148438e+00
5.439397335052490234e+00
3.583022594451904297e+00
1.849505543708801270e+00
-2.109009265899658203e+00
-4.906118869781494141e+00
-7.600655555725097656e+00
-6.506572723388671875e+00
-5.113650321960449219e+00
-3.347422361373901367e+00
-1.663378119468688965e+00
-3.214827179908752441e-01
2.631516456604003906e-01
7.808846831321716309e-01
-1.710214614868164062e+00
-3.612093687057495117e+00
-5.040881633758544922e+00
-3.448538541793823242e+00
-1.869209647178649902e+00
-3.428053259849548340e-01
-4.648989439010620117e-01
8.088629245758056641e-01
-6.944685578346252441e-01
-1.320244789123535156e+00
-1.824000835418701172e+00
-5.708220005035400391e-01
-4.487282037734985352e-01
4.124592840671539307e-01
2.087481021881103516e-01
1.835356235504150391e+00
2.634523391723632812e+00
3.769675254821777344e+00
2.530178070068359375e+00
3.603112697601318359e+00
3.223372936248779297e+00
4.321846485137939453e+00
4.726975440979003906e+00
4.427473068237304688e+00
4.689901351928710938e+00
3.717540025711059570e+00
2.966342926025390625e+00
2.113832473754882812e+00
1.498064398765563965e+00
1.104174852371215820e-01
-1.219078898429870605e+00
-2.304733276367187500e+00
-3.164442300796508789e+00
-2.617178201675415039e+00
-2.639190912246704102e+00
-1.713985919952392578e+00
5.089657902717590332e-01
2.622099161148071289e+00
4.230195045471191406e+00
4.869553565979003906e+00
3.594338417053222656e+00
2.562741518020629883e+00
2.721342325210571289e+00
3.723604202270507812e+00
4.020025253295898438e+00
3.357940435409545898e+00
2.763025999069213867e+00
1.672712445259094238e+00
2.474813699722290039e+00
6.880511045455932617e-01
2.124136209487915039e+00
2.414567947387695312e+00
2.249926477670669556e-01
-4.417448520660400391e+00
-7.955033302307128906e+00
-7.478712558746337891e+00
-7.512483596801757812e+00
-1.292191982269287109e+00
1.195455551147460938e+00
1.909578800201416016e+00
-2.956244349479675293e-01
-5.438272476196289062e+00
-9.093214988708496094e+00
-6.127745628356933594e+00
-7.973574101924896240e-02
4.846678256988525391e+00
2.549281835556030273e+00
2.762582540512084961e+00
5.109871387481689453e+00
6.139297008514404297e+00
9.794909477233886719e+00
9.970000267028808594e+00
8.452960968017578125e+00
7.114269733428955078e+00
5.565042018890380859e+00
-4.221057891845703125e-01
-3.719199657440185547e+00
-4.294072628021240234e+00
3.461595296859741211e+00
6.886378288269042969e+00
1.231322169303894043e+00
-1.496766448020935059e+00
-3.896141529083251953e+00
-3.170284986495971680e+00
-5.868371486663818359e+00
-1.048705291748046875e+01
-7.730836391448974609e+00
-3.398818969726562500e+00
-5.032797157764434814e-02
-1.717634081840515137e+00
-6.243504047393798828e+00
-8.101924896240234375e+00
-9.383326530456542969e+00
-9.356705665588378906e+00
-9.564535140991210938e+00
-8.707684516906738281e+00
-6.425448894500732422e+00
-4.089276790618896484e+00
-6.137408256530761719e+00
-8.116888046264648438e+00
-8.774363517761230469e+00
-7.215643405914306641e+00
-8.762063980102539062e+00
-8.612114906311035156e+00
-7.650105953216552734e+00
-1.106818294525146484e+01
-1.195495986938476562e+01
-1.276985454559326172e+01
-1.513128948211669922e+01
-1.659402275085449219e+01
-1.399387264251708984e+01
-1.158446502685546875e+01
-1.136241054534912109e+01
-9.039480209350585938e+00
-8.217018127441406250e+00
-7.829832077026367188e+00
-7.504100799560546875e+00
-6.713907718658447266e+00
-4.911442756652832031e+00
-1.290220379829406738e+00
5.740181803703308105e-01
1.212242364883422852e+00
1.945223808288574219e+00
3.901038169860839844e+00
3.727376461029052734e+00
5.077504634857177734e+00
6.206124782562255859e+00
6.581772804260253906e+00
6.265779495239257812e+00
7.094378948211669922e+00
7.747811317443847656e+00
6.627696990966796875e+00
6.894686698913574219e+00
6.554928779602050781e+00
6.730908870697021484e+00
6.120785236358642578e+00
3.239297151565551758e+00
2.296220779418945312e+00
6.638198494911193848e-01
8.482789993286132812e-01
3.589921817183494568e-02
9.362069964408874512e-01
4.470191001892089844e-01
1.499222874641418457e+00
1.302463293075561523e+00
1.845118165016174316e+00
8.493635058403015137e-01
1.017257809638977051e+00
2.561755478382110596e-01
1.065966710448265076e-01
3.060187101364135742e-01
-6.734662652015686035e-01
-5.296802520751953125e-01
-1.082220077514648438e+00
-1.008884549140930176e+00
-3.122391402721405029e-01
2.093150466680526733e-01
9.117292165756225586e-01
2.693586587905883789e+00
6.443360328674316406e+00
3.767506599426269531e+00
3.836059331893920898e+00
5.708186149597167969e+00
6.717967033386230469e+00
8.228372573852539062e+00
7.692523479461669922e+00
6.154457569122314453e+00
6.679931640625000000e+00
7.141928672790527344e+00
7.287933826446533203e+00
7.714805603027343750e+00
8.250975608825683594e+00
9.706707000732421875e+00
9.467007637023925781e+00
8.617528915405273438e+00
4.686204433441162109e+00
3.010738372802734375e+00
2.394502401351928711e+00
3.964044332504272461e+00
1.728176355361938477e+00
1.009024500846862793e+00
1.165456295013427734e+00
2.715376377105712891e+00
2.960353136062622070e+00
3.783924102783203125e+00
4.298255443572998047e+00
3.646448850631713867e+00
4.942246675491333008e-01
-1.003609657287597656e+00
-1.923563957214355469e+00
-2.655435323715209961e+00
-2.326277732849121094e+00
-1.101323843002319336e+00
-2.448938637971878052e-01
-3.873981237411499023e+00
-2.687924623489379883e+00
1.097519323229789734e-01
3.007187843322753906e+00
2.748334169387817383e+00
4.177443027496337891e+00
4.602169990539550781e+00
5.821233749389648438e+00
5.720560550689697266e+00
6.187514781951904297e+00
6.006209850311279297e+00
6.468996047973632812e+00
5.760838985443115234e+00
4.560708045959472656e+00
4.604043960571289062e+00
5.281486988067626953e+00
6.026965618133544922e+00
9.175861358642578125e+00
9.050167083740234375e+00
8.217919349670410156e+00
8.240969657897949219e+00
7.616622447967529297e+00
6.663218498229980469e+00
6.015674114227294922e+00
6.435102462768554688e+00
4.585309505462646484e+00
3.713102579116821289e+00
4.277573585510253906e+00
2.277462244033813477e+00
2.737513184547424316e-01
-1.713591217994689941e+00
-3.050877571105957031e+00
-6.678707122802734375e+00
-3.346263170242309570e+00
-3.956312239170074463e-01
2.274085044860839844e+00
3.845056593418121338e-01
3.679874897003173828e+00
4.846924781799316406e+00
5.686592578887939453e+00
6.543836116790771484e+00
7.152502536773681641e+00
4.527011394500732422e+00
5.583652496337890625e+00
7.461102008819580078e+00
5.234157562255859375e+00
2.769977807998657227e+00
2.988725900650024414e+00
2.198925733566284180e+00
2.584951400756835938e+00
1.401434779167175293e+00
4.927457869052886963e-01
-1.675851702690124512e+00
-1.215110301971435547e+00
-1.328304886817932129e+00
-1.850179582834243774e-01
-2.976852416992187500e+00
-3.136044502258300781e+00
-3.522983312606811523e+00
-3.625478744506835938e+00
-3.194392204284667969e+00
1.554316759109497070e+00
3.175797939300537109e+00
5.430153369903564453e+00
4.821658134460449219e+00
6.726693630218505859e+00
7.124180316925048828e+00
7.500569343566894531e+00
6.876839160919189453e+00
6.407865524291992188e+00
5.484434127807617188e+00
5.612665653228759766e+00
4.016106605529785156e+00
3.265574455261230469e+00
3.800686120986938477e+00
3.725749254226684570e+00
3.905105829238891602e+00
3.815846204757690430e+00
3.039406776428222656e+00
3.553787469863891602e+00
3.200546503067016602e+00
2.895546674728393555e+00
2.900451123714447021e-01
7.390036582946777344e-01
-2.947123646736145020e-01
-1.142761230468750000e+00
-2.011615037918090820e+00
-1.825874090194702148e+00
-1.768586754798889160e+00
-3.963215053081512451e-01
-1.649525165557861328e+00
-2.207487344741821289e+00
-4.010666370391845703e+00
-5.494056224822998047e+00
-7.416223526000976562e+00
-7.946750640869140625e+00
-8.488960266113281250e+00
-9.448157310485839844e+00
-9.509463310241699219e+00
-7.851056098937988281e+00
-8.510036468505859375e+00
-7.562917709350585938e+00
-6.490352630615234375e+00
-5.897632598876953125e+00
-7.719422340393066406e+00
-6.693150997161865234e+00
-4.891008853912353516e+00
-5.797921657562255859e+00
-8.455482482910156250e+00
-6.687112808227539062e+00
-5.825553894042968750e+00
-7.155446052551269531e+00
-8.547998428344726562e+00
-5.422372817993164062e+00
-3.551306128501892090e-01
2.994690418243408203e+00
4.297392368316650391e+00
2.622445344924926758e+00
1.371336579322814941e+00
1.831560134887695312e+00
2.704752445220947266e+00
2.344067573547363281e+00
1.531342625617980957e+00
1.380087614059448242e+00
1.353169322013854980e+00
2.616208076477050781e+00
2.002165555953979492e+00
2.362801313400268555e+00
2.975118637084960938e+00
2.519849777221679688e+00
1.233146309852600098e+00
4.241435825824737549e-01
-6.361457705497741699e-02
-2.804866313934326172e+00
-5.047536849975585938e+00
-7.273819446563720703e+00
-1.176211929321289062e+01
-1.080753040313720703e+01
-8.929389953613281250e+00
-7.277268886566162109e+00
-6.729634761810302734e+00
-4.418680667877197266e+00
-2.707374095916748047e+00
-1.966307878494262695e+00
-2.855991601943969727e+00
-4.534167766571044922e+00
-3.013014078140258789e+00
-2.242984533309936523e+00
-2.325539112091064453e+00
-2.328792095184326172e+00
-1.362446069717407227e+00
-4.316455125808715820e-01
-2.196937322616577148e+00
-1.358329415321350098e+00
-1.314402222633361816e+00
-7.635143399238586426e-01
-1.365847706794738770e+00
-4.747591316699981689e-01
2.630037367343902588e-01
-1.046106934547424316e+00
-4.481859683990478516e+00
-1.651546359062194824e+00
2.466135978698730469e+00
5.952718734741210938e+00
6.515684127807617188e+00
4.107904434204101562e+00
2.376852273941040039e+00
1.508072257041931152e+00
1.577710032463073730e+00
2.199887275695800781e+00
3.044657945632934570e+00
3.545036554336547852e+00
-2.571203112602233887e-01
-3.086768388748168945e+00
-1.739523649215698242e+00
6.129904389381408691e-01
8.238011598587036133e-01
8.237271904945373535e-01
1.877779483795166016e+00
1.957203507423400879e+00
3.182675600051879883e+00
3.002357006072998047e+00
1.545319437980651855e+00
6.980345845222473145e-01
4.980455636978149414e-01
-1.675413548946380615e-02
-7.233095169067382812e-01
-1.222332835197448730e+00
-1.106549739837646484e+00
-1.334221124649047852e+00
-3.084180057048797607e-01
1.733744889497756958e-02
1.753960728645324707e+00
2.829853057861328125e+00
4.072235107421875000e+00
4.396339416503906250e+00
5.028598785400390625e+00
5.613824367523193359e+00
4.754879951477050781e+00
4.398039340972900391e+00
5.334781646728515625e+00
3.949846029281616211e+00
4.996478855609893799e-01
-1.228051304817199707e+00
-1.786063671112060547e+00
-1.189350485801696777e+00
-3.387627601623535156e-01
2.536611557006835938e-01
6.414125561714172363e-01
9.242268800735473633e-01
1.073361992835998535e+00
1.239111781120300293e+00
2.786962032318115234e+00
3.043473720550537109e+00
2.801851034164428711e+00
2.530621767044067383e+00
4.057271957397460938e+00
4.369741916656494141e+00
2.962620973587036133e+00
3.200053215026855469e+00
5.471098899841308594e+00
4.630026340484619141e+00
4.109310209751129150e-01
-2.916212320327758789e+00
-5.333038330078125000e+00
-6.005724430084228516e+00
-6.924693107604980469e+00
-8.805621147155761719e+00
-1.007627487182617188e+01
-3.654294967651367188e+00
-1.259136319160461426e+00
-2.513990402221679688e+00
-6.314815998077392578e+00
-3.800816774368286133e+00
-3.123768568038940430e+00
-3.287324428558349609e+00
-3.390486717224121094e+00
-4.692743778228759766e+00
-4.360998153686523438e+00
-6.029413700103759766e+00
-6.564056873321533203e+00
