7.711232304573059082e-01
2.784842252731323242e+00
3.257341146469116211e+00
2.928134679794311523e+00
3.303856611251831055e+00
3.103695631027221680e+00
4.101642608642578125e+00
3.591207504272460938e+00
5.005280017852783203e+00
3.760924339294433594e+00
4.245405673980712891e+00
3.545973300933837891e+00
4.069228172302246094e+00
3.753825664520263672e+00
4.142834186553955078e+00
3.667451381683349609e+00
3.489622592926025391e+00
3.624558210372924805e+00
2.598040819168090820e+00
2.899294137954711914e+00
1.327138423919677734e+00
4.875444471836090088e-01
7.558643221855163574e-01
2.361051559448242188e+00
-2.889688313007354736e-01
-2.664383053779602051e-01
-1.573355197906494141e-01
1.716615319252014160e+00
-1.523043274879455566e+00
-3.246083736419677734e+00
-4.967474341392517090e-01
1.023223042488098145e+00
1.689647555351257324e+00
2.099584102630615234e+00
2.568435907363891602e+00
7.202692627906799316e-01
2.297058820724487305e+00
2.811933040618896484e+00
2.587859869003295898e+00
3.983567953109741211e+00
3.913905858993530273e+00
2.697677850723266602e+00
1.457834959030151367e+00
2.777126312255859375e+00
5.980524420738220215e-01
-6.785197854042053223e-01
-1.485402584075927734e+00
-1.466594219207763672e+00
-1.209490299224853516e+00
-6.871470212936401367e-01
1.323046207427978516e+00
3.517575740814208984e+00
4.234213829040527344e+00
3.726241588592529297e+00
3.665749788284301758e+00
3.039480447769165039e+00
3.068987607955932617e+00
2.567843437194824219e+00
3.226504087448120117e+00
3.859822511672973633e+00
3.320619821548461914e+00
3.208583354949951172e+00
3.535152196884155273e+00
4.969609737396240234e+00
3.990741014480590820e+00
2.422800540924072266e+00
2.202253341674804688e+00
2.745228767395019531e+00
2.682073831558227539e+00
3.088510274887084961e+00
3.166998147964477539e+00
2.713971614837646484e+00
2.207380771636962891e+00
2.015008926391601562e+00
2.071902036666870117e+00
1.596370339393615723e+00
2.549183607101440430e+00
3.313273668289184570e+00
3.219108343124389648e+00
1.932996630668640137e+00
1.641752004623413086e+00
1.484851956367492676e+00
5.407648682594299316e-01
-7.852559685707092285e-01
1.832102090120315552e-01
2.253255128860473633e+00
1.730148315429687500e+00
-9.698383808135986328e-01
-1.903671175241470337e-01
-3.778336644172668457e-01
2.714340090751647949e-01
-1.322093367576599121e+00
-2.922226786613464355e-01
-1.319973349571228027e+00
-2.863682270050048828e+00
-4.113483905792236328e+00
-3.308252811431884766e+00
-2.687948465347290039e+00
-2.654325723648071289e+00
-3.244754076004028320e+00
-2.337469577789306641e+00
-1.746820092201232910e+00
-6.159074902534484863e-01
-2.040406703948974609e+00
3.677433431148529053e-01
-3.738404512405395508e-01
-1.338337779045104980e+00
-4.289192199707031250e+00
-3.952122449874877930e+00
-3.247465372085571289e+00
-3.149331569671630859e+00
-1.527949094772338867e+00
5.578968524932861328e-01
1.992404460906982422e+00
2.426473855972290039e+00
3.971611976623535156e+00
3.663481712341308594e+00
1.544234514236450195e+00
1.918995499610900879e+00
1.632729768753051758e+00
1.294772148132324219e+00
2.609922170639038086e+00
2.825514793395996094e+00
2.390508890151977539e+00
2.802048206329345703e+00
2.468773603439331055e+00
2.709509849548339844e+00
2.150881767272949219e+00
2.301052808761596680e+00
1.463578701019287109e+00
2.676059484481811523e+00
4.419707775115966797e+00
3.298433780670166016e+00
2.522831916809082031e+00
9.985972046852111816e-01
3.724270164966583252e-01
-1.613287776708602905e-01
-2.153305530548095703e+00
-2.805112600326538086e+00
-5.036001682281494141e+00
-4.713377475738525391e+00
-5.400705814361572266e+00
-4.195003032684326172e+00
-6.381691932678222656e+00
-4.922534942626953125e+00
-3.916477918624877930e+00
-4.769776761531829834e-01
-1.273926138877868652e+00
-1.389709353446960449e+00
-4.967744827270507812e+00
-5.336095809936523438e+00
-5.880672931671142578e+00
-3.021642684936523438e+00
-2.500063419342041016e+00
6.265977025032043457e-01
1.981311559677124023e+00
2.905924797058105469e+00
2.157266378402709961e+00
1.929274559020996094e+00
1.021300315856933594e+00
6.268688440322875977e-01
1.327754497528076172e+00
1.692482352256774902e+00
2.215465784072875977e+00
3.208409786224365234e+00
3.684089183807373047e+00
2.821299314498901367e+00
1.558926105499267578e+00
7.334327101707458496e-01
1.078933119773864746e+00
9.401512145996093750e-01
4.282109439373016357e-01
1.402593374252319336e+00
7.181246280670166016e-01
9.048517942428588867e-01
-8.331027626991271973e-01
8.675307035446166992e-02
1.671874523162841797e+00
3.040171146392822266e+00
4.646762847900390625e+00
5.449578762054443359e+00
5.729804515838623047e+00
5.451007366180419922e+00
6.034630298614501953e+00
4.258494377136230469e+00
4.226004123687744141e+00
5.353392124176025391e+00
7.010887622833251953e+00
6.917436599731445312e+00
4.142070770263671875e+00
2.551894903182983398e+00
2.954264163970947266e+00
2.974402904510498047e+00
5.520793199539184570e-01
-9.181219339370727539e-01
-2.240888923406600952e-01
-2.171127796173095703e+00
-1.688448071479797363e+00
-2.358175992965698242e+00
-2.139896154403686523e+00
-1.998821377754211426e+00
1.665490031242370605e+00
3.908261060714721680e+00
4.712530136108398438e+00
5.559297561645507812e+00
5.243428230285644531e+00
4.374055862426757812e+00
5.034587860107421875e+00
2.953746557235717773e+00
2.623381614685058594e-01
-5.948314070701599121e-01
-4.156967401504516602e-01
-4.411852955818176270e-01
2.544278383255004883e+00
2.744390487670898438e+00
6.893676280975341797e+00
6.755977153778076172e+00
5.901322841644287109e+00
5.156163692474365234e+00
5.809179306030273438e+00
4.369445800781250000e+00
3.405810594558715820e+00
3.156101942062377930e+00
2.752031564712524414e+00
4.693770706653594971e-01
3.350322961807250977e+00
6.181671619415283203e+00
5.779994010925292969e+00
1.364311218261718750e+00
-3.380355358123779297e+00
-3.622595310211181641e+00
-1.061759829521179199e+00
4.444308757781982422e+00
7.595521450042724609e+00
8.085128784179687500e+00
7.777515411376953125e+00
4.450792312622070312e+00
3.513755202293395996e-01
-8.452551364898681641e-01
-1.032475233078002930e+00
9.126399457454681396e-02
-3.224687874317169189e-01
-3.952862024307250977e-01
-2.165261268615722656e+00
-4.641101956367492676e-01
1.400300621986389160e+00
2.866607189178466797e+00
6.300707817077636719e+00
7.675709724426269531e+00
6.370766639709472656e+00
6.477697372436523438e+00
6.803307056427001953e+00
5.276852607727050781e+00
3.602472305297851562e+00
2.041852951049804688e+00
2.094654321670532227e+00
1.480217218399047852e+00
1.340227603912353516e+00
1.434244513511657715e-01
3.812518119812011719e-01
-4.682763293385505676e-02
9.116798639297485352e-01
6.928826570510864258e-01
1.104520201683044434e+00
1.450981974601745605e+00
2.172253847122192383e+00
1.182637572288513184e+00
1.483545422554016113e+00
3.604961633682250977e-01
9.266673326492309570e-01
1.197822213172912598e+00
3.367331504821777344e+00
2.971371889114379883e+00
3.723235130310058594e+00
4.064641952514648438e+00
4.106745243072509766e+00
2.682443141937255859e+00
2.073380708694458008e+00
7.938261330127716064e-02
7.586992383003234863e-01
2.534861803054809570e+00
2.163305759429931641e+00
2.037514209747314453e+00
5.354650020599365234e-01
-7.390611767768859863e-01
-8.891330361366271973e-01
2.249434292316436768e-01
6.950765252113342285e-01
1.492444276809692383e+00
1.583182454109191895e+00
2.722870349884033203e+00
1.402692198753356934e+00
1.470924377441406250e+00
3.180555105209350586e+00
6.316510200500488281e+00
8.623963356018066406e+00
7.090287208557128906e+00
3.793192386627197266e+00
1.412971377372741699e+00
-7.430051565170288086e-01
1.805726587772369385e-01
-1.423061251640319824e+00
-1.485796451568603516e+00
-1.206039071083068848e+00
2.977164030075073242e+00
6.471512317657470703e+00
5.251856327056884766e+00
1.633346199989318848e+00
-4.286850452423095703e+00
-8.066131591796875000e+00
-9.785351753234863281e+00
-9.828810691833496094e+00
-6.790644168853759766e+00
-3.157589197158813477e+00
-8.989930152893066406e-01
5.945027470588684082e-01
-1.635647177696228027e+00
-6.208204269409179688e+00
-5.064818859100341797e+00
-3.381390571594238281e+00
-3.336502075195312500e+00
-3.310964584350585938e+00
-2.292851924896240234e+00
-1.728455901145935059e+00
-7.072620987892150879e-01
1.811889111995697021e-01
1.164987802505493164e+00
1.308748841285705566e+00
1.998566627502441406e+00
1.517415285110473633e+00
2.320378541946411133e+00
3.369402408599853516e+00
5.072697639465332031e+00
8.840221405029296875e+00
1.186248588562011719e+01
1.038227844238281250e+01
7.605084896087646484e+00
6.383928775787353516e+00
7.044855117797851562e+00
7.384464263916015625e+00
5.070726394653320312e+00
2.661023139953613281e+00
1.604726791381835938e+00
-4.083867650479078293e-03
1.394062489271163940e-01
-8.044587969779968262e-01
-9.315809011459350586e-01
-2.038213014602661133e+00
1.153968200087547302e-01
-4.276028573513031006e-01
-2.689773738384246826e-01
-1.357047557830810547e+00
-1.183015346527099609e+00
-2.387115240097045898e+00
-7.122414708137512207e-01
1.898067116737365723e+00
3.993526697158813477e+00
4.339347362518310547e+00
6.376410007476806641e+00
8.391041755676269531e+00
8.102507591247558594e+00
8.003930091857910156e+00
8.314525604248046875e+00
8.862110137939453125e+00
6.822434902191162109e+00
7.526796340942382812e+00
6.719790458679199219e+00
6.857536792755126953e+00
5.234502792358398438e+00
3.377437591552734375e+00
2.838407278060913086e+00
-6.470904350280761719e-01
-1.544094800949096680e+00
-4.617191255092620850e-01
2.797709226608276367e+00
7.003765583038330078e+00
9.706510543823242188e+00
9.754825592041015625e+00
9.809500694274902344e+00
9.191686630249023438e+00
7.400242805480957031e+00
5.654694080352783203e+00
4.978656291961669922e+00
2.830518722534179688e+00
1.023050427436828613e+00
-1.234756827354431152e+00
-3.053613901138305664e-01
3.073671817779541016e+00
6.053292274475097656e+00
6.187020301818847656e+00
6.919532775878906250e+00
7.856275081634521484e+00
7.103523731231689453e+00
3.093563318252563477e+00
-1.342331171035766602e+00
-3.552834272384643555e+00
-2.644810914993286133e+00
-6.174284934997558594e+00
-1.314091491699218750e+01
-1.488010597229003906e+01
-1.315740871429443359e+01
-1.161148166656494141e+01
-6.974462509155273438e+00
-3.309854269027709961e+00
-1.068095207214355469e+00
-2.786575794219970703e+00
-4.651824474334716797e+00
-2.183848142623901367e+00
1.824461102485656738e+00
4.139728069305419922e+00
3.570229291915893555e+00
1.937680244445800781e+00
-2.445462465286254883e+00
-2.387139797210693359e+00
2.049051046371459961e+00
8.169975876808166504e-01
-2.669435501098632812e+00
-6.395151615142822266e+00
-6.665321826934814453e+00
-7.293365478515625000e+00
-5.068047046661376953e+00
-4.899389266967773438e+00
-5.009600162506103516e+00
-8.842029571533203125e+00
-6.483524799346923828e+00
-1.065284967422485352e+00
3.163620710372924805e+00
4.556863307952880859e+00
6.295630931854248047e+00
4.287260532379150391e+00
1.040059328079223633e+00
-9.024441838264465332e-01
-2.433236122131347656e+00
-7.197005748748779297e+00
-9.243905067443847656e+00
-6.595387458801269531e+00
-1.574193239212036133e+00
-4.051463603973388672e-01
-2.693225145339965820e-01
3.057475388050079346e-01
3.362524747848510742e+00
5.334437370300292969e+00
5.167403697967529297e+00
5.793623447418212891e+00
6.584286212921142578e+00
8.148505210876464844e+00
7.254163265228271484e+00
6.182018280029296875e+00
5.488698959350585938e+00
4.206555843353271484e+00
2.649338245391845703e+00
4.310235500335693359e+00
5.446793079376220703e+00
4.461219310760498047e+00
2.706428289413452148e+00
1.858404517173767090e+00
2.757553339004516602e+00
1.375157594680786133e+00
1.175414800643920898e+00
-1.664388656616210938e+00
-4.665504992008209229e-01
2.671942412853240967e-01
1.723049044609069824e+00
4.693006992340087891e+00
4.745611190795898438e+00
4.519221782684326172e+00
3.670654773712158203e+00
1.708456158638000488e+00
4.351623356342315674e-01
-2.733649909496307373e-01
-3.261786699295043945e+00
-5.623298645019531250e+00
-6.978629112243652344e+00
-7.207976341247558594e+00
-2.529200077056884766e+00
3.994735002517700195e+00
8.687436103820800781e+00
1.093762874603271484e+01
7.810598373413085938e+00
4.298033237457275391e+00
9.297734498977661133e-01
-4.674972057342529297e+00
-4.014414310455322266e+00
-3.545217514038085938e+00
-4.136310577392578125e+00
-8.020627975463867188e+00
-6.195361614227294922e+00
-3.039858579635620117e+00
-1.827328920364379883e+00
-8.623132705688476562e-01
-1.182647049427032471e-01
3.114664852619171143e-01
-7.179110050201416016e-01
-2.797003388404846191e-01
2.024672031402587891e+00
4.717730998992919922e+00
7.196110725402832031e+00
6.760388851165771484e+00
6.368325233459472656e+00
8.661356925964355469e+00
1.006773948669433594e+01
1.051714229583740234e+01
9.830897331237792969e+00
8.337697982788085938e+00
6.028001308441162109e+00
2.044884920120239258e+00
-9.683591723442077637e-01
-5.362619161605834961e-01
3.153365373611450195e+00
7.962445259094238281e+00
6.471929550170898438e+00
2.994000911712646484e+00
-2.663742065429687500e+00
-6.209756374359130859e+00
-2.865358591079711914e+00
-5.953812122344970703e+00
-6.253781318664550781e+00
-2.303032875061035156e+00
-9.338242411613464355e-01
7.682883739471435547e-01
1.188257813453674316e+00
3.175747871398925781e+00
2.060390233993530273e+00
-1.572394013404846191e+00
-6.790200233459472656e+00
-1.159281921386718750e+01
-1.133680057525634766e+01
-8.748628616333007812e+00
-5.836697101593017578e+00
-5.400853157043457031e+00
-5.628525257110595703e+00
-6.912689208984375000e+00
-8.138011932373046875e+00
-8.916077613830566406e+00
-6.032866001129150391e+00
-4.484546661376953125e+00
-4.990300655364990234e+00
-5.742484092712402344e+00
-4.997694015502929688e+00
-5.394886970520019531e+00
-4.183960437774658203e+00
-2.332292556762695312e+00
-8.709164261817932129e-01
-9.642428159713745117e-01
-2.584270000457763672e+00
-6.999903678894042969e+00
-7.468951225280761719e+00
-5.688128948211669922e+00
-3.325753688812255859e+00
-4.099211215972900391e+00
-2.333302974700927734e+00
-2.380657196044921875e+00
-2.977344751358032227e+00
-3.888203144073486328e+00
-8.379092812538146973e-01
1.605787158012390137e+00
4.204730987548828125e+00
5.272095680236816406e+00
5.046518802642822266e+00
5.313754558563232422e+00
4.112069606781005859e+00
4.717189371585845947e-01
2.156773328781127930e+00
5.947566509246826172e+00
9.486161231994628906e+00
6.624665260314941406e+00
4.526469230651855469e+00
-1.024389117956161499e-01
-7.219956874847412109e+00
-9.919277191162109375e+00
-7.130919456481933594e+00
-7.671996116638183594e+00
-6.494911193847656250e+00
-7.075111389160156250e+00
-6.984988689422607422e+00
-2.579289913177490234e+00
-2.170364379882812500e+00
-2.495084047317504883e+00
-6.386845111846923828e-01
8.181315660476684570e-01
9.524023532867431641e-01
-9.043177366256713867e-01
-4.292077064514160156e+00
-7.026204586029052734e+00
-1.274796485900878906e+01
-1.661381912231445312e+01
-1.682672309875488281e+01
-9.150875091552734375e+00
-1.598079442977905273e+00
1.974310517311096191e+00
4.158166885375976562e+00
8.140914916992187500e+00
8.487569808959960938e+00
7.273438453674316406e+00
3.757893323898315430e+00
1.437424182891845703e+00
-1.480521321296691895e+00
-5.418822288513183594e+00
-5.623420715332031250e+00
-6.431659221649169922e+00
-4.053730964660644531e+00
-8.438746333122253418e-01
8.457645773887634277e-01
3.052052021026611328e+00
2.984707117080688477e+00
4.866300582885742188e+00
3.601831197738647461e+00
5.447755336761474609e+00
4.389905452728271484e+00
6.454010486602783203e+00
6.348605632781982422e+00
7.138282299041748047e+00
5.785587787628173828e+00
4.900958538055419922e+00
3.003442287445068359e+00
1.835651874542236328e+00
1.726204037666320801e+00
2.282392024993896484e+00
3.435736656188964844e+00
4.608184814453125000e+00
5.283607482910156250e+00
6.332013130187988281e+00
5.682057857513427734e+00
3.884054899215698242e+00
3.240406274795532227e+00
4.703335762023925781e+00
5.415239810943603516e+00
2.363344192504882812e+00
8.513851761817932129e-01
-2.627826452255249023e+00
-3.242115497589111328e+00
2.636618614196777344e+00
5.176056861877441406e+00
6.217167854309082031e+00
9.284667968750000000e+00
1.308036708831787109e+01
1.507064533233642578e+01
1.504424095153808594e+01
1.565209770202636719e+01
1.229926967620849609e+01
1.005529212951660156e+01
9.863162994384765625e+00
1.382076358795166016e+01
1.102116775512695312e+01
9.052757263183593750e+00
8.100338935852050781e+00
4.817048072814941406e+00
-7.278699278831481934e-01
-2.642936944961547852e+00
5.761923313140869141e+00
4.754066944122314453e+00
-2.688534185290336609e-02
-1.272102117538452148e+00
4.175298690795898438e+00
7.015793323516845703e+00
4.397274971008300781e+00
-1.465830206871032715e+00
3.585487842559814453e+00
7.289264202117919922e+00
5.460720539093017578e+00
1.688710927963256836e+00
-4.796645939350128174e-01
-3.708896398544311523e+00
-3.843265771865844727e+00
-2.656470775604248047e+00
-2.902975082397460938e+00
1.548006296157836914e+00
5.465600967407226562e+00
6.128156185150146484e+00
1.541572451591491699e+00
-5.396563529968261719e+00
-8.345667839050292969e+00
-5.277920722961425781e+00
9.865919500589370728e-02
-5.091465115547180176e-01
-2.395200490951538086e+00
-1.634784102439880371e+00
-5.082986354827880859e+00
-9.193173408508300781e+00
-3.400124311447143555e+00
-5.811282157897949219e+00
-7.773826122283935547e+00
-4.924284934997558594e+00
-1.958025097846984863e+00
-4.364450931549072266e+00
-7.789405822753906250e+00
-1.327252388000488281e+01
-1.300824832916259766e+01
-3.033695936203002930e+00
-3.318926095962524414e+00
-9.668065905570983887e-01
4.562877714633941650e-01
9.085245728492736816e-01
3.320002555847167969e-01
1.628490090370178223e+00
1.956586688756942749e-01
-1.011152863502502441e+00
-2.964921474456787109e+00
-6.305475711822509766e+00
-9.237027168273925781e+00
-1.106524944305419922e+01
-1.292694854736328125e+01
-1.225875282287597656e+01
-1.254043006896972656e+01
-1.287133884429931641e+01
-1.312316799163818359e+01
-8.586725234985351562e+00
-7.005841255187988281e+00
-8.620914459228515625e+00
-1.087255859375000000e+01
-8.287789344787597656e+00
-6.092717170715332031e+00
-9.280386924743652344e+00
-8.320746421813964844e+00
-4.589212894439697266e+00
-7.076318264007568359e-01
2.993113994598388672e+00
5.223902702331542969e+00
4.452369689941406250e+00
3.489350795745849609e+00
3.772831261157989502e-01
-3.112059831619262695e+00
-5.019387245178222656e+00
-6.116503715515136719e+00
-1.704051733016967773e+00
3.132043123245239258e+00
2.093841314315795898e+00
-1.267541408538818359e+00
-5.526864051818847656e+00
-6.858162879943847656e+00
-3.922270298004150391e+00
-1.203746438026428223e+00
-2.383319616317749023e+00
-2.278036832809448242e+00
-9.540867805480957031e-01
2.308201074600219727e+00
1.498434066772460938e+00
1.380974888801574707e+00
-8.386490345001220703e-01
-7.631203532218933105e-01
-1.487325072288513184e+00
-4.829677641391754150e-01
-2.113421440124511719e+00
-2.174677848815917969e+00
-2.661228179931640625e+00
-3.532202005386352539e+00
-5.214199066162109375e+00
-5.600150585174560547e+00
-5.784956932067871094e+00
-5.733214855194091797e+00
-4.513363838195800781e+00
-2.871644020080566406e+00
-1.948189496994018555e+00
-3.993412017822265625e+00
-2.185795068740844727e+00
-7.542208582162857056e-02
7.263330817222595215e-01
3.111484766006469727e+00
6.846888542175292969e+00
9.834989547729492188e+00
6.033399105072021484e+00
1.344294905662536621e+00
-2.813223361968994141e+00
-2.220996141433715820e+00
3.236362934112548828e+00
3.884867668151855469e+00
2.429111480712890625e+00
3.674500465393066406e+00
2.150413751602172852e+00
1.224395394325256348e+00
-1.128759980201721191e+00
-1.788750886917114258e+00
-1.025696396827697754e+00
8.884592056274414062e-01
2.237922906875610352e+00
8.761093020439147949e-01
-2.855375051498413086e+00
-4.002187252044677734e+00
-4.955246925354003906e+00
-5.158169269561767578e+00
-4.154650211334228516e+00
-9.922532081604003906e+00
-1.295682525634765625e+01
-9.354413986206054688e+00
-6.899401664733886719e+00
-7.967430114746093750e+00
-4.612137794494628906e+00
-2.164053201675415039e+00
1.165357947349548340e+00
3.221943616867065430e+00
4.165610790252685547e+00
3.601609706878662109e+00
2.076117038726806641e+00
-6.677227616310119629e-01
-1.735431909561157227e+00
-1.502411007881164551e+00
-6.044204235076904297e-01
3.560589551925659180e-01
1.803212046623229980e+00
3.360922336578369141e-01
-1.260812282562255859e+00
-2.718688249588012695e+00
-2.720142841339111328e+00
-3.085684061050415039e+00
5.700004845857620239e-02
4.150968790054321289e-01
3.406033217906951904e-01
-1.597783446311950684e+00
-2.972045421600341797e+00
-5.947548866271972656e+00
-9.000211715698242188e+00
-7.373528003692626953e+00
-6.540662288665771484e+00
-7.324203014373779297e+00
-7.111543655395507812e+00
-7.583673000335693359e+00
-6.929967403411865234e+00
-6.593810081481933594e+00
-1.099798011779785156e+01
-1.514884185791015625e+01
-1.336954975128173828e+01
-9.986870765686035156e+00
-6.674221038818359375e+00
-3.914777040481567383e+00
-4.884007453918457031e+00
-3.910906076431274414e+00
-4.341352581977844238e-01
2.982070207595825195e+00
4.529500484466552734e+00
5.627825260162353516e+00
6.234767913818359375e+00
6.734705448150634766e+00
6.989958763122558594e+00
7.411260604858398438e+00
7.233455657958984375e+00
6.589043140411376953e+00
4.129522800445556641e+00
2.621803998947143555e+00
1.648826599121093750e+00
7.986329793930053711e-01
-8.202104568481445312e-01
-1.909883379936218262e+00
-3.529366731643676758e+00
-6.399886131286621094e+00
-9.406795501708984375e+00
-7.087533950805664062e+00
-4.815997600555419922e+00
-9.158441543579101562e+00
-1.004511737823486328e+01
-1.287811946868896484e+01
-1.364925765991210938e+01
-9.794939994812011719e+00
-7.808854579925537109e+00
-2.119756221771240234e+00
1.874057531356811523e+00
4.994802474975585938e+00
2.807249069213867188e+00
-2.790667772293090820e+00
1.809867739677429199e+00
4.342379570007324219e+00
6.058197498321533203e+00
6.692304134368896484e+00
2.403820037841796875e+00
6.648057699203491211e-01
2.497269630432128906e+00
7.620518207550048828e-01
-4.778897389769554138e-02
-2.443958997726440430e+00
-5.598006248474121094e+00
-4.333858966827392578e+00
-8.966022133827209473e-01
-4.978590488433837891e+00
-7.257769107818603516e+00
-4.687863349914550781e+00
-1.989627361297607422e+00
7.429475188255310059e-01
5.593216896057128906e+00
7.582753658294677734e+00
4.536650180816650391e+00
-5.348075628280639648e-01
-4.171412467956542969e+00
-5.209837436676025391e+00
-4.324269294738769531e+00
-1.604266881942749023e+00
4.341590404510498047e+00
7.884819507598876953e+00
7.486715793609619141e+00
4.267492294311523438e+00
-5.866720676422119141e-01
-7.132914543151855469e+00
-9.121664047241210938e+00
-6.726428031921386719e+00
-5.119812965393066406e+00
-5.371790885925292969e+00
-5.128884792327880859e+00
5.860722661018371582e-01
5.417481899261474609e+00
7.711058616638183594e+00
8.510275840759277344e+00
6.045946121215820312e+00
3.032726287841796875e+00
9.281218051910400391e-01
-9.148434996604919434e-01
-6.078962087631225586e-01
-3.736184909939765930e-02
1.476618409156799316e+00
4.573945999145507812e+00
6.818022251129150391e+00
7.065119266510009766e+00
6.107942581176757812e+00
4.031389236450195312e+00
2.676034927368164062e+00
9.068238139152526855e-01
4.620066881179809570e-01
-2.008336782455444336e+00
-2.925899744033813477e+00
-6.994601726531982422e+00
-1.002554607391357422e+01
-1.016410636901855469e+01
-8.191305160522460938e+00
-5.868668079376220703e+00
-3.817283809185028076e-01
2.961364030838012695e+00
4.851953983306884766e+00
5.669583320617675781e+00
6.208984851837158203e+00
8.953982353210449219e+00
1.572045516967773438e+01
1.222437953948974609e+01
1.355383014678955078e+01
1.188819789886474609e+01
1.498343086242675781e+01
1.248902797698974609e+01
9.966128349304199219e+00
8.334788322448730469e+00
7.618396759033203125e+00
6.590153694152832031e+00
2.604844570159912109e+00
5.179877206683158875e-02
-4.126647710800170898e-01
-2.861167669296264648e+00
-1.974171102046966553e-01
-1.650807023048400879e+00
-3.591953992843627930e+00
-2.722582817077636719e+00
-1.999930977821350098e+00
-8.749268531799316406e+00
-7.451818943023681641e+00
-4.992297172546386719e+00
-6.805040836334228516e+00
-5.347285747528076172e+00
-8.236368894577026367e-01
2.315300703048706055e+00
3.293626606464385986e-01
-5.523585677146911621e-01
1.227550625801086426e+00
-3.317546129226684570e+00
-1.090016651153564453e+01
-9.899162292480468750e+00
-6.964601516723632812e+00
-2.924051046371459961e+00
-1.829793691635131836e+00
-2.922722324728965759e-02
-3.312615633010864258e+00
-7.465991497039794922e+00
-5.993523120880126953e+00
3.033318519592285156e-01
2.012568235397338867e+00
2.475331306457519531e+00
1.509403347969055176e+00
2.175236701965332031e+00
4.064347743988037109e+00
2.401034086942672729e-01
-7.159143924713134766e+00
-4.941763401031494141e+00
-4.747074604034423828e+00
-8.384885787963867188e+00
-1.045253849029541016e+01
-1.295889759063720703e+01
-5.700454235076904297e+00
-4.883736610412597656e+00
-1.516698551177978516e+01
-1.234606170654296875e+01
-5.955610275268554688e+00
-5.361929416656494141e+00
2.821645021438598633e+00
4.503076076507568359e+00
-2.781694889068603516e+00
-9.218340873718261719e+00
-9.472316741943359375e+00
-1.078827857971191406e+01
-9.765234947204589844e+00
-9.641268730163574219e+00
-7.863381862640380859e+00
-6.146824359893798828e+00
-1.424762129783630371e+00
-1.391188502311706543e-01
-1.642524480819702148e+00
-8.024841308593750000e+00
-1.152234172821044922e+01
-2.214044570922851562e+00
-1.883605241775512695e+00
-7.803727149963378906e+00
-1.120672225952148438e+01
-9.802976608276367188e+00
-1.011004734039306641e+01
-7.694230556488037109e+00
-5.312530040740966797e+00
-4.037461757659912109e+00
-5.939563274383544922e+00
-3.334357261657714844e+00
-5.269392013549804688e+00
-7.137278556823730469e+00
-3.329328536987304688e+00
2.073675692081451416e-01
-2.905365705490112305e+00
-5.587481498718261719e+00
-7.664920806884765625e+00
-6.354208469390869141e+00
-5.411132812500000000e+00
-5.999415397644042969e+00
-8.580241203308105469e+00
-6.235639095306396484e+00
-2.793823242187500000e+00
-3.792164802551269531e+00
-4.171116352081298828e+00
-2.218826532363891602e+00
-3.496853590011596680e+00
-3.327800512313842773e+00
-4.519180774688720703e+00
-4.240186691284179688e+00
-8.240360260009765625e+00
-9.729170799255371094e+00
-8.781858444213867188e+00
-7.917219161987304688e+00
-7.466680526733398438e+00
-5.920287609100341797e+00
-1.351274490356445312e+01
-1.163440608978271484e+01
-7.443389415740966797e+00
-1.111186313629150391e+01
-1.320416831970214844e+01
-9.883042335510253906e+00
-1.078335094451904297e+01
-9.137343406677246094e+00
-8.890344619750976562e+00
-5.167190074920654297e+00
-3.344094753265380859e+00
-6.985480785369873047e+00
-4.706179618835449219e+00
2.969818353652954102e+00
4.658076286315917969e+00
2.840404033660888672e+00
5.729335546493530273e-01
1.293983310461044312e-01
1.722013950347900391e+00
-9.299789071083068848e-01
-3.234423637390136719e+00
-2.515346288681030273e+00
-2.331824779510498047e+00
-9.975210428237915039e-01
7.092505097389221191e-01
2.507820367813110352e+00
3.585537195205688477e+00
2.375718593597412109e+00
-2.378685623407363892e-01
-2.056257009506225586e+00
-6.796238422393798828e+00
-9.092624664306640625e+00
-1.090990543365478516e+01
-1.107666301727294922e+01
-1.334519577026367188e+01
-1.481002330780029297e+01
-1.496613407135009766e+01
-1.583059787750244141e+01
-1.204155540466308594e+01
-8.383087158203125000e+00
-4.609055995941162109e+00
-1.069968581199645996e+00
-1.417145133018493652e+00
-3.215813636779785156e+00
-3.446590662002563477e+00
-1.876653790473937988e+00
-7.429062724113464355e-01
-2.616856813430786133e+00
-9.137636184692382812e+00
-1.150282001495361328e+01
-1.233916091918945312e+01
-1.011901855468750000e+01
-1.067735099792480469e+01
-9.649132728576660156e+00
-7.988729000091552734e+00
-4.581423759460449219e+00
-2.411075592041015625e+00
-1.349036693572998047e-01
1.649934425950050354e-02
-9.147694706916809082e-01
-1.863071799278259277e+00
-1.877787947654724121e+00
-3.737343311309814453e+00
-4.133278369903564453e+00
-5.248660564422607422e+00
-2.925111293792724609e+00
-2.894740581512451172e+00
-1.540175199508666992e+00
-9.213511347770690918e-01
-2.220330476760864258e+00
-5.861593246459960938e+00
-5.266729354858398438e+00
-6.022685050964355469e+00
-5.220016956329345703e+00
-5.703633785247802734e+00
-5.313590526580810547e+00
-3.641452789306640625e+00
-1.693673610687255859e+00
-3.310841798782348633e+00
-4.996537208557128906e+00
-6.650308132171630859e+00
-4.762578487396240234e+00
-4.013772487640380859e+00
-2.823995590209960938e+00
-2.152788162231445312e+00
-1.992979645729064941e+00
-3.841170549392700195e+00
-5.311741828918457031e+00
-1.513922810554504395e+00
2.788687229156494141e+00
6.866955757141113281e-01
-6.004515290260314941e-01
-1.528959631919860840e+00
3.102340698242187500e-01
1.235118389129638672e+00
1.610618829727172852e+00
2.082279920578002930e+00
7.222411632537841797e-01
6.164661645889282227e-01
1.444031000137329102e+00
1.478615164756774902e+00
6.764408349990844727e-01
-4.097313880920410156e-01
3.592389822006225586e-01
2.037415504455566406e+00
5.115221023559570312e+00
9.976483345031738281e+00
1.016491317749023438e+01
8.379530906677246094e+00
6.223108291625976562e+00
2.672879934310913086e+00
-2.681145668029785156e-01
6.315030455589294434e-01
4.272446155548095703e+00
6.849847316741943359e+00
7.107467174530029297e+00
4.009031772613525391e+00
-4.162636995315551758e-01
-3.993313074111938477e+00
-2.408757805824279785e-01
5.757314205169677734e+00
6.123397350311279297e+00
5.854486942291259766e+00
6.797884941101074219e+00
4.607544898986816406e+00
3.203628063201904297e+00
2.028074264526367188e-01
-3.154532909393310547e+00
-6.857421875000000000e+00
-5.648614883422851562e+00
-3.399040460586547852e+00
-4.630995690822601318e-01
5.223262310028076172e-01
-1.092917546629905701e-01
-1.713813424110412598e+00
-1.069056510925292969e+00
1.011243104934692383e+00
2.748951196670532227e+00
6.519012451171875000e+00
3.532094478607177734e+00
1.694725871086120605e+00
2.178835630416870117e+00
1.244091153144836426e+00
2.992570877075195312e+00
5.561910629272460938e+00
5.486454486846923828e+00
4.176407814025878906e+00
2.596241235733032227e+00
3.974718153476715088e-01
-1.034891009330749512e+00
-2.178942203521728516e+00
-2.882860422134399414e+00
-5.190436840057373047e+00
-3.921259880065917969e+00
-4.720870494842529297e+00
-3.309239387512207031e+00
-4.817500591278076172e+00
-3.488348722457885742e+00
-2.807380437850952148e+00
-1.712876558303833008e-01
1.094339728355407715e+00
-9.918498992919921875e-02
-3.946600437164306641e+00
-4.699868202209472656e+00
-4.549993991851806641e+00
-2.849902153015136719e+00
-2.273353099822998047e+00
1.149532079696655273e+00
2.334947109222412109e+00
3.676202148199081421e-02
-8.396667480468750000e+00
-1.009769725799560547e+01
-6.635271549224853516e+00
-6.329459667205810547e+00
-9.525093078613281250e+00
-8.568506240844726562e+00
-5.865660667419433594e+00
-4.892881393432617188e+00
-9.907641410827636719e+00
-1.243588924407958984e+01
-1.049402713775634766e+01
-5.198842525482177734e+00
-4.318427145481109619e-01
4.762817859649658203e+00
5.011909484863281250e+00
3.085650444030761719e+00
-1.037824273109436035e+00
-5.456070423126220703e+00
-5.840394973754882812e+00
-5.188908100128173828e+00
-7.234474658966064453e+00
-5.240649700164794922e+00
-8.641892433166503906e+00
-1.285768508911132812e+01
-1.239534187316894531e+01
-5.449930667877197266e+00
2.666248559951782227e+00
4.315485954284667969e+00
4.080468654632568359e+00
3.588150262832641602e+00
4.920332908630371094e+00
4.875124931335449219e+00
2.840649843215942383e+00
-6.601303219795227051e-01
-2.866245746612548828e+00
-4.298116207122802734e+00
-5.855554580688476562e+00
-5.009871482849121094e+00
-3.730218887329101562e+00
-2.443860530853271484e+00
-3.211474657058715820e+00
-2.692780971527099609e+00
-3.028075933456420898e+00
-4.077716350555419922e+00
-1.069122695922851562e+01
-8.812817573547363281e+00
-3.813266515731811523e+00
-3.527961254119873047e+00
-1.164431476593017578e+01
-1.395682048797607422e+01
-1.135499286651611328e+01
-7.144575595855712891e+00
-4.193770408630371094e+00
-4.378057479858398438e+00
-7.540904998779296875e+00
-9.330773353576660156e+00
-1.110885906219482422e+01
-1.337558937072753906e+01
-1.425489711761474609e+01
-1.660814285278320312e+01
-1.057137966156005859e+01
-6.165188789367675781e+00
-3.071263313293457031e+00
5.028277635574340820e-01
1.168291211128234863e+00
2.104317188262939453e+00
6.020213365554809570e-01
-1.961648583412170410e+00
-4.641151428222656250e+00
-3.775130987167358398e+00
-5.626304626464843750e+00
-7.500700950622558594e+00
-9.626924514770507812e+00
-9.863492012023925781e+00
-6.247915744781494141e+00
-4.336373805999755859e+00
-4.992888450622558594e+00
-4.280269145965576172e+00
-3.370519638061523438e+00
-6.043456867337226868e-02
1.313457608222961426e+00
-4.753755629062652588e-01
-2.413269042968750000e+00
-2.921265363693237305e+00
-4.434359550476074219e+00
-4.033863067626953125e+00
-3.917857885360717773e+00
-5.421879768371582031e+00
-5.434696674346923828e+00
-3.450214862823486328e+00
-1.339496731758117676e+00
-1.888560533523559570e+00
-4.355378627777099609e+00
-1.231182336807250977e+00
-1.411377072334289551e+00
-9.187133312225341797e-01
-1.564185023307800293e+00
9.787037968635559082e-02
1.347474753856658936e-01
1.912734031677246094e+00
3.766027688980102539e+00
4.095653533935546875e+00
4.801297187805175781e+00
6.610467433929443359e+00
6.524657726287841797e+00
9.039298057556152344e+00
8.932782173156738281e+00
8.995468139648437500e+00
1.006436061859130859e+01
8.690692901611328125e+00
6.481618404388427734e+00
6.950962543487548828e+00
6.197890758514404297e+00
4.344721794128417969e+00
3.008544206619262695e+00
3.159577846527099609e+00
2.632674217224121094e+00
2.785655498504638672e+00
1.561539411544799805e+00
9.049997329711914062e-01
8.804970979690551758e-01
7.224878668785095215e-01
2.215909510850906372e-01
-4.167812466621398926e-01
-5.191546678543090820e-01
-1.353695273399353027e+00
-2.263074874877929688e+00
-3.259888410568237305e+00
-4.206194400787353516e+00
-5.564900875091552734e+00
-5.887846946716308594e+00
-4.877548694610595703e+00
-4.174420356750488281e+00
-2.356943130493164062e+00
-1.459494709968566895e+00
1.567578554153442383e+00
4.392295837402343750e+00
3.950610160827636719e+00
3.399056673049926758e+00
1.824090957641601562e+00
2.634277343750000000e+00
1.150986552238464355e+00
6.912557482719421387e-01
9.852615594863891602e-01
2.126329898834228516e+00
2.211965799331665039e+00
6.891357898712158203e-01
1.377153873443603516e+00
9.174234271049499512e-01
2.933410167694091797e+00
5.207140922546386719e+00
7.437464237213134766e+00
8.997540473937988281e+00
7.037337303161621094e+00
5.059830665588378906e+00
3.702823638916015625e+00
4.908970355987548828e+00
4.098216533660888672e+00
3.927808523178100586e+00
4.179957389831542969e+00
5.323244094848632812e+00
4.790794849395751953e+00
4.651816844940185547e+00
2.615788936614990234e+00
1.602878093719482422e+00
-1.043839216232299805e+00
-1.570397496223449707e+00
-2.616758584976196289e+00
-5.212572574615478516e+00
-6.659379959106445312e+00
-6.995760917663574219e+00
-6.430155754089355469e+00
-9.268161773681640625e+00
-8.376504898071289062e+00
-5.938651561737060547e+00
-7.168385982513427734e+00
-1.205107212066650391e+01
-6.453573226928710938e+00
-2.947345495223999023e+00
-2.719008922576904297e+00
-5.116189479827880859e+00
-4.065932750701904297e+00
-4.007782459259033203e+00
-2.425964355468750000e+00
-3.975638628005981445e+00
-2.003726959228515625e+00
-2.526537895202636719e+00
-1.999018669128417969e+00
-2.719994783401489258e+00
6.390461921691894531e-01
3.287291526794433594e+00
4.144731521606445312e+00
5.893285751342773438e+00
5.158530712127685547e+00
5.311511516571044922e+00
5.566570281982421875e+00
5.905834197998046875e+00
3.954282999038696289e+00
2.342095136642456055e+00
1.370128750801086426e+00
3.126078367233276367e+00
4.285362243652343750e+00
4.303358078002929688e+00
5.092539787292480469e+00
4.870391845703125000e+00
4.023969650268554688e+00
3.189847707748413086e+00
2.952760219573974609e+00
1.607241392135620117e+00
1.595951169729232788e-01
-8.658876419067382812e-01
-6.535732746124267578e-01
-5.435831546783447266e-01
-8.436774015426635742e-01
-2.619051218032836914e+00
-1.914418578147888184e+00
-1.456240892410278320e+00
-1.255364418029785156e+00
-2.040283441543579102e+00
-1.705727696418762207e+00
-4.670681476593017578e+00
-4.979823589324951172e+00
-3.425514459609985352e+00
-3.929320812225341797e+00
-5.075443267822265625e+00
-4.708125591278076172e+00
-3.076563358306884766e+00
-1.179909586906433105e+00
-1.376176476478576660e+00
-2.457048654556274414e+00
-4.353110790252685547e+00
-4.406109333038330078e+00
-4.437045574188232422e+00
-1.409922599792480469e+00
-7.580912113189697266e-01
-5.824077501893043518e-02
-4.028045833110809326e-01
7.425286173820495605e-01
1.455616474151611328e+00
6.554879546165466309e-01
-1.907122135162353516e+00
-1.810393810272216797e+00
-5.706984996795654297e-01
-4.236588776111602783e-01
3.267988860607147217e-01
1.152983069419860840e+00
1.202160477638244629e+00
2.221406936645507812e+00
2.994838953018188477e+00
4.075908660888671875e+00
5.922522068023681641e+00
6.384767055511474609e+00
7.923619270324707031e+00
