5.800354003906250000e+00
5.448123455047607422e+00
7.101478099822998047e+00
7.992270469665527344e+00
4.458654880523681641e+00
2.764899492263793945e+00
3.080844163894653320e+00
2.522339105606079102e+00
1.807698488235473633e+00
2.382522583007812500e+00
3.251152992248535156e+00
3.299665927886962891e+00
2.625969886779785156e+00
1.452116370201110840e+00
1.535236954689025879e+00
1.472773194313049316e+00
1.002196431159973145e+00
2.936194837093353271e-01
-3.753686845302581787e-01
-9.613097906112670898e-01
-1.384754538536071777e+00
-9.000287055969238281e-01
-9.704051539301872253e-03
-2.617177486419677734e+00
-2.089486122131347656e+00
-1.552352905273437500e+00
-2.193708181381225586e+00
-2.116084098815917969e+00
-9.958445429801940918e-01
-4.029524698853492737e-02
4.725323319435119629e-01
3.520903289318084717e-01
1.233195543289184570e+00
-9.787867963314056396e-02
1.459313750267028809e+00
2.504911422729492188e+00
3.021289110183715820e+00
2.947805881500244141e+00
3.189232349395751953e+00
4.434153556823730469e+00
4.588144779205322266e+00
5.581088542938232422e+00
6.200529098510742188e+00
8.192975044250488281e+00
9.147462844848632812e+00
6.648821353912353516e+00
5.741759300231933594e+00
3.124869823455810547e+00
1.674610733985900879e+00
1.637832164764404297e+00
1.055416584014892578e+00
2.013209342956542969e+00
1.358197689056396484e+00
1.685185909271240234e+00
3.308416604995727539e-01
3.339969515800476074e-01
-5.829499959945678711e-01
1.313482046127319336e+00
1.795767784118652344e+00
2.490614175796508789e+00
2.361790657043457031e+00
2.046708822250366211e+00
1.807526111602783203e+00
-6.829820573329925537e-02
1.283778190612792969e+00
2.751564085483551025e-01
1.971500754356384277e+00
1.671504616737365723e+00
2.811611890792846680e+00
1.908370733261108398e+00
3.422302007675170898e+00
2.705122232437133789e+00
2.603044986724853516e+00
3.765683770179748535e-01
-8.094874620437622070e-01
-1.008958816528320312e+00
-1.216268897056579590e+00
4.021306708455085754e-02
-5.627611875534057617e-01
-2.918677330017089844e+00
-3.688609004020690918e-01
6.508042812347412109e-01
1.679935336112976074e+00
2.419473171234130859e+00
3.016727924346923828e+00
3.099677324295043945e+00
2.543588399887084961e+00
2.658138990402221680e+00
2.075155735015869141e+00
-1.144289493560791016e+00
-3.030442595481872559e-01
-6.528335809707641602e-01
-3.779076337814331055e-01
1.856988994404673576e-03
1.437449157238006592e-01
-8.453044295310974121e-01
-9.985066205263137817e-02
2.407739639282226562e+00
2.513736724853515625e+00
3.322246313095092773e+00
2.796994209289550781e+00
2.797167062759399414e+00
2.569397211074829102e+00
2.538657426834106445e+00
1.939332008361816406e+00
2.850140810012817383e+00
2.951922178268432617e+00
4.615357875823974609e+00
4.504974365234375000e+00
3.923716545104980469e+00
4.591619014739990234e+00
7.070837020874023438e+00
7.534783840179443359e+00
8.656870841979980469e+00
9.006760597229003906e+00
6.733052730560302734e+00
4.524422883987426758e-01
-3.638815641403198242e+00
-2.616240739822387695e+00
1.897376894950866699e+00
4.894451618194580078e+00
4.104724407196044922e+00
2.645961523056030273e+00
1.771906256675720215e+00
4.342749416828155518e-01
-1.469083875417709351e-01
-4.634446799755096436e-01
4.039549231529235840e-01
6.395637392997741699e-01
1.877459049224853516e+00
2.266418218612670898e+00
1.175365686416625977e+00
-5.812737941741943359e-01
-2.282942295074462891e+00
-2.777947902679443359e+00
-1.981073021888732910e+00
-5.143231153488159180e-01
3.200448751449584961e+00
3.299592494964599609e+00
2.632600784301757812e+00
2.199172258377075195e+00
-5.554894208908081055e-01
-3.226882457733154297e+00
-5.828117847442626953e+00
-5.980015277862548828e+00
-2.594474554061889648e+00
1.708899617195129395e+00
5.855670452117919922e+00
5.372398376464843750e+00
5.134939670562744141e+00
2.378651857376098633e+00
1.971328020095825195e+00
-4.727375507354736328e-01
-2.564622640609741211e+00
-2.925431728363037109e+00
-6.014058113098144531e+00
-4.979108810424804688e+00
-4.119326114654541016e+00
-2.015855312347412109e+00
-1.134626507759094238e+00
-1.173204421997070312e+00
-2.243279933929443359e+00
-2.397542476654052734e+00
-1.311592340469360352e+00
-1.488212704658508301e+00
-1.494498014450073242e+00
-3.164319038391113281e+00
-3.948596000671386719e+00
-3.180489540100097656e+00
-2.953162908554077148e+00
-8.121249675750732422e-01
-3.321711540222167969e+00
-1.358008861541748047e+00
2.515164390206336975e-02
3.286182641983032227e+00
4.543527603149414062e+00
6.765663623809814453e+00
5.630958080291748047e+00
2.739411354064941406e+00
-2.844850063323974609e+00
-9.783428907394409180e-01
-4.123197123408317566e-02
1.953259468078613281e+00
1.373555064201354980e+00
2.691120386123657227e+00
3.295771598815917969e+00
3.758139371871948242e+00
4.975181102752685547e+00
5.170092105865478516e+00
4.961006164550781250e+00
5.050635814666748047e+00
4.977300643920898438e+00
5.213550567626953125e+00
3.949328184127807617e+00
3.364077568054199219e+00
3.797777652740478516e+00
3.568996667861938477e+00
3.314431667327880859e+00
3.526228427886962891e+00
4.927555561065673828e+00
5.723766326904296875e+00
6.487435340881347656e+00
5.559099674224853516e+00
5.185794830322265625e+00
4.015465259552001953e+00
3.518734216690063477e+00
2.573538064956665039e+00
2.819031715393066406e+00
2.046585798263549805e+00
1.822661280632019043e+00
1.487120032310485840e+00
1.877631783485412598e+00
2.233953475952148438e+00
2.339852333068847656e+00
2.380771875381469727e+00
2.489332199096679688e+00
3.188369750976562500e+00
2.648327827453613281e+00
2.228432178497314453e+00
2.341035366058349609e+00
2.700832605361938477e+00
8.400210142135620117e-01
-1.000873446464538574e+00
-2.055468320846557617e+00
-2.582642555236816406e+00
2.124579906463623047e+00
3.578807830810546875e+00
4.770953178405761719e+00
2.957024812698364258e+00
2.906959772109985352e+00
1.561415910720825195e+00
1.139647126197814941e+00
1.102692075073719025e-02
1.041686415672302246e+00
2.210979700088500977e+00
3.114590883255004883e+00
3.606292486190795898e+00
3.815328598022460938e+00
4.478966712951660156e+00
4.197977066040039062e+00
4.707871913909912109e+00
2.110627889633178711e+00
2.326812267303466797e+00
1.439272999763488770e+00
3.425210714340209961e+00
4.439107894897460938e+00
4.770163536071777344e+00
6.890790462493896484e+00
6.900479316711425781e+00
7.240283012390136719e+00
6.394282817840576172e+00
5.314716339111328125e+00
2.284339189529418945e+00
1.318337917327880859e+00
-1.403538465499877930e+00
-3.172798633575439453e+00
-4.409363269805908203e+00
-5.454861640930175781e+00
-6.471371650695800781e+00
-7.451792716979980469e+00
-7.507897853851318359e+00
-8.299250602722167969e+00
-7.589761257171630859e+00
-6.491018295288085938e+00
-4.067954540252685547e+00
-5.613956928253173828e+00
-4.654240608215332031e+00
-2.874874114990234375e+00
-3.002586960792541504e-01
-8.400046229362487793e-01
-2.221316337585449219e+00
-4.346429824829101562e+00
-2.265415668487548828e+00
-2.556808948516845703e+00
-3.254267930984497070e+00
-3.141837358474731445e+00
-1.276391386985778809e+00
-3.026301383972167969e+00
-2.001360416412353516e+00
-9.714161157608032227e-01
1.315380454063415527e+00
2.185713052749633789e+00
1.363177061080932617e+00
-6.804422736167907715e-01
-2.838439702987670898e+00
-2.171497821807861328e+00
1.634455323219299316e+00
1.141718029975891113e+00
1.960999846458435059e+00
2.052945375442504883e+00
2.941100597381591797e+00
-5.330328345298767090e-01
-4.288896560668945312e+00
-7.960282564163208008e-01
5.128111362457275391e+00
5.843614578247070312e+00
4.394762039184570312e+00
5.258167266845703125e+00
6.887733459472656250e+00
5.402915477752685547e+00
1.676065564155578613e+00
2.155195713043212891e+00
4.240153312683105469e+00
5.793549537658691406e+00
5.786426544189453125e+00
5.256762981414794922e+00
5.474008083343505859e+00
5.308849811553955078e+00
3.611493587493896484e+00
3.118338346481323242e+00
1.358887910842895508e+00
-3.366427183151245117e+00
-5.410687923431396484e+00
-4.001324653625488281e+00
1.994301974773406982e-01
2.370369434356689453e+00
3.275384902954101562e+00
9.559766054153442383e-01
-4.076877593994140625e+00
-3.213916063308715820e+00
1.797986507415771484e+00
5.278676509857177734e+00
5.926736831665039062e+00
5.985059738159179688e+00
4.921221733093261719e+00
3.967816352844238281e+00
3.376501798629760742e+00
3.634788274765014648e+00
3.422548055648803711e+00
3.792600393295288086e+00
3.479959011077880859e+00
4.344917774200439453e+00
4.436150074005126953e+00
4.901599884033203125e+00
5.344937324523925781e+00
5.664702415466308594e+00
5.968986988067626953e+00
5.960065364837646484e+00
6.679191589355468750e+00
7.507200717926025391e+00
7.179423332214355469e+00
6.951604366302490234e+00
5.835038185119628906e+00
4.365896701812744141e+00
4.835264682769775391e+00
6.156676292419433594e+00
8.340383529663085938e+00
9.686517715454101562e+00
9.774251937866210938e+00
8.932660102844238281e+00
7.681650638580322266e+00
1.784847497940063477e+00
-2.865703344345092773e+00
-2.738827943801879883e+00
-1.101890802383422852e+00
5.217099189758300781e-01
3.178656816482543945e+00
1.927647471427917480e+00
5.475189089775085449e-01
7.517477869987487793e-01
1.588950395584106445e+00
2.299869537353515625e+00
2.188695907592773438e+00
2.536340713500976562e+00
4.203474521636962891e+00
6.268934249877929688e+00
6.440278530120849609e+00
6.456621170043945312e+00
5.826706409454345703e+00
5.304090976715087891e+00
5.061951160430908203e+00
4.930441379547119141e+00
4.308929443359375000e+00
2.860913038253784180e+00
1.581604719161987305e+00
1.487045645713806152e+00
1.404022932052612305e+00
1.054233431816101074e+00
1.585105210542678833e-01
-2.070431232452392578e+00
-3.376263856887817383e+00
-4.331960678100585938e+00
-1.805931568145751953e+00
1.414179086685180664e+00
4.178084850311279297e+00
3.781532526016235352e+00
9.831168651580810547e-01
-2.793724298477172852e+00
-6.703333377838134766e+00
-9.347066879272460938e+00
-8.534538269042968750e+00
-8.345617294311523438e+00
-9.742631912231445312e+00
-9.838791847229003906e+00
-8.619509696960449219e+00
-7.064239978790283203e+00
-6.341933250427246094e+00
-5.373293876647949219e+00
-1.448426604270935059e+00
1.180887341499328613e+00
8.646960854530334473e-01
5.079796314239501953e-01
4.461316466331481934e-01
5.152270197868347168e-01
2.988700866699218750e-01
-2.976778268814086914e+00
-1.308017611503601074e+00
-8.444910049438476562e-01
1.107675433158874512e+00
4.751453399658203125e-01
1.067766427993774414e+00
1.209777712821960449e+00
2.260921239852905273e+00
2.213370800018310547e+00
2.149920463562011719e+00
5.164594650268554688e-01
3.045890927314758301e-01
-9.256895780563354492e-01
-8.475724458694458008e-01
-2.934872627258300781e+00
-2.278480768203735352e+00
-3.302065610885620117e+00
-2.785811901092529297e+00
-3.425860166549682617e+00
-1.769893169403076172e+00
-3.605044126510620117e+00
-5.364986419677734375e+00
-3.266642570495605469e+00
6.647563576698303223e-01
2.577063083648681641e+00
3.411825656890869141e+00
2.744267463684082031e+00
1.365642428398132324e+00
1.027093172073364258e+00
4.529599547386169434e-01
8.473175764083862305e-02
-3.134713470935821533e-01
-2.925924360752105713e-01
1.752432346343994141e+00
4.375313282012939453e+00
6.618945598602294922e+00
7.357251167297363281e+00
7.852824211120605469e+00
8.167240142822265625e+00
8.301634788513183594e+00
7.506756305694580078e+00
6.511347293853759766e+00
5.673626899719238281e+00
4.798511028289794922e+00
3.173209667205810547e+00
2.665632486343383789e+00
2.123544692993164062e+00
2.519997835159301758e+00
1.858675599098205566e+00
2.582535505294799805e+00
3.802706956863403320e+00
4.245454311370849609e+00
2.657398939132690430e+00
1.325240373611450195e+00
1.010675907135009766e+00
2.136781662702560425e-01
1.326004385948181152e+00
1.781544327735900879e+00
7.439336180686950684e-01
3.393288373947143555e+00
3.762034416198730469e+00
5.473711490631103516e+00
5.464221477508544922e+00
4.378714561462402344e+00
3.625692367553710938e+00
5.758226394653320312e+00
5.616166114807128906e+00
5.149410247802734375e+00
4.646516799926757812e+00
4.075316429138183594e+00
4.095653533935546875e+00
4.075341224670410156e+00
3.268507957458496094e+00
3.412368059158325195e+00
2.897765159606933594e+00
5.251142978668212891e+00
6.593384265899658203e+00
6.430196762084960938e+00
5.632139682769775391e+00
5.051498889923095703e+00
4.531940460205078125e+00
3.613614320755004883e+00
3.050474405288696289e+00
4.177123069763183594e+00
4.379577159881591797e+00
4.347013473510742188e+00
2.952292203903198242e+00
3.912303447723388672e+00
4.533148288726806641e+00
5.429586887359619141e+00
3.061000823974609375e+00
2.072838306427001953e+00
3.020006716251373291e-01
-1.519321799278259277e+00
-2.355784893035888672e+00
-3.691888093948364258e+00
-5.109657287597656250e+00
-5.659780979156494141e+00
-6.843445301055908203e+00
-7.433084011077880859e+00
-6.739987373352050781e+00
-6.375160217285156250e+00
-6.969828128814697266e+00
-6.873913764953613281e+00
-6.110366344451904297e+00
-3.630433559417724609e+00
-2.935168981552124023e+00
-1.372453719377517700e-01
4.194599092006683350e-01
1.440777063369750977e+00
2.025066137313842773e+00
2.978692770004272461e+00
2.498428344726562500e+00
4.749259948730468750e+00
6.199247360229492188e+00
6.909131050109863281e+00
6.743577957153320312e+00
6.362260818481445312e+00
6.958653450012207031e+00
7.360949039459228516e+00
8.464943885803222656e+00
8.269069671630859375e+00
8.707405090332031250e+00
7.387866020202636719e+00
5.918724536895751953e+00
3.976369857788085938e+00
2.556751489639282227e+00
2.147701978683471680e+00
2.146493911743164062e+00
3.479515552520751953e+00
4.006764411926269531e+00
4.494398117065429688e+00
4.941065788269042969e+00
4.779160499572753906e+00
4.405682086944580078e+00
3.683349847793579102e+00
1.479132890701293945e+00
2.862909793853759766e+00
1.636008262634277344e+00
-3.614854574203491211e+00
-6.410828590393066406e+00
-5.759985446929931641e-01
5.901815414428710938e+00
7.680541515350341797e+00
5.624917507171630859e+00
3.495366096496582031e+00
8.308264017105102539e-01
-1.548704743385314941e+00
-2.882317781448364258e+00
-3.461282491683959961e+00
-4.897071838378906250e+00
-2.606800317764282227e+00
7.770885825157165527e-01
2.689000606536865234e+00
3.827357292175292969e+00
5.289472579956054688e+00
5.680824279785156250e+00
5.955553531646728516e+00
7.424202442169189453e+00
8.130362510681152344e+00
8.231232643127441406e+00
7.814515590667724609e+00
7.858938217163085938e+00
7.078675746917724609e+00
6.104933738708496094e+00
7.563155651092529297e+00
9.692114830017089844e+00
9.693151473999023438e+00
8.512197494506835938e+00
7.330503940582275391e+00
8.265323638916015625e+00
9.839994430541992188e+00
7.596928596496582031e+00
4.916316032409667969e+00
5.571549892425537109e+00
7.071723461151123047e+00
6.847847938537597656e+00
5.235834121704101562e+00
4.240696430206298828e+00
7.124302387237548828e-01
-3.351095199584960938e+00
-5.813180446624755859e+00
-4.010740756988525391e+00
-5.941166877746582031e-01
2.354937940835952759e-01
-1.864723563194274902e-01
-2.279220104217529297e+00
-5.407385349273681641e+00
-5.328724861145019531e+00
-1.962930321693420410e+00
-2.054038643836975098e-01
-2.761260271072387695e-01
-1.638259768486022949e+00
-4.212234020233154297e+00
-1.959405779838562012e+00
7.895124554634094238e-01
1.191881656646728516e+00
1.479354739189147949e+00
-3.021568357944488525e-01
-1.077043175697326660e+00
-4.647511243820190430e-01
3.797481954097747803e-01
4.027225077152252197e-01
4.109901428222656250e+00
2.127981424331665039e+00
1.176647424697875977e+00
2.116839647293090820e+00
2.329868793487548828e+00
8.453703522682189941e-01
1.447555422782897949e-01
9.260264635086059570e-01
7.875156998634338379e-01
-5.539610981941223145e-01
2.211472094058990479e-01
6.519874930381774902e-01
2.550318241119384766e+00
3.356362819671630859e+00
5.205760955810546875e+00
5.532058238983154297e+00
5.460178375244140625e+00
5.052558422088623047e+00
6.624442100524902344e+00
6.241029262542724609e+00
2.551894903182983398e+00
-1.149145603179931641e+00
-4.683278560638427734e+00
-3.925376415252685547e+00
-3.297357082366943359e+00
-6.850026845932006836e-01
-1.107486367225646973e+00
-3.123917341232299805e+00
-2.100257396697998047e+00
-1.113525509834289551e+00
-1.115374684333801270e+00
-1.537020325660705566e+00
-1.601259350776672363e+00
7.558646202087402344e-01
2.589561223983764648e+00
4.060378551483154297e+00
4.080567359924316406e+00
5.346193313598632812e+00
3.905870199203491211e+00
3.311868190765380859e+00
1.615277290344238281e+00
2.034680128097534180e+00
2.647785186767578125e+00
4.939117431640625000e+00
5.190600872039794922e+00
4.320045948028564453e+00
4.452370166778564453e+00
3.450747728347778320e+00
2.528082370758056641e+00
2.162073135375976562e+00
1.816745281219482422e+00
1.703106760978698730e+00
2.553275585174560547e+00
3.677089214324951172e+00
3.888368368148803711e+00
3.355425119400024414e+00
3.328285694122314453e+00
1.846991419792175293e+00
2.028172492980957031e+00
1.465057283639907837e-01
-1.635721325874328613e-01
-9.502415657043457031e-01
1.535631656646728516e+00
3.201409339904785156e+00
3.606391191482543945e+00
4.904878139495849609e+00
4.565318107604980469e+00
3.883857011795043945e+00
3.491644144058227539e+00
1.666106224060058594e+00
-2.521385669708251953e+00
-4.958156585693359375e+00
-3.532917499542236328e+00
-1.022420004010200500e-01
5.287353396415710449e-01
9.562970995903015137e-01
-3.963215351104736328e-01
-1.084142565727233887e+00
6.957174837589263916e-02
1.106837391853332520e+00
1.878297328948974609e+00
-2.560605108737945557e-01
6.079616397619247437e-02
1.371139407157897949e+00
-2.276065111160278320e+00
-5.400900840759277344e+00
-7.468253374099731445e-02
3.357866287231445312e+00
4.422395229339599609e+00
4.938747882843017578e+00
5.607415676116943359e+00
4.782463073730468750e+00
-7.243941426277160645e-01
-5.792894363403320312e+00
-7.092267513275146484e+00
-4.548761844635009766e+00
-2.280403852462768555e+00
2.087136030197143555e+00
1.898831009864807129e+00
3.618469953536987305e+00
5.703774929046630859e+00
6.338028907775878906e+00
7.906931877136230469e+00
7.840374946594238281e+00
7.244821071624755859e+00
5.456923961639404297e+00
3.556375503540039062e+00
2.160249233245849609e+00
2.629740715026855469e+00
2.825441122055053711e+00
6.095888018608093262e-01
-6.129742860794067383e-01
1.110313177108764648e+00
4.161372184753417969e+00
4.228494167327880859e+00
4.985090255737304688e+00
4.877810955047607422e+00
4.444383621215820312e+00
1.820147156715393066e+00
1.663197755813598633e+00
2.781390547752380371e-01
2.455757856369018555e-01
-2.904723584651947021e-01
-6.032125353813171387e-01
-3.317422628402709961e+00
-3.175090789794921875e+00
-2.697636604309082031e+00
-3.697532892227172852e+00
-2.811472415924072266e+00
-3.346262931823730469e+00
-4.918616771697998047e+00
-3.773504495620727539e+00
-2.970542430877685547e+00
-1.049902915954589844e+00
1.114059805870056152e+00
2.101556539535522461e+00
3.507296323776245117e+00
7.724542021751403809e-01
-1.794173479080200195e+00
-2.269089221954345703e+00
-1.442091584205627441e+00
-1.020076394081115723e+00
-6.074770092964172363e-01
-6.132452487945556641e-01
-4.682514667510986328e-01
1.809842944145202637e+00
2.176222324371337891e+00
2.551525354385375977e+00
2.225030422210693359e+00
2.561903238296508789e+00
1.755020380020141602e+00
1.050609827041625977e+00
2.295037508010864258e-01
-6.804177761077880859e-01
-8.524286746978759766e-01
-1.209218859672546387e+00
-1.654381513595581055e+00
-1.217970013618469238e+00
2.399062216281890869e-01
1.718464016914367676e+00
3.320791482925415039e+00
4.005507469177246094e+00
3.578881263732910156e+00
1.255652189254760742e+00
1.182736039161682129e+00
-8.867171406745910645e-01
2.212704718112945557e-01
-2.024704664945602417e-01
1.661965250968933105e+00
2.606298923492431641e+00
3.376748323440551758e+00
2.792014837265014648e+00
3.512276887893676758e+00
3.029251098632812500e+00
2.959982872009277344e+00
1.748759508132934570e+00
2.453810930252075195e+00
2.546717882156372070e+00
3.525686264038085938e+00
2.824134349822998047e+00
2.927124261856079102e+00
2.336352109909057617e+00
2.709806203842163086e+00
4.143499374389648438e+00
4.574956417083740234e+00
3.921029567718505859e+00
4.140096664428710938e+00
5.074324607849121094e+00
4.100336551666259766e+00
4.762546062469482422e+00
2.758244276046752930e+00
1.138414740562438965e+00
-2.614589035511016846e-01
-9.506847858428955078e-01
-6.932606697082519531e-01
-6.124809384346008301e-01
8.436446785926818848e-01
1.102203011512756348e+00
1.386447429656982422e+00
1.080017566680908203e+00
5.713559389114379883e-01
2.206542044878005981e-01
-1.472189784049987793e+00
-2.814110279083251953e+00
-4.094380378723144531e+00
-3.774590253829956055e+00
-3.267210006713867188e+00
-3.531116724014282227e+00
-5.223197460174560547e+00
-5.969562053680419922e+00
-5.406965732574462891e+00
-2.315185308456420898e+00
1.578178286552429199e+00
3.578068494796752930e+00
-9.429448246955871582e-01
-8.757502555847167969e+00
-1.053351593017578125e+01
-1.262439155578613281e+01
-1.429507350921630859e+01
-8.866902351379394531e+00
-6.689231872558593750e+00
-3.039168357849121094e+00
4.166153907775878906e+00
1.738110065460205078e+00
5.269112586975097656e-01
-1.669146656990051270e+00
-4.113114356994628906e+00
-4.950909137725830078e+00
-4.912527561187744141e+00
-4.767065048217773438e+00
-5.288446903228759766e+00
-7.835254669189453125e+00
-7.885518550872802734e+00
-7.870061397552490234e+00
-7.079572200775146484e+00
-6.450246334075927734e+00
-5.813747882843017578e+00
-7.229965686798095703e+00
-4.652096271514892578e+00
-3.453788518905639648e+00
-1.734346866607666016e+00
-1.097971439361572266e+00
2.711752414703369141e+00
5.731555461883544922e+00
7.773620605468750000e+00
5.093724250793457031e+00
1.494640111923217773e-01
-3.494511127471923828e+00
-2.054038524627685547e+00
-3.263019323348999023e+00
-3.180736064910888672e+00
-3.936346054077148438e+00
-4.397925376892089844e+00
-3.851326465606689453e+00
-5.335208892822265625e+00
-7.768872261047363281e+00
-8.804413795471191406e+00
-9.913755416870117188e+00
-9.953271865844726562e+00
-7.582416057586669922e+00
-5.760306358337402344e+00
-4.212701320648193359e+00
-2.530457973480224609e+00
-3.469564914703369141e+00
-7.100179195404052734e+00
-1.000713062286376953e+01
-8.057012557983398438e+00
-6.785665512084960938e+00
-6.266059398651123047e+00
-4.879816532135009766e+00
-3.397709369659423828e+00
-3.041682243347167969e+00
-1.115300655364990234e+00
2.822162389755249023e+00
5.408041477203369141e+00
2.205629825592041016e+00
-2.696428894996643066e-01
-3.566340804100036621e-01
-1.784610450267791748e-01
1.585597544908523560e-01
-6.346665620803833008e-01
-1.298108339309692383e+00
-3.928460925817489624e-02
1.661916136741638184e+00
4.183951854705810547e+00
6.221112251281738281e+00
5.284494876861572266e+00
2.658064842224121094e+00
2.162738800048828125e+00
3.910528421401977539e+00
5.818005084991455078e+00
5.351541996002197266e+00
5.522517681121826172e+00
5.581458568572998047e+00
5.598515987396240234e+00
5.350877761840820312e+00
4.858016490936279297e+00
3.379878759384155273e+00
3.029793024063110352e+00
2.008501291275024414e+00
3.554896831512451172e+00
4.012902736663818359e+00
9.369712471961975098e-01
2.362826466560363770e-01
2.274775266647338867e+00
5.818323418498039246e-02
-3.996542692184448242e+00
-6.397592544555664062e+00
-8.512378692626953125e+00
-9.593150138854980469e+00
-9.993104934692382812e+00
-9.176658630371093750e+00
-8.963161468505859375e+00
-7.245248794555664062e+00
-8.084546089172363281e+00
-7.046293258666992188e+00
-4.897294521331787109e+00
-2.139304161071777344e+00
-2.350386142730712891e+00
-5.140026092529296875e+00
-5.369522571563720703e+00
-7.510412216186523438e+00
-8.795144081115722656e+00
-1.105391311645507812e+01
-9.415570259094238281e+00
-8.235135078430175781e+00
-6.291202545166015625e+00
-6.880544662475585938e+00
-6.034985542297363281e+00
-5.198916912078857422e+00
-1.588367104530334473e+00
-8.061349391937255859e-01
-1.508721828460693359e+00
-3.918227672576904297e+00
-2.483917474746704102e+00
-5.188218593597412109e+00
-4.479640960693359375e+00
-5.642894506454467773e-01
3.225640773773193359e+00
6.888030052185058594e+00
8.439134597778320312e+00
8.184446334838867188e+00
8.077315330505371094e+00
8.051309585571289062e+00
6.602304935455322266e+00
4.911631584167480469e+00
3.541708230972290039e+00
1.467892289161682129e+00
-6.615602374076843262e-01
-5.984055995941162109e-01
1.085489869117736816e+00
3.115009784698486328e+00
2.045057773590087891e+00
9.930511116981506348e-01
5.222030878067016602e-01
-1.021678209304809570e+00
-9.884743094444274902e-01
-2.402601391077041626e-02
1.429684042930603027e+00
2.408183068037033081e-01
-2.247593879699707031e+00
-4.024519920349121094e+00
-3.670122385025024414e+00
-4.556303918361663818e-01
-1.088731363415718079e-02
8.290268778800964355e-01
2.149033308029174805e+00
1.913720369338989258e+00
1.184289097785949707e+00
-1.900219768285751343e-01
-8.997328281402587891e-01
-1.547324180603027344e+00
-1.164207220077514648e+00
3.597148180007934570e+00
7.925912857055664062e+00
9.032668113708496094e+00
6.814548492431640625e+00
3.017492532730102539e+00
7.573681473731994629e-01
-1.861445069313049316e+00
-5.564284324645996094e+00
-4.251057624816894531e+00
2.154924631118774414e+00
6.733767986297607422e+00
5.610274791717529297e+00
2.201217889785766602e+00
-3.142921924591064453e+00
-3.915466785430908203e+00
-1.401098012924194336e+00
5.623093247413635254e-01
3.934785366058349609e+00
5.372742652893066406e+00
4.205939292907714844e+00
2.493916988372802734e+00
6.996121406555175781e-01
-1.099524259567260742e+00
-3.635119795799255371e-01
1.657478690147399902e+00
4.551045894622802734e+00
4.837804317474365234e+00
2.546891212463378906e+00
-2.298990249633789062e+00
-5.793114185333251953e+00
-7.698493957519531250e+00
-4.700311660766601562e+00
-3.105379343032836914e-01
1.788372278213500977e+00
1.866982698440551758e+00
-3.582858443260192871e-01
-2.910641133785247803e-01
-2.181777238845825195e+00
-5.129403114318847656e+00
-8.657519340515136719e+00
-1.203480243682861328e+01
-9.486241340637207031e+00
-8.179794311523437500e+00
-7.027187824249267578e+00
-5.041498184204101562e+00
-3.641378879547119141e+00
-4.435837745666503906e+00
-4.055407524108886719e+00
-1.241732954978942871e+00
1.611431956291198730e+00
3.382023096084594727e+00
4.148380279541015625e+00
3.626062393188476562e+00
2.311405658721923828e+00
7.641471624374389648e-01
1.446224689483642578e+00
5.504499435424804688e+00
6.631762504577636719e+00
7.814690113067626953e+00
6.779518127441406250e+00
5.755491256713867188e+00
5.094810009002685547e+00
4.632712841033935547e+00
5.086698532104492188e-01
-1.820401906967163086e+00
-3.047919273376464844e+00
-3.853963851928710938e+00
-3.620573282241821289e+00
-3.835500955581665039e+00
-3.008381128311157227e+00
-7.102447748184204102e-01
1.167378664016723633e+00
3.674228787422180176e-01
1.974680900573730469e+00
4.859940052032470703e+00
9.251612663269042969e+00
1.013284015655517578e+01
1.010518074035644531e+01
9.509749412536621094e+00
8.054710388183593750e+00
7.082546710968017578e+00
6.615297317504882812e+00
6.219485759735107422e+00
6.040967464447021484e+00
5.181726932525634766e+00
5.425865173339843750e+00
4.708734512329101562e+00
2.257372379302978516e+00
1.868584990501403809e+00
2.537918090820312500e+00
2.736403703689575195e+00
2.115040302276611328e+00
5.277247428894042969e-01
-2.161071538925170898e+00
-4.885582447052001953e+00
-5.778620243072509766e+00
-6.924249649047851562e+00
-7.011513233184814453e+00
-9.025033950805664062e+00
-6.740406036376953125e+00
-4.692522048950195312e+00
-3.471240997314453125e+00
-6.444773674011230469e+00
-3.810801029205322266e+00
-5.476602554321289062e+00
-1.962240695953369141e+00
3.134434461593627930e+00
5.012550830841064453e+00
4.674420833587646484e+00
4.216391086578369141e+00
1.954417824745178223e+00
1.652967929840087891e+00
8.052393794059753418e-01
1.810286998748779297e+00
1.384130120277404785e+00
-6.896862983703613281e-01
-1.044036626815795898e+00
-3.201146125793457031e+00
-4.200229167938232422e+00
-4.458860874176025391e+00
-2.698819875717163086e+00
-1.541778206825256348e+00
-3.755461215972900391e+00
-3.706357240676879883e+00
-5.067775726318359375e+00
-6.033258438110351562e+00
-4.059154033660888672e+00
-4.314705371856689453e+00
-2.129123687744140625e+00
-1.319357037544250488e+00
-2.953951358795166016e+00
-2.934008836746215820e+00
6.217662096023559570e-01
4.196399211883544922e+00
7.332253932952880859e+00
8.295446395874023438e+00
7.470989227294921875e+00
5.369243621826171875e+00
4.399519443511962891e+00
1.903218984603881836e+00
4.796319007873535156e-01
5.110611915588378906e-01
-3.593458235263824463e-01
9.675871729850769043e-01
3.007312059402465820e+00
4.616738796234130859e+00
6.934939384460449219e+00
5.169622898101806641e+00
4.412904262542724609e+00
6.273494720458984375e+00
7.611889362335205078e+00
4.578925609588623047e+00
6.123979389667510986e-02
-2.705179214477539062e+00
-4.325650691986083984e+00
-3.569694995880126953e+00
1.788471192121505737e-01
4.134599685668945312e+00
4.778076171875000000e+00
4.439600944519042969e+00
3.144047498703002930e+00
3.388234615325927734e+00
2.902202606201171875e+00
3.522752761840820312e+00
4.715316295623779297e+00
5.023569107055664062e+00
4.026213169097900391e+00
2.321191310882568359e+00
-1.940892636775970459e-01
5.431313514709472656e-01
-2.070652961730957031e+00
7.178290486335754395e-01
2.932745218276977539e+00
5.199081897735595703e+00
9.556907653808593750e+00
1.109696865081787109e+01
9.112189292907714844e+00
8.962290763854980469e+00
5.513938903808593750e+00
3.147104740142822266e+00
1.848420739173889160e+00
1.747576475143432617e+00
1.211799144744873047e+00
2.532520055770874023e+00
4.427201747894287109e+00
4.466592788696289062e+00
2.444666385650634766e+00
-1.356801033020019531e+00
-3.693440437316894531e+00
-5.120208263397216797e+00
-7.084774017333984375e+00
-1.429216670989990234e+01
-9.771006584167480469e+00
-1.027421951293945312e+01
-4.134362697601318359e+00
2.946720838546752930e+00
5.017063140869140625e+00
6.067515373229980469e+00
3.745740175247192383e+00
1.621636986732482910e+00
-2.321988940238952637e-01
-2.786649167537689209e-01
-1.767033576965332031e+00
-4.451613903045654297e+00
-3.383682250976562500e+00
8.119442462921142578e-01
5.922791957855224609e+00
5.631499290466308594e+00
4.623641014099121094e+00
4.584767341613769531e+00
5.753987312316894531e+00
4.992263317108154297e+00
3.945754528045654297e+00
4.511383056640625000e+00
5.446545600891113281e+00
5.443341732025146484e+00
4.648586750030517578e+00
4.481875896453857422e+00
4.392395019531250000e+00
3.805123329162597656e+00
3.791244983673095703e+00
4.431146621704101562e+00
4.941458702087402344e+00
3.890635967254638672e+00
3.324735879898071289e+00
2.148071765899658203e+00
9.692139625549316406e-01
-1.324755191802978516e+00
-3.442523956298828125e+00
-4.727255344390869141e+00
-2.890723943710327148e+00
-1.210525274276733398e+00
-2.308899641036987305e+00
-3.310027599334716797e+00
-1.165809392929077148e+00
-8.151078969240188599e-02
5.038877725601196289e-01
1.443808555603027344e+00
2.758786201477050781e+00
4.509238719940185547e+00
6.145608425140380859e+00
7.797408103942871094e+00
8.200638771057128906e+00
8.768342018127441406e+00
5.339266777038574219e+00
1.139351248741149902e+00
-3.009316921234130859e+00
-1.016403317451477051e+00
1.357335090637207031e+00
9.647275805473327637e-01
2.191973924636840820e+00
4.244270801544189453e+00
4.858706951141357422e+00
5.581581592559814453e+00
5.749278068542480469e+00
3.348399877548217773e+00
1.232602670788764954e-01
-3.234868049621582031e+00
-3.901120424270629883e+00
-7.192174196243286133e-01
1.780681729316711426e+00
1.457637548446655273e+00
-2.261373519897460938e+00
-5.534285545349121094e+00
-4.264098167419433594e+00
1.549337267875671387e+00
8.484516143798828125e+00
8.597833633422851562e+00
3.307455539703369141e+00
1.985674977302551270e+00
2.131827116012573242e+00
3.324094533920288086e+00
6.517855644226074219e+00
8.787368774414062500e+00
8.677060127258300781e+00
6.089282035827636719e+00
3.567739725112915039e+00
1.966816902160644531e+00
-8.022646903991699219e-01
-4.526995658874511719e+00
-8.377219200134277344e+00
-9.192976951599121094e+00
-6.711688041687011719e+00
3.048847317695617676e-01
2.340246677398681641e+00
2.199960470199584961e+00
-2.049626111984252930e+00
-8.349660873413085938e+00
-5.649353981018066406e+00
-3.524388074874877930e+00
2.527515649795532227e+00
7.811090469360351562e+00
7.882083415985107422e+00
5.135532379150390625e+00
3.428463935852050781e-01
-5.005657196044921875e+00
-3.156553745269775391e+00
1.590922594070434570e+00
3.156742572784423828e+00
2.511912107467651367e+00
1.923900485038757324e+00
1.902134299278259277e+00
2.327945947647094727e+00
1.722062945365905762e+00
6.539349555969238281e-01
-7.365960478782653809e-01
-2.504180908203125000e+00
-3.208122014999389648e+00
-3.671624898910522461e+00
-4.880679130554199219e+00
-5.193370819091796875e+00
-4.173532009124755859e+00
-3.011634111404418945e+00
-2.452611207962036133e+00
-4.891451835632324219e+00
-4.482722282409667969e+00
-3.701994180679321289e+00
-2.493309259414672852e+00
-1.439034819602966309e+00
-9.198724478483200073e-02
-4.863448143005371094e-01
-3.556975424289703369e-01
-1.739597439765930176e+00
-1.200738906860351562e+00
-8.825759291648864746e-01
-1.078941464424133301e+00
2.494064807891845703e+00
5.088228225708007812e+00
4.294015407562255859e+00
3.259189844131469727e+00
6.701722145080566406e+00
5.927895069122314453e+00
4.097255229949951172e+00
2.846443653106689453e+00
4.552598476409912109e+00
4.990217685699462891e+00
4.848182201385498047e+00
5.237535953521728516e+00
2.749837875366210938e+00
1.083764672279357910e+00
-1.706960439682006836e+00
-2.667611837387084961e+00
-5.689979076385498047e+00
-7.102052211761474609e+00
-6.890305995941162109e+00
-4.012220382690429688e+00
-1.981517076492309570e+00
-4.886274337768554688e+00
-9.235694885253906250e+00
-9.261258125305175781e+00
-6.596621513366699219e+00
-6.701433181762695312e+00
-8.301420211791992188e+00
-8.460414886474609375e+00
-8.127609252929687500e+00
-6.775633811950683594e+00
-4.750918865203857422e+00
-2.923114538192749023e+00
-1.784067034721374512e+00
5.118498802185058594e-01
1.555376768112182617e+00
2.341503858566284180e+00
2.042986631393432617e+00
2.258160829544067383e+00
1.642220020294189453e+00
1.994573473930358887e+00
1.818766236305236816e+00
3.337628126144409180e+00
2.090512990951538086e+00
1.230903148651123047e+00
2.181251287460327148e+00
3.318153858184814453e+00
3.165444374084472656e+00
2.978002786636352539e+00
3.393535137176513672e+00
2.699206590652465820e+00
2.864955663681030273e-01
-1.623247027397155762e+00
-1.187230825424194336e+00
-6.007722616195678711e-01
8.599138259887695312e-01
5.034686326980590820e-01
-3.801236391067504883e+00
-5.154964923858642578e+00
-4.839587211608886719e+00
-2.304068088531494141e+00
-9.577352404594421387e-01
2.102764248847961426e-01
-1.246145367622375488e+00
-2.824881553649902344e+00
-5.967419147491455078e+00
-7.013680934906005859e+00
-5.304198265075683594e+00
-5.657710552215576172e+00
-5.414238452911376953e+00
-3.981998682022094727e+00
-4.767878532409667969e+00
-5.123289585113525391e+00
-3.656020879745483398e+00
-3.150440454483032227e+00
-4.703196048736572266e+00
-5.296433925628662109e+00
-9.280090332031250000e+00
-9.770291328430175781e+00
-7.540536403656005859e+00
-4.107887744903564453e+00
1.816252231597900391e+00
3.699890136718750000e+00
2.480088233947753906e+00
2.506193399429321289e+00
3.659365177154541016e+00
2.906886100769042969e+00
2.201784610748291016e+00
1.679220676422119141e+00
3.638978898525238037e-01
8.697245121002197266e-01
2.592666149139404297e+00
3.774187326431274414e+00
5.272095680236816406e+00
4.805141925811767578e+00
3.763438940048217773e+00
2.598410606384277344e+00
1.449429273605346680e+00
-1.347803622484207153e-01
3.520163893699645996e-01
-4.036917388439178467e-01
-1.773763179779052734e+00
-2.070998191833496094e+00
-1.221199035644531250e+00
-4.877008199691772461e-01
1.409593671560287476e-01
2.161875963211059570e+00
3.740242719650268555e+00
4.594922542572021484e+00
5.113716602325439453e+00
5.075434684753417969e+00
5.224224090576171875e+00
5.590628623962402344e+00
5.850986003875732422e+00
5.694531440734863281e+00
6.120144367218017578e+00
6.344266891479492188e+00
7.740589141845703125e+00
8.610033988952636719e+00
5.874897003173828125e+00
5.828678131103515625e+00
6.078608036041259766e+00
4.371097087860107422e+00
3.054764032363891602e+00
5.573817729949951172e+00
6.830596446990966797e+00
4.317087650299072266e+00
1.521852374076843262e+00
1.333029627799987793e+00
2.823049783706665039e+00
2.140011072158813477e+00
1.830524802207946777e+00
8.784016966819763184e-01
1.110584363341331482e-01
3.251475095748901367e-01
1.164297699928283691e+00
6.418562531471252441e-01
1.820245623588562012e+00
1.450908064842224121e+00
2.607654333114624023e+00
2.839467287063598633e+00
4.234287261962890625e+00
3.437659025192260742e+00
2.921602010726928711e+00
2.506439685821533203e+00
4.399470329284667969e+00
3.912205219268798828e+00
1.978896141052246094e+00
2.509249448776245117e-01
-1.488754510879516602e+00
-1.796860575675964355e+00
2.494213432073593140e-01
1.559370398521423340e+00
1.705596208572387695e+00
