1.630437493324279785e+00
5.201324820518493652e-01
-4.357621669769287109e-01
-8.386242389678955078e-01
1.105432152748107910e+00
3.950659513473510742e+00
4.391508579254150391e+00
5.733157157897949219e+00
5.146747589111328125e+00
4.516559600830078125e+00
3.887307643890380859e+00
6.555222988128662109e+00
7.026664257049560547e+00
5.787166118621826172e+00
5.587645053863525391e+00
6.885812759399414062e+00
6.990747928619384766e+00
6.181647777557373047e+00
5.948453903198242188e+00
7.445746898651123047e+00
6.175189018249511719e+00
5.401558876037597656e+00
4.303309440612792969e+00
5.021104812622070312e+00
3.586178064346313477e+00
2.805277824401855469e+00
1.719203352928161621e+00
-1.387491077184677124e-01
-3.867571055889129639e-01
4.151461124420166016e-01
-1.155530288815498352e-01
-1.369619250297546387e+00
-1.372158408164978027e+00
-3.605537489056587219e-02
-8.925104141235351562e-02
-1.363949418067932129e+00
-4.384983479976654053e-01
9.316220134496688843e-02
1.147560253739356995e-01
-1.896867394447326660e+00
1.476101040840148926e+00
2.495223999023437500e+00
2.980566978454589844e+00
1.794732213020324707e+00
2.626241207122802734e+00
1.845955967903137207e+00
1.623954415321350098e+00
3.442121505737304688e+00
2.696642637252807617e+00
2.284610748291015625e+00
1.994204044342041016e+00
3.821244716644287109e+00
3.649085521697998047e+00
3.824818611145019531e+00
3.704993009567260742e+00
4.143943786621093750e+00
2.619905710220336914e+00
2.438379764556884766e+00
2.343993663787841797e+00
2.355381727218627930e+00
1.635121107101440430e+00
2.224882364273071289e+00
1.708111166954040527e+00
1.678678154945373535e+00
2.125245571136474609e+00
2.792236804962158203e+00
2.714070558547973633e+00
2.695360898971557617e+00
2.890641927719116211e+00
3.566014528274536133e+00
3.823956727981567383e+00
5.437155246734619141e+00
6.254660606384277344e+00
5.289104938507080078e+00
4.781847000122070312e+00
4.127526760101318359e+00
5.057217121124267578e+00
3.280660152435302734e+00
2.976597309112548828e+00
2.472495794296264648e+00
1.939307093620300293e+00
-4.028292000293731689e-01
6.261045336723327637e-01
7.725034952163696289e-01
2.452060937881469727e+00
2.433227777481079102e+00
1.385880231857299805e+00
5.771489068865776062e-02
7.640976905822753906e-01
5.080856800079345703e+00
8.337796211242675781e+00
9.678703308105468750e+00
7.579547882080078125e+00
4.529549598693847656e+00
2.492413759231567383e+00
2.557515621185302734e+00
2.671030521392822266e+00
1.250081062316894531e+00
1.680378794670104980e+00
3.842197179794311523e+00
3.348646402359008789e+00
2.306204319000244141e+00
8.688867092132568359e-01
1.434712886810302734e+00
-1.079015016555786133e+00
-1.731118112802505493e-01
-5.168127417564392090e-01
-6.084136962890625000e-01
-3.395268023014068604e-01
-2.547295093536376953e-01
2.401034981012344360e-01
-1.232932686805725098e+00
-2.508962869644165039e+00
-2.462052822113037109e+00
-2.528830528259277344e+00
-3.743899583816528320e+00
-1.870811820030212402e+00
-1.261946320533752441e+00
-4.751535356044769287e-01
-5.633774995803833008e-01
9.048023819923400879e-01
1.228832721710205078e+00
2.120068550109863281e+00
2.301002979278564453e+00
3.861992120742797852e+00
3.041920423507690430e+00
4.101988315582275391e+00
7.205971240997314453e+00
7.103623867034912109e+00
5.645894527435302734e+00
2.916944026947021484e+00
2.961215019226074219e+00
2.813707351684570312e+00
3.193175554275512695e+00
4.495213031768798828e+00
5.526413440704345703e+00
4.016303539276123047e+00
1.186334967613220215e+00
2.203633785247802734e+00
1.642491221427917480e+00
2.624243974685668945e+00
3.334915399551391602e+00
5.067422866821289062e+00
-1.525533646345138550e-01
-4.083138942718505859e+00
-3.731203794479370117e+00
-8.071210384368896484e-01
2.427213430404663086e+00
3.900421857833862305e+00
4.378467082977294922e+00
1.798084974288940430e-01
-2.426531314849853516e+00
-1.493734419345855713e-01
1.627380847930908203e+00
3.275212526321411133e+00
4.640156745910644531e+00
3.705263853073120117e+00
2.789402008056640625e+00
1.290606260299682617e+00
9.935193061828613281e-01
6.673694849014282227e-01
-7.829880714416503906e-01
-3.865599036216735840e-01
1.480858564376831055e+00
1.418197154998779297e+00
1.051669716835021973e+00
-1.596280336380004883e-01
-1.381500601768493652e+00
-7.418711185455322266e-01
-2.815736830234527588e-01
1.591267138719558716e-01
1.761108934879302979e-01
1.207780838012695312e+00
9.836838841438293457e-01
1.053592443466186523e+00
4.362716376781463623e-01
6.804094910621643066e-01
-3.571027219295501709e-01
1.189835429191589355e+00
4.023303985595703125e+00
3.702774524688720703e+00
2.412990093231201172e+00
2.064407825469970703e+00
1.818618655204772949e+00
2.161703586578369141e+00
1.178915143013000488e+00
1.478738307952880859e+00
2.961363315582275391e+00
2.981774568557739258e+00
2.860912561416625977e+00
2.407270908355712891e+00
1.563708543777465820e+00
5.723420381546020508e-01
-1.542566537857055664e+00
-2.853255510330200195e+00
-4.772661209106445312e+00
-1.094495773315429688e+00
-3.499244451522827148e+00
-1.046454524993896484e+01
-8.313033103942871094e+00
-1.287336349487304688e+00
3.739676952362060547e+00
3.136086463928222656e+00
-7.770721912384033203e-01
-3.156948804855346680e+00
-3.534420251846313477e+00
-1.426857471466064453e+00
-2.264873504638671875e+00
-3.026547431945800781e+00
-1.221667289733886719e+00
7.640483975410461426e-01
1.166294217109680176e+00
7.375244498252868652e-01
1.341681957244873047e+00
2.478832006454467773e+00
2.587145328521728516e+00
1.113838076591491699e+00
1.149778366088867188e+00
1.802792906761169434e+00
2.018435239791870117e+00
-6.805903315544128418e-01
-5.739500522613525391e+00
-9.797183036804199219e+00
-1.001519203186035156e+01
-8.201635360717773438e+00
-1.041785812377929688e+01
-1.130643177032470703e+01
-9.211047172546386719e+00
-6.928366661071777344e+00
-4.065810203552246094e+00
-8.412124514579772949e-01
2.253871113061904907e-01
8.746054172515869141e-01
1.023444890975952148e+00
1.949413657188415527e+00
3.460657596588134766e+00
5.945717334747314453e+00
6.276501178741455078e+00
5.593858242034912109e+00
4.396241188049316406e+00
1.915223717689514160e+00
-1.427967190742492676e+00
-4.276299953460693359e+00
-4.333611011505126953e+00
-1.325519800186157227e+00
-3.361745774745941162e-01
1.187099099159240723e+00
1.669483542442321777e+00
8.606780171394348145e-01
1.526609778404235840e+00
3.729643344879150391e+00
5.547391891479492188e+00
5.876499652862548828e+00
6.019940853118896484e+00
5.812877655029296875e+00
4.622630119323730469e+00
4.140270709991455078e+00
3.307529211044311523e+00
2.914305686950683594e+00
2.455585956573486328e+00
2.617144584655761719e+00
7.718380093574523926e-01
-2.276484727859497070e+00
-2.324823856353759766e+00
-2.286836862564086914e+00
-1.625638484954833984e+00
3.018823623657226562e+00
7.476706981658935547e+00
4.740188121795654297e+00
1.588137149810791016e+00
1.035474419593811035e+00
1.805479973554611206e-01
1.823326826095581055e+00
3.697696685791015625e+00
1.919956684112548828e+00
8.750494122505187988e-01
1.229152381420135498e-01
-3.159117102622985840e-01
1.479428768157958984e+00
5.923754692077636719e+00
7.697822570800781250e+00
9.781573295593261719e+00
1.066494560241699219e+01
9.895480155944824219e+00
6.489580154418945312e+00
2.814521551132202148e+00
-7.110336422920227051e-01
-2.919737339019775391e+00
-3.386198043823242188e+00
-1.627388834953308105e+00
-8.010563999414443970e-02
1.513495683670043945e+00
7.553222775459289551e-01
-2.836689949035644531e-01
1.768750995397567749e-01
-1.380638122558593750e+00
-1.763705730438232422e+00
-2.076224088668823242e+00
-1.317508220672607422e+00
-3.080729842185974121e-01
1.725365966558456421e-01
-4.870992660522460938e+00
-9.180726051330566406e+00
-1.016462230682373047e+01
-7.133605957031250000e+00
-7.118101119995117188e+00
-7.855543136596679688e+00
-9.392226219177246094e+00
-7.478884696960449219e+00
-5.142689704895019531e+00
-2.383985042572021484e+00
2.337042093276977539e+00
3.708616495132446289e+00
3.836281538009643555e+00
2.834758520126342773e+00
2.144768476486206055e+00
4.958515763282775879e-01
-1.338436603546142578e-01
3.117868602275848389e-01
9.917691349983215332e-02
2.804562449455261230e-01
-1.277032017707824707e+00
-1.964803695678710938e+00
-3.190572023391723633e+00
2.454969644546508789e+00
5.768506050109863281e+00
6.069734096527099609e+00
6.290898323059082031e+00
5.539083957672119141e+00
2.969917058944702148e+00
5.111349821090698242e-01
-1.924894928932189941e+00
-5.196204662322998047e+00
-8.897394180297851562e+00
-8.650568962097167969e+00
-9.436968803405761719e+00
-1.022085285186767578e+01
-9.034450531005859375e+00
-3.078806638717651367e+00
-5.153091549873352051e-01
1.400228738784790039e-01
-8.679580092430114746e-01
-1.832751750946044922e+00
-4.577060699462890625e+00
-5.346203327178955078e+00
-7.442525863647460938e+00
-6.688518524169921875e+00
-7.408779144287109375e+00
-4.442542552947998047e+00
-1.558121085166931152e+00
-1.591843366622924805e-01
-2.413885354995727539e+00
-5.839926719665527344e+00
-7.453346252441406250e+00
-4.507791996002197266e+00
-4.620174407958984375e+00
-3.270043730735778809e-01
-7.635391354560852051e-01
-2.574507713317871094e+00
-4.548514366149902344e+00
-1.137165665626525879e+00
-4.808182716369628906e+00
-4.212652206420898438e+00
-2.022264480590820312e+00
-3.007764101028442383e+00
-4.716236114501953125e+00
-5.594949722290039062e+00
-5.499060153961181641e+00
-3.870579242706298828e+00
-3.669505596160888672e+00
-4.028563499450683594e+00
-5.132606029510498047e+00
-4.874441623687744141e+00
-6.819903850555419922e+00
-5.303533554077148438e+00
-3.907653093338012695e+00
-3.421447277069091797e+00
-9.662394523620605469e-01
1.622031450271606445e+00
1.252866625785827637e+00
-9.739550352096557617e-01
-2.948282003402709961e+00
-4.053238868713378906e+00
-3.618651390075683594e+00
-2.222893476486206055e+00
-1.281740665435791016e-01
1.415559649467468262e+00
1.395272016525268555e+00
3.210555315017700195e+00
2.382941007614135742e+00
3.001173496246337891e+00
2.749344348907470703e+00
3.085207700729370117e+00
3.049759864807128906e+00
3.232937574386596680e+00
2.455413341522216797e+00
1.593239784240722656e+00
3.611370623111724854e-01
1.953629493713378906e+00
1.880664110183715820e+00
4.206186532974243164e-02
-5.977156162261962891e-01
-1.173278331756591797e+00
9.727879613637924194e-02
3.661411255598068237e-02
7.021510004997253418e-01
2.765170812606811523e+00
5.014102935791015625e+00
6.846322059631347656e+00
7.484125614166259766e+00
6.452851295471191406e+00
6.365416049957275391e+00
4.965813159942626953e+00
5.485173702239990234e+00
7.272773265838623047e+00
7.512697219848632812e+00
6.877995967864990234e+00
5.726230144500732422e+00
3.471603155136108398e+00
1.831806778907775879e+00
-1.256572365760803223e+00
-3.251803159713745117e+00
-2.435429811477661133e+00
2.615468263626098633e+00
4.825923442840576172e+00
5.403827190399169922e+00
4.206407546997070312e+00
2.734135627746582031e+00
1.917565464973449707e+00
-8.403742313385009766e-01
-2.120742559432983398e+00
4.028234004974365234e+00
6.273569107055664062e+00
6.046342372894287109e+00
5.005476474761962891e+00
5.047011852264404297e+00
4.932535171508789062e+00
4.356257438659667969e+00
3.674155473709106445e+00
2.661096572875976562e+00
2.606989383697509766e+00
3.615955591201782227e+00
4.871131896972656250e+00
3.134138584136962891e+00
2.904026031494140625e+00
1.777674198150634766e+00
-1.607816457748413086e+00
-4.326266288757324219e+00
-3.008576869964599609e+00
-3.072916030883789062e+00
-2.298423051834106445e+00
-4.764699459075927734e+00
-3.698272228240966797e+00
-2.360443025827407837e-01
3.206290960311889648e+00
2.491846084594726562e+00
-5.184004306793212891e+00
-5.535247325897216797e+00
-4.386314392089843750e+00
-4.066377162933349609e+00
-2.296327590942382812e+00
-5.884790897369384766e+00
-1.675038146972656250e+01
-1.530424022674560547e+01
-6.013489246368408203e+00
-4.760854244232177734e+00
-4.316258907318115234e+00
-8.963087081909179688e+00
-1.008246135711669922e+01
-5.887082099914550781e+00
-7.542680263519287109e+00
-7.994793415069580078e+00
-6.570320129394531250e+00
-5.954058170318603516e+00
-5.273878574371337891e+00
-1.034299373626708984e+00
2.116321325302124023e-01
4.548309803009033203e+00
2.872178554534912109e+00
-6.500557899475097656e+00
-7.608940124511718750e+00
-3.273052215576171875e+00
5.151652336120605469e+00
5.057661533355712891e+00
-2.453622221946716309e-01
-7.897178173065185547e+00
-8.024720191955566406e+00
-5.384411334991455078e+00
-1.131348371505737305e+00
-5.883242003619670868e-03
2.059133909642696381e-02
-3.094039261341094971e-01
-1.357170045375823975e-01
-3.112059831619262695e+00
-5.879490375518798828e+00
-8.303786277770996094e+00
-6.709470748901367188e+00
-6.440954685211181641e+00
-5.251249313354492188e+00
-4.703690052032470703e+00
-3.935851812362670898e+00
-4.125143051147460938e+00
-2.898858785629272461e+00
-2.341142416000366211e+00
-2.393450260162353516e+00
-9.347366094589233398e-01
3.905944228172302246e-01
3.325203418731689453e+00
4.298846244812011719e+00
4.705208778381347656e+00
5.583849430084228516e+00
6.221358776092529297e+00
4.809110641479492188e+00
2.292227506637573242e+00
-8.096109628677368164e-01
-4.284508228302001953e+00
-5.510128021240234375e+00
-6.400821685791015625e+00
-8.579650878906250000e+00
-1.053551292419433594e+01
-7.085413932800292969e+00
-4.443109512329101562e+00
-6.392515182495117188e+00
-4.837270259857177734e+00
-2.880592107772827148e+00
-1.596131920814514160e+00
-3.234375238418579102e+00
-3.134615182876586914e+00
-1.910720944404602051e+00
2.955915629863739014e-01
-1.146828651428222656e+00
-4.729103565216064453e+00
-4.017544746398925781e+00
1.798109531402587891e+00
4.330102920532226562e+00
6.241966724395751953e+00
2.884207725524902344e+00
1.179383635520935059e+00
-1.920852541923522949e+00
-3.643523216247558594e+00
-4.114346504211425781e+00
-4.526846885681152344e+00
-5.365011215209960938e+00
-2.163733005523681641e+00
2.086914300918579102e+00
4.659852027893066406e+00
3.370560169219970703e+00
4.457126557826995850e-01
-8.125934004783630371e-01
1.210369348526000977e+00
3.605775356292724609e+00
4.079506397247314453e+00
1.020240426063537598e+00
-5.797454833984375000e+00
-8.047889709472656250e+00
-1.050272941589355469e+00
-7.389130592346191406e-01
1.515639781951904297e+00
8.753451108932495117e-01
3.864777088165283203e-01
7.832511663436889648e-01
-7.358314394950866699e-01
-1.369939804077148438e+00
-1.515032410621643066e+00
-4.202323913574218750e+00
-2.426703691482543945e+00
1.227870821952819824e+00
1.288067221641540527e+00
-1.946760177612304688e+00
-2.885990858078002930e+00
1.740378260612487793e+00
2.714416027069091797e+00
3.763488531112670898e+00
2.896902084350585938e+00
4.249742984771728516e+00
4.499624729156494141e+00
4.077509880065917969e+00
4.290367603302001953e+00
2.638664722442626953e+00
6.560300588607788086e-01
9.508494734764099121e-01
4.230589568614959717e-01
-3.343158483505249023e+00
-4.960966110229492188e+00
-4.253055095672607422e+00
8.740141391754150391e-01
2.702213287353515625e+00
1.340745329856872559e+00
-7.233340740203857422e-01
-6.269731521606445312e+00
-9.450994491577148438e+00
-9.760823249816894531e+00
-1.020611000061035156e+01
-8.235184669494628906e+00
-7.731575012207031250e+00
-7.923282623291015625e+00
-9.249918937683105469e+00
-8.145162582397460938e+00
-6.966401576995849609e+00
-7.744714736938476562e+00
-7.462393760681152344e+00
-8.212259292602539062e+00
-7.537133693695068359e+00
-7.950892448425292969e+00
-8.056863784790039062e+00
-7.550371170043945312e+00
-6.981388568878173828e+00
-6.660538673400878906e+00
-6.442161083221435547e+00
-9.786733627319335938e+00
-6.937239646911621094e+00
-7.941277980804443359e+00
-3.622398138046264648e+00
-3.891950845718383789e+00
3.382860496640205383e-02
1.728792428970336914e+00
2.717619895935058594e+00
6.258334636688232422e+00
8.040636062622070312e+00
7.409286022186279297e+00
4.330695152282714844e+00
1.376168489456176758e+00
-1.405436158180236816e+00
-2.868538379669189453e+00
-3.565825939178466797e+00
-2.554885864257812500e+00
-2.188284873962402344e+00
-1.758011341094970703e+00
-4.085899829864501953e+00
-2.855497837066650391e+00
-1.458952546119689941e+00
5.417016744613647461e-01
3.306222677230834961e+00
5.624423503875732422e+00
6.697877407073974609e+00
6.003916740417480469e+00
2.234150886535644531e+00
-2.026380777359008789e+00
-5.390054702758789062e+00
-7.009614944458007812e+00
-3.631099224090576172e+00
-2.052337884902954102e+00
-1.817517757415771484e+00
-3.781219720840454102e+00
-2.584812164306640625e+00
1.863802671432495117e+00
3.646324872970581055e+00
3.468521118164062500e+00
3.289041996002197266e+00
6.767118453979492188e+00
7.212603092193603516e+00
4.778913974761962891e+00
-4.595992863178253174e-01
-5.707603931427001953e+00
-8.864412307739257812e+00
-6.113545417785644531e+00
-3.333988189697265625e+00
2.228973805904388428e-01
4.199061870574951172e+00
5.964230537414550781e+00
5.404443740844726562e+00
2.982413768768310547e+00
-1.867606997489929199e+00
-3.555743932723999023e+00
2.907773494720458984e+00
7.871113777160644531e+00
6.862072467803955078e+00
3.721631765365600586e+00
-1.930884957313537598e+00
-3.393443822860717773e+00
-4.200844287872314453e+00
-2.540539979934692383e+00
-3.070870399475097656e+00
-7.555277347564697266e-01
4.619746208190917969e+00
1.075178813934326172e+01
8.285832405090332031e+00
3.493763446807861328e+00
2.483367204666137695e+00
1.443660616874694824e+00
-4.625127792358398438e+00
-7.271747112274169922e+00
-5.934559822082519531e+00
8.697250485420227051e-01
4.729045867919921875e+00
5.309983730316162109e+00
4.017511367797851562e+00
3.735831022262573242e+00
9.182861447334289551e-01
1.690609306097030640e-01
-3.360191106796264648e+00
-4.715546131134033203e+00
-1.504629850387573242e+00
-1.202858805656433105e+00
-7.399286746978759766e+00
-7.864367008209228516e+00
-1.263967514038085938e+00
-4.035711288452148438e+00
-6.847611427307128906e+00
-1.272252464294433594e+01
-4.774262905120849609e+00
-2.031261682510375977e+00
-2.003653526306152344e+00
5.763354301452636719e-01
3.362770795822143555e+00
9.297487139701843262e-01
-4.291311800479888916e-01
2.878537654876708984e+00
3.308713197708129883e+00
4.715315818786621094e+00
3.648543357849121094e+00
1.805627942085266113e+00
-1.075958251953125000e+00
-2.741047143936157227e-01
1.975568056106567383e+00
5.160405158996582031e+00
3.959952116012573242e+00
8.859943151473999023e-01
-2.071244478225708008e+00
8.096028864383697510e-02
3.529532253742218018e-01
1.602828979492187500e+00
9.067991375923156738e-01
-1.347409009933471680e+00
-2.595633268356323242e+00
-5.797207951545715332e-01
4.888362884521484375e+00
4.967737197875976562e+00
3.607081890106201172e+00
2.983943939208984375e+00
3.393707513809204102e+00
4.543256282806396484e+00
6.031548976898193359e+00
7.510083198547363281e+00
6.936097145080566406e+00
5.352381229400634766e+00
3.430042028427124023e+00
8.191915154457092285e-01
-8.843014240264892578e-01
-5.418601036071777344e+00
-5.010415077209472656e+00
3.018059730529785156e+00
5.126435279846191406e+00
-2.306434869766235352e+00
-6.975793838500976562e+00
-3.526753902435302734e+00
9.897971749305725098e-01
2.739510059356689453e+00
3.071009159088134766e+00
-1.279398679733276367e+00
-7.869544982910156250e+00
-8.580018997192382812e+00
-7.036778450012207031e+00
-4.118586540222167969e+00
-3.740128040313720703e+00
-7.602357864379882812e+00
-1.180673599243164062e+00
5.133830070495605469e+00
1.141436958312988281e+01
1.218528652191162109e+01
1.204036426544189453e+01
7.928699016571044922e+00
6.408135890960693359e+00
4.977720260620117188e+00
3.622981309890747070e+00
4.600346088409423828e-01
-4.627740859985351562e+00
-1.283392071723937988e+00
1.448591232299804688e+00
1.460102677345275879e+00
4.187476634979248047e+00
7.700755119323730469e+00
5.906227111816406250e+00
1.455443620681762695e+00
-6.376467704772949219e+00
-1.476185703277587891e+01
-9.399153709411621094e+00
-2.674588441848754883e+00
-4.727746963500976562e+00
-8.693902969360351562e+00
-5.484861850738525391e+00
-5.528936862945556641e+00
-4.329470634460449219e+00
-3.877851009368896484e+00
-3.451718330383300781e+00
-4.589384555816650391e+00
2.480556249618530273e+00
7.662275791168212891e+00
5.498016357421875000e+00
-1.467776894569396973e+00
-4.893275797367095947e-01
2.828078746795654297e+00
2.192910909652709961e+00
2.965332746505737305e+00
4.457841873168945312e+00
5.299137592315673828e+00
3.658280849456787109e+00
3.016037702560424805e+00
2.104785919189453125e+00
7.066868543624877930e-01
-2.381593942642211914e+00
-2.276409864425659180e+00
1.482756376266479492e+00
7.196037173271179199e-01
-4.633952677249908447e-01
3.366346061229705811e-01
-3.713234663009643555e+00
-2.215967655181884766e+00
-5.053529262542724609e+00
-2.503587722778320312e+00
2.098499536514282227e+00
5.099147796630859375e+00
3.045865297317504883e+00
5.448690891265869141e+00
7.939889430999755859e+00
9.110292434692382812e+00
5.674512863159179688e+00
3.804531335830688477e+00
2.823271751403808594e+00
4.767156124114990234e+00
6.089800834655761719e+00
7.501700401306152344e+00
6.892713069915771484e+00
5.534918308258056641e+00
5.309319019317626953e+00
5.240149974822998047e+00
5.464542388916015625e+00
5.033380031585693359e+00
1.076073765754699707e+00
6.156035065650939941e-01
-9.597812891006469727e-01
-3.961489498615264893e-01
-1.266136884689331055e+00
-4.659836292266845703e+00
-9.237470626831054688e+00
-4.256505012512207031e+00
-3.981431484222412109e+00
-4.434629917144775391e+00
-2.153133153915405273e+00
-4.021882712841033936e-01
-1.558614253997802734e+00
-3.258507728576660156e+00
-3.953379869461059570e+00
-4.126499176025390625e+00
3.327126264572143555e+00
3.594017267227172852e+00
-2.225162267684936523e+00
-6.360396385192871094e+00
-7.647862911224365234e+00
-3.684468269348144531e+00
-9.744724631309509277e-01
-3.361745774745941162e-01
1.686023831367492676e+00
3.061346292495727539e+00
2.642584562301635742e+00
2.292252302169799805e+00
-1.507267475128173828e+00
-1.449141740798950195e+00
1.270762801170349121e+00
3.706397533416748047e+00
6.875825881958007812e+00
8.380368232727050781e+00
7.134731292724609375e+00
6.008280754089355469e+00
3.962984561920166016e+00
1.791502952575683594e+00
-1.553511500358581543e+00
-5.973236560821533203e+00
-8.381509780883789062e+00
1.057216167449951172e+00
4.124100208282470703e+00
2.988232374191284180e+00
6.184136867523193359e-01
-1.018967032432556152e-01
1.333645820617675781e+00
5.023248672485351562e+00
5.318288803100585938e+00
6.172131538391113281e+00
6.424207210540771484e+00
3.817670583724975586e+00
3.188122212886810303e-01
-1.155974030494689941e+00
3.058460950851440430e+00
7.193128108978271484e+00
7.582677841186523438e+00
5.255481243133544922e+00
2.142402172088623047e+00
-1.869209647178649902e+00
-5.609221458435058594e+00
-1.423135042190551758e+00
7.170721054077148438e+00
1.225011825561523438e+01
1.115943145751953125e+01
6.246354103088378906e+00
1.456725955009460449e+00
-1.375658363103866577e-01
8.231354355812072754e-01
4.346792221069335938e+00
6.841291904449462891e+00
7.992074966430664062e+00
6.459210872650146484e+00
3.315910577774047852e+00
-3.996987938880920410e-01
-1.989996910095214844e+00
-3.844621658325195312e+00
-5.989554405212402344e+00
-5.958248138427734375e+00
-3.978965997695922852e+00
6.423984766006469727e-01
4.969733715057373047e+00
7.501874923706054688e+00
1.093580341339111328e+01
1.000078773498535156e+01
9.485248565673828125e+00
7.667772293090820312e+00
4.516140460968017578e+00
-3.317619562149047852e-01
-5.198965549468994141e+00
-4.794699192047119141e+00
-3.116076707839965820e+00
-2.804668188095092773e+00
-2.527696609497070312e+00
9.121479094028472900e-02
6.761942505836486816e-01
2.349712371826171875e+00
7.287812232971191406e+00
5.891979694366455078e+00
2.379884481430053711e+00
-1.880573391914367676e+00
-4.210236549377441406e+00
-4.851715087890625000e+00
-3.889732122421264648e+00
-6.553729534149169922e+00
-6.482686042785644531e+00
-3.413090705871582031e+00
-1.272521495819091797e+00
1.625014424324035645e+00
2.281134843826293945e+00
-2.105311453342437744e-01
-3.601568460464477539e+00
-2.840756893157958984e+00
-1.085744261741638184e+00
1.109894037246704102e+00
-3.341259956359863281e+00
-4.181198596954345703e+00
-7.424949645996093750e+00
-7.628635406494140625e+00
-3.089110255241394043e-01
8.280778884887695312e+00
9.697710990905761719e+00
7.314408779144287109e+00
5.022016525268554688e+00
1.582615375518798828e+00
6.430147886276245117e-01
9.895506501197814941e-01
3.951620578765869141e+00
2.880287885665893555e+00
6.262672901153564453e+00
9.093800544738769531e+00
1.117020416259765625e+01
1.127765655517578125e+01
1.140100765228271484e+01
9.703284263610839844e+00
8.659534454345703125e+00
4.733878135681152344e+00
-7.656589746475219727e-01
-5.193862438201904297e+00
9.453521370887756348e-01
7.269692897796630859e+00
9.180815696716308594e+00
9.463977813720703125e+00
1.057580852508544922e+01
1.051901340484619141e+01
1.081146907806396484e+01
1.063901233673095703e+01
1.063829708099365234e+01
9.760542869567871094e+00
8.003488540649414062e+00
9.079356193542480469e+00
1.048203849792480469e+01
8.457472801208496094e+00
7.807367801666259766e+00
6.214089393615722656e+00
6.005592823028564453e+00
4.131815433502197266e+00
1.702934026718139648e+00
1.122884750366210938e+00
1.926464557647705078e+00
1.084134221076965332e+00
1.916111469268798828e+00
5.889760971069335938e+00
4.232168197631835938e+00
4.429124832153320312e+00
1.450563311576843262e+00
-2.429611921310424805e+00
-5.891864299774169922e+00
-3.577608108520507812e+00
-2.545691490173339844e+00
-1.485352873802185059e+00
-7.279192209243774414e-01
-9.721317142248153687e-02
2.120364665985107422e+00
2.788884639739990234e+00
-2.285259366035461426e-01
-4.267844200134277344e+00
-6.801317691802978516e+00
-5.286818981170654297e+00
-2.799418449401855469e+00
2.345324605703353882e-01
-4.733787477016448975e-01
-3.007763624191284180e-01
1.432420134544372559e+00
1.906744003295898438e+00
2.097834110260009766e+00
2.512923240661621094e+00
2.227199554443359375e+00
3.566112041473388672e+00
4.743934631347656250e+00
5.894076347351074219e+00
7.238903999328613281e+00
6.305048465728759766e+00
5.982298851013183594e+00
6.407444953918457031e+00
6.519778251647949219e+00
5.574235916137695312e+00
4.685513019561767578e+00
5.406761169433593750e+00
4.565761089324951172e+00
1.777452588081359863e+00
-1.681866049766540527e+00
-2.141917467117309570e+00
5.446645259857177734e+00
8.029665946960449219e+00
8.421977043151855469e+00
8.200837135314941406e+00
7.445055007934570312e+00
5.757463455200195312e+00
4.350736141204833984e+00
4.341836929321289062e+00
4.435805320739746094e+00
6.269649028778076172e+00
8.529527664184570312e+00
8.190140724182128906e+00
7.595052719116210938e+00
5.122737884521484375e+00
2.984879970550537109e+00
4.664806365966796875e+00
4.368164062500000000e+00
1.404245018959045410e+00
-2.228687047958374023e+00
-1.748299717903137207e+00
-3.395787000656127930e+00
-3.861014842987060547e+00
-3.152116537094116211e+00
-8.494482994079589844e+00
-1.027187633514404297e+01
-4.083582401275634766e+00
-6.566745758056640625e+00
-9.075492858886718750e+00
-8.884476661682128906e+00
-7.094856262207031250e+00
-7.534149169921875000e+00
2.609577476978302002e-01
7.021190643310546875e+00
7.619359970092773438e+00
3.081731796264648438e+00
1.818297505378723145e-01
-2.290559291839599609e+00
-2.376935243606567383e+00
-8.777444958686828613e-01
1.325437426567077637e+00
3.886568546295166016e+00
4.810762405395507812e+00
5.115564346313476562e+00
4.799866676330566406e+00
4.479928970336914062e+00
3.171483278274536133e+00
1.043116092681884766e+00
9.012528061866760254e-01
8.277205228805541992e-01
5.336900949478149414e-01
-6.301308870315551758e-01
-2.198243439197540283e-01
-1.623912572860717773e+00
-2.669756889343261719e+00
-4.246300697326660156e+00
-2.528707027435302734e+00
-1.248511552810668945e+00
4.199776649475097656e-01
-1.170049190521240234e+00
-2.129369974136352539e+00
-2.581483840942382812e+00
-2.435873895883560181e-01
9.567654132843017578e-01
2.515215158462524414e+00
4.891837596893310547e+00
6.299376964569091797e+00
4.350660800933837891e+00
3.408843040466308594e+00
1.822636485099792480e+00
1.111570358276367188e+00
3.765189647674560547e-01
-4.338887631893157959e-01
-2.923631906509399414e+00
-4.184452056884765625e+00
-5.058729648590087891e+00
-6.785270690917968750e+00
-6.472210407257080078e+00
-5.904510974884033203e+00
-5.249671936035156250e+00
-5.384016513824462891e+00
-5.515872478485107422e+00
-4.361171245574951172e+00
-2.607539415359497070e+00
-1.495459973812103271e-01
-7.383956313133239746e-01
-2.493456840515136719e+00
-3.065914392471313477e+00
-6.583754062652587891e+00
-9.260102272033691406e+00
-7.210515499114990234e+00
-8.022254943847656250e+00
-6.169478416442871094e+00
-5.351182460784912109e+00
-7.483766555786132812e+00
-7.518472671508789062e+00
-7.671402454376220703e+00
-1.138612747192382812e+01
-1.107834148406982422e+01
-7.798106193542480469e+00
-5.115597724914550781e+00
-5.784019947052001953e+00
-1.617405295372009277e+00
-1.935716867446899414e-01
3.052052259445190430e-01
-2.164965629577636719e+00
-1.487152457237243652e+00
-1.748126387596130371e+00
-3.345968127250671387e-01
-7.397268414497375488e-01
6.635239720344543457e-01
-1.837829470634460449e+00
-4.547504425048828125e+00
-1.320237159729003906e+01
-7.345623970031738281e+00
5.263693258166313171e-02
-4.362699985504150391e+00
-1.030840873718261719e+01
-6.208549022674560547e+00
-3.402170181274414062e+00
-8.688455820083618164e-01
-1.384531855583190918e-01
-6.812361240386962891e+00
-1.117812538146972656e+01
-1.132077980041503906e+01
-1.243300628662109375e+01
-8.021613121032714844e+00
-4.467438220977783203e+00
-3.838089227676391602e+00
-3.575093746185302734e+00
-8.257567882537841797e-01
-1.092277050018310547e+00
8.851807117462158203e-01
2.156945705413818359e+00
1.047429919242858887e+00
-7.762097120285034180e-01
5.997040271759033203e-01
1.482460856437683105e+00
1.565286159515380859e+00
1.135333180427551270e+00
8.273754715919494629e-01
-2.649123907089233398e+00
-5.610949039459228516e+00
-6.069149017333984375e+00
-7.213203907012939453e+00
-9.706072807312011719e+00
-9.002010345458984375e+00
-1.022928142547607422e+01
-1.141358661651611328e+01
-1.499898910522460938e+01
-1.130564308166503906e+01
-8.308370590209960938e+00
-2.746198177337646484e+00
5.669682025909423828e+00
-6.538926810026168823e-02
-6.373929023742675781e+00
-6.278358459472656250e+00
-5.483111858367919922e+00
-2.514952659606933594e+00
-7.506467700004577637e-01
-1.732596874237060547e+00
-4.363832950592041016e+00
-4.679359436035156250e+00
-7.786842823028564453e+00
-1.012003135681152344e+01
-9.733560562133789062e+00
-1.857475996017456055e+00
2.885687112808227539e+00
1.189170002937316895e+00
-2.205884933471679688e+00
7.366126179695129395e-01
5.002616882324218750e+00
6.274184226989746094e+00
3.593030691146850586e+00
1.202850818634033203e+00
-1.065038323402404785e+00
1.994253277778625488e+00
7.998161792755126953e+00
8.537291526794433594e+00
8.253293991088867188e+00
8.807485580444335938e+00
5.956490039825439453e+00
7.042760848999023438e+00
7.774706363677978516e+00
7.237770557403564453e+00
6.884210586547851562e+00
6.010943412780761719e+00
2.792408943176269531e+00
1.134248614311218262e+00
-1.574291825294494629e+00
-3.974875450134277344e+00
-2.902506589889526367e+00
-3.372984886169433594e+00
-5.133321762084960938e+00
-3.663465261459350586e+00
-1.960070967674255371e+00
-1.299488842487335205e-01
2.362777471542358398e+00
3.144664287567138672e+00
4.775955677032470703e+00
4.827426910400390625e+00
4.738659381866455078e+00
4.419092178344726562e+00
4.803047180175781250e+00
4.931031703948974609e+00
5.090175151824951172e+00
3.909468650817871094e+00
1.711882472038269043e+00
8.413769006729125977e-01
9.562721848487854004e-01
4.407086372375488281e-01
1.281978845596313477e+00
2.160693168640136719e+00
3.846437692642211914e+00
3.470936536788940430e+00
4.061265945434570312e+00
3.688132286071777344e+00
4.280063152313232422e+00
3.758089780807495117e+00
2.705442190170288086e+00
2.003866434097290039e+00
1.332906365394592285e+00
1.304213285446166992e+00
8.412535190582275391e-01
6.487830281257629395e-01
-1.467851102352142334e-01
-2.693027496337890625e+00
-3.620598793029785156e+00
-4.712316513061523438e+00
-7.640442848205566406e+00
-7.768255710601806641e+00
-6.618263721466064453e+00
-3.658017635345458984e+00
1.461753964424133301e+00
2.250888586044311523e+00
6.963583230972290039e-01
-1.992264270782470703e+00
-6.299485206604003906e+00
-4.472960948944091797e+00
-2.347453117370605469e+00
-2.045336961746215820e+00
-1.799177885055541992e+00
1.280154466629028320e+00
2.674038171768188477e+00
3.618396520614624023e+00
4.626179695129394531e+00
3.563721418380737305e+00
1.616091012954711914e+00
1.648407459259033203e+00
2.489627838134765625e+00
1.717428565025329590e+00
2.485412836074829102e+00
2.529167890548706055e+00
1.908124566078186035e+00
-1.909093558788299561e-01
1.441294193267822266e+00
6.536883711814880371e-01
2.394132375717163086e+00
1.933317184448242188e+00
2.930082082748413086e+00
1.549928784370422363e+00
-9.502413272857666016e-01
-3.288827896118164062e+00
-1.519419908523559570e+00
-7.292996644973754883e-01
1.668891787528991699e+00
3.099085807800292969e+00
4.098265647888183594e+00
3.862559080123901367e+00
2.567794799804687500e+00
2.289170980453491211e+00
3.222781896591186523e+00
2.664375066757202148e+00
3.930865287780761719e+00
3.790776729583740234e+00
3.895762681961059570e+00
3.749783277511596680e+00
5.996644973754882812e+00
6.194737434387207031e+00
4.653024673461914062e+00
2.054967164993286133e+00
6.153815388679504395e-01
3.595347106456756592e-01
-3.342517316341400146e-01
-1.058777213096618652e+00
-1.630248069763183594e+00
-1.677108407020568848e+00
-2.289203882217407227e+00
-2.791234493255615234e+00
-3.952121973037719727e+00
-4.278321266174316406e+00
-4.221131801605224609e+00
-4.937572956085205078e+00
-7.024675369262695312e+00
-7.087409973144531250e+00
-6.034788131713867188e+00
-6.120769500732421875e+00
-5.983810901641845703e+00
-3.726422071456909180e+00
-2.718540668487548828e+00
-2.585009098052978516e+00
-1.349011421203613281e+00
2.251159548759460449e-01
1.930926084518432617e+00
3.090359449386596680e+00
5.904354572296142578e+00
6.133357524871826172e+00
5.494392395019531250e+00
4.395969390869140625e+00
4.617946624755859375e+00
2.143363475799560547e+00
1.574012398719787598e+00
-1.513454020023345947e-01
1.197649359703063965e+00
-1.950999617576599121e+00
-1.715711236000061035e+00
-3.336626052856445312e+00
-5.646001338958740234e+00
-6.421479225158691406e+00
-4.712513923645019531e+00
-5.049116134643554688e+00
-6.432596206665039062e+00
-5.259951591491699219e+00
-4.426051139831542969e+00
-3.028741359710693359e+00
-4.300851821899414062e+00
-4.360258579254150391e+00
-3.104320287704467773e+00
-5.713887810707092285e-01
-7.225453853607177734e-01
7.711232304573059082e-01
2.784842252731323242e+00
3.257341146469116211e+00
2.928134679794311523e+00
3.303856611251831055e+00
3.103695631027221680e+00
4.101642608642578125e+00
3.591207504272460938e+00
5.005280017852783203e+00
3.760924339294433594e+00
4.245405673980712891e+00
3.545973300933837891e+00
4.069228172302246094e+00
3.753825664520263672e+00
4.142834186553955078e+00
3.667451381683349609e+00
3.489622592926025391e+00
3.624558210372924805e+00
2.598040819168090820e+00
2.899294137954711914e+00
1.327138423919677734e+00
4.875444471836090088e-01
7.558643221855163574e-01
2.361051559448242188e+00
-2.889688313007354736e-01
-2.664383053779602051e-01
-1.573355197906494141e-01
1.716615319252014160e+00
-1.523043274879455566e+00
-3.246083736419677734e+00
-4.967474341392517090e-01
1.023223042488098145e+00
1.689647555351257324e+00
2.099584102630615234e+00
2.568435907363891602e+00
7.202692627906799316e-01
2.297058820724487305e+00
2.811933040618896484e+00
2.587859869003295898e+00
3.983567953109741211e+00
3.913905858993530273e+00
2.697677850723266602e+00
1.457834959030151367e+00
2.777126312255859375e+00
5.980524420738220215e-01
-6.785197854042053223e-01
-1.485402584075927734e+00
-1.466594219207763672e+00
-1.209490299224853516e+00
-6.871470212936401367e-01
1.323046207427978516e+00
3.517575740814208984e+00
4.234213829040527344e+00
3.726241588592529297e+00
3.665749788284301758e+00
3.039480447769165039e+00
3.068987607955932617e+00
2.567843437194824219e+00
3.226504087448120117e+00
3.859822511672973633e+00
3.320619821548461914e+00
3.208583354949951172e+00
3.535152196884155273e+00
4.969609737396240234e+00
3.990741014480590820e+00
2.422800540924072266e+00
2.202253341674804688e+00
2.745228767395019531e+00
2.682073831558227539e+00
3.088510274887084961e+00
3.166998147964477539e+00
2.713971614837646484e+00
2.207380771636962891e+00
2.015008926391601562e+00
2.071902036666870117e+00
1.596370339393615723e+00
2.549183607101440430e+00
3.313273668289184570e+00
3.219108343124389648e+00
1.932996630668640137e+00
1.641752004623413086e+00
1.484851956367492676e+00
5.407648682594299316e-01
-7.852559685707092285e-01
1.832102090120315552e-01
2.253255128860473633e+00
1.730148315429687500e+00
-9.698383808135986328e-01
-1.903671175241470337e-01
-3.778336644172668457e-01
2.714340090751647949e-01
-1.322093367576599121e+00
-2.922226786613464355e-01
-1.319973349571228027e+00
-2.863682270050048828e+00
-4.113483905792236328e+00
-3.308252811431884766e+00
-2.687948465347290039e+00
-2.654325723648071289e+00
-3.244754076004028320e+00
-2.337469577789306641e+00
-1.746820092201232910e+00
-6.159074902534484863e-01
-2.040406703948974609e+00
