6.222641944885253906e+00
6.131237506866455078e+00
7.023483753204345703e+00
8.642942428588867188e+00
7.256208419799804688e+00
5.909210205078125000e+00
6.426623821258544922e+00
7.670337200164794922e+00
7.662840843200683594e+00
7.767213821411132812e+00
9.002445220947265625e+00
9.931324005126953125e+00
9.303895950317382812e+00
7.650911331176757812e+00
7.181936740875244141e+00
5.779376983642578125e+00
4.675012588500976562e+00
3.640236616134643555e+00
3.326362371444702148e+00
3.777070760726928711e+00
3.130958080291748047e+00
2.434805631637573242e+00
1.550274133682250977e+00
2.210265159606933594e+00
7.569984197616577148e-01
3.946617245674133301e-01
3.550730645656585693e-01
2.236714601516723633e+00
1.711340069770812988e+00
-1.645210981369018555e+00
-3.382721900939941406e+00
-3.248968601226806641e+00
-1.079409837722778320e+00
-1.418722867965698242e+00
2.689937651157379150e-01
2.164661407470703125e+00
1.009887337684631348e+00
1.711550541222095490e-02
9.720464050769805908e-02
-1.151512145996093750e+00
-2.294381111860275269e-01
-4.890318512916564941e-01
-9.756809473037719727e-01
-7.627009153366088867e-01
-9.012855887413024902e-01
-3.479818999767303467e-01
5.584390163421630859e-01
9.414082765579223633e-01
2.369186401367187500e+00
2.731523036956787109e+00
3.592563390731811523e+00
4.363528728485107422e+00
2.700784444808959961e+00
-2.372028827667236328e-01
-4.641743659973144531e+00
-8.551548004150390625e+00
-5.044949531555175781e+00
-4.437760353088378906e+00
-4.256702423095703125e+00
-4.452649116516113281e+00
-3.085338115692138672e+00
-1.779974818229675293e+00
-2.296968460083007812e+00
-4.669399738311767578e+00
-5.807116985321044922e+00
-7.619145393371582031e+00
-6.762765407562255859e+00
-8.554726600646972656e+00
-2.823452711105346680e+00
-2.131810426712036133e+00
-1.676639467477798462e-01
1.194223403930664062e+00
4.863785743713378906e+00
6.098206043243408203e+00
6.717867851257324219e+00
7.039039134979248047e+00
6.449127674102783203e+00
6.281899929046630859e+00
5.819111824035644531e+00
4.661405563354492188e+00
2.655698060989379883e+00
2.640464067459106445e+00
2.691811084747314453e+00
2.816073656082153320e+00
3.455160856246948242e+00
4.281837940216064453e+00
4.737181186676025391e+00
4.224155426025390625e+00
5.242267131805419922e+00
5.484976768493652344e+00
5.905710697174072266e+00
7.299149036407470703e+00
7.989214420318603516e+00
7.060114383697509766e+00
7.189923763275146484e+00
7.141880989074707031e+00
3.498496055603027344e+00
-1.059023857116699219e+00
-4.640140056610107422e+00
-8.203458786010742188e+00
-6.396781444549560547e+00
-2.602140903472900391e+00
2.137274593114852905e-01
2.477746486663818359e+00
4.441843509674072266e+00
5.281511783599853516e+00
5.489192008972167969e+00
4.861788749694824219e+00
4.895140647888183594e+00
3.887455940246582031e+00
4.547224521636962891e+00
6.369359016418457031e+00
6.674238204956054688e+00
6.660605430603027344e+00
6.930602073669433594e+00
6.277364730834960938e+00
9.238571166992187500e+00
1.026501560211181641e+01
1.010350704193115234e+01
1.004022884368896484e+01
8.444286346435546875e+00
7.872543811798095703e+00
8.166007995605468750e+00
8.389069557189941406e+00
9.040063858032226562e+00
8.253834724426269531e+00
9.000696182250976562e+00
8.172883033752441406e+00
7.019909858703613281e+00
4.934163093566894531e+00
3.575997352600097656e+00
1.173196434974670410e-01
-1.599607825279235840e+00
-2.524097681045532227e+00
-4.773228764533996582e-01
-2.177240848541259766e+00
2.966269254684448242e-01
1.517242550849914551e+00
2.121276855468750000e+00
2.514919936656951904e-01
-3.039809763431549072e-01
-1.390276432037353516e+00
-2.295243024826049805e+00
-5.379382133483886719e+00
-7.186357498168945312e+00
-7.724723339080810547e+00
-6.393009185791015625e+00
-7.307219028472900391e+00
-4.827458858489990234e+00
-3.926831007003784180e+00
-2.978405714035034180e+00
-3.917833805084228516e+00
-1.337179183959960938e+00
1.998788833618164062e+00
3.406599044799804688e+00
3.478110551834106445e+00
2.045698881149291992e+00
2.680102109909057617e+00
2.475947380065917969e+00
1.043461084365844727e+00
-8.718047291040420532e-03
-8.266932517290115356e-02
-9.491814970970153809e-01
-1.085350513458251953e+00
-1.885183095932006836e+00
-2.636256933212280273e+00
-3.641945600509643555e+00
-2.808588504791259766e+00
-7.901368141174316406e-01
3.142199754714965820e+00
5.543347835540771484e+00
7.222708225250244141e+00
8.041053771972656250e+00
6.843906402587890625e+00
7.744558334350585938e+00
6.181622982025146484e+00
3.634640693664550781e+00
9.601672887802124023e-01
-7.687648385763168335e-02
-2.890428304672241211e-01
-9.265276193618774414e-01
-2.105089664459228516e+00
-9.880798459053039551e-01
1.597947478294372559e+00
6.538880825042724609e+00
7.995722293853759766e+00
7.593058109283447266e+00
6.268194675445556641e+00
5.700544357299804688e+00
3.841901540756225586e+00
8.485007882118225098e-01
3.390996158123016357e-01
-6.650359034538269043e-01
-5.371987819671630859e-01
-2.585256099700927734e-01
-1.905174255371093750e+00
3.950314223766326904e-01
4.028431892395019531e+00
5.952644824981689453e+00
6.688189029693603516e+00
5.344936847686767578e+00
4.846456050872802734e+00
5.348362922668457031e+00
5.569650173187255859e+00
4.823555946350097656e+00
4.941260814666748047e+00
5.118918418884277344e+00
6.098131179809570312e+00
6.698787689208984375e+00
7.452425956726074219e+00
6.637236595153808594e+00
6.279510021209716797e+00
4.211831569671630859e+00
2.623282909393310547e+00
6.005914211273193359e-01
-3.952368497848510742e-01
-2.883549928665161133e+00
-4.183465957641601562e+00
-3.898360490798950195e+00
-6.107408046722412109e+00
-4.339578151702880859e+00
-3.189831733703613281e+00
-1.382018685340881348e+00
-7.111322283744812012e-01
-2.698672294616699219e+00
-6.999532222747802734e+00
-7.821525573730468750e+00
-8.045621871948242188e+00
-6.457763671875000000e+00
-5.330279350280761719e+00
-5.640455245971679688e+00
-8.778923988342285156e+00
-8.856644630432128906e+00
-7.593065261840820312e+00
-3.959837436676025391e+00
-8.321905732154846191e-01
2.629543542861938477e-01
-9.984576702117919922e-01
-9.181957840919494629e-01
-4.614898204803466797e+00
-4.220146656036376953e+00
-5.592633247375488281e+00
-5.023922443389892578e+00
-4.964687824249267578e+00
-3.108288049697875977e+00
-3.791376590728759766e+00
-2.795227289199829102e+00
-5.496693611145019531e+00
-4.639894008636474609e+00
-2.574408769607543945e+00
-1.205644845962524414e+00
-8.594787120819091797e-01
3.085824847221374512e-01
2.624244213104248047e+00
4.780393600463867188e+00
5.949489116668701172e+00
6.464213371276855469e+00
5.911008834838867188e+00
7.030483722686767578e+00
6.266049385070800781e+00
5.800970077514648438e+00
3.084788322448730469e+00
2.527688264846801758e+00
4.425476074218750000e+00
5.544188499450683594e+00
4.792224407196044922e+00
3.968111276626586914e+00
1.328247785568237305e+00
-5.514220595359802246e-01
-1.396488308906555176e+00
-1.084536835551261902e-01
6.704260706901550293e-01
4.102234840393066406e+00
6.692848205566406250e+00
8.700428009033203125e+00
9.908175468444824219e+00
9.607194900512695312e+00
7.968286514282226562e+00
6.019891738891601562e+00
4.603896141052246094e+00
3.809437274932861328e+00
4.976584911346435547e+00
4.334022998809814453e+00
3.518463373184204102e+00
2.150610685348510742e+00
1.512509822845458984e+00
2.432094335556030273e+00
2.369014263153076172e+00
2.288924455642700195e+00
6.136930942535400391e+00
5.476299285888671875e+00
2.939473628997802734e+00
7.588964104652404785e-01
6.099337339401245117e-02
1.556091547012329102e+00
4.010140895843505859e+00
5.767988681793212891e+00
7.605456352233886719e+00
7.782841205596923828e+00
7.352024555206298828e+00
7.224459648132324219e+00
6.482875347137451172e+00
6.535331249237060547e+00
6.612412929534912109e+00
3.483928203582763672e+00
3.165691137313842773e+00
7.801944017410278320e-01
1.061529994010925293e+00
1.575985252857208252e-01
-6.019552350044250488e-01
-2.526340961456298828e+00
-1.581588387489318848e+00
6.309607625007629395e-01
2.058442831039428711e+00
1.468508481979370117e+00
-1.806547999382019043e+00
-2.459759712219238281e+00
-3.972335577011108398e+00
-4.512032508850097656e+00
-8.691588401794433594e+00
-8.919308662414550781e+00
-9.818161010742187500e+00
-1.089070320129394531e+01
-9.156543731689453125e+00
-8.452774047851562500e+00
-6.340527534484863281e+00
-2.279984235763549805e+00
-2.017555952072143555e+00
-2.870288848876953125e+00
-3.336453437805175781e+00
-1.726828813552856445e+00
-8.229464888572692871e-01
1.701578378677368164e+00
2.143437623977661133e+00
3.476902723312377930e+00
2.888497352600097656e+00
3.238976716995239258e+00
3.092134475708007812e+00
2.092928647994995117e+00
-8.885660022497177124e-02
1.856457114219665527e+00
2.756962299346923828e+00
4.798044204711914062e+00
5.952915668487548828e+00
5.846178531646728516e+00
6.049250602722167969e+00
6.074714183807373047e+00
5.519906044006347656e+00
5.519092559814453125e+00
4.802800178527832031e+00
3.704747438430786133e+00
1.936447858810424805e+00
8.327738642692565918e-01
-1.820524930953979492e+00
-3.268984317779541016e+00
-2.514705896377563477e+00
-1.682064175605773926e+00
-1.358970284461975098e+00
-2.512043118476867676e-01
8.773665428161621094e-01
3.370240211486816406e+00
5.202062606811523438e+00
6.208222389221191406e+00
5.002838611602783203e+00
2.213370561599731445e+00
2.478658676147460938e+00
1.973768353462219238e+00
5.429586768150329590e-01
-7.269085049629211426e-01
-2.422635793685913086e+00
-3.679982185363769531e+00
-4.074141502380371094e+00
-2.421305894851684570e+00
-4.326907157897949219e+00
-4.660205841064453125e+00
-4.654609203338623047e+00
-2.273575067520141602e+00
-1.821954250335693359e+00
-3.129561662673950195e+00
-4.214821815490722656e+00
-1.841527342796325684e+00
-1.475320339202880859e+00
-2.140067964792251587e-01
1.981976628303527832e-01
2.724891901016235352e+00
4.274024009704589844e+00
6.493918895721435547e+00
6.126355648040771484e+00
7.505350589752197266e+00
8.264780998229980469e+00
9.263542175292968750e+00
1.041274356842041016e+01
1.041321372985839844e+01
9.567336082458496094e+00
8.367450714111328125e+00
8.113107681274414062e+00
6.145311355590820312e+00
2.825785875320434570e+00
7.197269797325134277e-01
-2.188359260559082031e+00
-8.403249979019165039e-01
-9.915553927421569824e-01
-2.525527477264404297e+00
-1.679598212242126465e+00
-6.928415894508361816e-01
7.770638465881347656e-01
-8.156747221946716309e-01
1.217493176460266113e+00
1.732416272163391113e+00
1.429610133171081543e+00
1.807550311088562012e+00
2.613373041152954102e+00
2.724694490432739258e+00
1.036263227462768555e+00
1.812061667442321777e+00
1.890893578529357910e+00
4.481801986694335938e+00
8.929355621337890625e+00
9.448814392089843750e+00
9.350805282592773438e+00
9.383542060852050781e+00
9.140735626220703125e+00
9.403903007507324219e+00
9.594697952270507812e+00
9.081029891967773438e+00
8.115498542785644531e+00
7.090854167938232422e+00
6.533088207244873047e+00
6.010673046112060547e+00
5.690635204315185547e+00
6.562224864959716797e+00
7.614305019378662109e+00
8.684453964233398438e+00
1.014265060424804688e+01
8.651743888854980469e+00
7.876044750213623047e+00
7.123121261596679688e+00
7.908435821533203125e+00
6.653086662292480469e+00
5.511056423187255859e+00
3.253495693206787109e+00
-1.207912683486938477e+00
-4.695948600769042969e+00
-3.223603010177612305e+00
-3.465029299259185791e-01
1.946776151657104492e+00
3.131821632385253906e+00
3.514445543289184570e+00
1.660412192344665527e+00
6.002956628799438477e-01
4.437906667590141296e-02
-1.012779712677001953e+00
-1.852003455162048340e+00
-5.516044616699218750e+00
-9.938059806823730469e+00
-1.363523006439208984e+01
-1.307110595703125000e+01
-7.035595893859863281e+00
-2.736757278442382812e+00
-1.245134711265563965e+00
-1.293843746185302734e+00
-4.136507987976074219e+00
-8.298930168151855469e+00
-9.979990005493164062e+00
-8.271000862121582031e+00
-4.952018260955810547e+00
-1.570569634437561035e+00
-1.539386987686157227e+00
-1.135045528411865234e+00
1.009196996688842773e+00
4.351351737976074219e+00
7.970898151397705078e+00
1.097359466552734375e+01
9.055468559265136719e+00
7.361811637878417969e+00
4.515079975128173828e+00
2.133379697799682617e+00
1.622105360031127930e+00
3.077984809875488281e+00
2.805129289627075195e+00
3.260644674301147461e+00
4.258790493011474609e+00
3.111484289169311523e+00
-1.182940959930419922e+00
-4.885337829589843750e+00
-5.334814071655273438e+00
-3.022381544113159180e+00
-2.647201538085937500e+00
-1.175718665122985840e+00
-5.959652662277221680e-01
-3.077253103256225586e+00
-4.148586094379425049e-01
6.054056644439697266e+00
7.707139492034912109e+00
6.728787422180175781e+00
4.685292243957519531e+00
1.407671332359313965e+00
-2.014991521835327148e+00
-5.891347885131835938e+00
-1.147536182403564453e+01
-8.862909317016601562e+00
-2.317231178283691406e+00
-1.424146294593811035e+00
-2.102106809616088867e+00
-2.697464227676391602e+00
-2.981806993484497070e+00
-2.899696588516235352e+00
-3.126382589340209961e+00
-9.501306533813476562e+00
-4.761001110076904297e+00
2.211078405380249023e+00
1.967679858207702637e+00
2.450187206268310547e+00
2.789821386337280273e+00
-4.894016087055206299e-01
-4.234172344207763672e+00
-6.347848892211914062e+00
-4.815701007843017578e+00
-6.411446094512939453e+00
-7.749398708343505859e+00
-5.636855602264404297e+00
-5.873623847961425781e+00
-5.719508171081542969e+00
-3.004411697387695312e+00
7.692741751670837402e-01
1.160970211029052734e+00
1.566322088241577148e+00
1.102769970893859863e+00
1.870162725448608398e+00
1.669236779212951660e+00
1.498730182647705078e+00
7.117649316787719727e-01
9.000694751739501953e-01
-7.482556104660034180e-01
-3.700391769409179688e+00
-4.598999500274658203e+00
-2.955479860305786133e+00
-4.477471828460693359e+00
-5.858512401580810547e+00
-4.810425281524658203e+00
-5.984279632568359375e+00
-6.999310016632080078e+00
-4.601513385772705078e+00
-2.996449232101440430e+00
-7.163975715637207031e+00
-8.403276443481445312e+00
-6.980182647705078125e+00
-5.654826164245605469e+00
-7.089630126953125000e+00
-6.735256195068359375e+00
-3.595208883285522461e+00
-2.436785936355590820e+00
-1.255241394042968750e+00
-2.828259229660034180e+00
-3.365072250366210938e+00
-1.819711685180664062e+00
5.947492122650146484e-01
1.566715836524963379e+00
2.692402601242065430e-01
1.144158124923706055e+00
1.470603942871093750e+00
2.857190847396850586e+00
2.672953367233276367e+00
1.197427749633789062e+00
-2.209583044052124023e+00
-3.569300651550292969e+00
-4.389296531677246094e+00
-3.259814977645874023e+00
-2.066265106201171875e+00
-1.390300989151000977e+00
-1.104725718498229980e+00
-9.837165474891662598e-01
1.900876313447952271e-01
1.078267574310302734e+00
3.379828691482543945e+00
4.729784965515136719e+00
5.704118728637695312e+00
5.709024906158447266e+00
4.312651634216308594e+00
6.681829094886779785e-01
-2.865975141525268555e+00
-3.877801179885864258e+00
-3.430518627166748047e+00
-3.122560501098632812e+00
-4.623377799987792969e+00
-5.502067089080810547e+00
-5.751158714294433594e+00
-6.030942916870117188e+00
-2.644687891006469727e+00
-1.588958621025085449e+00
2.269154548645019531e+00
3.073868751525878906e+00
2.523991107940673828e+00
-8.156006336212158203e-01
-1.703583598136901855e+00
-2.902875661849975586e+00
-2.666749715805053711e+00
-3.125026464462280273e+00
1.030840039253234863e+00
2.325480937957763672e+00
5.220377922058105469e+00
6.239377021789550781e+00
6.526826858520507812e+00
4.248929023742675781e+00
1.434096574783325195e+00
-2.238966226577758789e+00
-5.238358497619628906e+00
-5.417343616485595703e+00
-3.903092384338378906e+00
2.191209554672241211e+00
6.203857898712158203e+00
9.099271774291992188e+00
9.849113464355468750e+00
8.219966888427734375e+00
6.398126602172851562e+00
7.630081653594970703e+00
1.097793292999267578e+01
7.720771789550781250e+00
8.967615127563476562e+00
1.044866275787353516e+01
1.075619983673095703e+01
8.093633651733398438e+00
4.996060371398925781e+00
1.031678199768066406e+00
-2.419431924819946289e+00
-3.349073410034179688e+00
-9.331586956977844238e-01
-3.450239077210426331e-02
-3.579111814498901367e+00
1.099294543266296387e+00
3.213266432285308838e-01
2.979333102703094482e-01
1.146130084991455078e+00
-6.137130036950111389e-02
-3.612784862518310547e+00
-6.170094966888427734e+00
-6.651566982269287109e+00
-3.163160085678100586e+00
7.117403298616409302e-02
2.547679662704467773e+00
4.324581146240234375e+00
4.362715721130371094e+00
3.136332750320434570e+00
3.672331809997558594e+00
5.143839359283447266e+00
5.404517650604248047e+00
7.691018104553222656e+00
8.139187812805175781e+00
9.329830169677734375e+00
9.334733009338378906e+00
8.501080513000488281e+00
7.198575973510742188e+00
6.140703201293945312e+00
5.794116973876953125e+00
4.230983734130859375e+00
5.516675949096679688e+00
8.671933174133300781e+00
1.066551208496093750e+01
8.909612655639648438e+00
8.093905448913574219e+00
6.795959472656250000e+00
5.359801769256591797e+00
2.029947042465209961e+00
-2.502281904220581055e+00
-3.659990072250366211e+00
-1.456881761550903320e+00
-5.512938499450683594e+00
-9.045565605163574219e+00
-8.907599449157714844e+00
-3.631961822509765625e+00
-3.468678236007690430e+00
-1.212694525718688965e+00
-9.141287803649902344e-01
-1.779038429260253906e+00
-2.475634813308715820e+00
1.940810121595859528e-02
2.648278474807739258e+00
4.335353672504425049e-01
-3.869887828826904297e+00
-6.318094253540039062e+00
-8.766253471374511719e+00
-7.462960720062255859e+00
-2.230831384658813477e+00
2.791152715682983398e+00
3.019810438156127930e+00
4.911927878856658936e-01
-2.511551082134246826e-01
-1.566773176193237305e+00
-2.007153272628784180e+00
-5.093510627746582031e+00
-8.466332435607910156e+00
-1.023184490203857422e+01
-6.248507976531982422e+00
-2.383688688278198242e+00
5.260977745056152344e-01
-5.652508735656738281e-01
-1.587800502777099609e+00
-2.891191959381103516e+00
-7.379001617431640625e+00
-1.133849906921386719e+01
-9.030038833618164062e+00
-7.623582839965820312e+00
-5.436964035034179688e+00
-4.263457775115966797e+00
-9.295894622802734375e+00
-1.422366142272949219e+01
-1.641079711914062500e+01
-1.796883201599121094e+01
-1.587001609802246094e+01
-1.246155071258544922e+01
-5.937369346618652344e+00
5.012255534529685974e-02
-6.851998567581176758e-01
-2.307863950729370117e+00
1.110559463500976562e+00
-6.862575054168701172e+00
-1.185500335693359375e+01
-9.049856185913085938e+00
-3.295114040374755859e+00
3.367898225784301758e+00
7.691510677337646484e+00
1.044809341430664062e+01
5.895528316497802734e+00
1.893433332443237305e+00
-1.532435059547424316e+00
-3.604106664657592773e+00
-3.923404455184936523e+00
-4.296932220458984375e+00
-6.086332798004150391e+00
-9.507294654846191406e+00
-9.991823196411132812e+00
-9.629756927490234375e+00
-6.162576675415039062e+00
-4.699178695678710938e+00
-2.125155210494995117e+00
-5.577325224876403809e-01
1.431902527809143066e+00
2.123076438903808594e+00
3.189922332763671875e+00
3.211294651031494141e+00
9.325589537620544434e-01
-6.101318836212158203e+00
-7.737492084503173828e+00
-3.983798265457153320e+00
-2.016372919082641602e+00
3.368063271045684814e-02
3.212279379367828369e-01
-2.188703536987304688e+00
-3.132544517517089844e+00
2.743133544921875000e+00
3.041107416152954102e+00
4.217056751251220703e+00
3.410248041152954102e+00
6.878785490989685059e-01
-2.162550449371337891e+00
-4.525516033172607422e+00
-4.708717823028564453e+00
-5.013200283050537109e+00
-5.059370994567871094e+00
-7.568686008453369141e+00
-1.005453586578369141e+01
-1.231734657287597656e+01
-1.253641414642333984e+01
-1.113382911682128906e+01
-5.953022956848144531e+00
1.633740425109863281e+00
4.571233749389648438e+00
1.305618524551391602e+00
-2.664629936218261719e+00
-4.947013378143310547e+00
-4.365140438079833984e+00
-3.819601297378540039e+00
-1.957014679908752441e+00
-6.589226126670837402e-01
2.193798303604125977e+00
4.456511020660400391e+00
4.242372512817382812e+00
3.291728734970092773e+00
2.297576427459716797e+00
-3.563629090785980225e-02
-2.154932737350463867e+00
-3.260110616683959961e+00
5.901518821716308594e+00
5.313162803649902344e+00
4.738511085510253906e+00
3.836084365844726562e+00
2.477475643157958984e+00
-1.916069984436035156e+00
-3.846643209457397461e+00
9.417294710874557495e-02
4.024660110473632812e+00
3.037040472030639648e+00
1.989988684654235840e+00
-7.310743331909179688e-01
-2.214315652847290039e+00
-4.002851963043212891e+00
-4.126005649566650391e+00
-2.242762327194213867e+00
3.224974870681762695e+00
5.874181270599365234e+00
2.803527116775512695e+00
-2.167504549026489258e+00
-2.644095897674560547e+00
1.299086093902587891e+00
-2.233247160911560059e-01
-7.417604446411132812e+00
-7.346487998962402344e+00
-1.012195491790771484e+01
-6.829271316528320312e+00
2.859064102172851562e+00
-1.454096436500549316e+00
4.830458164215087891e+00
8.252875328063964844e+00
1.011770343780517578e+01
9.824167251586914062e+00
8.125530242919921875e+00
8.113106727600097656e+00
8.005311965942382812e+00
6.754251956939697266e+00
5.748218059539794922e+00
4.389585852622985840e-01
3.457946300506591797e+00
8.043543815612792969e+00
7.393832206726074219e+00
4.495458126068115234e+00
1.552566647529602051e+00
-7.748536467552185059e-01
3.773027896881103516e+00
-2.279343642294406891e-02
-2.934158086776733398e+00
-4.187385559082031250e+00
-2.236476182937622070e+00
5.546233177185058594e+00
5.106000423431396484e+00
1.274361610412597656e+00
6.593579649925231934e-01
3.851711452007293701e-01
2.562322139739990234e+00
6.073185443878173828e+00
7.085011959075927734e+00
9.291324615478515625e+00
9.227872848510742188e+00
8.978953361511230469e+00
8.442165374755859375e+00
6.557861328125000000e+00
5.898045063018798828e+00
6.391151905059814453e+00
6.784130573272705078e+00
1.972757697105407715e+00
-5.869433283805847168e-01
2.442446947097778320e+00
4.358525753021240234e+00
3.181467771530151367e+00
3.787621259689331055e-01
-3.672117471694946289e+00
-3.020236015319824219e+00
-2.155401468276977539e+00
-4.112596035003662109e+00
9.423942565917968750e-01
2.447525501251220703e+00
1.978205323219299316e+00
-2.226690292358398438e+00
-6.316295623779296875e+00
-7.675446987152099609e+00
-5.835167407989501953e+00
-5.364961147308349609e+00
-7.244679927825927734e+00
-9.615952491760253906e+00
-6.476499557495117188e+00
-4.814444065093994141e+00
1.740402728319168091e-01
2.066601991653442383e+00
4.253908634185791016e+00
5.504475593566894531e+00
4.393775463104248047e+00
3.234244346618652344e+00
-4.797137677669525146e-01
-7.625702381134033203e+00
-1.371399116516113281e+01
-1.723362922668457031e+01
-1.756695365905761719e+01
-1.626632118225097656e+01
-1.619234466552734375e+01
-9.995792388916015625e+00
-4.874418735504150391e+00
5.418741106986999512e-01
4.058874130249023438e+00
3.817645311355590820e+00
3.307997941970825195e+00
3.520805120468139648e+00
1.844428777694702148e-01
-1.173327922821044922e+00
-3.322402715682983398e+00
-8.620396614074707031e+00
-8.436752319335937500e+00
9.373657107353210449e-01
6.114696502685546875e+00
1.366678237915039062e+00
-6.942121028900146484e+00
-8.329225540161132812e+00
-1.011186981201171875e+01
-8.721981048583984375e+00
-7.455393791198730469e+00
-7.474054813385009766e+00
-5.598598480224609375e+00
-6.766731262207031250e+00
-5.404378890991210938e+00
-5.958123683929443359e+00
-3.480953931808471680e+00
-1.767649650573730469e+00
-5.812000036239624023e-01
-5.066298484802246094e+00
-5.711546897888183594e+00
-4.210261344909667969e+00
-3.983773708343505859e+00
-3.224687814712524414e+00
1.359800100326538086e-01
6.870402693748474121e-01
3.077737569808959961e+00
5.927968978881835938e+00
2.181448936462402344e+00
-3.956189155578613281e+00
-1.103049278259277344e+00
-1.893318444490432739e-01
-1.602689027786254883e-01
1.181823968887329102e+00
1.083197593688964844e+00
-2.620456457138061523e+00
3.870176553726196289e+00
2.194562435150146484e+00
-2.302835226058959961e+00
-8.078185081481933594e+00
3.032821603119373322e-02
-2.654818773269653320e+00
-2.276213169097900391e+00
-6.635987758636474609e+00
-4.718972682952880859e+00
-3.003795146942138672e+00
-7.136712074279785156e-01
-1.948584675788879395e+00
-2.806024551391601562e+00
-4.054667472839355469e+00
-4.002556324005126953e+00
6.769823282957077026e-02
6.411216735839843750e+00
1.016747283935546875e+01
1.028066825866699219e+01
6.474272251129150391e+00
3.042019128799438477e+00
-1.635153651237487793e+00
-4.272158622741699219e+00
-5.816410064697265625e+00
-6.605123996734619141e+00
-4.257663726806640625e+00
-2.500507831573486328e+00
-4.032359123229980469e+00
-4.169810771942138672e+00
-3.765813827514648438e+00
-2.880074739456176758e+00
-2.783223152160644531e+00
-2.689353704452514648e+00
-3.083983421325683594e+00
-4.308074951171875000e+00
-6.525726318359375000e+00
-5.863564968109130859e+00
-1.498171210289001465e+00
-1.593149423599243164e+00
-1.857747316360473633e+00
-3.190867900848388672e+00
-1.978336691856384277e+00
-2.035131692886352539e+00
-4.722595691680908203e+00
1.979018926620483398e+00
3.882229804992675781e+00
-1.805685520172119141e+00
-3.177679538726806641e+00
-2.586488485336303711e+00
-2.781103134155273438e+00
-5.532265186309814453e+00
-6.357091903686523438e+00
-2.718860864639282227e+00
-7.991834878921508789e-01
-1.772530913352966309e+00
-4.083878040313720703e+00
-6.432151794433593750e+00
-6.895015239715576172e+00
-6.341119289398193359e+00
-7.252322673797607422e+00
-8.211052894592285156e+00
-8.926259040832519531e+00
-7.764928817749023438e+00
-7.125052928924560547e+00
-4.907794952392578125e+00
-3.500822305679321289e+00
-7.018882751464843750e+00
-5.015812873840332031e+00
-9.680637121200561523e-01
3.327891230583190918e-01
1.443019986152648926e+00
5.254321575164794922e+00
7.144839763641357422e+00
6.646628856658935547e+00
7.020819187164306641e+00
6.840231895446777344e+00
6.387552261352539062e+00
7.039185047149658203e+00
8.086682319641113281e+00
8.365453720092773438e+00
4.681519508361816406e+00
1.025910139083862305e+00
-2.946113109588623047e+00
-6.662363529205322266e+00
-9.139065742492675781e+00
-1.257982444763183594e+01
-1.005801010131835938e+01
-5.796246051788330078e+00
-4.872987270355224609e+00
-4.743746757507324219e+00
-6.447978615760803223e-01
4.707748889923095703e+00
7.555466175079345703e+00
6.874028682708740234e+00
5.031679153442382812e+00
3.312631368637084961e+00
5.022854804992675781e-01
-3.093103885650634766e+00
-3.738230943679809570e+00
-5.050594806671142578e+00
-2.836098670959472656e+00
-1.780245542526245117e+00
-2.643603086471557617e+00
-5.677997589111328125e+00
-7.057779788970947266e+00
-6.539578437805175781e+00
-5.018178939819335938e+00
-3.857193231582641602e+00
-1.890852928161621094e+00
-2.631155014038085938e+00
-4.791838169097900391e+00
-7.986708641052246094e+00
-4.520609855651855469e+00
-6.507287979125976562e+00
-4.858420372009277344e+00
-1.728554248809814453e+00
2.118786573410034180e+00
5.696723461151123047e+00
5.510143756866455078e+00
3.315762996673583984e+00
1.328469514846801758e+00
-2.224249601364135742e+00
-1.018301367759704590e+00
-3.869395256042480469e+00
-2.856089830398559570e+00
-4.528153896331787109e+00
-4.697896003723144531e+00
-6.608427524566650391e+00
-7.538462638854980469e+00
-8.806311607360839844e+00
-7.655950069427490234e+00
-6.725789546966552734e+00
-7.190794944763183594e+00
-6.515964984893798828e+00
-1.048039627075195312e+01
-9.728433609008789062e+00
-7.947883605957031250e+00
-5.506207942962646484e+00
-1.108719110488891602e+00
1.701307058334350586e+00
3.653991937637329102e+00
1.404170751571655273e+00
8.609493970870971680e-01
-1.075317621231079102e+00
5.219318270683288574e-01
1.869028806686401367e+00
3.379015445709228516e+00
4.059614181518554688e+00
4.604438781738281250e+00
4.060181617736816406e+00
4.105636119842529297e+00
3.081583976745605469e+00
2.325062036514282227e+00
7.245832085609436035e-01
1.102991938591003418e+00
2.062781333923339844e+00
2.798202276229858398e+00
2.300263166427612305e+00
3.353108167648315430e+00
4.274073123931884766e+00
4.905740737915039062e+00
5.551557540893554688e+00
7.379018306732177734e+00
8.244863510131835938e+00
7.018529415130615234e+00
4.098117828369140625e+00
2.969251871109008789e+00
1.667782545089721680e+00
2.829902887344360352e+00
2.177800178527832031e+00
3.215214014053344727e+00
4.584225177764892578e+00
4.361335754394531250e+00
2.608319997787475586e+00
2.173239946365356445e+00
-4.191230535507202148e-01
5.142409801483154297e-01
5.411839485168457031e-01
1.471121668815612793e+00
5.747331380844116211e-01
1.838536024093627930e+00
3.300529003143310547e+00
4.169357776641845703e+00
5.085368156433105469e+00
3.924801111221313477e+00
1.976184248924255371e+00
1.291271746158599854e-01
-1.790007591247558594e+00
2.641252517700195312e+00
2.584063529968261719e+00
2.694571971893310547e+00
1.902602791786193848e+00
3.047788143157958984e+00
4.369691848754882812e+00
4.867358684539794922e+00
5.704192161560058594e+00
6.049643993377685547e+00
7.566458702087402344e+00
7.793983459472656250e+00
8.622336387634277344e+00
7.276717662811279297e+00
5.703403949737548828e+00
6.918274879455566406e+00
9.486037254333496094e+00
9.324873924255371094e+00
8.971089363098144531e+00
9.180078506469726562e+00
9.056924819946289062e+00
7.347513198852539062e+00
5.703651905059814453e+00
5.323120594024658203e+00
5.745236396789550781e+00
5.159245491027832031e+00
4.627067565917968750e+00
4.624552726745605469e+00
4.921417713165283203e+00
4.753845691680908203e+00
2.707316160202026367e+00
2.559389352798461914e+00
1.632039666175842285e+00
9.775705337524414062e-01
7.299321293830871582e-01
2.351487278938293457e-01
3.394447267055511475e-01
1.012229084968566895e+00
-3.964447677135467529e-01
7.183958888053894043e-01
1.376562237739562988e+00
1.033256053924560547e+00
-9.159277379512786865e-02
3.503647744655609131e-01
-2.735253334045410156e+00
-7.322824746370315552e-02
1.620429039001464844e+00
2.276722669601440430e+00
2.107645034790039062e+00
2.187118291854858398e+00
3.448949098587036133e+00
3.002479791641235352e+00
2.899762392044067383e+00
2.931684494018554688e+00
4.265002727508544922e+00
4.975944995880126953e+00
6.341111660003662109e+00
6.166734695434570312e+00
4.671043395996093750e+00
3.902738809585571289e+00
4.602097511291503906e+00
3.990864515304565430e+00
3.379212379455566406e+00
2.104465007781982422e+00
1.573297500610351562e+00
-8.264223933219909668e-01
-3.435571670532226562e+00
-6.376738548278808594e+00
-7.389230251312255859e+00
-5.927336692810058594e+00
-3.688707590103149414e+00
-2.001828670501708984e+00
-2.303476810455322266e+00
-1.791363477706909180e+00
-5.427203774452209473e-01
3.926156163215637207e-01
7.682144045829772949e-01
1.066854476928710938e+00
-3.469958528876304626e-02
9.977590441703796387e-01
1.363744139671325684e+00
4.363727092742919922e+00
3.816511631011962891e+00
4.842585563659667969e+00
5.402298450469970703e+00
5.239902019500732422e+00
3.838598966598510742e+00
4.922034740447998047e+00
5.171225547790527344e+00
3.574395656585693359e+00
1.995362401008605957e+00
1.656049251556396484e+00
1.256711840629577637e+00
2.099263668060302734e+00
3.186176300048828125e+00
5.469223976135253906e+00
5.114751815795898438e+00
5.428009986877441406e+00
4.288863658905029297e+00
4.307524204254150391e+00
5.510859966278076172e+00
4.523610115051269531e+00
2.145409345626831055e+00
2.977608144283294678e-01
6.562274694442749023e-01
-2.513842821121215820e+00
-2.788843154907226562e+00
-7.243695855140686035e-01
7.450184226036071777e-02
3.096424341201782227e+00
4.497505187988281250e+00
4.659556388854980469e+00
4.919790744781494141e+00
4.498366355895996094e+00
4.459149360656738281e+00
4.159522533416748047e+00
3.972079992294311523e+00
3.643096208572387695e+00
2.756321191787719727e+00
7.654287815093994141e-01
-5.029198169708251953e+00
-7.359846591949462891e+00
-9.666882514953613281e+00
-8.946053504943847656e+00
-8.228699684143066406e+00
-1.978016376495361328e+00
-1.118801161646842957e-01
-1.275356054306030273e+00
-4.292027473449707031e+00
-4.621109962463378906e+00
-4.812866210937500000e+00
-3.275244951248168945e+00
-1.928469181060791016e+00
1.087733268737792969e+00
4.507635593414306641e+00
5.415709018707275391e+00
3.411603689193725586e+00
1.744174361228942871e+00
-2.575937747955322266e+00
-5.195589065551757812e+00
-2.257108926773071289e+00
-1.782144606113433838e-01
5.669435262680053711e-01
3.958153247833251953e+00
5.377304553985595703e+00
5.010949611663818359e+00
2.250075578689575195e+00
-2.011393308639526367e+00
-4.269348621368408203e+00
3.793293535709381104e-01
1.554883718490600586e+00
1.202628731727600098e+00
1.842258095741271973e+00
3.710096120834350586e+00
3.511437416076660156e+00
4.369149684906005859e+00
3.786832571029663086e+00
2.805005788803100586e+00
4.981935024261474609e-01
-2.143667697906494141e+00
-6.941527843475341797e+00
-6.943648815155029297e+00
-2.958709001541137695e+00
-2.466317176818847656e+00
-3.383436799049377441e-01
-3.229371309280395508e-01
1.305322647094726562e-01
-7.754945755004882812e-01
-1.342133641242980957e+00
-1.766195297241210938e+00
-2.251488208770751953e+00
-1.610675692558288574e+00
-3.616136312484741211e-01
1.516552448272705078e+00
3.046259880065917969e+00
3.147992372512817383e+00
3.376920461654663086e+00
1.623411893844604492e+00
-8.363564610481262207e-01
-2.495133399963378906e+00
-4.289389610290527344e+00
-3.728936433792114258e+00
-2.580572128295898438e+00
-6.047656536102294922e-01
6.295801401138305664e-01
2.523078203201293945e+00
1.971180200576782227e+00
2.785285234451293945e+00
3.082840919494628906e+00
4.656598091125488281e+00
3.830611705780029297e+00
3.264045476913452148e+00
4.949199676513671875e+00
4.577347278594970703e+00
1.920843839645385742e+00
1.301131993532180786e-01
-1.883605599403381348e+00
-2.922202348709106445e+00
-1.563741326332092285e+00
-1.242842078208923340e+00
-2.460597991943359375e+00
-9.338980317115783691e-01
1.203195929527282715e+00
2.479028463363647461e+00
3.580902814865112305e+00
4.813818454742431641e+00
4.218092441558837891e+00
4.891319751739501953e+00
5.329284191131591797e+00
5.847189426422119141e+00
4.916365146636962891e+00
5.342669963836669922e+00
5.371042251586914062e+00
4.919001102447509766e+00
1.908322095870971680e+00
1.566765308380126953e+00
2.129066228866577148e+00
1.488376855850219727e+00
9.387700259685516357e-02
4.696728885173797607e-01
-1.290862169116735458e-02
1.149038910865783691e+00
1.273819208145141602e+00
2.342070817947387695e+00
3.840497016906738281e+00
4.266506195068359375e+00
5.420170783996582031e+00
5.387705802917480469e+00
5.119607448577880859e+00
5.800354003906250000e+00
5.448123455047607422e+00
7.101478099822998047e+00
7.992270469665527344e+00
4.458654880523681641e+00
2.764899492263793945e+00
3.080844163894653320e+00
2.522339105606079102e+00
1.807698488235473633e+00
2.382522583007812500e+00
3.251152992248535156e+00
3.299665927886962891e+00
2.625969886779785156e+00
1.452116370201110840e+00
1.535236954689025879e+00
1.472773194313049316e+00
1.002196431159973145e+00
2.936194837093353271e-01
-3.753686845302581787e-01
-9.613097906112670898e-01
-1.384754538536071777e+00
-9.000287055969238281e-01
-9.704051539301872253e-03
-2.617177486419677734e+00
-2.089486122131347656e+00
-1.552352905273437500e+00
-2.193708181381225586e+00
-2.116084098815917969e+00
-9.958445429801940918e-01
-4.029524698853492737e-02
4.725323319435119629e-01
3.520903289318084717e-01
1.233195543289184570e+00
-9.787867963314056396e-02
1.459313750267028809e+00
2.504911422729492188e+00
3.021289110183715820e+00
2.947805881500244141e+00
3.189232349395751953e+00
4.434153556823730469e+00
4.588144779205322266e+00
5.581088542938232422e+00
6.200529098510742188e+00
8.192975044250488281e+00
9.147462844848632812e+00
6.648821353912353516e+00
5.741759300231933594e+00
3.124869823455810547e+00
1.674610733985900879e+00
1.637832164764404297e+00
1.055416584014892578e+00
2.013209342956542969e+00
1.358197689056396484e+00
1.685185909271240234e+00
3.308416604995727539e-01
3.339969515800476074e-01
-5.829499959945678711e-01
1.313482046127319336e+00
1.795767784118652344e+00
2.490614175796508789e+00
2.361790657043457031e+00
2.046708822250366211e+00
1.807526111602783203e+00
-6.829820573329925537e-02
1.283778190612792969e+00
2.751564085483551025e-01
1.971500754356384277e+00
1.671504616737365723e+00
2.811611890792846680e+00
1.908370733261108398e+00
3.422302007675170898e+00
2.705122232437133789e+00
2.603044986724853516e+00
3.765683770179748535e-01
-8.094874620437622070e-01
-1.008958816528320312e+00
-1.216268897056579590e+00
4.021306708455085754e-02
-5.627611875534057617e-01
-2.918677330017089844e+00
-3.688609004020690918e-01
6.508042812347412109e-01
1.679935336112976074e+00
2.419473171234130859e+00
3.016727924346923828e+00
3.099677324295043945e+00
2.543588399887084961e+00
2.658138990402221680e+00
2.075155735015869141e+00
-1.144289493560791016e+00
-3.030442595481872559e-01
-6.528335809707641602e-01
-3.779076337814331055e-01
1.856988994404673576e-03
1.437449157238006592e-01
-8.453044295310974121e-01
-9.985066205263137817e-02
2.407739639282226562e+00
2.513736724853515625e+00
3.322246313095092773e+00
2.796994209289550781e+00
2.797167062759399414e+00
2.569397211074829102e+00
2.538657426834106445e+00
1.939332008361816406e+00
2.850140810012817383e+00
2.951922178268432617e+00
4.615357875823974609e+00
4.504974365234375000e+00
3.923716545104980469e+00
4.591619014739990234e+00
7.070837020874023438e+00
7.534783840179443359e+00
8.656870841979980469e+00
9.006760597229003906e+00
6.733052730560302734e+00
4.524422883987426758e-01
-3.638815641403198242e+00
-2.616240739822387695e+00
1.897376894950866699e+00
