1.726993083953857422e+00
2.076856851577758789e+00
3.010639667510986328e+00
4.506156921386718750e+00
3.956748008728027344e+00
2.135056495666503906e+00
8.035138249397277832e-01
-2.904231548309326172e-01
-2.249836921691894531e+00
-4.741503238677978516e+00
-6.048814296722412109e+00
-8.416241645812988281e+00
-8.400662422180175781e+00
-6.408833980560302734e+00
-3.957939386367797852e+00
-1.079015254974365234e+00
-5.732131600379943848e-01
-9.023702740669250488e-01
-1.971238255500793457e+00
-3.454058885574340820e+00
-3.354472398757934570e+00
-3.843512058258056641e+00
-3.212461233139038086e+00
-3.772420883178710938e+00
-2.297979593276977539e+00
-1.603847742080688477e+00
-7.657329440116882324e-01
-1.850499749183654785e+00
-7.092340588569641113e-01
-5.008147358894348145e-01
6.937453746795654297e-01
2.438306093215942383e+00
4.178627014160156250e+00
4.313390254974365234e+00
4.659555912017822266e+00
5.600957870483398438e+00
6.959220409393310547e+00
6.762436866760253906e+00
5.994229316711425781e+00
5.306483268737792969e+00
3.620466470718383789e+00
2.046167135238647461e+00
2.600308656692504883e+00
5.891856193542480469e+00
7.673467636108398438e+00
7.420700550079345703e+00
7.274523258209228516e+00
6.858031749725341797e+00
6.722526550292968750e+00
4.732276439666748047e+00
4.934704303741455078e+00
3.858416795730590820e+00
3.948589086532592773e+00
3.525389194488525391e+00
4.411992073059082031e+00
2.728787183761596680e+00
8.520024269819259644e-02
-1.282775878906250000e+00
-6.303034424781799316e-01
-1.148209333419799805e+00
-1.244937539100646973e+00
-9.742263555526733398e-01
-2.494837760925292969e+00
-2.874208211898803711e+00
-1.058506250381469727e+00
1.257426857948303223e+00
1.067914366722106934e+00
3.089274764060974121e-01
-8.515656590461730957e-01
-2.200462073087692261e-01
3.836922645568847656e-01
-1.111652776598930359e-01
1.546009540557861328e+00
3.405614137649536133e+00
3.009654283523559570e+00
5.016986370086669922e+00
4.890506744384765625e+00
4.735233783721923828e+00
3.262911558151245117e+00
3.408817768096923828e+00
2.936441421508789062e+00
3.985711812973022461e+00
4.428088665008544922e+00
6.157933712005615234e+00
4.789809226989746094e+00
1.251559972763061523e+00
-6.226370334625244141e-01
-1.351032853126525879e+00
-9.873649477958679199e-01
-1.282479912042617798e-01
-5.864750146865844727e-01
3.454349189996719360e-02
-3.658043146133422852e-01
5.608302950859069824e-01
9.337667226791381836e-01
4.074058830738067627e-01
-8.932250142097473145e-01
-1.145053625106811523e+00
-1.818725228309631348e+00
-1.373415350914001465e+00
-1.014603614807128906e+00
2.556529283523559570e+00
2.518050193786621094e+00
3.967421531677246094e+00
3.944596052169799805e+00
4.533765792846679688e+00
5.001138210296630859e+00
6.693883419036865234e+00
5.698867321014404297e+00
4.612054824829101562e+00
3.978022098541259766e+00
3.152897357940673828e+00
2.080800533294677734e+00
3.205623924732208252e-01
-6.897602677345275879e-01
-2.126733064651489258e+00
-1.966135144233703613e+00
-5.951765179634094238e-01
1.199054598808288574e+00
2.107768297195434570e+00
3.142840385437011719e+00
3.993132591247558594e+00
4.573304653167724609e+00
5.018343925476074219e+00
4.395845413208007812e+00
7.406553030014038086e-01
-8.858297467231750488e-01
-1.454712390899658203e+00
-2.379103899002075195e+00
-7.364975810050964355e-01
-8.404483199119567871e-01
-2.686323225498199463e-01
-4.436995983123779297e-01
2.503333985805511475e-01
-6.547566056251525879e-01
2.810231447219848633e-01
-8.329053521156311035e-01
2.534393370151519775e-01
-1.511975824832916260e-01
1.041020750999450684e+00
1.089828491210937500e+00
1.915026307106018066e+00
1.546428322792053223e+00
3.168846368789672852e+00
2.558920860290527344e+00
2.217659950256347656e+00
1.940860033035278320e+00
2.223575830459594727e+00
1.808635234832763672e+00
3.099627733230590820e+00
4.077263355255126953e+00
4.754435539245605469e+00
4.379725456237792969e+00
3.343518972396850586e+00
2.319983720779418945e+00
1.198586583137512207e+00
-2.687233924865722656e+00
-3.673350334167480469e+00
-2.528658151626586914e+00
-1.198200106620788574e+00
-6.506155133247375488e-01
5.991616249084472656e-01
2.384198188781738281e+00
3.177202463150024414e+00
2.309877634048461914e+00
6.850437521934509277e-01
4.833785593509674072e-01
-8.244994282722473145e-01
1.954615265130996704e-01
-6.415439844131469727e-01
2.155515551567077637e-01
-1.247673869132995605e+00
-4.988673329353332520e-01
-8.095862269401550293e-01
2.727899253368377686e-01
-6.269507408142089844e-01
7.952558994293212891e-01
6.547976732254028320e-01
1.859982132911682129e+00
1.849752187728881836e+00
3.207645893096923828e+00
2.473679542541503906e+00
3.607179880142211914e+00
3.682610750198364258e+00
3.844933748245239258e+00
2.530424594879150391e+00
2.601738452911376953e+00
1.024603724479675293e+00
1.080042243003845215e+00
1.595975875854492188e+00
1.556535363197326660e+00
7.142791748046875000e-01
9.531663060188293457e-01
2.148687839508056641e+00
2.685451030731201172e+00
4.255412578582763672e+00
4.345978736877441406e+00
4.891419410705566406e+00
4.920851230621337891e+00
4.727246284484863281e+00
4.209882736206054688e+00
2.499513149261474609e+00
2.324913978576660156e+00
1.133854150772094727e+00
1.565137803554534912e-01
-1.063658118247985840e+00
-1.152571812272071838e-01
-1.310039162635803223e+00
-2.976260423660278320e+00
-3.817825794219970703e+00
-2.928981542587280273e+00
-1.134725570678710938e+00
6.963829398155212402e-01
6.610342264175415039e-01
5.634184479713439941e-01
1.453003287315368652e+00
2.224931716918945312e+00
9.309071898460388184e-01
1.777181148529052734e+00
1.139696478843688965e+00
1.021744012832641602e+00
-4.041109979152679443e-01
-3.025462388992309570e+00
-5.731366157531738281e+00
-5.515305519104003906e+00
-2.035945177078247070e+00
-2.364485979080200195e+00
-3.924070358276367188e+00
-5.722566127777099609e+00
-6.836174488067626953e+00
-8.269547462463378906e+00
-7.724253654479980469e+00
-5.226303577423095703e+00
-2.777652025222778320e+00
-1.169383883476257324e+00
-2.481525897979736328e+00
-2.254397392272949219e+00
-1.621867299079895020e+00
-1.259111285209655762e+00
-2.501419067382812500e+00
-1.208134412765502930e+00
-4.273070394992828369e-01
-6.322016566991806030e-02
-1.483923435211181641e+00
-1.388649344444274902e+00
-2.084974765777587891e+00
-2.092591524124145508e+00
-2.370846033096313477e+00
-2.574063777923583984e+00
-3.621042251586914062e+00
-2.778933525085449219e+00
-2.255309581756591797e+00
-5.306414887309074402e-02
2.011508226394653320e+00
2.937921047210693359e+00
5.649838447570800781e+00
6.809050559997558594e+00
6.617219924926757812e+00
6.421422481536865234e+00
5.755836486816406250e+00
4.302815437316894531e+00
9.460917115211486816e-01
-2.016150951385498047e+00
-4.206934452056884766e+00
-4.301764011383056641e+00
-4.922955036163330078e+00
-6.188730716705322266e+00
-6.644172668457031250e+00
-4.298583507537841797e+00
-3.559612512588500977e+00
-4.960597038269042969e+00
-6.311686038970947266e+00
-5.977105617523193359e+00
-5.653025627136230469e+00
-3.774910449981689453e+00
-2.095673084259033203e+00
2.059872388839721680e+00
4.816580295562744141e+00
6.675566673278808594e+00
7.969887256622314453e+00
6.572504043579101562e+00
4.197755813598632812e+00
1.239481329917907715e+00
-3.367636442184448242e+00
-7.370988368988037109e+00
-8.889530181884765625e+00
-9.551025390625000000e+00
-1.035334777832031250e+01
-1.232235050201416016e+01
-1.001649856567382812e+01
-5.717560291290283203e+00
-5.028384685516357422e+00
-5.199236392974853516e+00
-4.036327838897705078e+00
8.406866788864135742e-01
4.316965579986572266e+00
3.756068050861358643e-01
-2.204726696014404297e+00
-5.911633968353271484e+00
-8.003691673278808594e+00
-6.868095397949218750e+00
-4.708003520965576172e+00
-2.232285499572753906e+00
7.105085253715515137e-02
1.907335638999938965e+00
2.499365091323852539e+00
1.151084780693054199e+00
-4.742662608623504639e-01
1.026772782206535339e-01
-2.053546011447906494e-01
9.905367493629455566e-01
2.308890819549560547e+00
2.891183614730834961e+00
1.357409000396728516e+00
-2.010259151458740234e+00
-5.137882709503173828e+00
-3.540903568267822266e+00
-2.282943010330200195e+00
-1.001637697219848633e+00
-1.006715655326843262e+00
-1.681324094533920288e-01
5.411838293075561523e-01
3.332623958587646484e+00
4.838518619537353516e+00
2.858447790145874023e+00
1.842628240585327148e+00
1.592056512832641602e+00
-1.820845246315002441e+00
-3.154088020324707031e+00
-4.913440704345703125e+00
-5.378420829772949219e+00
-5.374427795410156250e+00
-3.904768943786621094e+00
-3.380675315856933594e+00
-2.993664503097534180e+00
-7.582047462463378906e+00
-6.533492088317871094e+00
-5.240008831024169922e+00
-3.571099996566772461e+00
-2.862128973007202148e+00
2.429382950067520142e-01
1.068086862564086914e+00
2.656388044357299805e+00
1.895182728767395020e+00
1.297336101531982422e+00
5.572559833526611328e-01
2.144743919372558594e+00
5.561047554016113281e+00
6.416860103607177734e+00
6.297234058380126953e+00
4.449534416198730469e+00
2.009906530380249023e+00
1.171643495559692383e+00
8.210402131080627441e-01
6.696618795394897461e-01
2.256311893463134766e+00
4.336561679840087891e+00
4.804353237152099609e+00
3.634813308715820312e+00
2.595057964324951172e+00
2.711556196212768555e+00
3.035315275192260742e+00
5.230041503906250000e+00
6.745278835296630859e+00
8.144611358642578125e+00
8.669318199157714844e+00
8.815941810607910156e+00
9.382753372192382812e+00
9.438241958618164062e+00
7.557512283325195312e+00
3.959189414978027344e+00
-3.760982275009155273e+00
-1.159915733337402344e+01
-9.101646423339843750e+00
6.709436178207397461e-01
7.800785541534423828e+00
6.320576667785644531e+00
1.692162036895751953e+00
-2.702098488807678223e-01
-5.124026164412498474e-02
7.698660492897033691e-01
2.655007839202880859e+00
3.490781068801879883e+00
4.904952049255371094e+00
6.423270225524902344e+00
6.788515090942382812e+00
6.895154476165771484e+00
5.727117538452148438e+00
5.203543663024902344e+00
3.407832860946655273e+00
3.057845115661621094e+00
1.629278898239135742e+00
1.693961381912231445e+00
1.233639359474182129e+00
4.826633632183074951e-01
4.157377779483795166e-01
1.518129944801330566e+00
3.931506156921386719e+00
6.769806861877441406e+00
8.231823921203613281e+00
8.619427680969238281e+00
6.903289318084716797e+00
8.641118049621582031e+00
1.186054134368896484e+01
1.301723766326904297e+01
9.894542694091796875e+00
8.604267120361328125e+00
7.634322166442871094e+00
6.784127712249755859e+00
7.332156181335449219e+00
6.403993129730224609e+00
6.195647239685058594e+00
6.132419586181640625e+00
4.992535591125488281e+00
4.087592601776123047e+00
2.667555332183837891e+00
2.088812112808227539e+00
-6.415683627128601074e-01
-6.881085634231567383e-01
-3.670540571212768555e+00
-2.828999280929565430e+00
-6.534327507019042969e+00
-5.938775539398193359e+00
-4.734034538269042969e+00
-2.443071842193603516e+00
-1.409454345703125000e+00
-1.160041332244873047e+00
6.820610165596008301e-01
5.168169975280761719e+00
6.734138011932373047e+00
8.123041152954101562e+00
6.937601089477539062e+00
6.627205848693847656e+00
4.331631660461425781e+00
2.824874162673950195e+00
1.894517064094543457e+00
3.202273130416870117e+00
2.958996772766113281e+00
3.484124660491943359e+00
3.895640134811401367e+00
4.039992332458496094e+00
3.662890672683715820e+00
5.018171310424804688e+00
2.859878063201904297e+00
3.035265684127807617e+00
4.482246398925781250e+00
6.043161392211914062e+00
8.064274787902832031e+00
9.585231781005859375e+00
1.003581714630126953e+01
9.139156341552734375e+00
7.158321857452392578e+00
3.017246484756469727e+00
-2.585921287536621094e+00
-5.144194126129150391e+00
-2.718490362167358398e+00
1.518869519233703613e+00
3.408153295516967773e+00
3.697154283523559570e+00
2.234471797943115234e+00
1.600043058395385742e+00
1.357926487922668457e+00
2.040497064590454102e+00
2.140997171401977539e+00
2.192762851715087891e+00
1.070157527923583984e+00
-1.470685839653015137e+00
-5.677874565124511719e+00
-8.578885078430175781e+00
-5.957929134368896484e+00
-1.361805081367492676e+00
-1.611489295959472656e+00
-1.010659456253051758e+00
-1.193985044956207275e-01
1.341805219650268555e+00
2.258727550506591797e+00
3.099849462509155273e+00
2.860888242721557617e+00
1.746959924697875977e+00
7.100885510444641113e-01
9.037686139345169067e-02
-1.957657635211944580e-01
-7.857493758201599121e-01
-1.208898663520812988e+00
-2.455840587615966797e+00
-4.491720199584960938e+00
-3.804440975189208984e+00
-3.276650905609130859e+00
-1.107313990592956543e+00
-1.363826245069503784e-01
1.765990018844604492e+00
3.145428419113159180e+00
4.186317443847656250e+00
3.719265222549438477e+00
4.331359386444091797e+00
3.859501838684082031e+00
3.792674541473388672e+00
4.365181446075439453e+00
4.009721279144287109e+00
3.943263769149780273e+00
3.631017208099365234e+00
3.234959125518798828e+00
2.955422878265380859e+00
3.104903221130371094e+00
2.683947324752807617e+00
3.141878604888916016e+00
2.100373029708862305e+00
1.080756783485412598e-01
-4.138233661651611328e-01
-1.148455619812011719e+00
-1.430924654006958008e+00
-2.029856443405151367e+00
-4.655153155326843262e-01
-4.202571213245391846e-01
-1.245380878448486328e+00
-4.151914596557617188e+00
-4.786268234252929688e+00
-4.822898864746093750e+00
-5.336317539215087891e+00
-5.353055953979492188e+00
-4.743006229400634766e+00
-6.114162445068359375e+00
-3.601199388504028320e+00
-3.661616325378417969e+00
-3.551429271697998047e+00
-2.370500564575195312e+00
-5.265250205993652344e-01
1.127667069435119629e+00
3.053901195526123047e+00
3.744064569473266602e+00
3.586966753005981445e+00
3.425678730010986328e+00
3.026046037673950195e+00
3.819543600082397461e+00
4.649918556213378906e+00
5.548918724060058594e+00
6.557417392730712891e+00
7.202767372131347656e+00
6.011929512023925781e+00
6.434609889984130859e+00
6.942235946655273438e+00
7.388284206390380859e+00
7.110795497894287109e+00
6.397634506225585938e+00
6.576350688934326172e+00
7.656236648559570312e+00
6.590647220611572266e+00
5.720190525054931641e+00
4.349528312683105469e+00
4.000430107116699219e+00
3.147572994232177734e+00
2.254832983016967773e+00
1.747748613357543945e+00
2.267675846815109253e-01
-5.414885468780994415e-03
6.357429027557373047e-01
1.678925275802612305e+00
2.784521102905273438e+00
2.689272165298461914e+00
9.857298135757446289e-01
7.424546480178833008e-01
9.042599797248840332e-01
1.388468861579895020e+00
1.641406655311584473e+00
5.621860623359680176e-01
1.500554382801055908e-01
-4.537815153598785400e-01
-7.593979239463806152e-01
1.636008501052856445e+00
3.409927368164062500e+00
5.149951457977294922e+00
5.715506076812744141e+00
5.189910411834716797e+00
3.713498115539550781e+00
2.556874275207519531e+00
2.656807184219360352e+00
1.501096367835998535e+00
1.074988961219787598e+00
1.517538189888000488e+00
1.782752275466918945e+00
1.827517628669738770e+00
1.157814502716064453e+00
3.731171190738677979e-01
1.507505178451538086e+00
3.323133230209350586e+00
5.485839366912841797e+00
8.060601234436035156e+00
7.832388877868652344e+00
7.001002311706542969e+00
6.146397590637207031e+00
5.485764980316162109e+00
5.797198772430419922e+00
3.771919488906860352e+00
-6.575333100045099854e-05
-4.330086708068847656e+00
-4.658061981201171875e+00
-2.257010221481323242e+00
-1.251420617103576660e+00
-1.466988682746887207e+00
-1.239144444465637207e+00
-9.791317582130432129e-01
-2.123922824859619141e+00
-2.009692668914794922e+00
-3.427511692047119141e+00
-3.965334892272949219e+00
-4.728684425354003906e+00
-4.076434612274169922e+00
7.511565685272216797e-01
4.132725298404693604e-01
-2.218555688858032227e+00
-1.602565884590148926e+00
1.540241837501525879e-01
3.394323825836181641e+00
3.083382844924926758e+00
3.840348720550537109e+00
2.396227598190307617e+00
1.086032390594482422e+00
-4.509961307048797607e-01
1.692260742187500000e+00
2.686511039733886719e+00
5.580077648162841797e+00
4.463363170623779297e+00
4.293521881103515625e+00
1.420243144035339355e+00
-1.007849574089050293e+00
-2.796682357788085938e+00
-1.731857657432556152e-01
5.865160226821899414e-01
3.029867649078369141e+00
4.777386188507080078e+00
6.113193035125732422e+00
6.988233566284179688e+00
6.762090682983398438e+00
5.116969108581542969e+00
4.971384048461914062e+00
5.187248706817626953e+00
5.162376403808593750e+00
6.149207592010498047e+00
3.326116085052490234e+00
-8.671204745769500732e-02
-2.159862756729125977e+00
-1.009500980377197266e+00
6.333591461181640625e+00
8.205619812011718750e+00
1.034786605834960938e+01
1.026057815551757812e+01
1.092582130432128906e+01
9.719035148620605469e+00
6.083612442016601562e+00
3.775986433029174805e+00
2.858176708221435547e+00
2.254364252090454102e+00
2.223058223724365234e+00
1.286613106727600098e+00
5.398280024528503418e-01
1.331938803195953369e-02
2.855563163757324219e+00
6.954166889190673828e+00
9.760840415954589844e+00
8.224009513854980469e+00
3.117770195007324219e+00
-6.102646514773368835e-02
2.134318202733993530e-01
3.010393679141998291e-01
-3.019102811813354492e-01
-1.672474384307861328e+00
-2.699239730834960938e+00
-3.452605247497558594e+00
-3.211055755615234375e+00
-2.478987932205200195e+00
1.703969240188598633e+00
3.850381135940551758e+00
6.040130138397216797e+00
5.996793746948242188e+00
5.672296047210693359e+00
4.162406921386718750e+00
3.255985498428344727e+00
1.742917060852050781e+00
5.957353115081787109e-01
1.763820201158523560e-01
2.726814508438110352e+00
3.942080736160278320e+00
5.843763828277587891e+00
5.006437778472900391e+00
4.181732654571533203e+00
1.843786716461181641e+00
-8.999299407005310059e-01
-5.327814102172851562e+00
-3.183866262435913086e+00
-7.238321304321289062e+00
-6.527872085571289062e+00
-6.152518749237060547e+00
-5.079632401466369629e-01
2.276648521423339844e+00
3.278097212314605713e-01
8.353374004364013672e-01
2.590374708175659180e+00
8.712531924247741699e-01
-2.950230121612548828e+00
-6.825771331787109375e+00
-2.295662164688110352e+00
-1.844904303550720215e+00
-3.717648506164550781e+00
-8.383924484252929688e+00
-9.678418159484863281e+00
-1.004972839355468750e+01
-7.166760921478271484e+00
-3.986559152603149414e+00
-4.843234717845916748e-01
2.097193479537963867e+00
-1.268823504447937012e+00
-2.161366462707519531e+00
-6.306979060173034668e-01
4.371349886059761047e-02
-8.769066333770751953e-01
-9.068811535835266113e-01
-1.838939309120178223e+00
9.959596395492553711e-01
2.139493465423583984e+00
2.776436328887939453e+00
3.937027215957641602e+00
3.792256355285644531e+00
6.615396022796630859e+00
5.858084678649902344e+00
6.334455013275146484e+00
6.363493442535400391e+00
6.359450817108154297e+00
6.213617801666259766e+00
4.013912677764892578e+00
3.201335191726684570e+00
3.020450592041015625e+00
2.028887271881103516e+00
1.084849238395690918e+00
-4.290079474449157715e-01
-6.347897052764892578e-01
7.107788324356079102e-01
2.367287874221801758e+00
2.556357145309448242e+00
4.135389328002929688e+00
6.128797054290771484e+00
5.354427337646484375e+00
4.690518379211425781e+00
6.183273792266845703e+00
7.289190769195556641e+00
7.177621364593505859e+00
7.242553234100341797e+00
5.326103210449218750e+00
3.273314476013183594e+00
2.049938678741455078e+00
9.049010872840881348e-01
1.826482057571411133e+00
1.908913016319274902e+00
2.002239942550659180e+00
1.787732124328613281e+00
1.778783679008483887e+00
1.964105844497680664e+00
2.495297670364379883e+00
-6.924964785575866699e-01
-5.577768802642822266e+00
-5.880376815795898438e+00
-2.357288122177124023e+00
-1.189572334289550781e+00
-1.830878853797912598e+00
-2.721990585327148438e+00
-2.161119937896728516e+00
-3.075576066970825195e+00
-4.966806411743164062e+00
-6.699215888977050781e+00
-7.674633979797363281e+00
-7.444225311279296875e+00
-5.793287277221679688e+00
-3.536195516586303711e+00
-3.296913802623748779e-01
1.428648471832275391e+00
1.199868083000183105e+00
1.048712208867073059e-01
2.537548780441284180e+00
5.111767292022705078e+00
5.518180847167968750e+00
4.110418796539306641e+00
-3.864612877368927002e-01
-4.722597122192382812e+00
-7.061330795288085938e+00
-4.781756401062011719e+00
-4.192981243133544922e+00
-5.602024078369140625e+00
-3.444544553756713867e+00
4.752933084964752197e-01
2.645345687866210938e+00
7.597591280937194824e-01
-5.460482597351074219e+00
-1.082579708099365234e+01
-5.576807498931884766e+00
-3.173044919967651367e+00
-3.173439979553222656e+00
-4.034824371337890625e+00
-4.651651382446289062e+00
-4.774805068969726562e+00
-5.001638889312744141e+00
-8.882849693298339844e+00
-1.465625572204589844e+01
-9.381182670593261719e+00
5.196146965026855469e-01
5.889316797256469727e-01
-7.449772357940673828e-01
-6.099421381950378418e-01
4.752290725708007812e+00
6.822582244873046875e+00
7.302231788635253906e+00
2.632502079010009766e+00
1.856260150671005249e-01
-5.212746620178222656e+00
-5.105368137359619141e+00
-6.732715129852294922e+00
-7.307341575622558594e+00
-4.757254600524902344e+00
9.972417950630187988e-01
6.502743244171142578e+00
7.820333957672119141e+00
4.528071403503417969e+00
1.746442437171936035e+00
1.902627229690551758e+00
1.112038850784301758e+00
2.425734519958496094e+00
1.937852740287780762e+00
-5.778967142105102539e-01
-2.979021549224853516e+00
-5.655517578125000000e+00
-6.964134693145751953e+00
-5.758752822875976562e+00
-4.075990200042724609e+00
1.371139168739318848e+00
3.027944087982177734e+00
3.419832885265350342e-02
-1.959159016609191895e+00
-3.044296264648437500e+00
-6.908006191253662109e+00
-5.619872093200683594e+00
1.587471723556518555e+00
6.891849637031555176e-01
-4.071455001831054688e+00
-9.699322700500488281e+00
-1.253199958801269531e+01
-9.722737312316894531e+00
-8.379316329956054688e+00
-9.230963706970214844e+00
-4.848732471466064453e+00
-2.427493333816528320e-01
-2.356918334960937500e+00
-4.923596382141113281e+00
2.907083034515380859e+00
1.219943428039550781e+01
1.089367580413818359e+01
6.896066665649414062e+00
3.189355373382568359e+00
1.293638348579406738e+00
2.710421562194824219e+00
2.148515224456787109e+00
-4.275290071964263916e-01
-5.531475067138671875e+00
-2.053249835968017578e+00
3.894111871719360352e+00
5.218432426452636719e+00
6.042297840118408203e+00
2.563061714172363281e+00
1.457194328308105469e+00
1.790270447731018066e+00
-5.468863844871520996e-01
1.068358063697814941e+00
3.213365554809570312e+00
-4.942748546600341797e+00
-1.352696704864501953e+01
-1.300088024139404297e+01
-1.260479640960693359e+01
-8.346506118774414062e+00
-4.210877418518066406e+00
-2.103536128997802734e+00
-9.792796969413757324e-01
2.366375684738159180e+00
4.798092365264892578e+00
5.310426235198974609e+00
3.536137342453002930e+00
3.785502195358276367e+00
3.164137840270996094e+00
1.901789426803588867e+00
-3.681361675262451172e+00
-8.406036376953125000e+00
-1.295443344116210938e+01
-1.186141204833984375e+01
-1.103939342498779297e+01
-8.881963729858398438e+00
-5.842291355133056641e+00
-4.884154796600341797e+00
-5.862259864807128906e+00
-4.294195652008056641e+00
-6.754382848739624023e-01
1.067766070365905762e+00
5.236573219299316406e-01
-1.891962051391601562e+00
-6.371661186218261719e+00
-8.672903060913085938e+00
-2.973031282424926758e+00
-1.603280663490295410e+00
-2.902802228927612305e+00
-4.654881477355957031e+00
-6.455693721771240234e+00
-8.648646354675292969e+00
-6.710728645324707031e+00
-2.758695363998413086e+00
-7.019630074501037598e-02
2.822557985782623291e-01
9.618436098098754883e-01
-1.191519051790237427e-01
-1.109631299972534180e+00
-3.380084037780761719e+00
-5.448945045471191406e+00
-5.494498729705810547e+00
-6.032249450683593750e+00
-5.516955852508544922e+00
-1.700403571128845215e+00
6.636713445186614990e-02
1.194173812866210938e+00
-1.008071184158325195e+00
-8.964122772216796875e+00
-1.307675266265869141e+01
-1.325652885437011719e+01
-1.142046165466308594e+01
-8.443801879882812500e+00
-3.926830291748046875e+00
-1.065704107284545898e+00
5.266153812408447266e-01
1.767345666885375977e+00
5.521927833557128906e+00
6.403943538665771484e+00
3.605405330657958984e+00
3.790579438209533691e-01
-2.630070209503173828e+00
-4.322865486145019531e+00
-5.694589138031005859e+00
-9.197933197021484375e+00
-1.285982608795166016e+01
-1.523844528198242188e+01
-1.531170749664306641e+01
-1.302989006042480469e+01
-9.589701652526855469e+00
-6.793478488922119141e+00
-3.024451971054077148e+00
1.423891425132751465e+00
2.469291448593139648e+00
1.778216600418090820e+00
2.406186342239379883e+00
1.176918506622314453e+00
2.747545957565307617e+00
2.757257938385009766e+00
3.817152261734008789e+00
2.105500459671020508e+00
-2.118351459503173828e+00
-3.802370548248291016e+00
-2.323393821716308594e+00
-1.633255779743194580e-01
-2.949096262454986572e-01
-1.908674836158752441e+00
-3.628954887390136719e+00
-3.203217506408691406e+00
-4.829922914505004883e-01
5.336014270782470703e+00
9.213279724121093750e+00
5.156878471374511719e+00
4.148429393768310547e+00
1.274916458129882812e+01
9.569406509399414062e+00
5.944164276123046875e+00
3.768246889114379883e+00
4.253662586212158203e+00
9.380138397216796875e+00
1.001037693023681641e+01
5.369193553924560547e+00
5.070405483245849609e+00
5.505313396453857422e+00
4.898887634277343750e+00
3.499088048934936523e+00
4.392543733119964600e-01
-1.586025476455688477e+00
-5.208259582519531250e+00
-4.089769363403320312e+00
-2.476744174957275391e+00
-6.080440878868103027e-01
2.379662752151489258e+00
5.046075820922851562e+00
7.188468456268310547e+00
7.303290843963623047e+00
5.800920963287353516e+00
3.512990951538085938e+00
-9.534702897071838379e-01
-3.829584121704101562e+00
-5.789294719696044922e+00
-6.843791007995605469e+00
-5.745465755462646484e+00
-2.686322450637817383e+00
-3.665363550186157227e+00
-4.508852958679199219e+00
-3.868383884429931641e+00
-4.367186546325683594e+00
-4.483388423919677734e+00
-8.097093701362609863e-01
3.037459611892700195e+00
7.954063415527343750e+00
2.109690904617309570e+00
-1.041423439979553223e+00
9.553605318069458008e-01
3.530713558197021484e+00
4.583042621612548828e+00
5.466217041015625000e+00
6.147925853729248047e+00
5.373211383819580078e+00
4.495532989501953125e+00
4.195586204528808594e+00
2.350476503372192383e+00
2.669970750808715820e+00
5.506002902984619141e-01
-1.706689119338989258e+00
-3.097640037536621094e+00
-6.103956222534179688e+00
-1.296873092651367188e+01
-8.488885879516601562e+00
-4.649408817291259766e+00
-1.840811848640441895e+00
-2.902605295181274414e+00
-2.524762868881225586e+00
-1.078707122802734375e+01
-1.494419765472412109e+01
-1.232663631439208984e+01
-1.388390731811523438e+01
-1.743055915832519531e+01
-1.603228950500488281e+01
-1.494071865081787109e+01
-1.032524490356445312e+01
-5.051605701446533203e+00
-5.623299121856689453e+00
-3.914086103439331055e+00
-2.874232769012451172e+00
-1.911312460899353027e+00
7.991996407508850098e-01
5.295513153076171875e+00
9.577294349670410156e+00
1.221447086334228516e+01
1.205601787567138672e+01
1.064705085754394531e+01
8.890284538269042969e+00
8.706986427307128906e+00
8.088898658752441406e+00
8.576510429382324219e+00
8.338068008422851562e+00
6.942087173461914062e+00
5.024160385131835938e+00
3.994487762451171875e+00
3.597320556640625000e+00
1.751101255416870117e+00
1.952938914299011230e+00
3.177104234695434570e+00
3.842050313949584961e+00
2.673322916030883789e+00
8.103420138359069824e-01
-1.455920577049255371e+00
-1.875076770782470703e+00
-2.322457075119018555e+00
-1.992535948753356934e+00
-1.583190679550170898e+00
-7.198091745376586914e-01
1.179901003837585449e+00
2.110430955886840820e+00
3.594337940216064453e+00
4.070854663848876953e+00
3.662397146224975586e+00
2.581179857254028320e+00
2.215170145034790039e+00
2.708671808242797852e+00
3.340560436248779297e+00
2.877404689788818359e+00
2.669132947921752930e+00
2.097266912460327148e+00
6.152091026306152344e-01
-7.163089513778686523e-01
-7.886084318161010742e-01
-4.820804893970489502e-01
1.771461367607116699e-01
-2.990016043186187744e-01
-2.071244478225708008e+00
-1.664537429809570312e+00
-2.749181389808654785e-01
2.434756040573120117e+00
3.514766216278076172e+00
5.940343856811523438e+00
6.456696510314941406e+00
5.802079677581787109e+00
5.625064373016357422e+00
4.852519035339355469e+00
3.527683019638061523e+00
2.702928304672241211e+00
1.887368679046630859e+00
2.539470911026000977e+00
4.258543014526367188e+00
7.003073215484619141e+00
9.147366523742675781e+00
1.123432064056396484e+01
1.047863674163818359e+01
9.744571685791015625e+00
6.511519908905029297e+00
3.296289443969726562e+00
2.082772970199584961e+00
9.668474793434143066e-01
-1.638037919998168945e+00
-3.028913497924804688e+00
-3.067763566970825195e+00
-1.059566140174865723e+00
7.846561670303344727e-01
2.813707351684570312e+00
2.076215744018554688e+00
2.408035516738891602e+00
1.032540798187255859e+00
6.138039827346801758e-01
-1.315782666206359863e+00
-2.975126504898071289e+00
4.896643161773681641e-01
5.531614780426025391e+00
7.716383457183837891e+00
8.060726165771484375e+00
6.848073005676269531e+00
5.266844749450683594e+00
1.866341948509216309e+00
-7.151749730110168457e-01
-3.179848670959472656e+00
-4.076704978942871094e+00
-2.983508348464965820e+00
-1.766442060470581055e+00
-1.727272391319274902e+00
-4.155982434749603271e-01
-9.338735342025756836e-01
7.521916627883911133e-01
-1.134158492088317871e+00
-3.973321199417114258e+00
-6.942811012268066406e+00
-5.096321582794189453e+00
-8.865447640419006348e-01
-5.353006720542907715e-01
2.484328746795654297e+00
5.964231491088867188e+00
3.496204376220703125e+00
4.785324573516845703e+00
4.778519630432128906e+00
5.536347866058349609e+00
4.272693157196044922e+00
4.819539070129394531e+00
3.457207202911376953e+00
3.706989765167236328e+00
5.065869808197021484e+00
6.539842605590820312e+00
6.362780094146728516e+00
4.626081943511962891e+00
4.048965454101562500e+00
1.808610439300537109e+00
9.997066259384155273e-01
1.885495424270629883e+00
3.367207765579223633e+00
4.075834751129150391e+00
4.427103042602539062e+00
4.721749305725097656e+00
3.323379993438720703e+00
3.247999191284179688e+00
2.241126775741577148e+00
9.723199605941772461e-01
-2.304142236709594727e+00
-4.534119606018066406e+00
-5.169952392578125000e+00
-3.250841856002807617e+00
-3.649636268615722656e+00
-4.503083705902099609e+00
-2.869893550872802734e+00
2.076043367385864258e+00
4.746770381927490234e+00
4.248535633087158203e+00
4.638701915740966797e+00
6.573910713195800781e+00
6.852656841278076172e+00
5.910960197448730469e+00
4.491786003112792969e+00
4.758504390716552734e+00
3.945877552032470703e+00
5.259992599487304688e+00
9.016864776611328125e+00
1.280970382690429688e+01
1.061409091949462891e+01
7.772709846496582031e+00
5.132451057434082031e+00
3.918811559677124023e+00
4.189350128173828125e+00
5.806417942047119141e+00
7.396593093872070312e+00
7.243686199188232422e+00
6.398348808288574219e+00
3.348129272460937500e+00
1.336406946182250977e+00
-5.341913104057312012e-01
-2.554589986801147461e+00
-2.743314027786254883e+00
-1.221815228462219238e+00
6.063348650932312012e-01
3.628626346588134766e+00
6.056964397430419922e+00
6.473630905151367188e+00
6.848563671112060547e+00
6.151500701904296875e+00
5.352677345275878906e+00
4.116950988769531250e+00
3.670186519622802734e+00
2.253427505493164062e+00
1.034636259078979492e+00
-1.206039071083068848e+00
-2.346565008163452148e+00
-4.568284988403320312e+00
-9.866993427276611328e-01
2.082427740097045898e+00
6.153620243072509766e+00
8.671512603759765625e+00
7.832781791687011719e+00
5.031604766845703125e+00
2.642559766769409180e+00
-6.162525415420532227e-01
-3.243668556213378906e+00
-2.394016981124877930e+00
-1.151142358779907227e+00
-3.527641594409942627e-01
2.934469580650329590e-01
9.687459468841552734e-01
1.641875267028808594e+00
1.183796167373657227e+00
1.304435491561889648e+00
-5.339201688766479492e-01
-3.217539191246032715e-01
6.956187486648559570e-01
4.793606102466583252e-01
-1.482665896415710449e+00
-3.664057254791259766e+00
-6.632782936096191406e+00
-5.680659770965576172e+00
-4.469336986541748047e+00
-1.942249059677124023e+00
-1.440365791320800781e+00
4.792669296264648438e+00
9.830060005187988281e+00
7.893816471099853516e+00
5.938247203826904297e+00
3.578363418579101562e+00
1.546231150627136230e+00
1.264230370521545410e+00
1.568539977073669434e+00
1.065202832221984863e+00
2.695200731977820396e-03
-1.355667352676391602e+00
-4.660083055496215820e-01
1.234600663185119629e+00
3.222533941268920898e+00
3.829798936843872070e+00
3.947356700897216797e+00
3.630055665969848633e+00
3.219503402709960938e+00
1.259497523307800293e+00
-2.619765102863311768e-01
-3.285451173782348633e+00
-1.864846825599670410e+00
-4.727377593517303467e-01
-1.181290030479431152e+00
-4.837466716766357422e+00
-4.612409114837646484e+00
-4.259094238281250000e+00
-3.479918718338012695e+00
-2.604014158248901367e+00
-2.430228710174560547e+00
-1.923908829689025879e+00
-6.258909702301025391e-01
1.027635574340820312e+00
5.305865764617919922e+00
8.662912368774414062e+00
1.348791408538818359e+01
1.325819587707519531e+01
1.060336875915527344e+01
7.405739307403564453e+00
5.574852466583251953e+00
3.311154365539550781e+00
1.706632137298583984e+00
1.213179349899291992e+00
1.410259723663330078e+00
4.461811184883117676e-01
-1.052146553993225098e+00
-3.203364610671997070e+00
-4.742193222045898438e+00
-3.355236053466796875e+00
4.663450419902801514e-01
2.528970241546630859e+00
2.110479354858398438e+00
1.510142803192138672e+00
2.518345832824707031e+00
6.835968017578125000e+00
1.057669734954833984e+01
8.224677085876464844e+00
4.478746414184570312e+00
2.334774017333984375e+00
3.585930585861206055e+00
3.014263153076171875e+00
3.672503530979156494e-01
-1.849020719528198242e+00
-2.447829723358154297e+00
-2.723766326904296875e+00
-2.702590942382812500e+00
-2.099124431610107422e+00
-1.441845059394836426e+00
3.450403809547424316e-01
2.881003141403198242e+00
4.164625167846679688e+00
5.894051074981689453e+00
5.591442584991455078e+00
3.500913381576538086e+00
2.858570575714111328e+00
2.627473592758178711e+00
5.926046967506408691e-01
-4.653184488415718079e-02
-4.080058336257934570e-01
-8.941863775253295898e-01
-2.102155923843383789e+00
-1.528836250305175781e+00
-9.355743527412414551e-01
-1.690715551376342773e+00
-2.094736814498901367e+00
-1.497012734413146973e+00
-1.940942287445068359e+00
-2.632337570190429688e+00
-2.490770578384399414e+00
-4.026072621345520020e-01
7.635057717561721802e-02
-1.385716199874877930e+00
-1.054956167936325073e-01
1.827739596366882324e+00
2.146494388580322266e+00
3.049735546112060547e+00
8.830853104591369629e-01
1.105826497077941895e+00
-3.038084805011749268e-01
-1.582377076148986816e+00
-3.060756251215934753e-02
2.329375743865966797e+00
3.307750940322875977e+00
3.852476119995117188e+00
4.597930908203125000e+00
3.769922733306884766e+00
1.889414548873901367e+00
5.691867470741271973e-01
-1.925511121749877930e+00
-2.870904207229614258e+00
-3.480509996414184570e+00
-4.144617557525634766e+00
-2.274758577346801758e+00
-2.213773578405380249e-01
1.565384745597839355e+00
2.714242696762084961e+00
2.475009918212890625e+00
1.578893184661865234e+00
-1.872857064008712769e-01
-1.647084593772888184e+00
-2.129395484924316406e+00
-3.204474747180938721e-01
-1.881238222122192383e-01
-1.085868358612060547e+00
-2.538148641586303711e+00
-1.303703784942626953e+00
-2.121654748916625977e+00
-2.342449188232421875e+00
-9.875129461288452148e-01
1.840385198593139648e+00
2.982858657836914062e+00
4.058282852172851562e+00
4.012187004089355469e+00
3.531429052352905273e+00
2.526998043060302734e+00
2.088146448135375977e+00
3.507099449634552002e-01
-9.077932238578796387e-01
-2.935414552688598633e+00
-4.883711814880371094e+00
-6.009890556335449219e+00
-4.091249465942382812e+00
-1.819317102432250977e+00
-1.970793962478637695e+00
-5.592361688613891602e-01
1.853450179100036621e+00
3.572669267654418945e+00
2.063668727874755859e+00
4.061167240142822266e+00
5.633618831634521484e+00
6.595428943634033203e+00
4.389042377471923828e+00
2.106091737747192383e+00
-5.255637168884277344e-01
-1.847961068153381348e+00
-6.767620086669921875e+00
-6.677031993865966797e+00
-7.970464229583740234e+00
-8.227594375610351562e+00
-7.322378158569335938e+00
-4.489378452301025391e+00
-2.883599281311035156e+00
-2.918060779571533203e+00
-3.319049596786499023e+00
-1.648908495903015137e+00
7.943195849657058716e-02
4.324014484882354736e-01
1.390440583229064941e+00
7.141312956809997559e-01
5.199598073959350586e-01
1.430522084236145020e+00
3.026465177536010742e+00
3.559037685394287109e+00
3.057425737380981445e+00
3.935326576232910156e+00
4.855157852172851562e+00
4.990414619445800781e+00
3.729076147079467773e+00
3.703243255615234375e+00
3.863790988922119141e+00
2.174570798873901367e+00
-8.682295083999633789e-01
-1.812069654464721680e+00
-4.216843128204345703e+00
-2.749722957611083984e+00
-3.607360601425170898e+00
-3.643203496932983398e+00
-6.997559070587158203e+00
-4.861574172973632812e+00
-2.707571268081665039e+00
-9.307182431221008301e-01
-1.591226935386657715e+00
7.388311624526977539e-01
1.199745059013366699e+00
1.307245492935180664e+00
9.704465270042419434e-01
1.411294937133789062e+00
9.975619316101074219e-01
8.278685212135314941e-01
1.344467282295227051e+00
1.289423227310180664e+00
1.700962424278259277e+00
2.420212507247924805e+00
1.048958182334899902e+00
1.790492773056030273e+00
-3.681460022926330566e-01
-3.103407621383666992e-01
-4.379068017005920410e-01
1.148718237876892090e+00
6.458249092102050781e-01
2.116248130798339844e+00
2.071482896804809570e+00
