-3.286042690277099609e+00
-8.530446887016296387e-01
3.792970895767211914e+00
5.043832778930664062e+00
4.276710987091064453e+00
2.748334407806396484e+00
3.898966789245605469e+00
4.957876205444335938e+00
3.560294866561889648e+00
2.683207988739013672e+00
4.005531787872314453e+00
4.513971328735351562e+00
3.404652118682861328e+00
3.368761777877807617e+00
3.075298070907592773e+00
1.100798010826110840e+00
-1.543158054351806641e+00
-1.628152966499328613e+00
-4.253842532634735107e-01
1.824485421180725098e+00
2.246155738830566406e+00
2.475380182266235352e+00
1.570758700370788574e+00
8.411056399345397949e-01
2.780404686927795410e-01
2.702508866786956787e-02
-6.170416474342346191e-01
-1.227903842926025391e+00
-1.915379524230957031e+00
-2.751423597335815430e+00
-3.357504606246948242e+00
-2.785269021987915039e+00
-1.255783557891845703e+00
-1.337770938873291016e+00
-2.097743749618530273e+00
-2.726650953292846680e+00
-3.557370185852050781e+00
-4.064774513244628906e+00
-4.929389476776123047e+00
-7.382155895233154297e+00
-5.228744029998779297e+00
-5.088704586029052734e+00
-5.573284149169921875e+00
-7.441537857055664062e+00
-7.313257217407226562e+00
-5.973629951477050781e+00
-4.596509456634521484e+00
-3.914973497390747070e+00
-1.846112251281738281e+00
-9.112452156841754913e-03
1.252718448638916016e+00
1.311238884925842285e+00
1.711857795715332031e+00
1.790862083435058594e+00
2.050480842590332031e+00
3.795805931091308594e+00
2.867248296737670898e+00
4.355320930480957031e+00
4.894944190979003906e+00
5.768654346466064453e+00
5.290065288543701172e+00
4.097059249877929688e+00
3.232272386550903320e+00
2.910361289978027344e+00
1.681488394737243652e+00
1.185422658920288086e+00
8.830608129501342773e-01
1.750361084938049316e+00
2.038796424865722656e+00
1.810558080673217773e+00
1.520965099334716797e+00
2.988454997539520264e-01
-1.111455202102661133e+00
-1.573034882545471191e+00
-2.740775585174560547e+00
-5.157874584197998047e+00
-3.949262619018554688e+00
-3.258384943008422852e+00
-1.836227416992187500e+00
-1.587800383567810059e+00
5.162611231207847595e-02
1.654693245887756348e+00
2.496135950088500977e+00
2.216649055480957031e+00
2.571787595748901367e+00
1.712966561317443848e+00
2.528280496597290039e+00
3.643342971801757812e+00
4.281542301177978516e+00
4.755397319793701172e+00
5.962233066558837891e+00
7.976099967956542969e+00
8.764815330505371094e+00
8.074233055114746094e+00
7.507420539855957031e+00
8.293080329895019531e+00
7.174047946929931641e+00
4.880178451538085938e+00
3.959680318832397461e+00
3.094500541687011719e+00
2.209402084350585938e+00
-4.533379971981048584e-01
-2.426802873611450195e+00
-4.103476047515869141e+00
-3.084525346755981445e+00
-2.649987220764160156e+00
-3.724500179290771484e+00
-8.301200866699218750e+00
-8.788907051086425781e+00
-6.604238510131835938e+00
-4.623452186584472656e+00
-2.557326555252075195e+00
-8.191257119178771973e-01
2.060463905334472656e+00
3.327176332473754883e+00
4.551440238952636719e+00
3.132709503173828125e+00
-5.146187916398048401e-02
-3.129240989685058594e+00
-6.003334045410156250e+00
-7.309759140014648438e+00
-8.270015716552734375e+00
-7.302485466003417969e+00
-5.612255573272705078e+00
-4.452822685241699219e+00
-3.787137508392333984e+00
-3.875483512878417969e+00
-3.669553995132446289e+00
-2.927378892898559570e+00
-9.297320842742919922e-01
4.679227173328399658e-01
2.950542449951171875e+00
4.111011028289794922e+00
5.275866508483886719e+00
5.782680034637451172e+00
5.699286937713623047e+00
6.205679893493652344e+00
4.686327934265136719e+00
2.260774135589599609e+00
1.726943492889404297e+00
3.230570793151855469e+00
4.109260559082031250e+00
3.248516321182250977e+00
8.755916953086853027e-01
-4.227220535278320312e+00
-2.960385799407958984e+00
-1.263819456100463867e+00
3.589530229568481445e+00
3.791885375976562500e+00
1.613576173782348633e+00
1.967186778783798218e-01
-3.882484912872314453e+00
-5.519915103912353516e+00
-2.263961553573608398e+00
3.133941173553466797e+00
7.445030689239501953e+00
7.335190296173095703e+00
4.169554710388183594e+00
1.012845277786254883e+00
-3.076045036315917969e+00
-6.132206439971923828e+00
-6.486729145050048828e+00
-4.223449707031250000e+00
-2.692533731460571289e+00
-1.711446762084960938e+00
-2.379941463470458984e+00
-1.710731863975524902e+00
-1.470513463020324707e+00
-3.657302856445312500e-01
3.880306780338287354e-01
8.327000141143798828e-01
1.543840408325195312e+00
-3.360265791416168213e-01
-3.256092786788940430e+00
-2.599996566772460938e+00
-1.322240948677062988e+00
1.097026705741882324e+00
3.318129062652587891e+00
5.259499073028564453e+00
3.134261846542358398e+00
1.922075897455215454e-01
-2.281389474868774414e+00
-3.692405939102172852e+00
-5.891052246093750000e+00
-6.232312202453613281e+00
-6.808589458465576172e+00
-3.621658086776733398e+00
-2.822688341140747070e+00
-2.644244194030761719e+00
-2.845637798309326172e+00
-1.511679768562316895e+00
-1.026460289955139160e+00
1.111175894737243652e+00
2.555666685104370117e+00
4.506723880767822266e+00
6.516768932342529297e+00
7.970947742462158203e+00
8.048229217529296875e+00
7.824919223785400391e+00
7.344579219818115234e+00
6.368989944458007812e+00
5.235932350158691406e+00
4.103590965270996094e+00
2.113265275955200195e+00
1.707470059394836426e+00
1.780508995056152344e+00
4.698184967041015625e+00
6.501190662384033203e+00
7.252758979797363281e+00
7.985220432281494141e+00
9.057637214660644531e+00
9.701852798461914062e+00
1.047612476348876953e+01
9.829246520996093750e+00
8.663132667541503906e+00
7.720795154571533203e+00
6.876517772674560547e+00
5.137922763824462891e+00
3.602421760559082031e+00
2.371503591537475586e+00
2.198284626007080078e+00
2.909622192382812500e+00
3.583490848541259766e+00
3.535570621490478516e+00
4.657560348510742188e+00
2.923772335052490234e+00
1.259522199630737305e+00
-2.154637098312377930e+00
-3.678699493408203125e+00
-5.337401390075683594e+00
-5.267863273620605469e+00
-5.316968917846679688e+00
-2.515321493148803711e+00
1.158381223678588867e+00
3.096719026565551758e+00
3.318524122238159180e+00
3.182206630706787109e+00
1.126188039779663086e+00
7.838919758796691895e-01
-2.581361293792724609e+00
-7.444397926330566406e+00
-8.431746482849121094e+00
-4.933529376983642578e+00
-3.024896144866943359e+00
-3.862418889999389648e+00
-4.917137145996093750e+00
-4.055136203765869141e+00
-6.669141769409179688e+00
-7.111862659454345703e+00
-8.372956275939941406e+00
-6.350016593933105469e+00
-3.124064683914184570e+00
3.049833774566650391e-01
1.035671472549438477e+00
-4.388188421726226807e-01
-4.995500564575195312e+00
-3.303001642227172852e+00
3.488069295883178711e+00
8.599263191223144531e+00
9.644860267639160156e+00
8.249547958374023438e+00
7.677879333496093750e+00
6.808088302612304688e+00
6.528282165527343750e+00
6.743677139282226562e+00
8.050296783447265625e+00
8.993176460266113281e+00
9.292556762695312500e+00
8.438986778259277344e+00
7.369502067565917969e+00
4.166399955749511719e+00
2.390434980392456055e+00
3.401742935180664062e+00
-1.149367570877075195e+00
-6.015559196472167969e+00
2.358389616012573242e+00
9.294502258300781250e+00
9.214168548583984375e+00
8.263007164001464844e+00
8.392593383789062500e+00
9.678064346313476562e+00
8.201725959777832031e+00
7.640286445617675781e+00
5.665170669555664062e+00
5.626099586486816406e+00
5.061529636383056641e+00
5.418838024139404297e+00
5.748094081878662109e+00
5.603594303131103516e+00
5.736977577209472656e+00
5.264280796051025391e+00
2.889556646347045898e+00
1.872430682182312012e+00
-5.993672013282775879e-01
1.710945487022399902e+00
2.955520868301391602e+00
5.961026191711425781e+00
7.309553146362304688e+00
7.647435665130615234e+00
6.117975234985351562e+00
5.677842140197753906e+00
2.915982246398925781e+00
2.244972705841064453e+00
1.076541781425476074e+00
2.319983959197998047e+00
4.932042121887207031e+00
6.727505207061767578e+00
7.251673698425292969e+00
6.967010021209716797e+00
5.780017852783203125e+00
5.107750415802001953e+00
5.252375125885009766e+00
5.300444126129150391e+00
4.804304122924804688e+00
4.698898792266845703e+00
4.024808406829833984e+00
2.911200284957885742e+00
1.848420977592468262e+00
1.042006611824035645e+00
5.026552081108093262e-01
1.132375240325927734e+00
4.908722937107086182e-01
5.447086691856384277e-01
-7.655601948499679565e-02
1.836540549993515015e-01
8.176138401031494141e-01
7.792331576347351074e-01
2.081490993499755859e+00
2.705565690994262695e+00
1.375822901725769043e+00
3.500691056251525879e-01
-1.592385053634643555e+00
-2.583678245544433594e+00
-1.892282366752624512e+00
-9.777267575263977051e-01
1.081891298294067383e+00
2.713306427001953125e+00
4.018571853637695312e+00
5.161341190338134766e+00
5.966646194458007812e+00
6.473187923431396484e+00
5.846967697143554688e+00
4.257408618927001953e+00
2.700685501098632812e+00
1.256071090698242188e+00
-2.215128660202026367e+00
-2.632140398025512695e+00
-2.863559007644653320e+00
-5.547497868537902832e-01
1.850664496421813965e+00
3.933157444000244141e+00
4.185751438140869141e+00
2.299770355224609375e+00
-7.227672934532165527e-01
-1.296653985977172852e+00
-4.143779754638671875e+00
-4.546050548553466797e+00
-2.377156734466552734e+00
-1.561596751213073730e+00
-1.842167735099792480e+00
-1.409996747970581055e+00
4.153186976909637451e-01
2.863303899765014648e+00
6.760019779205322266e+00
8.993274688720703125e+00
1.023516559600830078e+01
9.940394401550292969e+00
8.563495635986328125e+00
7.977629661560058594e+00
5.896540641784667969e+00
5.057389736175537109e+00
4.848576068878173828e+00
5.133338451385498047e+00
5.823748111724853516e+00
4.752316474914550781e+00
1.859957218170166016e+00
-1.120625019073486328e+00
-1.017537117004394531e+00
8.182300925254821777e-01
-4.361935615539550781e+00
-7.649811744689941406e+00
-5.719657421112060547e+00
-3.456894874572753906e+00
-1.627216219902038574e+00
1.316538572311401367e+00
2.982340812683105469e+00
2.596685409545898438e+00
2.634966075420379639e-01
-1.915774106979370117e+00
-4.823615550994873047e+00
-7.488595962524414062e+00
-1.164783859252929688e+01
-9.869754791259765625e+00
-7.845633983612060547e+00
-4.844664573669433594e+00
-6.519489288330078125e+00
-7.716663360595703125e+00
-5.233106136322021484e+00
-1.009402394294738770e+00
3.443500995635986328e-01
-1.074725985527038574e+00
-9.569708704948425293e-01
-5.159499645233154297e-01
-3.097244262695312500e+00
-5.105342864990234375e+00
-9.145449638366699219e+00
-8.340170860290527344e+00
-9.840543746948242188e+00
-7.755439758300781250e+00
-4.498967170715332031e+00
-3.994446516036987305e+00
-6.025199413299560547e+00
-3.487584590911865234e+00
-2.416844129562377930e+00
-4.089326381683349609e+00
-6.504403114318847656e+00
-5.460310459136962891e+00
-4.006722927093505859e+00
1.534497976303100586e+00
4.070829868316650391e+00
3.692224502563476562e+00
3.669792711734771729e-01
-1.760920763015747070e+00
-3.131041765213012695e+00
-1.440784811973571777e+00
6.400070339441299438e-02
2.883245944976806641e+00
4.636952877044677734e+00
5.420441150665283203e+00
5.605738639831542969e+00
6.684662818908691406e+00
4.079161167144775391e+00
8.467997908592224121e-01
-2.794044017791748047e+00
-5.243385791778564453e+00
-5.398190021514892578e+00
-2.717973709106445312e+00
-1.802357137203216553e-01
3.187876462936401367e+00
4.270473480224609375e+00
1.014669418334960938e+00
-3.663687705993652344e+00
-7.588949203491210938e+00
-2.807651758193969727e+00
2.300189256668090820e+00
-3.374512434005737305e+00
-2.280625104904174805e+00
-2.703996658325195312e+00
-2.403557062149047852e+00
-8.446883559226989746e-01
6.771062016487121582e-01
4.672472476959228516e+00
9.239657402038574219e+00
8.087077140808105469e+00
2.205063343048095703e+00
-2.503810405731201172e+00
-1.562631964683532715e+00
-6.432695984840393066e-01
1.802103161811828613e+00
5.931225419044494629e-01
-7.334901094436645508e-01
-2.261200666427612305e+00
-5.219893455505371094e-01
7.324957847595214844e-01
2.195696234703063965e-01
-2.286886692047119141e+00
-4.831871509552001953e+00
-4.101207733154296875e+00
4.716548442840576172e+00
4.283932685852050781e+00
-3.916156768798828125e+00
-1.133105564117431641e+01
-1.083001327514648438e+01
-9.060332298278808594e+00
-5.986399173736572266e+00
-4.283843040466308594e+00
-2.748885393142700195e+00
-2.434394598007202148e+00
3.145922183990478516e+00
6.113488674163818359e+00
6.793939590454101562e+00
2.932941436767578125e+00
3.559038162231445312e+00
5.085688591003417969e+00
5.778810024261474609e+00
4.256399154663085938e+00
3.861745834350585938e+00
3.217777729034423828e+00
-3.068157732486724854e-01
-1.073961853981018066e+00
-3.349714279174804688e+00
-6.433928489685058594e+00
-8.023832321166992188e+00
-8.220294952392578125e+00
-7.242710113525390625e+00
-5.134775161743164062e+00
-2.322925806045532227e+00
-1.325963497161865234e+00
-9.721063375473022461e-01
-5.604933500289916992e-01
4.546361565589904785e-01
1.888872385025024414e+00
3.373962640762329102e+00
4.053895473480224609e+00
5.046717166900634766e+00
5.662804126739501953e+00
6.178738117218017578e+00
4.517421722412109375e+00
3.118732213973999023e+00
2.019445657730102539e+00
1.897918939590454102e+00
1.916406601667404175e-01
4.691797122359275818e-02
2.598731517791748047e-01
2.917190313339233398e+00
3.862977743148803711e+00
5.271479129791259766e+00
5.229868412017822266e+00
6.342835903167724609e+00
5.503957271575927734e+00
4.135438919067382812e+00
2.992200851440429688e+00
2.216181278228759766e+00
2.614728689193725586e+00
2.655722856521606445e+00
2.374904870986938477e+00
1.050585150718688965e+00
9.599684178829193115e-02
3.909715414047241211e+00
5.293517112731933594e+00
4.766489505767822266e+00
5.118448734283447266e+00
7.733909606933593750e+00
3.984676599502563477e+00
5.250649452209472656e+00
8.973333358764648438e+00
1.021095752716064453e+01
2.996736526489257812e+00
6.479497909545898438e+00
1.027891635894775391e+01
6.929566860198974609e+00
3.138107061386108398e+00
1.928337931632995605e+00
2.391173988580703735e-01
1.039098143577575684e+00
2.625525474548339844e+00
-1.046427488327026367e+00
-2.486037731170654297e+00
6.706479191780090332e-01
2.657374382019042969e+00
1.104742169380187988e+00
1.953851103782653809e+00
4.585112571716308594e+00
4.446552753448486328e+00
5.853377342224121094e+00
6.024155616760253906e+00
6.005271911621093750e+00
5.069616794586181641e+00
3.149421930313110352e+00
5.603125691413879395e-01
-9.380151629447937012e-01
-6.268522143363952637e-01
-1.074356555938720703e+00
-2.058254241943359375e+00
-1.373735904693603516e+00
-1.579936504364013672e+00
-3.412894248962402344e+00
-3.257595300674438477e+00
-4.297400951385498047e+00
-4.780229568481445312e+00
-3.547411680221557617e+00
-3.924760341644287109e+00
-2.407008409500122070e+00
2.461920976638793945e-01
2.013332366943359375e+00
2.193206787109375000e+00
2.310740232467651367e+00
2.811513900756835938e+00
1.856777548789978027e+00
-3.713752329349517822e-01
-5.376917123794555664e-01
6.203117966651916504e-01
1.784182190895080566e+00
2.233214139938354492e+00
2.814076662063598633e+00
2.966441631317138672e+00
3.474487304687500000e+00
2.898578405380249023e+00
3.318893671035766602e+00
3.860488414764404297e+00
3.302722930908203125e+00
2.666100740432739258e+00
9.786305427551269531e-01
6.331061571836471558e-02
-1.613115668296813965e+00
-4.562097549438476562e+00
-5.623692512512207031e+00
-5.002821445465087891e+00
-4.696639537811279297e+00
-1.653469204902648926e+00
4.597636163234710693e-01
1.008999943733215332e+00
-2.558953046798706055e+00
-7.771461486816406250e+00
-7.661568164825439453e+00
-4.839931488037109375e+00
-4.746827602386474609e+00
-4.285913944244384766e+00
-3.333938360214233398e+00
-5.859572291374206543e-01
2.054498672485351562e+00
3.311671257019042969e+00
1.715653896331787109e+00
1.798208236694335938e+00
1.348510503768920898e+00
1.182489633560180664e+00
1.216802954673767090e+00
1.435156464576721191e+00
1.021497488021850586e+00
3.355745673179626465e-01
9.513434767723083496e-02
-7.334162592887878418e-01
-6.947395205497741699e-01
-1.632614850997924805e+00
-3.112774789333343506e-01
1.284739613533020020e+00
3.951916694641113281e+00
4.042778015136718750e+00
3.214325904846191406e+00
3.147819757461547852e+00
2.605657577514648438e+00
1.302167415618896484e+00
-9.010885357856750488e-01
-3.931391477584838867e+00
-7.855888366699218750e+00
-2.455939292907714844e+00
-7.334160804748535156e-01
2.125442475080490112e-01
-6.697688102722167969e-01
-1.197016835212707520e+00
-5.924774646759033203e+00
-9.182006835937500000e+00
-1.348156070709228516e+01
-1.249857330322265625e+01
-7.042152404785156250e+00
-2.075731039047241211e+00
-1.922627210617065430e+00
-2.488650321960449219e+00
-4.104461193084716797e+00
-4.718258380889892578e+00
-4.895370960235595703e+00
-6.629381179809570312e+00
-6.466688156127929688e+00
-6.246979236602783203e+00
-4.443700790405273438e+00
-1.412338376045227051e+00
-2.386819869279861450e-01
-1.458853960037231445e+00
-3.265041112899780273e+00
-5.824322700500488281e+00
-7.048831939697265625e+00
-7.081666469573974609e+00
-8.441583633422851562e+00
-1.114810085296630859e+01
-1.033411788940429688e+01
-1.153348827362060547e+01
-8.102392196655273438e+00
-4.271937847137451172e+00
-3.387626886367797852e+00
-2.120348453521728516e+00
2.695606946945190430e-01
-1.330548286437988281e+00
-3.846938371658325195e+00
-6.591147899627685547e+00
-8.911741256713867188e+00
-9.867856979370117188e+00
-8.479789733886718750e+00
-3.264596462249755859e+00
4.219005703926086426e-01
7.900547385215759277e-01
3.146217167377471924e-01
-2.067226409912109375e+00
-5.320640563964843750e+00
-4.597249031066894531e+00
-3.518273830413818359e+00
-4.407366275787353516e+00
-2.862696409225463867e+00
-3.167301416397094727e+00
-3.053934097290039062e+00
-3.434388875961303711e+00
-2.446547031402587891e+00
1.948674082756042480e+00
5.325932025909423828e+00
3.677310705184936523e+00
9.832898974418640137e-01
-1.056040883064270020e+00
-3.413189172744750977e+00
-3.372787237167358398e+00
-2.043216943740844727e+00
-3.887784481048583984e-01
-4.448335170745849609e-01
-1.411524891853332520e+00
1.056648969650268555e+00
5.205786228179931641e+00
4.903669357299804688e+00
2.872301816940307617e+00
2.721342563629150391e+00
4.447391033172607422e+00
-1.036863088607788086e+00
-7.701084136962890625e+00
-6.318194389343261719e+00
-2.995611190795898438e+00
2.166263580322265625e+00
8.352955818176269531e+00
9.522002220153808594e+00
7.023556709289550781e+00
5.327164649963378906e+00
5.594325542449951172e+00
4.816481113433837891e+00
3.504165887832641602e+00
2.150611162185668945e+00
1.461729764938354492e+00
8.836523294448852539e-01
2.902694940567016602e+00
5.851381301879882812e+00
6.329993724822998047e+00
6.038306713104248047e+00
5.237238883972167969e+00
4.592236042022705078e+00
4.419830799102783203e+00
3.859650373458862305e+00
3.803002834320068359e+00
3.035512447357177734e+00
2.863722324371337891e+00
3.187358856201171875e+00
3.507814645767211914e+00
4.596131324768066406e+00
5.576406002044677734e+00
6.727852344512939453e+00
5.644736766815185547e+00
5.022336959838867188e+00
3.895220041275024414e+00
4.707180976867675781e+00
4.306340694427490234e+00
4.098463058471679688e+00
4.520848751068115234e+00
3.974052667617797852e+00
3.424988031387329102e+00
2.687816858291625977e+00
2.617144584655761719e+00
3.351234912872314453e+00
4.072482109069824219e+00
4.233103752136230469e+00
4.004076957702636719e+00
3.869066953659057617e+00
2.563899517059326172e+00
7.667846679687500000e-01
-1.753279089927673340e+00
-1.283466219902038574e+00
9.526981711387634277e-01
4.300474166870117188e+00
7.096006393432617188e+00
8.030971527099609375e+00
7.551644325256347656e+00
4.926989555358886719e+00
1.528532505035400391e+00
9.710627794265747070e-01
2.725483179092407227e+00
3.336370706558227539e+00
7.635061144828796387e-01
7.073031067848205566e-01
-1.968254595994949341e-01
4.179243087768554688e+00
4.611069679260253906e+00
6.375128269195556641e+00
6.439959049224853516e+00
7.835443496704101562e+00
8.480694770812988281e+00
8.580848693847656250e+00
7.182529926300048828e+00
3.837390899658203125e+00
4.417932033538818359e-01
-2.807306289672851562e+00
-3.845928430557250977e+00
-4.618202686309814453e+00
-6.925975799560546875e+00
-9.716896057128906250e+00
-3.759626388549804688e+00
-1.800558209419250488e+00
1.258955478668212891e+00
3.132980346679687500e+00
2.170996665954589844e+00
-1.564234495162963867e-01
-1.887475848197937012e+00
-4.387475013732910156e+00
-8.165028572082519531e+00
-9.370363235473632812e+00
-6.518948078155517578e+00
-4.665185451507568359e+00
-2.696009635925292969e+00
-2.578106880187988281e+00
-2.946753501892089844e+00
-1.620141863822937012e+00
3.624533414840698242e+00
6.861210823059082031e+00
7.706622600555419922e+00
2.424132347106933594e+00
3.160515427589416504e-01
4.276735305786132812e+00
4.909290313720703125e+00
8.246145844459533691e-01
-6.655043959617614746e-01
4.055571556091308594e+00
2.852876424789428711e+00
9.250405430793762207e-01
-4.557783901691436768e-01
-1.342725396156311035e+00
1.184338331222534180e+00
5.290164470672607422e+00
5.610324382781982422e+00
2.626018762588500977e+00
-1.527554869651794434e+00
-3.209700822830200195e+00
-1.600815534591674805e+00
-1.646123766899108887e+00
-7.959764480590820312e+00
-6.376269817352294922e+00
-3.394381523132324219e+00
-2.824932098388671875e+00
-2.708803176879882812e+00
-2.712204694747924805e+00
-3.400495052337646484e+00
-2.032099664211273193e-01
1.346908330917358398e+00
5.965561866760253906e+00
6.017351150512695312e+00
1.620379567146301270e+00
-1.953045606613159180e+00
-3.184779167175292969e+00
-4.175800800323486328e+00
-3.824383974075317383e+00
8.522470295429229736e-02
3.681156396865844727e+00
3.725477218627929688e+00
2.623085737228393555e+00
2.614063501358032227e+00
5.801064893603324890e-02
-1.701463699340820312e+00
-4.739630222320556641e+00
-4.615416049957275391e+00
-5.567069053649902344e+00
-7.907899856567382812e+00
-1.101417255401611328e+01
-1.004354095458984375e+01
-5.111011505126953125e+00
-7.386545181274414062e+00
-9.011524200439453125e+00
-7.121601104736328125e+00
-4.894186973571777344e+00
-3.163407087326049805e+00
-1.928838849067687988e+00
-3.787457346916198730e-01
7.622243762016296387e-01
1.130748271942138672e+00
4.444309473037719727e-01
1.385461091995239258e+00
1.473586559295654297e+00
9.070950150489807129e-01
1.682375907897949219e+00
8.857967853546142578e-01
3.379386425018310547e+00
5.015582084655761719e+00
4.980604171752929688e+00
4.331532955169677734e+00
2.500770092010498047e+00
5.215867757797241211e-01
2.644826769828796387e-01
-5.555632710456848145e-01
2.879006564617156982e-01
-6.573451310396194458e-02
7.493567466735839844e-01
3.704055547714233398e-01
2.157118320465087891e+00
9.295023083686828613e-01
3.814366817474365234e+00
4.115941047668457031e+00
4.454120159149169922e+00
1.413267016410827637e+00
-5.693427920341491699e-01
-4.329864978790283203e+00
-4.696736812591552734e+00
-9.032774925231933594e+00
-1.066818141937255859e+01
-1.365756320953369141e+01
-1.417894744873046875e+01
-1.268429088592529297e+01
-1.270406150817871094e+01
-1.037782573699951172e+01
-8.141489028930664062e+00
-4.161724567413330078e+00
-8.250911235809326172e-01
1.901715159416198730e+00
2.797511577606201172e+00
3.565816879272460938e+00
3.518882513046264648e+00
3.893495321273803711e+00
5.656963348388671875e+00
6.551352977752685547e+00
7.300457954406738281e+00
6.641056537628173828e+00
5.128679275512695312e+00
2.725311040878295898e+00
1.050239920616149902e+00
-7.946486026048660278e-02
-1.257681488990783691e+00
-8.431105613708496094e-01
-1.435534119606018066e+00
-2.257971763610839844e+00
-5.558419227600097656e+00
-7.442673683166503906e+00
-7.523058414459228516e+00
-6.059562683105468750e+00
-2.767570018768310547e+00
2.204817235469818115e-01
1.754577159881591797e+00
3.864456415176391602e+00
4.083130359649658203e+00
5.206377506256103516e+00
6.071040153503417969e+00
5.431854724884033203e+00
3.841951131820678711e+00
2.763124465942382812e+00
3.970108509063720703e+00
5.096903324127197266e+00
6.546621322631835938e+00
6.290725231170654297e+00
6.308252334594726562e+00
7.131280422210693359e+00
6.094212055206298828e+00
5.321296691894531250e+00
3.116636276245117188e+00
1.945001482963562012e+00
4.073566496372222900e-01
-2.990188121795654297e+00
-4.136384963989257812e+00
-2.845440864562988281e+00
-2.831710577011108398e+00
-1.700575947761535645e+00
-3.620795011520385742e+00
-3.902131080627441406e+00
-5.866622447967529297e+00
-1.000594615936279297e+01
-1.282504558563232422e+00
-3.832000732421875000e+00
-2.259795665740966797e+00
-1.605104565620422363e+00
-1.203130364418029785e+00
-1.661677479743957520e+00
-2.121728897094726562e+00
-2.770921945571899414e+00
-5.559428215026855469e+00
-6.716915130615234375e+00
-7.379444122314453125e+00
-8.190936088562011719e+00
-8.210066795349121094e+00
-5.594604969024658203e+00
-6.172214984893798828e+00
-8.375839233398437500e+00
-8.705586433410644531e+00
-6.529497146606445312e+00
-3.903954744338989258e+00
-1.910178661346435547e+00
-1.056201457977294922e+01
-1.140712928771972656e+01
-3.018634796142578125e+00
-3.401628732681274414e+00
-4.636984348297119141e+00
-2.989743947982788086e+00
-3.928063392639160156e+00
3.176536560058593750e-01
3.361563444137573242e+00
3.636834859848022461e+00
-5.628843307495117188e-01
-2.855103254318237305e+00
-1.929085493087768555e+00
-7.161363363265991211e-01
-1.651447892189025879e+00
-8.100125312805175781e+00
-8.350622177124023438e+00
-4.675686359405517578e+00
-3.342196226119995117e+00
-5.791093349456787109e+00
-9.354266166687011719e+00
-1.095126628875732422e+01
-7.893012523651123047e+00
-7.301918983459472656e+00
-5.052048683166503906e+00
-6.595239639282226562e+00
-8.795562744140625000e+00
-8.935428619384765625e+00
-7.073803424835205078e+00
-7.199028491973876953e+00
-7.250448703765869141e+00
-3.564321756362915039e+00
-3.329600334167480469e+00
-7.732783317565917969e+00
-6.122419357299804688e+00
-4.833351135253906250e+00
-1.705185651779174805e+00
6.556358933448791504e-01
-5.591006755828857422e+00
-8.280491828918457031e+00
-1.199435138702392578e+01
-1.318048286437988281e+01
-1.083555889129638672e+01
-5.198547363281250000e+00
1.733253747224807739e-01
-9.283768595196306705e-04
-8.019961357116699219e+00
-4.016558647155761719e+00
7.094477415084838867e-01
-3.924267768859863281e+00
-3.858574151992797852e+00
-6.252402305603027344e+00
-5.603257179260253906e+00
-3.939846038818359375e+00
-2.203790187835693359e+00
-1.940178394317626953e+00
-2.615106344223022461e+00
-3.288704395294189453e+00
-5.137635231018066406e+00
-6.726824283599853516e+00
-7.834023952484130859e+00
-7.107401371002197266e+00
-6.663202762603759766e+00
-8.067733764648437500e+00
-7.469197750091552734e+00
-7.864194869995117188e+00
-6.551067352294921875e+00
-5.728851318359375000e+00
-4.928377151489257812e+00
-3.527371168136596680e+00
-5.900790214538574219e+00
-7.357209682464599609e+00
-1.181134605407714844e+01
-1.559797286987304688e+01
-1.293737697601318359e+01
-7.887293338775634766e+00
-3.170974493026733398e+00
-2.979514598846435547e+00
-4.024052619934082031e+00
-8.030288696289062500e+00
-5.516389369964599609e+00
-6.711738109588623047e-01
1.306136131286621094e+00
2.325086593627929688e+00
2.987986564636230469e+00
2.876960992813110352e+00
2.968734025955200195e+00
4.445147037506103516e+00
5.411913394927978516e+00
3.270701646804809570e+00
3.336887836456298828e+00
4.253663539886474609e+00
5.024629592895507812e+00
4.691157817840576172e+00
5.123749256134033203e+00
5.031876564025878906e+00
6.444618225097656250e+00
5.879630088806152344e+00
6.961760044097900391e+00
6.900330066680908203e+00
7.503674983978271484e+00
7.137912273406982422e+00
6.434165000915527344e+00
5.921092033386230469e+00
3.350889444351196289e+00
-1.833417266607284546e-01
-1.236408472061157227e+00
-4.330135345458984375e+00
-5.859326839447021484e+00
-6.442628860473632812e+00
-3.909279346466064453e+00
-2.156634092330932617e+00
5.741661071777343750e+00
3.238089084625244141e+00
-3.016021966934204102e+00
-9.272327423095703125e+00
-6.658568382263183594e+00
-6.446178436279296875e+00
-4.380769252777099609e+00
-3.612365722656250000e+00
-4.184453010559082031e+00
-4.016287803649902344e+00
-3.310544967651367188e+00
-1.036493301391601562e+00
-9.662642478942871094e-01
-3.279411792755126953e-01
5.098776817321777344e-01
8.435952663421630859e-01
4.841673374176025391e-01
3.637993037700653076e-01
-8.264468908309936523e-01
-2.172779798507690430e+00
-2.301479578018188477e+00
-2.782852649688720703e+00
-3.467543125152587891e+00
-3.483838081359863281e+00
-3.241080284118652344e+00
-4.012835502624511719e+00
-5.909144878387451172e+00
-7.434588432312011719e+00
-6.802427768707275391e+00
-7.184879779815673828e+00
-7.934744834899902344e+00
-5.489471435546875000e+00
-6.093876361846923828e+00
-6.441445827484130859e+00
-5.797157287597656250e+00
-6.009941101074218750e+00
-5.283910751342773438e+00
-5.139015674591064453e+00
-5.004203319549560547e+00
-5.736123085021972656e+00
-3.867077827453613281e+00
-4.494628906250000000e+00
-3.114525318145751953e+00
-8.666024208068847656e-01
2.078286647796630859e+00
3.241393089294433594e+00
3.657394170761108398e+00
4.008415222167968750e+00
4.679917812347412109e+00
5.675893306732177734e+00
6.122609615325927734e+00
7.447225570678710938e+00
7.899758338928222656e+00
8.695324897766113281e+00
6.907405376434326172e+00
6.125790596008300781e+00
5.363918304443359375e+00
5.191118717193603516e+00
5.953974723815917969e+00
6.422210693359375000e+00
5.608006954193115234e+00
2.888792991638183594e+00
2.755754590034484863e-01
-1.866448998451232910e+00
-1.665720105171203613e+00
-4.047913551330566406e+00
-6.171104431152343750e+00
-2.631129503250122070e+00
-1.752686858177185059e+00
-3.194737911224365234e+00
-5.166082382202148438e+00
-3.506615161895751953e+00
1.737124085426330566e+00
4.231403350830078125e+00
4.063089847564697266e+00
4.670231342315673828e+00
5.993169307708740234e+00
6.081197261810302734e+00
7.728511333465576172e+00
4.940276145935058594e+00
1.765225410461425781e+00
3.315811753273010254e-01
-3.646309137344360352e+00
-3.983477354049682617e+00
3.322591066360473633e+00
5.452265739440917969e+00
9.596545219421386719e+00
8.437853813171386719e+00
5.720758914947509766e+00
1.608941674232482910e+00
1.090420246124267578e+00
-1.453063040971755981e-01
-3.268417596817016602e+00
-5.521120071411132812e+00
-4.735784530639648438e+00
-3.686957597732543945e+00
-4.942329227924346924e-01
4.985929489135742188e+00
6.846543312072753906e+00
5.694479942321777344e+00
1.728052854537963867e+00
-3.253084659576416016e+00
-6.496711730957031250e+00
-4.907744884490966797e+00
-2.548797845840454102e+00
-3.752601146697998047e+00
-4.956948280334472656e+00
-6.039890766143798828e+00
-7.357259750366210938e+00
-6.115543365478515625e+00
-5.549767017364501953e+00
-1.144940185546875000e+01
-1.096196651458740234e+01
-5.125950813293457031e+00
-1.137683272361755371e+00
-3.217047750949859619e-01
4.866077303886413574e-01
-4.434283971786499023e-01
-9.611617922782897949e-01
-1.020963549613952637e+00
-1.024537920951843262e+00
-2.732812881469726562e+00
1.030642867088317871e+00
5.973374247550964355e-01
-3.615890741348266602e-01
5.755466222763061523e-01
2.810823440551757812e+00
3.519227981567382812e+00
2.791743755340576172e+00
2.209155321121215820e+00
5.692360401153564453e-01
-2.343437075614929199e-02
-1.030872941017150879e+00
-1.571530938148498535e+00
-1.457695245742797852e+00
-1.423234045505523682e-01
3.945852756500244141e+00
3.031001329421997070e+00
1.951977372169494629e+00
2.260576248168945312e+00
2.869122266769409180e+00
1.916308522224426270e+00
2.681482315063476562e+00
3.880947828292846680e+00
2.776732683181762695e+00
3.205723762512207031e+00
5.371830463409423828e+00
5.797445774078369141e+00
5.847140789031982422e+00
5.098285675048828125e+00
3.968087196350097656e+00
2.618081569671630859e+00
1.314098477363586426e+00
8.152226209640502930e-01
1.377425074577331543e+00
9.623364806175231934e-01
6.117087006568908691e-01
-6.060967445373535156e-01
-1.988246560096740723e+00
-4.255198955535888672e+00
-5.270524978637695312e+00
-9.472907066345214844e+00
-1.015786933898925781e+01
-8.051687240600585938e+00
-4.201806545257568359e+00
-2.316960096359252930e+00
-2.737101316452026367e-01
1.194149255752563477e+00
2.561977624893188477e+00
3.888071537017822266e+00
2.925299882888793945e+00
3.083235263824462891e+00
2.834339618682861328e+00
2.507894515991210938e+00
3.395827531814575195e+00
8.123806953430175781e+00
6.833552837371826172e+00
3.836822986602783203e+00
3.157211065292358398e+00
3.997913837432861328e+00
3.388112068176269531e+00
2.470376014709472656e+00
2.236492872238159180e+00
1.567011833190917969e+00
-3.117705285549163818e-01
-1.599484533071517944e-01
1.677051186561584473e-01
2.708425521850585938e-01
7.350840568542480469e-01
1.398673892021179199e+00
1.484432816505432129e+00
9.178177118301391602e-01
1.645991802215576172e+00
2.332062482833862305e+00
4.076253414154052734e+00
5.600586891174316406e+00
5.558459758758544922e+00
5.568319320678710938e+00
5.559840679168701172e+00
4.821411132812500000e+00
1.987967014312744141e+00
2.886968612670898438e+00
6.236963272094726562e+00
7.611940383911132812e+00
7.830389499664306641e+00
8.020545959472656250e+00
6.903954029083251953e+00
8.362790107727050781e+00
7.286256790161132812e+00
5.046198844909667969e+00
4.361138820648193359e+00
2.711482286453247070e+00
2.588772058486938477e+00
2.062830924987792969e+00
2.630776166915893555e+00
2.485954999923706055e+00
2.742418050765991211e+00
1.767148613929748535e+00
-1.605893820524215698e-01
4.156884551048278809e-02
3.064328432083129883e+00
2.152483940124511719e+00
5.652918815612792969e-01
-3.192148804664611816e-01
1.884114444255828857e-01
-1.194650530815124512e+00
-2.427960395812988281e+00
-2.743930101394653320e+00
-7.754204869270324707e-01
-1.617479175329208374e-01
2.878883838653564453e+00
5.024283885955810547e+00
4.052096843719482422e+00
2.287420749664306641e+00
4.045021057128906250e+00
4.267812252044677734e+00
2.981600999832153320e+00
-3.610222041606903076e-01
-2.775655269622802734e+00
-2.109231233596801758e+00
2.173017978668212891e+00
5.177042961120605469e+00
6.334158420562744141e+00
6.663043975830078125e+00
6.059947967529296875e+00
4.889299392700195312e+00
5.190674781799316406e+00
5.142656326293945312e+00
4.228617191314697266e+00
2.273591756820678711e+00
9.387459754943847656e-01
-1.771347284317016602e+00
-2.119509935379028320e+00
-8.163649439811706543e-01
7.341475486755371094e-01
1.199670910835266113e+00
-4.697551131248474121e-01
-2.732911705970764160e-01
-3.363716006278991699e-01
-1.517965435981750488e+00
-2.419160842895507812e+00
-8.644086122512817383e-01
-1.376866579055786133e+00
-3.046366453170776367e+00
-2.793551445007324219e+00
-2.337764799594879150e-01
-3.048929572105407715e-01
-1.235915422439575195e+00
-1.389142751693725586e+00
-1.143895506858825684e+00
-2.129888057708740234e+00
-3.838434696197509766e+00
-2.109033823013305664e+00
-6.410017013549804688e-01
3.210300579667091370e-02
-1.035581111907958984e+00
-1.929011464118957520e+00
-3.275220692157745361e-01
-1.647060066461563110e-01
1.641184926033020020e+00
1.455394387245178223e+00
3.944792985916137695e+00
3.353207349777221680e+00
3.734894037246704102e+00
2.347049474716186523e+00
3.728337526321411133e+00
3.720177888870239258e+00
4.491589069366455078e+00
4.727271556854248047e+00
3.560886383056640625e+00
1.137650489807128906e+00
7.975237369537353516e-01
-2.511354207992553711e+00
-4.207697391510009766e+00
-4.687025547027587891e+00
-4.361689090728759766e+00
-4.727993011474609375e+00
-2.544089555740356445e+00
-2.065944910049438477e+00
-2.368110179901123047e+00
-1.453085541725158691e+00
3.554428219795227051e-01
9.984741210937500000e-01
1.918699383735656738e+00
2.706281185150146484e+00
2.355924367904663086e+00
1.974902629852294922e+00
1.965954780578613281e+00
5.576749444007873535e-01
4.778075516223907471e-01
5.831389427185058594e-01
-5.017020702362060547e-01
-1.671981453895568848e+00
-8.274327516555786133e-01
-1.821165800094604492e+00
-2.215769767761230469e+00
-2.414058208465576172e+00
-2.471616744995117188e+00
-2.943179130554199219e+00
-3.211869716644287109e+00
3.007434904575347900e-01
2.249508619308471680e+00
2.925620079040527344e+00
1.872011661529541016e+00
1.415214300155639648e+00
4.835511147975921631e-01
1.103830099105834961e+00
9.917693138122558594e-01
2.350106954574584961e+00
2.982044816017150879e-01
-1.704991981387138367e-02
-1.043912887573242188e+00
-7.361280322074890137e-01
3.403321206569671631e-01
3.240603446960449219e+00
4.200071811676025391e+00
4.785768032073974609e+00
4.434917449951171875e+00
4.931056976318359375e+00
4.695792675018310547e+00
5.171274662017822266e+00
4.163713932037353516e+00
5.180370807647705078e+00
5.304410934448242188e+00
5.795300483703613281e+00
4.404326438903808594e+00
4.067896842956542969e+00
3.855755567550659180e+00
2.606545686721801758e+00
1.981730580329895020e+00
1.862792134284973145e+00
1.671652555465698242e+00
1.652252912521362305e+00
1.627257347106933594e+00
2.366301774978637695e+00
2.697652816772460938e+00
3.214178562164306641e+00
2.898258447647094727e+00
2.458962678909301758e+00
2.373204231262207031e+00
-1.561028957366943359e-01
-3.352081298828125000e+00
-6.119562625885009766e+00
-8.280368804931640625e+00
-5.672425746917724609e+00
-4.889010906219482422e+00
-4.715990066528320312e+00
-5.436349391937255859e+00
-5.353424549102783203e+00
-3.121131420135498047e+00
-9.263550639152526855e-01
1.859045505523681641e+00
5.336507320404052734e+00
4.364490985870361328e+00
2.801184654235839844e+00
1.427490234375000000e+00
