9.790355468750000000e+04
9.769804687500000000e+04
9.759690625000000000e+04
9.747741406250000000e+04
9.757317187500000000e+04
9.767503125000000000e+04
9.803287500000000000e+04
9.832513281250000000e+04
9.855722656250000000e+04
9.859333593750000000e+04
9.856060156250000000e+04
9.840809375000000000e+04
9.834666406250000000e+04
9.824973437500000000e+04
9.831199218750000000e+04
9.843329687500000000e+04
9.858992187500000000e+04
9.855086718750000000e+04
9.867466406250000000e+04
9.865571875000000000e+04
9.871412500000000000e+04
9.857863281250000000e+04
9.834436718750000000e+04
9.807645312500000000e+04
9.791906250000000000e+04
9.764234375000000000e+04
9.759235156250000000e+04
9.760129687500000000e+04
9.767187500000000000e+04
9.775895312500000000e+04
9.796856250000000000e+04
9.817465625000000000e+04
9.838920312500000000e+04
9.838252343750000000e+04
9.843067187500000000e+04
9.838329687500000000e+04
9.834562500000000000e+04
9.816519531250000000e+04
9.806513281250000000e+04
9.805431250000000000e+04
9.818756250000000000e+04
9.838868750000000000e+04
9.854792968750000000e+04
9.846091406250000000e+04
9.844799218750000000e+04
9.828120312500000000e+04
9.816975781250000000e+04
9.812277343750000000e+04
9.819056250000000000e+04
9.825146875000000000e+04
9.827838281250000000e+04
9.836591406250000000e+04
9.854990625000000000e+04
9.858990625000000000e+04
9.868900000000000000e+04
9.878209375000000000e+04
9.877195312500000000e+04
9.866586718750000000e+04
9.843471875000000000e+04
9.796903125000000000e+04
9.750307031250000000e+04
9.717882812500000000e+04
9.718300000000000000e+04
9.732624218750000000e+04
9.750430468750000000e+04
9.760574218750000000e+04
9.746299218750000000e+04
9.693022656250000000e+04
9.687700000000000000e+04
9.709400000000000000e+04
9.726712500000000000e+04
9.740369531250000000e+04
9.754950000000000000e+04
9.765852343750000000e+04
9.772744531250000000e+04
9.768833593750000000e+04
9.780720312500000000e+04
9.792910156250000000e+04
9.811788281250000000e+04
9.819071093750000000e+04
9.825873437500000000e+04
9.816166406250000000e+04
9.801398437500000000e+04
9.777463281250000000e+04
9.775184375000000000e+04
9.781759375000000000e+04
9.798499218750000000e+04
9.807920312500000000e+04
9.813007031250000000e+04
9.800720312500000000e+04
9.796422656250000000e+04
9.793393750000000000e+04
9.799887500000000000e+04
9.804533593750000000e+04
9.814690625000000000e+04
9.817275781250000000e+04
9.819608593750000000e+04
9.816285937500000000e+04
9.806098437500000000e+04
9.787538281250000000e+04
9.782921093750000000e+04
9.787154687500000000e+04
9.795851562500000000e+04
9.805300000000000000e+04
9.826931250000000000e+04
9.845035156250000000e+04
9.860314843750000000e+04
9.867254687500000000e+04
9.879196875000000000e+04
9.893163281250000000e+04
9.899552343750000000e+04
9.894546875000000000e+04
9.878212500000000000e+04
9.851358593750000000e+04
9.825554687500000000e+04
9.814157812500000000e+04
9.802044531250000000e+04
9.796490625000000000e+04
9.784168750000000000e+04
9.764164062500000000e+04
9.748164843750000000e+04
9.738945312500000000e+04
9.750228906250000000e+04
9.748914843750000000e+04
9.752594531250000000e+04
9.750336718750000000e+04
9.744363281250000000e+04
9.738250781250000000e+04
9.736200000000000000e+04
9.735636718750000000e+04
9.717255468750000000e+04
9.713012500000000000e+04
9.718092187500000000e+04
9.748376562500000000e+04
9.782836718750000000e+04
9.822971875000000000e+04
9.852274218750000000e+04
9.882441406250000000e+04
9.905070312500000000e+04
9.918356250000000000e+04
9.928911718750000000e+04
9.923814843750000000e+04
9.919161718750000000e+04
9.901157031250000000e+04
9.899007812500000000e+04
9.895025781250000000e+04
9.876304687500000000e+04
9.855306250000000000e+04
9.826835156250000000e+04
9.804107031250000000e+04
9.803193750000000000e+04
9.800263281250000000e+04
9.805378906250000000e+04
9.800071875000000000e+04
9.796309375000000000e+04
9.785623437500000000e+04
9.768632812500000000e+04
9.762957812500000000e+04
9.765457031250000000e+04
9.784309375000000000e+04
9.809775781250000000e+04
9.825520312500000000e+04
9.810225781250000000e+04
9.790165625000000000e+04
9.785066406250000000e+04
9.819880468750000000e+04
9.858346875000000000e+04
9.864912500000000000e+04
9.854883593750000000e+04
9.848300000000000000e+04
9.849642187500000000e+04
9.847096875000000000e+04
9.855202343750000000e+04
9.862234375000000000e+04
9.867039843750000000e+04
9.858503125000000000e+04
9.843653125000000000e+04
9.828890625000000000e+04
9.820216406250000000e+04
9.820158593750000000e+04
9.823622656250000000e+04
9.832308593750000000e+04
9.828721093750000000e+04
9.811722656250000000e+04
9.798597656250000000e+04
9.780409375000000000e+04
9.753465625000000000e+04
9.724341406250000000e+04
9.711943750000000000e+04
9.712838281250000000e+04
9.726509375000000000e+04
9.757868750000000000e+04
9.784663281250000000e+04
9.801746875000000000e+04
9.831120312500000000e+04
9.860388281250000000e+04
9.895462500000000000e+04
9.931800781250000000e+04
9.966612500000000000e+04
9.985291406250000000e+04
1.000202343750000000e+05
1.001828359375000000e+05
1.001309140625000000e+05
1.000100156250000000e+05
1.000038671875000000e+05
9.995237500000000000e+04
9.996493750000000000e+04
9.996924218750000000e+04
1.000072578125000000e+05
1.001722187500000000e+05
1.003764140625000000e+05
1.004841250000000000e+05
1.005904921875000000e+05
1.007046875000000000e+05
1.006085078125000000e+05
1.004396406250000000e+05
1.003537812500000000e+05
1.003737109375000000e+05
1.003261015625000000e+05
1.001749453125000000e+05
9.993630468750000000e+04
9.962028125000000000e+04
9.926514843750000000e+04
9.899414843750000000e+04
9.890359375000000000e+04
9.888283593750000000e+04
9.888164062500000000e+04
9.880005468750000000e+04
9.876140625000000000e+04
9.875133593750000000e+04
9.874504687500000000e+04
9.872007812500000000e+04
9.872863281250000000e+04
9.872212500000000000e+04
9.871672656250000000e+04
9.865552343750000000e+04
9.859085156250000000e+04
9.860095312500000000e+04
9.866295312500000000e+04
9.873682812500000000e+04
9.887031250000000000e+04
9.901287500000000000e+04
9.905692968750000000e+04
9.892014843750000000e+04
9.878104687500000000e+04
9.868360156250000000e+04
9.850893750000000000e+04
9.799530468750000000e+04
9.772504687500000000e+04
9.791857031250000000e+04
9.822482812500000000e+04
9.859230468750000000e+04
9.896720312500000000e+04
9.931750781250000000e+04
9.956520312500000000e+04
9.959015625000000000e+04
9.959411718750000000e+04
9.936876562500000000e+04
9.922163281250000000e+04
9.909824218750000000e+04
9.885634375000000000e+04
9.844728906250000000e+04
9.805382812500000000e+04
9.772976562500000000e+04
9.767251562500000000e+04
9.739087500000000000e+04
9.718037500000000000e+04
9.735805468750000000e+04
9.799059375000000000e+04
9.856681250000000000e+04
9.902403125000000000e+04
9.919639843750000000e+04
9.922868750000000000e+04
9.909408593750000000e+04
9.902778906250000000e+04
9.886337500000000000e+04
9.870762500000000000e+04
9.847864843750000000e+04
9.834092968750000000e+04
9.824238281250000000e+04
9.819995312500000000e+04
9.814310156250000000e+04
9.811729687500000000e+04
9.794207812500000000e+04
9.779916406250000000e+04
9.764023437500000000e+04
9.745464843750000000e+04
9.734675781250000000e+04
9.729346875000000000e+04
9.721226562500000000e+04
9.714889843750000000e+04
9.723338281250000000e+04
9.740151562500000000e+04
9.764879687500000000e+04
9.790553125000000000e+04
9.809387500000000000e+04
9.813920312500000000e+04
9.806393750000000000e+04
9.800240625000000000e+04
9.786682812500000000e+04
9.776126562500000000e+04
9.771503125000000000e+04
9.770595312500000000e+04
9.772857812500000000e+04
9.772976562500000000e+04
9.721690625000000000e+04
9.683099218750000000e+04
9.687421875000000000e+04
9.732122656250000000e+04
9.738090625000000000e+04
9.730592968750000000e+04
9.738802343750000000e+04
9.779287500000000000e+04
9.830200000000000000e+04
9.892077343750000000e+04
9.908193750000000000e+04
9.860294531250000000e+04
9.753159375000000000e+04
9.719062500000000000e+04
9.776589843750000000e+04
9.896142968750000000e+04
9.948043750000000000e+04
9.875489843750000000e+04
9.755745312500000000e+04
9.709871875000000000e+04
9.700329687500000000e+04
9.702557812500000000e+04
9.738344531250000000e+04
9.819296875000000000e+04
9.843893750000000000e+04
9.834364843750000000e+04
9.828885156250000000e+04
9.839525781250000000e+04
9.832894531250000000e+04
9.813873437500000000e+04
9.717497656250000000e+04
9.631194531250000000e+04
9.633682812500000000e+04
9.662005468750000000e+04
9.666498437500000000e+04
9.690142968750000000e+04
9.714051562500000000e+04
9.735385937500000000e+04
9.738179687500000000e+04
9.742661718750000000e+04
9.739359375000000000e+04
9.722103125000000000e+04
9.662002343750000000e+04
9.649385156250000000e+04
9.668848437500000000e+04
9.706521093750000000e+04
9.750761718750000000e+04
9.808402343750000000e+04
9.874166406250000000e+04
9.903801562500000000e+04
9.868386718750000000e+04
9.808714062500000000e+04
9.777336718750000000e+04
9.781182812500000000e+04
9.772292187500000000e+04
9.729653125000000000e+04
9.739192187500000000e+04
9.741594531250000000e+04
9.672853125000000000e+04
9.632714843750000000e+04
9.697967187500000000e+04
9.763755468750000000e+04
9.806370312500000000e+04
9.823546875000000000e+04
9.860379687500000000e+04
9.874857812500000000e+04
9.856109375000000000e+04
9.844379687500000000e+04
9.863578125000000000e+04
9.893020312500000000e+04
9.916995312500000000e+04
9.922100781250000000e+04
9.905645312500000000e+04
9.859197656250000000e+04
9.807994531250000000e+04
9.745585156250000000e+04
9.675661718750000000e+04
9.654005468750000000e+04
9.632465625000000000e+04
9.635561718750000000e+04
9.643447656250000000e+04
9.690647656250000000e+04
9.766850781250000000e+04
9.817326562500000000e+04
9.847815625000000000e+04
9.863020312500000000e+04
9.864030468750000000e+04
9.866895312500000000e+04
9.851880468750000000e+04
9.850542968750000000e+04
9.847847656250000000e+04
9.848521875000000000e+04
9.850797656250000000e+04
9.852308593750000000e+04
9.843628125000000000e+04
9.853671875000000000e+04
9.860981250000000000e+04
9.877721875000000000e+04
9.879159375000000000e+04
9.888235937500000000e+04
9.868011718750000000e+04
9.858570312500000000e+04
9.829421093750000000e+04
9.801616406250000000e+04
9.758978125000000000e+04
9.737942187500000000e+04
9.724748437500000000e+04
9.721510156250000000e+04
9.702445312500000000e+04
9.676164843750000000e+04
9.660734375000000000e+04
9.677631250000000000e+04
9.704597656250000000e+04
9.755358593750000000e+04
9.797032812500000000e+04
9.847034375000000000e+04
9.891301562500000000e+04
9.936327343750000000e+04
9.970338281250000000e+04
9.999856250000000000e+04
1.000547734375000000e+05
9.980150000000000000e+04
9.939633593750000000e+04
9.905646875000000000e+04
9.831116406250000000e+04
9.771611718750000000e+04
9.753534375000000000e+04
9.818852343750000000e+04
9.858314843750000000e+04
9.876907812500000000e+04
9.897446875000000000e+04
9.913207812500000000e+04
9.928808593750000000e+04
9.930873437500000000e+04
9.938756250000000000e+04
9.931813281250000000e+04
9.916528125000000000e+04
9.894167187500000000e+04
9.883263281250000000e+04
9.885696875000000000e+04
9.875394531250000000e+04
9.859488281250000000e+04
9.837975781250000000e+04
9.838205468750000000e+04
9.848034375000000000e+04
9.885849218750000000e+04
9.916886718750000000e+04
9.947183593750000000e+04
9.956267187500000000e+04
9.961552343750000000e+04
9.959554687500000000e+04
9.944532812500000000e+04
9.929189843750000000e+04
9.907579687500000000e+04
9.873356250000000000e+04
9.848480468750000000e+04
9.825986718750000000e+04
9.794530468750000000e+04
9.752720312500000000e+04
9.717596875000000000e+04
9.714129687500000000e+04
9.717481250000000000e+04
9.717232812500000000e+04
9.737713281250000000e+04
9.741555468750000000e+04
9.708428906250000000e+04
9.616138281250000000e+04
9.601487500000000000e+04
9.634415625000000000e+04
9.670270312500000000e+04
9.666605468750000000e+04
9.676654687500000000e+04
9.687621875000000000e+04
9.700675781250000000e+04
9.720409375000000000e+04
9.748940625000000000e+04
9.790674218750000000e+04
9.828620312500000000e+04
9.881999218750000000e+04
9.935581250000000000e+04
9.954355468750000000e+04
9.957477343750000000e+04
9.942511718750000000e+04
9.913839843750000000e+04
9.856020312500000000e+04
9.832099218750000000e+04
9.851832812500000000e+04
9.899072656250000000e+04
9.929988281250000000e+04
9.945557812500000000e+04
9.974446875000000000e+04
1.000323359375000000e+05
9.995921875000000000e+04
9.955070312500000000e+04
9.877285937500000000e+04
9.816885937500000000e+04
9.794176562500000000e+04
9.813584375000000000e+04
9.868993750000000000e+04
9.939946875000000000e+04
9.981394531250000000e+04
9.988510156250000000e+04
9.972231250000000000e+04
9.957664843750000000e+04
9.943857031250000000e+04
9.925085156250000000e+04
9.907214062500000000e+04
9.888509375000000000e+04
9.887656250000000000e+04
9.888752343750000000e+04
9.880866406250000000e+04
9.842620312500000000e+04
9.796119531250000000e+04
9.792277343750000000e+04
9.800900000000000000e+04
9.809482812500000000e+04
9.806743750000000000e+04
9.817544531250000000e+04
9.833270312500000000e+04
9.852377343750000000e+04
9.863488281250000000e+04
9.884094531250000000e+04
9.907947656250000000e+04
9.916357031250000000e+04
9.890161718750000000e+04
9.792954687500000000e+04
9.690337500000000000e+04
9.689700781250000000e+04
9.755901562500000000e+04
9.834383593750000000e+04
9.909353125000000000e+04
9.962950000000000000e+04
9.989928125000000000e+04
9.967967187500000000e+04
9.912154687500000000e+04
9.883903125000000000e+04
9.856045312500000000e+04
9.798859375000000000e+04
9.745233593750000000e+04
9.735102343750000000e+04
9.736888281250000000e+04
9.756909375000000000e+04
9.801919531250000000e+04
9.847337500000000000e+04
9.896062500000000000e+04
9.922669531250000000e+04
9.941135156250000000e+04
9.956529687500000000e+04
9.970378125000000000e+04
9.943467187500000000e+04
9.856709375000000000e+04
9.779571875000000000e+04
9.728731250000000000e+04
9.723547656250000000e+04
9.753869531250000000e+04
9.845701562500000000e+04
9.954482812500000000e+04
1.004685937500000000e+05
1.012213984375000000e+05
1.016887109375000000e+05
1.016132656250000000e+05
1.013361250000000000e+05
1.006019921875000000e+05
9.981547656250000000e+04
9.979955468750000000e+04
1.006079765625000000e+05
1.009487265625000000e+05
1.010727109375000000e+05
1.009689921875000000e+05
1.011395156250000000e+05
1.014393593750000000e+05
1.012246171875000000e+05
1.011952734375000000e+05
1.012392421875000000e+05
1.010985078125000000e+05
1.009574687500000000e+05
1.009011953125000000e+05
1.010474921875000000e+05
1.013154453125000000e+05
1.014240781250000000e+05
1.015379140625000000e+05
1.014192265625000000e+05
1.011734375000000000e+05
1.013117109375000000e+05
1.013875078125000000e+05
1.016339218750000000e+05
1.018971015625000000e+05
1.021230546875000000e+05
1.020264843750000000e+05
1.019289140625000000e+05
1.015747890625000000e+05
1.013927187500000000e+05
1.013299765625000000e+05
1.012053515625000000e+05
1.011323515625000000e+05
1.011688828125000000e+05
1.011050312500000000e+05
1.009812734375000000e+05
1.008149531250000000e+05
1.006479375000000000e+05
1.003177656250000000e+05
1.001993437500000000e+05
1.003922265625000000e+05
1.004628515625000000e+05
1.004745234375000000e+05
1.004094140625000000e+05
1.002337421875000000e+05
9.985361718750000000e+04
9.957980468750000000e+04
9.953496875000000000e+04
9.952967187500000000e+04
9.961061718750000000e+04
9.964228125000000000e+04
9.968444531250000000e+04
9.967689843750000000e+04
9.979404687500000000e+04
9.998691406250000000e+04
1.001546484375000000e+05
1.004346953125000000e+05
1.007203593750000000e+05
1.006446875000000000e+05
1.005161640625000000e+05
1.007117656250000000e+05
1.009027656250000000e+05
1.007875781250000000e+05
1.002735468750000000e+05
9.994821093750000000e+04
9.994168750000000000e+04
9.932096875000000000e+04
9.920250781250000000e+04
9.926412500000000000e+04
9.921995312500000000e+04
9.889378906250000000e+04
9.904008593750000000e+04
9.908170312500000000e+04
9.882552343750000000e+04
9.805842968750000000e+04
9.749062500000000000e+04
9.752800000000000000e+04
9.755787500000000000e+04
9.764150000000000000e+04
9.786318750000000000e+04
9.839136718750000000e+04
9.890073437500000000e+04
9.914921093750000000e+04
9.944503125000000000e+04
9.982138281250000000e+04
1.000561953125000000e+05
9.996089843750000000e+04
9.960864062500000000e+04
9.929564843750000000e+04
9.942618750000000000e+04
9.985285156250000000e+04
1.003555000000000000e+05
1.007091328125000000e+05
1.010417656250000000e+05
1.011542968750000000e+05
1.011792031250000000e+05
1.013529765625000000e+05
1.013206328125000000e+05
1.011450234375000000e+05
1.010400312500000000e+05
1.010166562500000000e+05
1.010610859375000000e+05
1.010823437500000000e+05
1.010759296875000000e+05
1.010101250000000000e+05
1.009701250000000000e+05
1.009349765625000000e+05
1.008688984375000000e+05
1.006450625000000000e+05
1.005502812500000000e+05
1.004381562500000000e+05
1.002540781250000000e+05
9.996610156250000000e+04
9.959847656250000000e+04
9.929964062500000000e+04
9.902903125000000000e+04
9.885378125000000000e+04
9.832187500000000000e+04
9.756844531250000000e+04
9.703070312500000000e+04
9.712102343750000000e+04
9.752213281250000000e+04
9.794111718750000000e+04
9.826696875000000000e+04
9.855428125000000000e+04
9.852783593750000000e+04
9.822607031250000000e+04
9.879780468750000000e+04
9.918207812500000000e+04
9.896248437500000000e+04
9.879329687500000000e+04
9.902329687500000000e+04
9.911424218750000000e+04
9.921035156250000000e+04
9.925763281250000000e+04
9.934774218750000000e+04
9.930074218750000000e+04
9.918180468750000000e+04
9.888042187500000000e+04
9.878025781250000000e+04
9.873954687500000000e+04
9.913270312500000000e+04
9.929240625000000000e+04
9.932512500000000000e+04
9.895011718750000000e+04
9.863436718750000000e+04
9.835215625000000000e+04
9.808698437500000000e+04
9.785851562500000000e+04
9.761919531250000000e+04
9.728718750000000000e+04
9.704791406250000000e+04
9.683090625000000000e+04
9.674337500000000000e+04
9.670666406250000000e+04
9.657270312500000000e+04
9.653701562500000000e+04
9.666942968750000000e+04
9.692880468750000000e+04
9.727121093750000000e+04
9.735516406250000000e+04
9.744137500000000000e+04
9.729675781250000000e+04
9.743278906250000000e+04
9.772720312500000000e+04
9.807253125000000000e+04
9.820411718750000000e+04
9.826024218750000000e+04
9.818097656250000000e+04
9.808828125000000000e+04
9.772914062500000000e+04
9.699197656250000000e+04
9.630487500000000000e+04
9.640659375000000000e+04
9.715801562500000000e+04
9.778465625000000000e+04
9.822796875000000000e+04
9.844158593750000000e+04
9.864268750000000000e+04
9.857936718750000000e+04
9.866851562500000000e+04
9.864940625000000000e+04
9.889508593750000000e+04
9.903251562500000000e+04
9.921357812500000000e+04
9.924135156250000000e+04
9.924006250000000000e+04
9.886112500000000000e+04
9.831602343750000000e+04
9.822021875000000000e+04
9.797665625000000000e+04
9.759589843750000000e+04
9.777280468750000000e+04
9.856613281250000000e+04
9.845844531250000000e+04
9.744011718750000000e+04
9.711759375000000000e+04
9.817778906250000000e+04
9.883455468750000000e+04
9.920294531250000000e+04
9.908090625000000000e+04
9.861368750000000000e+04
9.819533593750000000e+04
9.811878906250000000e+04
9.783919531250000000e+04
9.808264843750000000e+04
9.811727343750000000e+04
9.795012500000000000e+04
9.907643750000000000e+04
9.989433593750000000e+04
9.980772656250000000e+04
9.955892187500000000e+04
9.971452343750000000e+04
1.000064843750000000e+05
1.002442265625000000e+05
1.008641875000000000e+05
1.016696406250000000e+05
1.021513359375000000e+05
1.021210546875000000e+05
1.017931250000000000e+05
1.013206406250000000e+05
1.007084296875000000e+05
1.000334453125000000e+05
9.930491406250000000e+04
9.873071875000000000e+04
9.852435156250000000e+04
9.843877343750000000e+04
9.850409375000000000e+04
9.879029687500000000e+04
9.922203125000000000e+04
9.948954687500000000e+04
9.953064062500000000e+04
9.945742968750000000e+04
9.941567187500000000e+04
9.934428906250000000e+04
9.913168750000000000e+04
9.881764843750000000e+04
9.867707031250000000e+04
9.877618750000000000e+04
9.883815625000000000e+04
9.887320312500000000e+04
9.891460156250000000e+04
9.896113281250000000e+04
9.897731250000000000e+04
9.893175781250000000e+04
9.897568750000000000e+04
9.886139843750000000e+04
9.882804687500000000e+04
9.868992968750000000e+04
9.874341406250000000e+04
9.860728906250000000e+04
9.871745312500000000e+04
9.870292968750000000e+04
9.901886718750000000e+04
9.927110156250000000e+04
9.963133593750000000e+04
9.999034375000000000e+04
1.002492734375000000e+05
1.002498750000000000e+05
1.001432265625000000e+05
9.985535937500000000e+04
1.002082968750000000e+05
1.005610937500000000e+05
1.008108750000000000e+05
1.009424453125000000e+05
1.012154453125000000e+05
1.009216250000000000e+05
1.001322734375000000e+05
1.001710703125000000e+05
1.001443359375000000e+05
9.990247656250000000e+04
9.940228125000000000e+04
9.911938281250000000e+04
9.896035937500000000e+04
9.916378906250000000e+04
9.952303125000000000e+04
9.983168750000000000e+04
1.003668828125000000e+05
1.005270859375000000e+05
1.007316015625000000e+05
1.008399453125000000e+05
1.009760937500000000e+05
1.011562421875000000e+05
1.011469062500000000e+05
1.006999062500000000e+05
1.001106250000000000e+05
9.911143750000000000e+04
9.790233593750000000e+04
9.716668750000000000e+04
9.757858593750000000e+04
9.775901562500000000e+04
9.810049218750000000e+04
9.860912500000000000e+04
9.917796875000000000e+04
9.940848437500000000e+04
9.924207812500000000e+04
9.849510156250000000e+04
9.792626562500000000e+04
9.748421093750000000e+04
9.744320312500000000e+04
9.757939843750000000e+04
9.801501562500000000e+04
9.831521093750000000e+04
9.889771875000000000e+04
9.939894531250000000e+04
9.984079687500000000e+04
1.001853125000000000e+05
1.003039375000000000e+05
1.000217031250000000e+05
9.982885937500000000e+04
9.937670312500000000e+04
9.858928125000000000e+04
9.851578125000000000e+04
9.882354687500000000e+04
9.904178906250000000e+04
9.879990625000000000e+04
9.832489843750000000e+04
9.781878906250000000e+04
9.730064062500000000e+04
9.687142187500000000e+04
9.655285156250000000e+04
9.673042187500000000e+04
9.699447656250000000e+04
9.716843750000000000e+04
9.693815625000000000e+04
9.685403125000000000e+04
9.733817187500000000e+04
9.776612500000000000e+04
9.800374218750000000e+04
9.826253125000000000e+04
9.844542968750000000e+04
9.849347656250000000e+04
9.841228906250000000e+04
9.821242968750000000e+04
9.777728125000000000e+04
9.742444531250000000e+04
9.735312500000000000e+04
9.761344531250000000e+04
9.767844531250000000e+04
9.780426562500000000e+04
9.768327343750000000e+04
9.754190625000000000e+04
9.766148437500000000e+04
9.826136718750000000e+04
9.884095312500000000e+04
9.916068750000000000e+04
9.917124218750000000e+04
9.905611718750000000e+04
9.877572656250000000e+04
9.868387500000000000e+04
9.857871875000000000e+04
9.839974218750000000e+04
9.803331250000000000e+04
9.779726562500000000e+04
9.768231250000000000e+04
9.778250781250000000e+04
9.752971093750000000e+04
9.723296875000000000e+04
9.730837500000000000e+04
9.761074218750000000e+04
9.793800000000000000e+04
9.832357031250000000e+04
9.831201562500000000e+04
9.795128906250000000e+04
9.693937500000000000e+04
9.669739843750000000e+04
9.657715625000000000e+04
9.642868750000000000e+04
9.646920312500000000e+04
9.663428906250000000e+04
9.681968750000000000e+04
9.696729687500000000e+04
9.687294531250000000e+04
9.692698437500000000e+04
9.676330468750000000e+04
9.665242968750000000e+04
9.637226562500000000e+04
9.601497656250000000e+04
9.504711718750000000e+04
9.397660156250000000e+04
9.339077343750000000e+04
9.359754687500000000e+04
9.423958593750000000e+04
9.470290625000000000e+04
9.474807812500000000e+04
9.466683593750000000e+04
9.513823437500000000e+04
9.582371875000000000e+04
9.631171875000000000e+04
9.676269531250000000e+04
9.731759375000000000e+04
9.763866406250000000e+04
9.780731250000000000e+04
9.804151562500000000e+04
9.811117187500000000e+04
9.829298437500000000e+04
9.827241406250000000e+04
9.838408593750000000e+04
9.854721093750000000e+04
9.882918750000000000e+04
9.913207812500000000e+04
9.950932812500000000e+04
9.968992187500000000e+04
9.961706250000000000e+04
9.919847656250000000e+04
9.889938281250000000e+04
9.836891406250000000e+04
9.769488281250000000e+04
9.647276562500000000e+04
9.582244531250000000e+04
9.601233593750000000e+04
9.626422656250000000e+04
9.636592968750000000e+04
9.652832812500000000e+04
9.653664843750000000e+04
9.652205468750000000e+04
9.647567187500000000e+04
9.655334375000000000e+04
9.635429687500000000e+04
9.571828125000000000e+04
9.503457031250000000e+04
9.460694531250000000e+04
9.441808593750000000e+04
9.449645312500000000e+04
9.479615625000000000e+04
9.515340625000000000e+04
9.569436718750000000e+04
9.621625781250000000e+04
9.695913281250000000e+04
9.751235156250000000e+04
9.800243750000000000e+04
9.822157812500000000e+04
9.821950781250000000e+04
9.815457812500000000e+04
9.775797656250000000e+04
9.728927343750000000e+04
9.670959375000000000e+04
9.645907812500000000e+04
9.648502343750000000e+04
9.663436718750000000e+04
9.672528906250000000e+04
9.699306250000000000e+04
9.740534375000000000e+04
9.762052343750000000e+04
9.784676562500000000e+04
9.803135937500000000e+04
9.824342187500000000e+04
9.818491406250000000e+04
9.802730468750000000e+04
9.778478906250000000e+04
9.739735156250000000e+04
9.718935937500000000e+04
9.716341406250000000e+04
9.725694531250000000e+04
9.738520312500000000e+04
9.743610156250000000e+04
9.730351562500000000e+04
9.705614843750000000e+04
9.656457031250000000e+04
9.591023437500000000e+04
9.555566406250000000e+04
9.562196875000000000e+04
9.558160156250000000e+04
9.547689843750000000e+04
9.529500000000000000e+04
9.498397656250000000e+04
9.468651562500000000e+04
9.474428125000000000e+04
9.512983593750000000e+04
9.560592968750000000e+04
9.589850000000000000e+04
9.622113281250000000e+04
9.643311718750000000e+04
9.665376562500000000e+04
9.689565625000000000e+04
9.701121093750000000e+04
9.675533593750000000e+04
9.624326562500000000e+04
9.539689843750000000e+04
9.474021875000000000e+04
9.515512500000000000e+04
9.545885156250000000e+04
9.560992968750000000e+04
9.600165625000000000e+04
9.718865625000000000e+04
9.793451562500000000e+04
9.773519531250000000e+04
9.665685156250000000e+04
9.657523437500000000e+04
9.643042968750000000e+04
9.679696875000000000e+04
9.717945312500000000e+04
9.775645312500000000e+04
9.825366406250000000e+04
9.877418750000000000e+04
9.920574218750000000e+04
9.938490625000000000e+04
9.966192968750000000e+04
1.002866718750000000e+05
1.006181015625000000e+05
1.006700546875000000e+05
1.005924218750000000e+05
1.005400937500000000e+05
1.004871015625000000e+05
1.004575468750000000e+05
1.004388437500000000e+05
1.004492343750000000e+05
1.005061562500000000e+05
1.005651875000000000e+05
1.005946953125000000e+05
1.004716406250000000e+05
1.003683984375000000e+05
1.002299218750000000e+05
1.001994375000000000e+05
1.001394531250000000e+05
1.000397343750000000e+05
9.965576562500000000e+04
9.926147656250000000e+04
9.883794531250000000e+04
9.839714062500000000e+04
9.845331250000000000e+04
9.867145312500000000e+04
9.874514062500000000e+04
9.890043750000000000e+04
9.844621875000000000e+04
9.735757031250000000e+04
9.694992187500000000e+04
9.717768750000000000e+04
9.788824218750000000e+04
9.874564843750000000e+04
9.961803125000000000e+04
1.002303671875000000e+05
1.006105937500000000e+05
1.005896953125000000e+05
1.002487343750000000e+05
9.992154687500000000e+04
9.961067187500000000e+04
1.005650703125000000e+05
1.013741484375000000e+05
1.014638671875000000e+05
1.012010000000000000e+05
1.009430546875000000e+05
1.008337656250000000e+05
1.010538984375000000e+05
1.009415234375000000e+05
1.007530078125000000e+05
1.002944062500000000e+05
9.985181250000000000e+04
9.929307812500000000e+04
9.905250781250000000e+04
9.902657031250000000e+04
9.901238281250000000e+04
9.898489843750000000e+04
9.901107031250000000e+04
9.887162500000000000e+04
9.884557031250000000e+04
9.863451562500000000e+04
9.856491406250000000e+04
9.846335937500000000e+04
9.857431250000000000e+04
9.838250000000000000e+04
9.825961718750000000e+04
9.809896875000000000e+04
9.833941406250000000e+04
9.869888281250000000e+04
9.913542968750000000e+04
9.929757031250000000e+04
9.948015625000000000e+04
9.958312500000000000e+04
9.978344531250000000e+04
1.000936640625000000e+05
1.003369531250000000e+05
1.005190703125000000e+05
1.004695312500000000e+05
1.001914921875000000e+05
1.001938125000000000e+05
1.003497421875000000e+05
1.003068828125000000e+05
1.000750156250000000e+05
9.976555468750000000e+04
9.948998437500000000e+04
9.938403125000000000e+04
9.905740625000000000e+04
9.825308593750000000e+04
9.773684375000000000e+04
9.803753125000000000e+04
9.840970312500000000e+04
9.866641406250000000e+04
9.882007812500000000e+04
9.893959375000000000e+04
9.921126562500000000e+04
9.949069531250000000e+04
9.943533593750000000e+04
9.957034375000000000e+04
9.976988281250000000e+04
1.000125468750000000e+05
1.001248984375000000e+05
1.003013281250000000e+05
1.003832187500000000e+05
1.005092109375000000e+05
1.004331171875000000e+05
1.004052734375000000e+05
1.005094375000000000e+05
1.002496875000000000e+05
9.961977343750000000e+04
9.857565625000000000e+04
9.748420312500000000e+04
9.699978906250000000e+04
9.720891406250000000e+04
9.704646875000000000e+04
9.695440625000000000e+04
9.707286718750000000e+04
9.704328906250000000e+04
9.705738281250000000e+04
9.698368750000000000e+04
9.704072656250000000e+04
9.709168750000000000e+04
9.744364062500000000e+04
9.790510156250000000e+04
9.837836718750000000e+04
9.868021875000000000e+04
9.846085937500000000e+04
9.747590625000000000e+04
9.672556250000000000e+04
9.664850000000000000e+04
9.688296875000000000e+04
9.718378906250000000e+04
9.747697656250000000e+04
9.743909375000000000e+04
9.735113281250000000e+04
9.720998437500000000e+04
9.732378906250000000e+04
9.717092968750000000e+04
9.671455468750000000e+04
9.636074218750000000e+04
9.681236718750000000e+04
9.741557812500000000e+04
9.779832812500000000e+04
9.764037500000000000e+04
9.719450781250000000e+04
9.657163281250000000e+04
9.636867187500000000e+04
9.635310156250000000e+04
9.641191406250000000e+04
9.656227343750000000e+04
9.688457031250000000e+04
9.717148437500000000e+04
9.681665625000000000e+04
9.613508593750000000e+04
9.560484375000000000e+04
9.559462500000000000e+04
9.571944531250000000e+04
9.604928125000000000e+04
9.650321093750000000e+04
9.701371093750000000e+04
9.720908593750000000e+04
9.726271093750000000e+04
9.721730468750000000e+04
9.710171093750000000e+04
9.704494531250000000e+04
9.685959375000000000e+04
9.671731250000000000e+04
9.635732812500000000e+04
9.596464062500000000e+04
9.571100781250000000e+04
9.565342968750000000e+04
9.589240625000000000e+04
9.602905468750000000e+04
9.592357031250000000e+04
9.569147656250000000e+04
9.545328906250000000e+04
9.532903125000000000e+04
9.532635937500000000e+04
9.544215625000000000e+04
9.565481250000000000e+04
9.587261718750000000e+04
9.599800781250000000e+04
9.610996875000000000e+04
9.600566406250000000e+04
9.589246875000000000e+04
9.584125781250000000e+04
9.576785937500000000e+04
9.575553125000000000e+04
9.566321875000000000e+04
9.556186718750000000e+04
9.541767187500000000e+04
9.530402343750000000e+04
9.526494531250000000e+04
9.530609375000000000e+04
9.547218750000000000e+04
9.579853125000000000e+04
9.590970312500000000e+04
9.581164062500000000e+04
9.570459375000000000e+04
9.585808593750000000e+04
9.591971093750000000e+04
9.607997656250000000e+04
9.622889843750000000e+04
9.647774218750000000e+04
9.667398437500000000e+04
9.677481250000000000e+04
9.682000781250000000e+04
9.674359375000000000e+04
9.682194531250000000e+04
9.703156250000000000e+04
9.719284375000000000e+04
9.731246875000000000e+04
9.742711718750000000e+04
9.757696875000000000e+04
9.761007812500000000e+04
9.769529687500000000e+04
9.787380468750000000e+04
9.809673437500000000e+04
9.829072656250000000e+04
9.847392187500000000e+04
9.867006250000000000e+04
9.885491406250000000e+04
9.917883593750000000e+04
9.944681250000000000e+04
9.983497656250000000e+04
1.000360625000000000e+05
1.002769453125000000e+05
1.003321171875000000e+05
1.003451406250000000e+05
1.003104765625000000e+05
1.003280703125000000e+05
1.002227890625000000e+05
1.000940781250000000e+05
9.983508593750000000e+04
9.961264062500000000e+04
9.934292187500000000e+04
9.931491406250000000e+04
9.955242187500000000e+04
9.983245312500000000e+04
1.000251953125000000e+05
1.001939531250000000e+05
1.003102031250000000e+05
1.003580781250000000e+05
1.004095703125000000e+05
1.003780625000000000e+05
1.002737109375000000e+05
1.001662343750000000e+05
9.998219531250000000e+04
9.985109375000000000e+04
9.948214843750000000e+04
9.917558593750000000e+04
9.876316406250000000e+04
9.853628906250000000e+04
9.853086718750000000e+04
9.869269531250000000e+04
9.875915625000000000e+04
9.884800781250000000e+04
9.894353125000000000e+04
9.907485937500000000e+04
9.920128125000000000e+04
9.941457812500000000e+04
9.966107031250000000e+04
9.981211718750000000e+04
9.981171093750000000e+04
9.967407031250000000e+04
9.948833593750000000e+04
9.933292968750000000e+04
9.919872656250000000e+04
9.909169531250000000e+04
9.894961718750000000e+04
9.886185937500000000e+04
9.886311718750000000e+04
9.883378125000000000e+04
9.877469531250000000e+04
9.840294531250000000e+04
9.781305468750000000e+04
9.709240625000000000e+04
9.653729687500000000e+04
9.667234375000000000e+04
9.726383593750000000e+04
9.789621093750000000e+04
9.808304687500000000e+04
9.815097656250000000e+04
9.802173437500000000e+04
9.798493750000000000e+04
9.787381250000000000e+04
9.779604687500000000e+04
9.770068750000000000e+04
9.783111718750000000e+04
9.791423437500000000e+04
9.797192968750000000e+04
9.798907031250000000e+04
9.808810156250000000e+04
9.815489843750000000e+04
9.828990625000000000e+04
9.825108593750000000e+04
9.817050000000000000e+04
9.821052343750000000e+04
9.846543750000000000e+04
9.870664843750000000e+04
9.885237500000000000e+04
9.875224218750000000e+04
9.850978906250000000e+04
9.822037500000000000e+04
9.834755468750000000e+04
9.853467187500000000e+04
9.876251562500000000e+04
9.898074218750000000e+04
9.921159375000000000e+04
9.929261718750000000e+04
9.948492187500000000e+04
9.963719531250000000e+04
9.951481250000000000e+04
9.909854687500000000e+04
9.840917187500000000e+04
9.795087500000000000e+04
9.796160156250000000e+04
9.789819531250000000e+04
9.779653125000000000e+04
9.762403125000000000e+04
9.752501562500000000e+04
9.749178125000000000e+04
9.753970312500000000e+04
9.764707812500000000e+04
9.783309375000000000e+04
9.802883593750000000e+04
9.809561718750000000e+04
9.813323437500000000e+04
9.814879687500000000e+04
9.814532812500000000e+04
9.814607812500000000e+04
9.811006250000000000e+04
9.824809375000000000e+04
9.841269531250000000e+04
9.857715625000000000e+04
9.853847656250000000e+04
9.861314062500000000e+04
9.866425781250000000e+04
9.883837500000000000e+04
9.896046875000000000e+04
9.916955468750000000e+04
9.923784375000000000e+04
9.927878906250000000e+04
9.899299218750000000e+04
9.864631250000000000e+04
9.828885156250000000e+04
9.812372656250000000e+04
9.811171093750000000e+04
9.825250781250000000e+04
9.842180468750000000e+04
9.873714843750000000e+04
9.902427343750000000e+04
9.926188281250000000e+04
9.961627343750000000e+04
9.986533593750000000e+04
1.000634453125000000e+05
1.002538593750000000e+05
1.003335156250000000e+05
1.003738281250000000e+05
1.004501484375000000e+05
1.006466875000000000e+05
1.006921953125000000e+05
1.008048593750000000e+05
1.007068671875000000e+05
1.003942109375000000e+05
1.000679687500000000e+05
1.000633046875000000e+05
1.002438750000000000e+05
1.005627265625000000e+05
1.007462890625000000e+05
1.008600703125000000e+05
1.008675546875000000e+05
1.007033593750000000e+05
1.004926484375000000e+05
1.003685937500000000e+05
1.003177578125000000e+05
1.003700625000000000e+05
1.005895234375000000e+05
1.009583515625000000e+05
1.011637265625000000e+05
1.013185625000000000e+05
1.012765859375000000e+05
1.011991406250000000e+05
1.009231484375000000e+05
1.007001484375000000e+05
1.005204687500000000e+05
1.003030156250000000e+05
1.000993828125000000e+05
9.995974218750000000e+04
9.992572656250000000e+04
9.996105468750000000e+04
9.998682812500000000e+04
1.000689062500000000e+05
1.001598593750000000e+05
1.003160781250000000e+05
1.004619843750000000e+05
1.005715859375000000e+05
1.005749765625000000e+05
