9.912186718750000000e+04
9.926598437500000000e+04
9.935229687500000000e+04
9.931214062500000000e+04
9.925358593750000000e+04
9.903084375000000000e+04
9.864167187500000000e+04
9.820866406250000000e+04
9.796159375000000000e+04
9.779779687500000000e+04
9.756856250000000000e+04
9.721580468750000000e+04
9.719945312500000000e+04
9.764624218750000000e+04
9.817811718750000000e+04
9.853085937500000000e+04
9.881674218750000000e+04
9.897828125000000000e+04
9.894370312500000000e+04
9.881047656250000000e+04
9.872634375000000000e+04
9.852762500000000000e+04
9.842425781250000000e+04
9.843693750000000000e+04
9.852982812500000000e+04
9.863743750000000000e+04
9.878099218750000000e+04
9.886615625000000000e+04
9.902159375000000000e+04
9.916469531250000000e+04
9.924857031250000000e+04
9.915257031250000000e+04
9.902562500000000000e+04
9.877329687500000000e+04
9.857052343750000000e+04
9.847733593750000000e+04
9.858129687500000000e+04
9.879748437500000000e+04
9.899764843750000000e+04
9.924381250000000000e+04
9.945039843750000000e+04
9.954639843750000000e+04
9.959700000000000000e+04
9.946847656250000000e+04
9.931070312500000000e+04
9.914614843750000000e+04
9.897650000000000000e+04
9.890443750000000000e+04
9.883086718750000000e+04
9.878110156250000000e+04
9.863485156250000000e+04
9.852182812500000000e+04
9.841397656250000000e+04
9.830041406250000000e+04
9.825313281250000000e+04
9.818071093750000000e+04
9.820748437500000000e+04
9.813338281250000000e+04
9.808375781250000000e+04
9.806959375000000000e+04
9.809669531250000000e+04
9.796347656250000000e+04
9.794601562500000000e+04
9.785951562500000000e+04
9.793719531250000000e+04
9.803082812500000000e+04
9.811567187500000000e+04
9.818566406250000000e+04
9.834566406250000000e+04
9.843874218750000000e+04
9.848828906250000000e+04
9.842040625000000000e+04
9.831842968750000000e+04
9.825571093750000000e+04
9.823422656250000000e+04
9.813936718750000000e+04
9.823424218750000000e+04
9.832572656250000000e+04
9.856859375000000000e+04
9.870951562500000000e+04
9.884854687500000000e+04
9.884219531250000000e+04
9.890482812500000000e+04
9.887757812500000000e+04
9.891729687500000000e+04
9.891361718750000000e+04
9.894681250000000000e+04
9.894365625000000000e+04
9.900577343750000000e+04
9.897717187500000000e+04
9.898551562500000000e+04
9.898612500000000000e+04
9.904943750000000000e+04
9.913104687500000000e+04
9.913488281250000000e+04
9.908602343750000000e+04
9.892888281250000000e+04
9.887147656250000000e+04
9.890513281250000000e+04
9.894670312500000000e+04
9.900983593750000000e+04
9.916387500000000000e+04
9.937309375000000000e+04
9.952616406250000000e+04
9.977984375000000000e+04
9.983966406250000000e+04
1.000151718750000000e+05
9.987411718750000000e+04
9.954693750000000000e+04
9.952478125000000000e+04
9.956017187500000000e+04
9.896531250000000000e+04
9.835264062500000000e+04
9.852251562500000000e+04
9.911948437500000000e+04
9.957283593750000000e+04
9.991491406250000000e+04
1.000901015625000000e+05
9.999647656250000000e+04
9.976750781250000000e+04
9.942309375000000000e+04
9.930920312500000000e+04
9.942756250000000000e+04
9.930441406250000000e+04
9.893507812500000000e+04
9.906627343750000000e+04
9.907288281250000000e+04
9.906040625000000000e+04
9.944448437500000000e+04
9.979660156250000000e+04
1.000527578125000000e+05
1.003965781250000000e+05
1.007214140625000000e+05
1.008837187500000000e+05
1.009385937500000000e+05
1.008933125000000000e+05
1.010152421875000000e+05
1.011278593750000000e+05
1.012154921875000000e+05
1.011720234375000000e+05
1.012399375000000000e+05
1.013988984375000000e+05
1.014919375000000000e+05
1.015139062500000000e+05
1.015142343750000000e+05
1.014932421875000000e+05
1.013342656250000000e+05
1.009886875000000000e+05
1.005300312500000000e+05
9.992240625000000000e+04
9.948902343750000000e+04
9.912651562500000000e+04
9.899742187500000000e+04
9.880177343750000000e+04
9.875247656250000000e+04
9.879048437500000000e+04
9.881155468750000000e+04
9.887486718750000000e+04
9.903192187500000000e+04
9.911414843750000000e+04
9.915960156250000000e+04
9.914609375000000000e+04
9.914785156250000000e+04
9.904757812500000000e+04
9.911517187500000000e+04
9.915178125000000000e+04
9.920979687500000000e+04
9.930242187500000000e+04
9.937771875000000000e+04
9.950445312500000000e+04
9.952171093750000000e+04
9.958689843750000000e+04
9.957517187500000000e+04
9.953337500000000000e+04
9.942999218750000000e+04
9.929858593750000000e+04
9.916655468750000000e+04
9.898756250000000000e+04
9.892760156250000000e+04
9.884812500000000000e+04
9.885722656250000000e+04
9.885962500000000000e+04
9.881838281250000000e+04
9.864153125000000000e+04
9.846658593750000000e+04
9.841209375000000000e+04
9.838151562500000000e+04
9.831466406250000000e+04
9.848528125000000000e+04
9.865602343750000000e+04
9.868978906250000000e+04
9.888393750000000000e+04
9.895748437500000000e+04
9.914361718750000000e+04
9.923107812500000000e+04
9.936516406250000000e+04
9.936912500000000000e+04
9.940636718750000000e+04
9.928650781250000000e+04
9.918824218750000000e+04
9.901428125000000000e+04
9.891081250000000000e+04
9.873034375000000000e+04
9.865866406250000000e+04
9.862770312500000000e+04
9.866360156250000000e+04
9.880511718750000000e+04
9.908581250000000000e+04
9.936129687500000000e+04
9.973975781250000000e+04
9.995948437500000000e+04
1.001597968750000000e+05
1.002817968750000000e+05
1.003607734375000000e+05
1.003978671875000000e+05
1.004834375000000000e+05
1.005920859375000000e+05
1.006220703125000000e+05
1.007364921875000000e+05
1.008472343750000000e+05
1.009208671875000000e+05
1.009604062500000000e+05
1.009356484375000000e+05
1.009772890625000000e+05
1.009615000000000000e+05
1.008412109375000000e+05
1.006448359375000000e+05
1.003499843750000000e+05
1.001403593750000000e+05
9.998411718750000000e+04
9.977312500000000000e+04
9.966807031250000000e+04
9.960677343750000000e+04
9.951100781250000000e+04
9.944506250000000000e+04
9.949707812500000000e+04
9.946065625000000000e+04
9.935792968750000000e+04
9.932230468750000000e+04
9.939787500000000000e+04
9.948370312500000000e+04
9.975306250000000000e+04
9.987667187500000000e+04
1.000033281250000000e+05
9.985655468750000000e+04
9.917916406250000000e+04
9.871806250000000000e+04
9.870348437500000000e+04
9.887001562500000000e+04
9.918664062500000000e+04
9.958724218750000000e+04
9.982378906250000000e+04
9.969187500000000000e+04
9.901639843750000000e+04
9.873727343750000000e+04
9.879600000000000000e+04
9.866680468750000000e+04
9.862985937500000000e+04
9.902543750000000000e+04
9.950825781250000000e+04
9.987341406250000000e+04
9.990805468750000000e+04
9.990259375000000000e+04
1.001410546875000000e+05
1.003205000000000000e+05
1.003195703125000000e+05
1.002888281250000000e+05
1.000866640625000000e+05
1.000598671875000000e+05
1.001702734375000000e+05
1.003589531250000000e+05
1.004554062500000000e+05
1.005862734375000000e+05
1.005988125000000000e+05
1.007386875000000000e+05
1.008853046875000000e+05
1.008740546875000000e+05
1.005533515625000000e+05
1.001068359375000000e+05
9.972259375000000000e+04
9.963103125000000000e+04
9.979768750000000000e+04
9.993612500000000000e+04
9.995297656250000000e+04
9.979612500000000000e+04
9.957184375000000000e+04
9.916142968750000000e+04
9.902784375000000000e+04
9.904723437500000000e+04
9.865032812500000000e+04
9.752016406250000000e+04
9.625892187500000000e+04
9.644216406250000000e+04
9.795251562500000000e+04
9.889831250000000000e+04
9.901139843750000000e+04
9.875953125000000000e+04
9.874244531250000000e+04
9.916429687500000000e+04
9.952470312500000000e+04
9.977124218750000000e+04
9.984117187500000000e+04
9.971721093750000000e+04
9.961968750000000000e+04
9.967208593750000000e+04
9.973392968750000000e+04
9.970450000000000000e+04
9.980390625000000000e+04
9.979661718750000000e+04
9.981378906250000000e+04
9.971195312500000000e+04
9.974393750000000000e+04
9.965948437500000000e+04
9.955038281250000000e+04
9.935394531250000000e+04
9.922046875000000000e+04
9.902916406250000000e+04
9.864495312500000000e+04
9.832297656250000000e+04
9.798423437500000000e+04
9.781871875000000000e+04
9.758342968750000000e+04
9.750264062500000000e+04
9.715440625000000000e+04
9.707802343750000000e+04
9.764092187500000000e+04
9.830413281250000000e+04
9.863159375000000000e+04
9.878899218750000000e+04
9.881151562500000000e+04
9.871558593750000000e+04
9.849492187500000000e+04
9.832338281250000000e+04
9.803235937500000000e+04
9.788504687500000000e+04
9.795229687500000000e+04
9.815982812500000000e+04
9.850117187500000000e+04
9.871746875000000000e+04
9.900687500000000000e+04
9.908119531250000000e+04
9.917670312500000000e+04
9.913915625000000000e+04
9.908512500000000000e+04
9.895521093750000000e+04
9.889887500000000000e+04
9.884813281250000000e+04
9.897931250000000000e+04
9.905032812500000000e+04
9.908467187500000000e+04
9.896835937500000000e+04
9.886397656250000000e+04
9.875906250000000000e+04
9.869590625000000000e+04
9.862127343750000000e+04
9.854758593750000000e+04
9.840645312500000000e+04
9.792633593750000000e+04
9.701972656250000000e+04
9.605414843750000000e+04
9.542870312500000000e+04
9.540864062500000000e+04
9.533974218750000000e+04
9.539844531250000000e+04
9.569350781250000000e+04
9.644021093750000000e+04
9.730114843750000000e+04
9.798357031250000000e+04
9.837144531250000000e+04
9.846723437500000000e+04
9.840292187500000000e+04
9.824188281250000000e+04
9.838712500000000000e+04
9.851929687500000000e+04
9.856003125000000000e+04
9.878088281250000000e+04
9.902400781250000000e+04
9.921869531250000000e+04
9.935923437500000000e+04
9.945262500000000000e+04
9.945035937500000000e+04
9.928190625000000000e+04
9.915742968750000000e+04
9.903535937500000000e+04
9.876018750000000000e+04
9.826447656250000000e+04
9.807292187500000000e+04
9.795734375000000000e+04
9.806852343750000000e+04
9.862614843750000000e+04
9.836217187500000000e+04
9.792312500000000000e+04
9.812296875000000000e+04
9.823264843750000000e+04
9.794987500000000000e+04
9.727775781250000000e+04
9.669813281250000000e+04
9.665714843750000000e+04
9.741835156250000000e+04
9.814157812500000000e+04
9.872685937500000000e+04
9.903686718750000000e+04
9.891892187500000000e+04
9.860952343750000000e+04
9.840135937500000000e+04
9.790523437500000000e+04
9.744258593750000000e+04
9.703489843750000000e+04
9.686249218750000000e+04
9.690842187500000000e+04
9.700222656250000000e+04
9.719387500000000000e+04
9.757778906250000000e+04
9.801296875000000000e+04
9.827263281250000000e+04
9.862874218750000000e+04
9.875220312500000000e+04
9.861943750000000000e+04
9.823988281250000000e+04
9.791223437500000000e+04
9.790112500000000000e+04
9.796478906250000000e+04
9.800951562500000000e+04
9.808535156250000000e+04
9.803605468750000000e+04
9.803368750000000000e+04
9.799678125000000000e+04
9.808336718750000000e+04
9.808239843750000000e+04
9.800217187500000000e+04
9.797119531250000000e+04
9.791696875000000000e+04
9.800787500000000000e+04
9.803568750000000000e+04
9.805917187500000000e+04
9.787360156250000000e+04
9.788188281250000000e+04
9.793376562500000000e+04
9.815542187500000000e+04
9.846411718750000000e+04
9.902217187500000000e+04
9.957277343750000000e+04
1.001925468750000000e+05
1.006094921875000000e+05
1.009565703125000000e+05
1.011110312500000000e+05
1.012115781250000000e+05
1.011091640625000000e+05
1.008869375000000000e+05
1.007814687500000000e+05
1.007601484375000000e+05
1.005474296875000000e+05
1.007465078125000000e+05
1.011239218750000000e+05
1.014093671875000000e+05
1.016918046875000000e+05
1.017003281250000000e+05
1.011029921875000000e+05
1.002966875000000000e+05
9.970497656250000000e+04
9.915179687500000000e+04
9.870299218750000000e+04
9.870528125000000000e+04
9.906586718750000000e+04
9.941874218750000000e+04
9.977714062500000000e+04
1.001729765625000000e+05
1.005317031250000000e+05
1.008743984375000000e+05
1.010973671875000000e+05
1.008153437500000000e+05
9.993000781250000000e+04
9.924850781250000000e+04
9.886820312500000000e+04
9.825325781250000000e+04
9.732475781250000000e+04
9.658800000000000000e+04
9.616454687500000000e+04
9.574849218750000000e+04
9.537402343750000000e+04
9.553972656250000000e+04
9.606677343750000000e+04
9.642134375000000000e+04
9.683535156250000000e+04
9.751794531250000000e+04
9.827514062500000000e+04
9.871435156250000000e+04
9.888299218750000000e+04
9.902372656250000000e+04
9.903857031250000000e+04
9.897154687500000000e+04
9.884542968750000000e+04
9.867006250000000000e+04
9.854042187500000000e+04
9.844006250000000000e+04
9.842952343750000000e+04
9.855404687500000000e+04
9.891845312500000000e+04
9.917411718750000000e+04
9.958126562500000000e+04
9.979844531250000000e+04
9.993983593750000000e+04
9.987417187500000000e+04
9.949950000000000000e+04
9.905955468750000000e+04
9.855278906250000000e+04
9.826328125000000000e+04
9.800438281250000000e+04
9.772334375000000000e+04
9.706631250000000000e+04
9.605958593750000000e+04
9.495283593750000000e+04
9.528533593750000000e+04
9.607006250000000000e+04
9.673873437500000000e+04
9.735738281250000000e+04
9.810602343750000000e+04
9.907449218750000000e+04
9.974894531250000000e+04
9.999078906250000000e+04
1.000450156250000000e+05
1.000068671875000000e+05
1.000804531250000000e+05
1.003118828125000000e+05
1.005649140625000000e+05
1.007346562500000000e+05
1.008562890625000000e+05
1.009590468750000000e+05
1.010010546875000000e+05
1.010356328125000000e+05
1.013306562500000000e+05
1.014681406250000000e+05
1.016641718750000000e+05
1.018087890625000000e+05
1.019821953125000000e+05
1.020736250000000000e+05
1.022570156250000000e+05
1.022157343750000000e+05
1.020124062500000000e+05
1.017318281250000000e+05
1.014075625000000000e+05
1.011149140625000000e+05
1.008093593750000000e+05
1.004703359375000000e+05
1.002593750000000000e+05
1.001395703125000000e+05
9.994965625000000000e+04
9.974621093750000000e+04
9.964718750000000000e+04
9.954953125000000000e+04
9.961205468750000000e+04
9.972030468750000000e+04
9.995120312500000000e+04
1.003207343750000000e+05
1.006728125000000000e+05
1.009091328125000000e+05
1.010037265625000000e+05
1.009981718750000000e+05
1.009651875000000000e+05
1.009000625000000000e+05
1.010443593750000000e+05
1.012385234375000000e+05
1.012696953125000000e+05
1.013218515625000000e+05
1.013486484375000000e+05
1.012835546875000000e+05
1.010663046875000000e+05
1.007029296875000000e+05
1.002881562500000000e+05
9.950263281250000000e+04
9.869890625000000000e+04
9.799357812500000000e+04
9.764248437500000000e+04
9.729334375000000000e+04
9.663864843750000000e+04
9.648493750000000000e+04
9.737229687500000000e+04
9.819636718750000000e+04
9.847257031250000000e+04
9.872658593750000000e+04
9.915362500000000000e+04
9.968225781250000000e+04
9.979726562500000000e+04
9.958417187500000000e+04
9.959249218750000000e+04
9.924152343750000000e+04
9.839218750000000000e+04
9.758993750000000000e+04
9.705284375000000000e+04
9.682824218750000000e+04
9.680813281250000000e+04
9.687096875000000000e+04
9.709971093750000000e+04
9.726437500000000000e+04
9.735437500000000000e+04
9.747349218750000000e+04
9.782167187500000000e+04
9.827621875000000000e+04
9.864211718750000000e+04
9.870803125000000000e+04
9.863508593750000000e+04
9.847450000000000000e+04
9.823334375000000000e+04
9.806338281250000000e+04
9.779013281250000000e+04
9.768204687500000000e+04
9.779124218750000000e+04
9.814278906250000000e+04
9.844757031250000000e+04
9.881163281250000000e+04
9.891178125000000000e+04
9.892996875000000000e+04
9.892270312500000000e+04
9.906690625000000000e+04
9.944464062500000000e+04
9.993307031250000000e+04
1.002907734375000000e+05
1.007037031250000000e+05
1.009776406250000000e+05
1.010040937500000000e+05
1.009332421875000000e+05
1.005689296875000000e+05
1.002839843750000000e+05
1.003913984375000000e+05
1.005648828125000000e+05
1.006171484375000000e+05
1.006906328125000000e+05
1.004380312500000000e+05
9.995779687500000000e+04
9.933957031250000000e+04
9.858306250000000000e+04
9.902749218750000000e+04
9.989742187500000000e+04
1.002190000000000000e+05
1.000379296875000000e+05
9.953339843750000000e+04
9.955925781250000000e+04
1.001334843750000000e+05
1.005694296875000000e+05
1.005517890625000000e+05
1.000670468750000000e+05
1.000813828125000000e+05
1.014773984375000000e+05
1.021266640625000000e+05
1.022095546875000000e+05
1.018037421875000000e+05
1.014160234375000000e+05
1.010450781250000000e+05
1.008704453125000000e+05
1.011592890625000000e+05
1.015305468750000000e+05
1.015717812500000000e+05
1.013528046875000000e+05
1.009443281250000000e+05
1.008583984375000000e+05
1.010986328125000000e+05
1.009995546875000000e+05
1.005658359375000000e+05
1.002045156250000000e+05
1.001734296875000000e+05
1.001789843750000000e+05
9.996838281250000000e+04
9.989028906250000000e+04
1.000385937500000000e+05
1.003006718750000000e+05
1.005874062500000000e+05
1.007044375000000000e+05
1.008726015625000000e+05
1.008709843750000000e+05
1.008851718750000000e+05
1.008604296875000000e+05
1.007915625000000000e+05
1.009740234375000000e+05
1.011842734375000000e+05
1.014154531250000000e+05
1.014684687500000000e+05
1.015359843750000000e+05
1.014320937500000000e+05
1.011808437500000000e+05
1.008170625000000000e+05
1.006045078125000000e+05
1.003766484375000000e+05
1.002598593750000000e+05
1.007307968750000000e+05
1.010689687500000000e+05
1.014027578125000000e+05
1.013996250000000000e+05
1.011545078125000000e+05
1.009420546875000000e+05
1.007844531250000000e+05
1.006622812500000000e+05
1.004961718750000000e+05
1.004325468750000000e+05
1.002519921875000000e+05
1.000760625000000000e+05
9.984264062500000000e+04
9.966685156250000000e+04
9.940918750000000000e+04
9.924900781250000000e+04
9.935878125000000000e+04
9.955440625000000000e+04
9.977646875000000000e+04
9.994176562500000000e+04
1.000932421875000000e+05
1.002293515625000000e+05
1.001447812500000000e+05
1.000766875000000000e+05
9.992843750000000000e+04
9.974353125000000000e+04
9.948986718750000000e+04
9.912011718750000000e+04
9.867286718750000000e+04
9.872274218750000000e+04
9.909227343750000000e+04
9.923155468750000000e+04
9.958524218750000000e+04
9.973806250000000000e+04
9.996675781250000000e+04
1.000298515625000000e+05
1.001509453125000000e+05
1.000302265625000000e+05
1.000874218750000000e+05
9.993727343750000000e+04
9.986085937500000000e+04
9.978264062500000000e+04
9.962776562500000000e+04
9.950194531250000000e+04
9.945209375000000000e+04
9.940802343750000000e+04
9.947280468750000000e+04
9.942836718750000000e+04
9.939850000000000000e+04
9.918362500000000000e+04
9.871597656250000000e+04
9.791621093750000000e+04
9.723331250000000000e+04
9.687301562500000000e+04
9.632467187500000000e+04
9.544795312500000000e+04
9.507593750000000000e+04
9.477523437500000000e+04
9.497631250000000000e+04
9.604597656250000000e+04
9.688194531250000000e+04
9.738631250000000000e+04
9.762759375000000000e+04
9.760536718750000000e+04
9.745053125000000000e+04
9.726484375000000000e+04
9.702165625000000000e+04
9.665884375000000000e+04
9.643313281250000000e+04
9.625389843750000000e+04
9.615762500000000000e+04
9.621468750000000000e+04
9.645385937500000000e+04
9.670005468750000000e+04
9.685852343750000000e+04
9.702078125000000000e+04
9.696641406250000000e+04
9.652391406250000000e+04
9.576389843750000000e+04
9.568863281250000000e+04
9.570172656250000000e+04
9.599201562500000000e+04
9.634251562500000000e+04
9.674702343750000000e+04
9.674075781250000000e+04
9.559266406250000000e+04
9.528763281250000000e+04
9.563108593750000000e+04
9.547939843750000000e+04
9.477796875000000000e+04
9.407214062500000000e+04
9.381797656250000000e+04
9.389699218750000000e+04
9.417676562500000000e+04
9.475636718750000000e+04
9.526973437500000000e+04
9.595654687500000000e+04
9.660535156250000000e+04
9.719756250000000000e+04
9.741958593750000000e+04
9.757193750000000000e+04
9.774378906250000000e+04
9.789989843750000000e+04
9.805025781250000000e+04
9.826794531250000000e+04
9.849168750000000000e+04
9.856086718750000000e+04
9.851909375000000000e+04
9.885755468750000000e+04
9.946678906250000000e+04
9.981585937500000000e+04
9.990866406250000000e+04
9.977533593750000000e+04
9.967185156250000000e+04
9.957339843750000000e+04
9.972842968750000000e+04
1.002447421875000000e+05
1.007227421875000000e+05
1.008808281250000000e+05
1.008157109375000000e+05
1.005884687500000000e+05
1.003224531250000000e+05
1.000046015625000000e+05
9.965501562500000000e+04
9.948664843750000000e+04
9.952649218750000000e+04
9.949332812500000000e+04
9.940442187500000000e+04
9.921272656250000000e+04
9.916280468750000000e+04
9.922120312500000000e+04
9.911438281250000000e+04
9.906829687500000000e+04
9.897177343750000000e+04
9.893580468750000000e+04
9.887856250000000000e+04
9.887017187500000000e+04
9.880648437500000000e+04
9.877171875000000000e+04
9.864992187500000000e+04
9.873853125000000000e+04
9.879007031250000000e+04
9.872080468750000000e+04
9.846271093750000000e+04
9.834792968750000000e+04
9.833549218750000000e+04
9.852204687500000000e+04
9.862180468750000000e+04
9.880650000000000000e+04
9.895783593750000000e+04
9.924689843750000000e+04
9.943117187500000000e+04
9.970700000000000000e+04
9.993933593750000000e+04
1.000931406250000000e+05
1.001412968750000000e+05
1.001488984375000000e+05
9.995883593750000000e+04
9.979967187500000000e+04
9.956928125000000000e+04
9.927082812500000000e+04
9.893541406250000000e+04
9.865086718750000000e+04
9.829873437500000000e+04
9.791252343750000000e+04
9.759060156250000000e+04
9.739075781250000000e+04
9.727151562500000000e+04
9.718499218750000000e+04
9.714770312500000000e+04
9.710350000000000000e+04
9.698914062500000000e+04
9.677560156250000000e+04
9.636300781250000000e+04
9.592870312500000000e+04
9.571388281250000000e+04
9.566061718750000000e+04
9.572641406250000000e+04
9.601948437500000000e+04
9.622779687500000000e+04
9.639230468750000000e+04
9.628480468750000000e+04
9.568082812500000000e+04
9.530830468750000000e+04
9.543616406250000000e+04
9.580701562500000000e+04
9.625165625000000000e+04
9.639485156250000000e+04
9.643460156250000000e+04
9.642652343750000000e+04
9.652100000000000000e+04
9.660914843750000000e+04
9.656161718750000000e+04
9.657759375000000000e+04
9.657375781250000000e+04
9.665838281250000000e+04
9.694175781250000000e+04
9.700790625000000000e+04
9.696950781250000000e+04
9.698094531250000000e+04
9.690742968750000000e+04
9.692385937500000000e+04
9.675576562500000000e+04
9.687688281250000000e+04
9.695088281250000000e+04
9.713092968750000000e+04
9.720414062500000000e+04
9.728506250000000000e+04
9.726467187500000000e+04
9.749811718750000000e+04
9.788109375000000000e+04
9.824328906250000000e+04
9.844163281250000000e+04
9.842448437500000000e+04
9.830685156250000000e+04
9.835869531250000000e+04
9.836501562500000000e+04
9.847850781250000000e+04
9.863417187500000000e+04
9.883665625000000000e+04
9.915401562500000000e+04
9.948433593750000000e+04
9.968821875000000000e+04
9.978276562500000000e+04
9.965170312500000000e+04
9.967808593750000000e+04
9.955439843750000000e+04
9.949129687500000000e+04
9.945892187500000000e+04
9.965477343750000000e+04
9.925429687500000000e+04
9.854544531250000000e+04
9.835317187500000000e+04
9.872590625000000000e+04
9.889932812500000000e+04
9.860017187500000000e+04
9.777325781250000000e+04
9.691140625000000000e+04
9.690199218750000000e+04
9.744350000000000000e+04
9.777380468750000000e+04
9.826323437500000000e+04
9.773847656250000000e+04
9.679893750000000000e+04
9.661060156250000000e+04
9.685031250000000000e+04
9.680164062500000000e+04
9.682657812500000000e+04
9.725978125000000000e+04
9.777442187500000000e+04
9.826347656250000000e+04
9.833219531250000000e+04
9.835434375000000000e+04
9.837111718750000000e+04
9.826251562500000000e+04
9.815974218750000000e+04
9.796665625000000000e+04
9.780424218750000000e+04
9.737868750000000000e+04
9.721235156250000000e+04
9.738737500000000000e+04
9.750383593750000000e+04
9.695816406250000000e+04
9.656690625000000000e+04
9.672305468750000000e+04
9.708157031250000000e+04
9.693036718750000000e+04
9.699165625000000000e+04
9.731366406250000000e+04
9.741280468750000000e+04
9.701317187500000000e+04
9.656390625000000000e+04
9.602482812500000000e+04
9.556759375000000000e+04
9.510506250000000000e+04
9.493630468750000000e+04
9.414904687500000000e+04
9.427964062500000000e+04
9.346662500000000000e+04
9.420036718750000000e+04
9.525272656250000000e+04
9.580913281250000000e+04
9.563194531250000000e+04
9.543126562500000000e+04
9.486911718750000000e+04
9.457435156250000000e+04
9.571064062500000000e+04
9.628259375000000000e+04
9.596758593750000000e+04
9.594596875000000000e+04
9.606039843750000000e+04
9.629469531250000000e+04
9.644691406250000000e+04
9.663352343750000000e+04
9.682642968750000000e+04
9.697800000000000000e+04
9.722572656250000000e+04
9.746100781250000000e+04
9.767753125000000000e+04
9.782429687500000000e+04
9.808528125000000000e+04
9.829382812500000000e+04
9.839221093750000000e+04
9.851910156250000000e+04
9.846151562500000000e+04
9.828417187500000000e+04
9.761748437500000000e+04
9.669752343750000000e+04
9.639960156250000000e+04
9.628942187500000000e+04
9.605463281250000000e+04
9.623404687500000000e+04
9.665063281250000000e+04
9.695392187500000000e+04
9.657939843750000000e+04
9.627506250000000000e+04
9.614442187500000000e+04
9.582298437500000000e+04
9.461713281250000000e+04
9.360207031250000000e+04
9.311296875000000000e+04
9.311900000000000000e+04
9.355915625000000000e+04
9.422967187500000000e+04
9.491256250000000000e+04
9.571457031250000000e+04
9.643003125000000000e+04
9.705280468750000000e+04
9.738484375000000000e+04
9.753660156250000000e+04
9.774867187500000000e+04
9.820083593750000000e+04
9.854581250000000000e+04
9.901686718750000000e+04
9.934826562500000000e+04
9.949014062500000000e+04
9.954891406250000000e+04
9.989311718750000000e+04
1.002027421875000000e+05
1.005937265625000000e+05
1.008260000000000000e+05
1.010134843750000000e+05
1.010550234375000000e+05
1.008878359375000000e+05
1.004797265625000000e+05
1.003219218750000000e+05
1.003907812500000000e+05
1.004217656250000000e+05
1.003323671875000000e+05
1.001444218750000000e+05
9.990409375000000000e+04
9.950371875000000000e+04
9.938939843750000000e+04
9.936869531250000000e+04
9.923752343750000000e+04
9.917039843750000000e+04
9.909802343750000000e+04
9.924990625000000000e+04
9.913900000000000000e+04
9.839089843750000000e+04
9.798576562500000000e+04
9.766549218750000000e+04
9.649805468750000000e+04
9.585960156250000000e+04
9.568115625000000000e+04
9.606528906250000000e+04
9.687235156250000000e+04
9.689744531250000000e+04
9.627556250000000000e+04
9.596823437500000000e+04
9.607522656250000000e+04
9.640992968750000000e+04
9.694365625000000000e+04
9.740554687500000000e+04
9.783550000000000000e+04
9.810715625000000000e+04
9.822537500000000000e+04
9.838129687500000000e+04
9.841759375000000000e+04
9.843802343750000000e+04
9.844050000000000000e+04
9.851465625000000000e+04
9.846768750000000000e+04
9.849718750000000000e+04
9.841976562500000000e+04
9.841634375000000000e+04
9.836018750000000000e+04
9.826421093750000000e+04
9.804429687500000000e+04
9.809505468750000000e+04
9.794064062500000000e+04
9.771844531250000000e+04
9.759650000000000000e+04
9.746519531250000000e+04
9.706286718750000000e+04
9.686244531250000000e+04
9.716185156250000000e+04
9.770492187500000000e+04
9.795530468750000000e+04
9.745434375000000000e+04
9.689595312500000000e+04
9.666715625000000000e+04
9.625978906250000000e+04
9.615385156250000000e+04
9.612446875000000000e+04
9.605648437500000000e+04
9.587098437500000000e+04
9.565221875000000000e+04
9.531945312500000000e+04
9.509392187500000000e+04
9.519086718750000000e+04
9.573437500000000000e+04
9.656550781250000000e+04
9.705263281250000000e+04
9.736347656250000000e+04
9.728964843750000000e+04
9.716219531250000000e+04
9.717355468750000000e+04
9.727360156250000000e+04
9.721955468750000000e+04
9.719219531250000000e+04
9.704636718750000000e+04
9.706533593750000000e+04
9.699082812500000000e+04
9.673135937500000000e+04
9.658136718750000000e+04
9.639938281250000000e+04
9.635335156250000000e+04
9.630896875000000000e+04
9.621352343750000000e+04
9.631180468750000000e+04
9.637833593750000000e+04
9.655278125000000000e+04
9.664170312500000000e+04
9.689577343750000000e+04
9.704249218750000000e+04
9.717505468750000000e+04
9.729285937500000000e+04
9.750481250000000000e+04
9.770567187500000000e+04
9.769205468750000000e+04
9.761328906250000000e+04
9.732376562500000000e+04
9.693584375000000000e+04
9.638720312500000000e+04
9.591831250000000000e+04
9.592291406250000000e+04
9.631978906250000000e+04
9.651099218750000000e+04
9.663837500000000000e+04
9.693669531250000000e+04
9.705049218750000000e+04
9.696395312500000000e+04
9.691180468750000000e+04
9.694136718750000000e+04
9.712534375000000000e+04
9.730012500000000000e+04
9.752514843750000000e+04
9.774757812500000000e+04
9.783582812500000000e+04
9.777200000000000000e+04
9.776082812500000000e+04
9.785697656250000000e+04
9.793897656250000000e+04
9.797454687500000000e+04
9.798733593750000000e+04
9.806521875000000000e+04
9.812663281250000000e+04
9.820450000000000000e+04
9.821823437500000000e+04
9.817447656250000000e+04
9.826857812500000000e+04
9.829626562500000000e+04
9.841603125000000000e+04
9.844131250000000000e+04
9.859639843750000000e+04
9.872698437500000000e+04
9.899722656250000000e+04
9.923232812500000000e+04
9.961536718750000000e+04
9.968392968750000000e+04
9.944866406250000000e+04
9.900326562500000000e+04
9.925298437500000000e+04
9.904107031250000000e+04
9.835532812500000000e+04
9.763376562500000000e+04
9.741592187500000000e+04
9.743300781250000000e+04
9.753911718750000000e+04
9.776460156250000000e+04
9.806778125000000000e+04
9.835598437500000000e+04
9.853199218750000000e+04
9.856322656250000000e+04
9.851604687500000000e+04
9.856380468750000000e+04
9.867694531250000000e+04
9.881219531250000000e+04
9.898145312500000000e+04
9.894784375000000000e+04
9.885602343750000000e+04
9.872606250000000000e+04
9.865861718750000000e+04
9.861720312500000000e+04
9.852122656250000000e+04
9.856627343750000000e+04
9.862761718750000000e+04
9.884458593750000000e+04
9.898743750000000000e+04
9.911957812500000000e+04
9.925847656250000000e+04
9.943345312500000000e+04
9.952805468750000000e+04
9.949186718750000000e+04
9.964167187500000000e+04
9.981391406250000000e+04
1.000662812500000000e+05
1.002811718750000000e+05
1.004635234375000000e+05
1.005956328125000000e+05
1.006182421875000000e+05
1.006475859375000000e+05
1.007181875000000000e+05
1.007418046875000000e+05
1.004402578125000000e+05
9.995253125000000000e+04
1.000030156250000000e+05
9.973138281250000000e+04
9.892929687500000000e+04
9.868559375000000000e+04
9.877899218750000000e+04
9.829674218750000000e+04
9.720415625000000000e+04
9.628899218750000000e+04
9.591540625000000000e+04
9.544670312500000000e+04
9.450092187500000000e+04
9.412569531250000000e+04
9.451523437500000000e+04
9.520464062500000000e+04
9.566856250000000000e+04
9.611823437500000000e+04
9.651235937500000000e+04
9.672264843750000000e+04
9.681651562500000000e+04
9.675528125000000000e+04
9.666064062500000000e+04
9.655061718750000000e+04
9.641916406250000000e+04
9.649552343750000000e+04
9.646956250000000000e+04
9.676292187500000000e+04
9.697064843750000000e+04
9.722026562500000000e+04
9.755590625000000000e+04
9.780259375000000000e+04
9.789886718750000000e+04
9.802383593750000000e+04
9.827757812500000000e+04
9.868335937500000000e+04
9.853532812500000000e+04
9.830683593750000000e+04
9.793265625000000000e+04
9.762560156250000000e+04
9.734024218750000000e+04
9.713649218750000000e+04
9.699797656250000000e+04
9.677421875000000000e+04
9.660816406250000000e+04
9.639871093750000000e+04
9.637166406250000000e+04
9.638118750000000000e+04
9.655288281250000000e+04
9.658942968750000000e+04
9.653405468750000000e+04
9.594450000000000000e+04
9.511044531250000000e+04
9.461432812500000000e+04
9.448621875000000000e+04
9.482860156250000000e+04
9.541244531250000000e+04
9.579325781250000000e+04
9.621768750000000000e+04
9.660268750000000000e+04
9.709302343750000000e+04
9.736058593750000000e+04
9.756482812500000000e+04
9.759755468750000000e+04
9.757042187500000000e+04
9.766805468750000000e+04
9.791396875000000000e+04
9.812765625000000000e+04
9.820464062500000000e+04
9.811275781250000000e+04
9.779085937500000000e+04
9.732281250000000000e+04
9.699981250000000000e+04
9.671591406250000000e+04
9.651369531250000000e+04
9.650279687500000000e+04
9.646374218750000000e+04
9.634850000000000000e+04
9.626335156250000000e+04
9.629593750000000000e+04
9.651540625000000000e+04
9.691851562500000000e+04
9.716457031250000000e+04
9.729574218750000000e+04
9.737463281250000000e+04
9.768548437500000000e+04
9.807951562500000000e+04
9.837297656250000000e+04
9.851867187500000000e+04
9.862886718750000000e+04
9.874394531250000000e+04
9.887134375000000000e+04
9.868738281250000000e+04
9.840506250000000000e+04
9.799608593750000000e+04
9.750036718750000000e+04
9.718121875000000000e+04
9.710501562500000000e+04
9.711973437500000000e+04
9.718672656250000000e+04
9.732517187500000000e+04
9.740615625000000000e+04
9.746303125000000000e+04
9.742160156250000000e+04
9.739108593750000000e+04
9.736510156250000000e+04
9.737935156250000000e+04
9.744044531250000000e+04
9.753207812500000000e+04
9.746998437500000000e+04
9.719102343750000000e+04
9.674040625000000000e+04
9.639352343750000000e+04
9.607555468750000000e+04
9.610726562500000000e+04
9.626103125000000000e+04
9.645850000000000000e+04
9.650421875000000000e+04
9.651684375000000000e+04
9.640458593750000000e+04
9.630574218750000000e+04
9.634029687500000000e+04
9.649568750000000000e+04
9.670021093750000000e+04
9.693112500000000000e+04
9.720880468750000000e+04
9.751770312500000000e+04
9.786467187500000000e+04
9.810121093750000000e+04
9.829378906250000000e+04
9.845020312500000000e+04
9.854511718750000000e+04
9.847257031250000000e+04
9.835344531250000000e+04
9.819618750000000000e+04
9.816498437500000000e+04
9.822534375000000000e+04
9.834312500000000000e+04
9.843522656250000000e+04
9.846098437500000000e+04
9.834995312500000000e+04
9.815299218750000000e+04
9.802056250000000000e+04
9.804321093750000000e+04
9.810123437500000000e+04
9.810091406250000000e+04
9.802542187500000000e+04
9.778994531250000000e+04
9.746611718750000000e+04
9.715010156250000000e+04
9.706312500000000000e+04
9.720768750000000000e+04
9.731636718750000000e+04
9.745720312500000000e+04
9.770867187500000000e+04
9.803729687500000000e+04
9.813813281250000000e+04
9.817338281250000000e+04
9.821234375000000000e+04
9.826933593750000000e+04
9.829912500000000000e+04
9.840260156250000000e+04
9.860700781250000000e+04
9.889061718750000000e+04
9.912435156250000000e+04
9.933886718750000000e+04
9.945334375000000000e+04
9.952435937500000000e+04
9.955567187500000000e+04
9.939506250000000000e+04
9.919622656250000000e+04
9.900641406250000000e+04
9.865591406250000000e+04
9.828936718750000000e+04
9.799971093750000000e+04
9.792296875000000000e+04
9.801261718750000000e+04
9.818339843750000000e+04
9.842016406250000000e+04
9.866738281250000000e+04
9.889767187500000000e+04
9.883820312500000000e+04
9.893821875000000000e+04
9.916995312500000000e+04
9.941625781250000000e+04
9.966685937500000000e+04
9.976626562500000000e+04
9.978479687500000000e+04
9.966151562500000000e+04
9.956639843750000000e+04
9.957239843750000000e+04
9.965774218750000000e+04
9.986305468750000000e+04
9.992007812500000000e+04
9.980570312500000000e+04
9.941205468750000000e+04
9.911728906250000000e+04
9.919300781250000000e+04
9.941742968750000000e+04
9.953078906250000000e+04
9.971892968750000000e+04
9.987496875000000000e+04
9.985255468750000000e+04
9.959506250000000000e+04
9.932179687500000000e+04
9.917837500000000000e+04
9.924538281250000000e+04
9.935607031250000000e+04
9.932053125000000000e+04
9.919343750000000000e+04
9.907728906250000000e+04
9.893035156250000000e+04
9.880107812500000000e+04
9.863567187500000000e+04
9.862804687500000000e+04
9.861724218750000000e+04
9.867257812500000000e+04
9.874845312500000000e+04
9.883396875000000000e+04
9.885615625000000000e+04
9.884170312500000000e+04
9.870292187500000000e+04
9.852154687500000000e+04
9.840189843750000000e+04
9.848983593750000000e+04
9.859250781250000000e+04
9.865900000000000000e+04
9.849195312500000000e+04
9.841392187500000000e+04
9.830445312500000000e+04
9.818204687500000000e+04
9.816626562500000000e+04
9.806935156250000000e+04
9.790124218750000000e+04
9.772402343750000000e+04
9.742992968750000000e+04
9.738992187500000000e+04
9.746452343750000000e+04
9.780365625000000000e+04
9.833591406250000000e+04
9.868164843750000000e+04
9.877008593750000000e+04
9.877272656250000000e+04
9.874171093750000000e+04
9.864944531250000000e+04
9.868110156250000000e+04
9.850333593750000000e+04
9.787954687500000000e+04
9.742550781250000000e+04
9.740064843750000000e+04
9.763292187500000000e+04
9.804897656250000000e+04
9.846625781250000000e+04
9.877074218750000000e+04
9.900729687500000000e+04
9.949313281250000000e+04
