9.971892968750000000e+04
9.987496875000000000e+04
9.985255468750000000e+04
9.959506250000000000e+04
9.932179687500000000e+04
9.917837500000000000e+04
9.924538281250000000e+04
9.935607031250000000e+04
9.932053125000000000e+04
9.919343750000000000e+04
9.907728906250000000e+04
9.893035156250000000e+04
9.880107812500000000e+04
9.863567187500000000e+04
9.862804687500000000e+04
9.861724218750000000e+04
9.867257812500000000e+04
9.874845312500000000e+04
9.883396875000000000e+04
9.885615625000000000e+04
9.884170312500000000e+04
9.870292187500000000e+04
9.852154687500000000e+04
9.840189843750000000e+04
9.848983593750000000e+04
9.859250781250000000e+04
9.865900000000000000e+04
9.849195312500000000e+04
9.841392187500000000e+04
9.830445312500000000e+04
9.818204687500000000e+04
9.816626562500000000e+04
9.806935156250000000e+04
9.790124218750000000e+04
9.772402343750000000e+04
9.742992968750000000e+04
9.738992187500000000e+04
9.746452343750000000e+04
9.780365625000000000e+04
9.833591406250000000e+04
9.868164843750000000e+04
9.877008593750000000e+04
9.877272656250000000e+04
9.874171093750000000e+04
9.864944531250000000e+04
9.868110156250000000e+04
9.850333593750000000e+04
9.787954687500000000e+04
9.742550781250000000e+04
9.740064843750000000e+04
9.763292187500000000e+04
9.804897656250000000e+04
9.846625781250000000e+04
9.877074218750000000e+04
9.900729687500000000e+04
9.949313281250000000e+04
9.993409375000000000e+04
1.002382343750000000e+05
1.004393359375000000e+05
1.004415781250000000e+05
1.004092421875000000e+05
1.003456484375000000e+05
1.002650468750000000e+05
1.002499062500000000e+05
1.002547656250000000e+05
1.002825000000000000e+05
1.003240156250000000e+05
1.003317578125000000e+05
1.003477578125000000e+05
1.003879296875000000e+05
1.005048828125000000e+05
1.004443750000000000e+05
1.004250078125000000e+05
1.002413125000000000e+05
1.001632734375000000e+05
1.000739296875000000e+05
1.000375156250000000e+05
1.001340625000000000e+05
1.002730781250000000e+05
1.005421171875000000e+05
1.007300000000000000e+05
1.007696953125000000e+05
1.007931875000000000e+05
1.006742265625000000e+05
1.005223593750000000e+05
1.003110468750000000e+05
1.001831484375000000e+05
9.996497656250000000e+04
9.994029687500000000e+04
9.979656250000000000e+04
9.975304687500000000e+04
9.960171093750000000e+04
9.946785156250000000e+04
9.934816406250000000e+04
9.940029687500000000e+04
9.941684375000000000e+04
9.950672656250000000e+04
9.944182812500000000e+04
9.951313281250000000e+04
9.951384375000000000e+04
9.940843750000000000e+04
9.917765625000000000e+04
9.906257031250000000e+04
9.899915625000000000e+04
9.905106250000000000e+04
9.908070312500000000e+04
9.906444531250000000e+04
9.905833593750000000e+04
9.917728125000000000e+04
9.927672656250000000e+04
9.936399218750000000e+04
9.933846875000000000e+04
9.933382812500000000e+04
9.929887500000000000e+04
9.933364062500000000e+04
9.925807031250000000e+04
9.929365625000000000e+04
9.933760156250000000e+04
9.944957812500000000e+04
9.954991406250000000e+04
9.967636718750000000e+04
9.975956250000000000e+04
9.991982812500000000e+04
1.001312031250000000e+05
1.005199687500000000e+05
1.006651484375000000e+05
1.005337109375000000e+05
9.974804687500000000e+04
9.882790625000000000e+04
9.813978906250000000e+04
9.806102343750000000e+04
9.836455468750000000e+04
9.867770312500000000e+04
9.881171093750000000e+04
9.904785937500000000e+04
9.954279687500000000e+04
9.985074218750000000e+04
9.997535156250000000e+04
9.986024218750000000e+04
9.965571093750000000e+04
9.939916406250000000e+04
9.926642187500000000e+04
9.951942968750000000e+04
9.976180468750000000e+04
9.977590625000000000e+04
9.963708593750000000e+04
9.930805468750000000e+04
9.905926562500000000e+04
9.886812500000000000e+04
9.888156250000000000e+04
9.882264062500000000e+04
9.870787500000000000e+04
9.864391406250000000e+04
9.862173437500000000e+04
9.863728125000000000e+04
9.864926562500000000e+04
9.870585937500000000e+04
9.884937500000000000e+04
9.897388281250000000e+04
9.909419531250000000e+04
9.917849218750000000e+04
9.917719531250000000e+04
9.910304687500000000e+04
9.895390625000000000e+04
9.880289843750000000e+04
9.860619531250000000e+04
9.845271875000000000e+04
9.820539843750000000e+04
9.806676562500000000e+04
9.787171093750000000e+04
9.771507031250000000e+04
9.752707031250000000e+04
9.739525781250000000e+04
9.732571875000000000e+04
9.734680468750000000e+04
9.741525781250000000e+04
9.748065625000000000e+04
9.758695312500000000e+04
9.762310156250000000e+04
9.757215625000000000e+04
9.761635156250000000e+04
9.760380468750000000e+04
9.767760156250000000e+04
9.764909375000000000e+04
9.763667187500000000e+04
9.755453125000000000e+04
9.754156250000000000e+04
9.749128906250000000e+04
9.751775781250000000e+04
9.747465625000000000e+04
9.756949218750000000e+04
9.780304687500000000e+04
9.807730468750000000e+04
9.840597656250000000e+04
9.873178906250000000e+04
9.896176562500000000e+04
9.907522656250000000e+04
9.909464843750000000e+04
9.902639843750000000e+04
9.908986718750000000e+04
9.926258593750000000e+04
9.948628906250000000e+04
9.963298437500000000e+04
9.956413281250000000e+04
9.922349218750000000e+04
9.869794531250000000e+04
9.852660156250000000e+04
9.825582812500000000e+04
9.766969531250000000e+04
9.736534375000000000e+04
9.746835937500000000e+04
9.748755468750000000e+04
9.755921093750000000e+04
9.772757031250000000e+04
9.794291406250000000e+04
9.828631250000000000e+04
9.856925781250000000e+04
9.874935937500000000e+04
9.889297656250000000e+04
9.900681250000000000e+04
9.881992187500000000e+04
9.803431250000000000e+04
9.736366406250000000e+04
9.737431250000000000e+04
9.756582812500000000e+04
9.768043750000000000e+04
9.783729687500000000e+04
9.822684375000000000e+04
9.846415625000000000e+04
9.812318750000000000e+04
9.771377343750000000e+04
9.819581250000000000e+04
9.841431250000000000e+04
9.839200000000000000e+04
9.785209375000000000e+04
9.690300781250000000e+04
9.630824218750000000e+04
9.669285156250000000e+04
9.705662500000000000e+04
9.673950000000000000e+04
9.682336718750000000e+04
9.760929687500000000e+04
9.828140625000000000e+04
9.837942187500000000e+04
9.779085156250000000e+04
9.692300000000000000e+04
9.642221093750000000e+04
9.672017187500000000e+04
9.713795312500000000e+04
9.695546875000000000e+04
9.713879687500000000e+04
9.710439843750000000e+04
9.711810156250000000e+04
9.716055468750000000e+04
9.728563281250000000e+04
9.705631250000000000e+04
9.649835937500000000e+04
9.607773437500000000e+04
9.637101562500000000e+04
9.683742187500000000e+04
9.710833593750000000e+04
9.739071875000000000e+04
9.759480468750000000e+04
9.769436718750000000e+04
9.754687500000000000e+04
9.728464062500000000e+04
9.707373437500000000e+04
9.700211718750000000e+04
9.680244531250000000e+04
9.655962500000000000e+04
9.640563281250000000e+04
9.645657812500000000e+04
9.659075781250000000e+04
9.671545312500000000e+04
9.696026562500000000e+04
9.711236718750000000e+04
9.740398437500000000e+04
9.767689843750000000e+04
9.790827343750000000e+04
9.805228125000000000e+04
9.823049218750000000e+04
9.832803125000000000e+04
9.851395312500000000e+04
9.856320312500000000e+04
9.865328125000000000e+04
9.857614843750000000e+04
9.848773437500000000e+04
9.848802343750000000e+04
9.853976562500000000e+04
9.858331250000000000e+04
9.869919531250000000e+04
9.868447656250000000e+04
9.862006250000000000e+04
9.855450000000000000e+04
9.864974218750000000e+04
9.869529687500000000e+04
9.876066406250000000e+04
9.881171875000000000e+04
9.854842187500000000e+04
9.792752343750000000e+04
9.754094531250000000e+04
9.768927343750000000e+04
9.825881250000000000e+04
9.860382812500000000e+04
9.850976562500000000e+04
9.836780468750000000e+04
9.843477343750000000e+04
9.854449218750000000e+04
9.882487500000000000e+04
9.863584375000000000e+04
9.834592968750000000e+04
9.840007812500000000e+04
9.873031250000000000e+04
9.895887500000000000e+04
9.912527343750000000e+04
9.928560156250000000e+04
9.942866406250000000e+04
9.956215625000000000e+04
9.966242968750000000e+04
9.973518750000000000e+04
9.968030468750000000e+04
9.958165625000000000e+04
9.937138281250000000e+04
9.901371875000000000e+04
9.866400000000000000e+04
9.837452343750000000e+04
9.856499218750000000e+04
9.890851562500000000e+04
9.900047656250000000e+04
9.900387500000000000e+04
9.884805468750000000e+04
9.860540625000000000e+04
9.857750781250000000e+04
9.884234375000000000e+04
9.918099218750000000e+04
9.943112500000000000e+04
9.967692187500000000e+04
9.973872656250000000e+04
9.992200000000000000e+04
9.986098437500000000e+04
9.972501562500000000e+04
9.935501562500000000e+04
9.913872656250000000e+04
9.922816406250000000e+04
9.913843750000000000e+04
9.885299218750000000e+04
9.912988281250000000e+04
9.953617187500000000e+04
9.944287500000000000e+04
9.878281250000000000e+04
9.810712500000000000e+04
9.831695312500000000e+04
9.875925781250000000e+04
9.901864062500000000e+04
9.918777343750000000e+04
9.938254687500000000e+04
9.953864062500000000e+04
9.960740625000000000e+04
9.973810156250000000e+04
9.985741406250000000e+04
9.998102343750000000e+04
1.001925234375000000e+05
1.003992031250000000e+05
1.005304921875000000e+05
1.006449765625000000e+05
1.006994375000000000e+05
1.007540078125000000e+05
1.008709843750000000e+05
1.009655234375000000e+05
1.010066328125000000e+05
1.011028359375000000e+05
1.012319453125000000e+05
1.013290703125000000e+05
1.011786875000000000e+05
1.007842734375000000e+05
1.000435468750000000e+05
9.954964843750000000e+04
9.918338281250000000e+04
9.861478906250000000e+04
9.783489843750000000e+04
9.706228125000000000e+04
9.658814843750000000e+04
9.661493750000000000e+04
9.690302343750000000e+04
9.704417187500000000e+04
9.688299218750000000e+04
9.656645312500000000e+04
9.640344531250000000e+04
9.619311718750000000e+04
9.612557031250000000e+04
9.607373437500000000e+04
9.596037500000000000e+04
9.586689843750000000e+04
9.582697656250000000e+04
9.605472656250000000e+04
9.645957812500000000e+04
9.686221093750000000e+04
9.718642187500000000e+04
9.751706250000000000e+04
9.789472656250000000e+04
9.806742968750000000e+04
9.801995312500000000e+04
9.803152343750000000e+04
9.806364843750000000e+04
9.810074218750000000e+04
9.802864843750000000e+04
9.797106250000000000e+04
9.782877343750000000e+04
9.777734375000000000e+04
9.769450000000000000e+04
9.770959375000000000e+04
9.770350781250000000e+04
9.775736718750000000e+04
9.757855468750000000e+04
9.749727343750000000e+04
9.744966406250000000e+04
9.764940625000000000e+04
9.774606250000000000e+04
9.795701562500000000e+04
9.814737500000000000e+04
9.835082812500000000e+04
9.835718750000000000e+04
9.844274218750000000e+04
9.842879687500000000e+04
9.855810156250000000e+04
9.858139843750000000e+04
9.871637500000000000e+04
9.895748437500000000e+04
9.912605468750000000e+04
9.903127343750000000e+04
9.880709375000000000e+04
9.847586718750000000e+04
9.808398437500000000e+04
9.729460156250000000e+04
9.697891406250000000e+04
9.739902343750000000e+04
9.783720312500000000e+04
9.835979687500000000e+04
9.886080468750000000e+04
9.898380468750000000e+04
9.915030468750000000e+04
9.884161718750000000e+04
9.893938281250000000e+04
9.927122656250000000e+04
9.927487500000000000e+04
9.925087500000000000e+04
9.940716406250000000e+04
9.964953125000000000e+04
9.993490625000000000e+04
1.001037656250000000e+05
1.001393281250000000e+05
1.000845000000000000e+05
9.998807812500000000e+04
9.959803125000000000e+04
9.927033593750000000e+04
9.904076562500000000e+04
9.876994531250000000e+04
9.893323437500000000e+04
9.905549218750000000e+04
9.924930468750000000e+04
9.921680468750000000e+04
9.850703125000000000e+04
9.761334375000000000e+04
9.735846875000000000e+04
9.786693750000000000e+04
9.836676562500000000e+04
9.861741406250000000e+04
9.868289843750000000e+04
9.875521093750000000e+04
9.882978125000000000e+04
9.884947656250000000e+04
9.863711718750000000e+04
9.852195312500000000e+04
9.871435156250000000e+04
9.874574218750000000e+04
9.890374218750000000e+04
9.920078125000000000e+04
9.903134375000000000e+04
9.876300000000000000e+04
9.843443750000000000e+04
9.835782812500000000e+04
9.816722656250000000e+04
9.798210156250000000e+04
9.793242968750000000e+04
9.800594531250000000e+04
9.788041406250000000e+04
9.774905468750000000e+04
9.776300781250000000e+04
9.778043750000000000e+04
9.791591406250000000e+04
9.805392968750000000e+04
9.806142187500000000e+04
9.812991406250000000e+04
9.808492968750000000e+04
9.812071093750000000e+04
9.797250000000000000e+04
9.794765625000000000e+04
9.780842187500000000e+04
9.769965625000000000e+04
9.746990625000000000e+04
9.746841406250000000e+04
9.749471875000000000e+04
9.764435937500000000e+04
9.775811718750000000e+04
9.784071875000000000e+04
9.818217187500000000e+04
9.840982812500000000e+04
9.856545312500000000e+04
9.866390625000000000e+04
9.871703125000000000e+04
9.886797656250000000e+04
9.901022656250000000e+04
9.908124218750000000e+04
9.908624218750000000e+04
9.915684375000000000e+04
9.901732812500000000e+04
9.872809375000000000e+04
9.788087500000000000e+04
9.747707812500000000e+04
9.758307812500000000e+04
9.795857812500000000e+04
9.796571875000000000e+04
9.722567187500000000e+04
9.721655468750000000e+04
9.783357031250000000e+04
9.826443750000000000e+04
9.837799218750000000e+04
9.819785937500000000e+04
9.873357031250000000e+04
9.930141406250000000e+04
9.968004687500000000e+04
9.989809375000000000e+04
9.996442187500000000e+04
9.973127343750000000e+04
9.944380468750000000e+04
9.918983593750000000e+04
9.888829687500000000e+04
9.841900781250000000e+04
9.794056250000000000e+04
9.755299218750000000e+04
9.707932812500000000e+04
9.637107812500000000e+04
9.551542187500000000e+04
9.540310156250000000e+04
9.613355468750000000e+04
9.652724218750000000e+04
9.660831250000000000e+04
9.673264062500000000e+04
9.719735156250000000e+04
9.753124218750000000e+04
9.710839843750000000e+04
9.709463281250000000e+04
9.762535156250000000e+04
9.827512500000000000e+04
9.830605468750000000e+04
9.823795312500000000e+04
9.814844531250000000e+04
9.782406250000000000e+04
9.746635937500000000e+04
9.707926562500000000e+04
9.694187500000000000e+04
9.689220312500000000e+04
9.677078125000000000e+04
9.649593750000000000e+04
9.636284375000000000e+04
9.626192187500000000e+04
9.622993750000000000e+04
9.620272656250000000e+04
9.635939843750000000e+04
9.658634375000000000e+04
9.675840625000000000e+04
9.692121093750000000e+04
9.724253125000000000e+04
9.749058593750000000e+04
9.774523437500000000e+04
9.791347656250000000e+04
9.825800781250000000e+04
9.867290625000000000e+04
9.908872656250000000e+04
9.951142968750000000e+04
9.983993750000000000e+04
9.955914062500000000e+04
9.913317187500000000e+04
9.829619531250000000e+04
9.757750781250000000e+04
9.777305468750000000e+04
9.857754687500000000e+04
9.869754687500000000e+04
9.797460156250000000e+04
9.773883593750000000e+04
9.779386718750000000e+04
9.776271875000000000e+04
9.797626562500000000e+04
9.843979687500000000e+04
9.876626562500000000e+04
9.911085937500000000e+04
9.929789843750000000e+04
9.919575781250000000e+04
9.872870312500000000e+04
9.834252343750000000e+04
9.835773437500000000e+04
9.830460156250000000e+04
9.842378125000000000e+04
9.907236718750000000e+04
9.969807812500000000e+04
9.989520312500000000e+04
9.988031250000000000e+04
9.965415625000000000e+04
9.937147656250000000e+04
9.937647656250000000e+04
9.973040625000000000e+04
9.945171093750000000e+04
9.898594531250000000e+04
9.834385937500000000e+04
9.871908593750000000e+04
9.982036718750000000e+04
1.004568437500000000e+05
1.007774531250000000e+05
1.005301406250000000e+05
9.951122656250000000e+04
9.935100781250000000e+04
9.968972656250000000e+04
1.001450312500000000e+05
1.005230312500000000e+05
1.008522968750000000e+05
1.012959531250000000e+05
1.018209453125000000e+05
1.021408593750000000e+05
1.023482812500000000e+05
1.023594843750000000e+05
1.021897812500000000e+05
1.018471171875000000e+05
1.014924140625000000e+05
1.010720781250000000e+05
1.005737031250000000e+05
1.001293750000000000e+05
9.976880468750000000e+04
9.943770312500000000e+04
9.906419531250000000e+04
9.856053125000000000e+04
9.819578906250000000e+04
9.811945312500000000e+04
9.814090625000000000e+04
9.811465625000000000e+04
9.815199218750000000e+04
9.835361718750000000e+04
9.858972656250000000e+04
9.885707031250000000e+04
9.906275781250000000e+04
9.938337500000000000e+04
9.954507812500000000e+04
9.968142968750000000e+04
9.955338281250000000e+04
9.912855468750000000e+04
9.858069531250000000e+04
9.798303125000000000e+04
9.763206250000000000e+04
9.761821093750000000e+04
9.787334375000000000e+04
9.832476562500000000e+04
9.870173437500000000e+04
9.899387500000000000e+04
9.908771093750000000e+04
9.901495312500000000e+04
9.893323437500000000e+04
9.876910156250000000e+04
9.849272656250000000e+04
9.819041406250000000e+04
9.790211718750000000e+04
9.769454687500000000e+04
9.747843750000000000e+04
9.737043750000000000e+04
9.731542187500000000e+04
9.744477343750000000e+04
9.762932812500000000e+04
9.788942187500000000e+04
9.815185156250000000e+04
9.841967187500000000e+04
9.875916406250000000e+04
9.904942968750000000e+04
9.899932812500000000e+04
9.869098437500000000e+04
9.867806250000000000e+04
9.861662500000000000e+04
9.874963281250000000e+04
9.850177343750000000e+04
9.805581250000000000e+04
9.819684375000000000e+04
9.869511718750000000e+04
9.865932812500000000e+04
9.830029687500000000e+04
9.783719531250000000e+04
9.777644531250000000e+04
9.788173437500000000e+04
9.798413281250000000e+04
9.811768750000000000e+04
9.814797656250000000e+04
9.824668750000000000e+04
9.820987500000000000e+04
9.795158593750000000e+04
9.764488281250000000e+04
9.758078125000000000e+04
9.766381250000000000e+04
9.792366406250000000e+04
9.825073437500000000e+04
9.862093750000000000e+04
9.884871093750000000e+04
9.911993750000000000e+04
9.906907031250000000e+04
9.869592187500000000e+04
9.796361718750000000e+04
9.759530468750000000e+04
9.737864843750000000e+04
9.748975781250000000e+04
9.767678906250000000e+04
9.787692968750000000e+04
9.818758593750000000e+04
9.862464062500000000e+04
9.914133593750000000e+04
9.962683593750000000e+04
9.996835937500000000e+04
1.000660156250000000e+05
9.980708593750000000e+04
9.932142968750000000e+04
9.935877343750000000e+04
9.889732812500000000e+04
9.859789843750000000e+04
9.926999218750000000e+04
9.983228125000000000e+04
1.000982031250000000e+05
9.992782812500000000e+04
9.927841406250000000e+04
9.851753125000000000e+04
9.787365625000000000e+04
9.742501562500000000e+04
9.745694531250000000e+04
9.786085937500000000e+04
9.842569531250000000e+04
9.871241406250000000e+04
9.891156250000000000e+04
9.897819531250000000e+04
9.920596875000000000e+04
9.925398437500000000e+04
9.894090625000000000e+04
9.884532812500000000e+04
9.988680468750000000e+04
1.002909218750000000e+05
9.977366406250000000e+04
9.931333593750000000e+04
9.910007812500000000e+04
9.869274218750000000e+04
9.886969531250000000e+04
9.897058593750000000e+04
9.870569531250000000e+04
9.845954687500000000e+04
9.815460156250000000e+04
9.787258593750000000e+04
9.773564843750000000e+04
9.754723437500000000e+04
9.750201562500000000e+04
9.713186718750000000e+04
9.715593750000000000e+04
9.713352343750000000e+04
9.709545312500000000e+04
9.695757812500000000e+04
9.713482812500000000e+04
9.737593750000000000e+04
9.768184375000000000e+04
9.779514062500000000e+04
9.784128906250000000e+04
9.781946875000000000e+04
9.781821093750000000e+04
9.765019531250000000e+04
9.755654687500000000e+04
9.728632812500000000e+04
9.728824218750000000e+04
9.741434375000000000e+04
9.745961718750000000e+04
9.732174218750000000e+04
9.711932812500000000e+04
9.702840625000000000e+04
9.687538281250000000e+04
9.657796875000000000e+04
9.599773437500000000e+04
9.512347656250000000e+04
9.496396875000000000e+04
9.539863281250000000e+04
9.550989843750000000e+04
9.571124218750000000e+04
9.598833593750000000e+04
9.640326562500000000e+04
9.680246875000000000e+04
9.716357031250000000e+04
9.743051562500000000e+04
9.756880468750000000e+04
9.762515625000000000e+04
9.776688281250000000e+04
9.772671875000000000e+04
9.772350781250000000e+04
9.758211718750000000e+04
9.737692968750000000e+04
9.710528906250000000e+04
9.702006250000000000e+04
9.704846875000000000e+04
9.702962500000000000e+04
9.675157812500000000e+04
9.666100781250000000e+04
9.670506250000000000e+04
9.668719531250000000e+04
9.685184375000000000e+04
9.701111718750000000e+04
9.753645312500000000e+04
9.775338281250000000e+04
9.775883593750000000e+04
9.760703125000000000e+04
9.763332812500000000e+04
9.751685156250000000e+04
9.766937500000000000e+04
9.766600781250000000e+04
9.769175781250000000e+04
9.759268750000000000e+04
9.746772656250000000e+04
9.745769531250000000e+04
9.749150781250000000e+04
9.740803125000000000e+04
9.713850781250000000e+04
9.709738281250000000e+04
9.734342968750000000e+04
9.771254687500000000e+04
9.804521093750000000e+04
9.831314062500000000e+04
9.858995312500000000e+04
9.881795312500000000e+04
9.882642187500000000e+04
9.847278906250000000e+04
9.749478125000000000e+04
9.695780468750000000e+04
9.690655468750000000e+04
9.701704687500000000e+04
9.696374218750000000e+04
9.690853125000000000e+04
9.670155468750000000e+04
9.652948437500000000e+04
9.652079687500000000e+04
9.652996875000000000e+04
9.677985937500000000e+04
9.682570312500000000e+04
9.699094531250000000e+04
9.723786718750000000e+04
9.750203125000000000e+04
9.757186718750000000e+04
9.756620312500000000e+04
9.724161718750000000e+04
9.677395312500000000e+04
9.645544531250000000e+04
9.631800781250000000e+04
9.617156250000000000e+04
9.597093750000000000e+04
9.578785156250000000e+04
9.573410156250000000e+04
9.573357031250000000e+04
9.578434375000000000e+04
9.576457812500000000e+04
9.602597656250000000e+04
9.591003125000000000e+04
9.563163281250000000e+04
9.538676562500000000e+04
9.516546875000000000e+04
9.515477343750000000e+04
9.515033593750000000e+04
9.523757812500000000e+04
9.572073437500000000e+04
9.613860156250000000e+04
9.669573437500000000e+04
9.699164843750000000e+04
9.707541406250000000e+04
9.727898437500000000e+04
9.728228906250000000e+04
9.747393750000000000e+04
9.769119531250000000e+04
9.789759375000000000e+04
9.792737500000000000e+04
9.810854687500000000e+04
9.818135937500000000e+04
9.802520312500000000e+04
9.745853125000000000e+04
9.720449218750000000e+04
9.743564843750000000e+04
9.805161718750000000e+04
9.830981250000000000e+04
9.850002343750000000e+04
9.847902343750000000e+04
9.850390625000000000e+04
9.840639843750000000e+04
9.848493750000000000e+04
9.828134375000000000e+04
9.782521875000000000e+04
9.744666406250000000e+04
9.752877343750000000e+04
9.740729687500000000e+04
9.705378125000000000e+04
9.635243750000000000e+04
9.562559375000000000e+04
9.538078906250000000e+04
9.538364062500000000e+04
9.617121875000000000e+04
9.709964062500000000e+04
9.774537500000000000e+04
9.778930468750000000e+04
9.745856250000000000e+04
9.695190625000000000e+04
9.648924218750000000e+04
9.648149218750000000e+04
9.669451562500000000e+04
9.688535156250000000e+04
9.684286718750000000e+04
9.693886718750000000e+04
9.696371875000000000e+04
9.703612500000000000e+04
9.713260156250000000e+04
9.728106250000000000e+04
9.746764062500000000e+04
9.765494531250000000e+04
9.799889843750000000e+04
9.831828906250000000e+04
9.860156250000000000e+04
9.884053125000000000e+04
9.909550000000000000e+04
9.933385156250000000e+04
9.963878125000000000e+04
9.983035937500000000e+04
9.988407812500000000e+04
9.990282812500000000e+04
9.973326562500000000e+04
9.965996875000000000e+04
9.948807031250000000e+04
9.948479687500000000e+04
9.948921875000000000e+04
9.951346875000000000e+04
9.942378125000000000e+04
9.906169531250000000e+04
9.869853125000000000e+04
9.909797656250000000e+04
9.979368750000000000e+04
1.003373281250000000e+05
1.001809218750000000e+05
9.977506250000000000e+04
9.905772656250000000e+04
9.880491406250000000e+04
9.873516406250000000e+04
9.926073437500000000e+04
9.982850781250000000e+04
9.998564062500000000e+04
9.990000000000000000e+04
9.965123437500000000e+04
9.936089843750000000e+04
9.912155468750000000e+04
9.882373437500000000e+04
9.924734375000000000e+04
9.988987500000000000e+04
9.994426562500000000e+04
9.980444531250000000e+04
9.980286718750000000e+04
9.971925781250000000e+04
9.954267187500000000e+04
9.929707031250000000e+04
9.903041406250000000e+04
9.844435937500000000e+04
9.791872656250000000e+04
9.750895312500000000e+04
9.708286718750000000e+04
9.691485156250000000e+04
9.716932812500000000e+04
9.734320312500000000e+04
9.714247656250000000e+04
9.665934375000000000e+04
9.602198437500000000e+04
9.634025781250000000e+04
9.689335937500000000e+04
9.775259375000000000e+04
9.825711718750000000e+04
9.833840625000000000e+04
9.809131250000000000e+04
9.754061718750000000e+04
9.704688281250000000e+04
9.650335937500000000e+04
9.672914843750000000e+04
9.747690625000000000e+04
9.777028125000000000e+04
9.796335937500000000e+04
9.811551562500000000e+04
9.772796875000000000e+04
9.652883593750000000e+04
9.545599218750000000e+04
9.596978906250000000e+04
9.683191406250000000e+04
9.680135937500000000e+04
9.620954687500000000e+04
9.590612500000000000e+04
9.706451562500000000e+04
9.802615625000000000e+04
9.807116406250000000e+04
9.720246875000000000e+04
9.652888281250000000e+04
9.596022656250000000e+04
9.494142968750000000e+04
9.388531250000000000e+04
9.336735156250000000e+04
9.338405468750000000e+04
9.368818750000000000e+04
9.418914062500000000e+04
9.495597656250000000e+04
9.546323437500000000e+04
9.558573437500000000e+04
9.537819531250000000e+04
9.531643750000000000e+04
9.554204687500000000e+04
9.587389843750000000e+04
9.628180468750000000e+04
9.652209375000000000e+04
9.659732812500000000e+04
9.663964843750000000e+04
9.649591406250000000e+04
9.625232812500000000e+04
9.600594531250000000e+04
9.540840625000000000e+04
9.514995312500000000e+04
9.514226562500000000e+04
9.534373437500000000e+04
9.549390625000000000e+04
9.548071875000000000e+04
9.523123437500000000e+04
9.499842187500000000e+04
9.492392187500000000e+04
9.504592968750000000e+04
9.531638281250000000e+04
9.580455468750000000e+04
9.634311718750000000e+04
9.694719531250000000e+04
9.759031250000000000e+04
9.831457031250000000e+04
9.868522656250000000e+04
9.918714843750000000e+04
9.941803125000000000e+04
9.974614062500000000e+04
9.987419531250000000e+04
1.000105000000000000e+05
1.000717890625000000e+05
9.996547656250000000e+04
9.986234375000000000e+04
9.972683593750000000e+04
9.966912500000000000e+04
9.964292968750000000e+04
9.973843750000000000e+04
9.986359375000000000e+04
9.976224218750000000e+04
9.936110156250000000e+04
9.874980468750000000e+04
9.869749218750000000e+04
9.889985937500000000e+04
9.869459375000000000e+04
9.805791406250000000e+04
9.787909375000000000e+04
9.737380468750000000e+04
9.663241406250000000e+04
9.639784375000000000e+04
9.655614062500000000e+04
9.699341406250000000e+04
9.727108593750000000e+04
9.744703125000000000e+04
9.745447656250000000e+04
9.747292187500000000e+04
9.759341406250000000e+04
9.786172656250000000e+04
9.812222656250000000e+04
9.820925781250000000e+04
9.798531250000000000e+04
9.697243750000000000e+04
9.623502343750000000e+04
9.558407031250000000e+04
9.481269531250000000e+04
9.485673437500000000e+04
9.519764843750000000e+04
9.531338281250000000e+04
9.550609375000000000e+04
9.569903125000000000e+04
9.608745312500000000e+04
9.638500000000000000e+04
9.649766406250000000e+04
9.707259375000000000e+04
9.766777343750000000e+04
9.792097656250000000e+04
9.796642187500000000e+04
9.768354687500000000e+04
9.761703125000000000e+04
9.767009375000000000e+04
9.755900781250000000e+04
9.710504687500000000e+04
9.744492187500000000e+04
9.831332812500000000e+04
9.780157812500000000e+04
9.645447656250000000e+04
9.605420312500000000e+04
9.694726562500000000e+04
9.792503125000000000e+04
9.840734375000000000e+04
9.862530468750000000e+04
9.853949218750000000e+04
9.815818750000000000e+04
9.719650000000000000e+04
9.647817187500000000e+04
9.656208593750000000e+04
9.686145312500000000e+04
9.684391406250000000e+04
9.682335937500000000e+04
9.697226562500000000e+04
9.709207812500000000e+04
9.728196875000000000e+04
9.744065625000000000e+04
9.725742187500000000e+04
9.687057812500000000e+04
9.638585156250000000e+04
9.605750781250000000e+04
9.610046875000000000e+04
9.622864843750000000e+04
9.622451562500000000e+04
9.611369531250000000e+04
9.608859375000000000e+04
9.609080468750000000e+04
9.597389843750000000e+04
9.585832812500000000e+04
9.604828125000000000e+04
9.631994531250000000e+04
9.661724218750000000e+04
9.691869531250000000e+04
9.706447656250000000e+04
9.699897656250000000e+04
9.680777343750000000e+04
9.658629687500000000e+04
9.641845312500000000e+04
9.624665625000000000e+04
9.635033593750000000e+04
9.649995312500000000e+04
9.669500781250000000e+04
9.683338281250000000e+04
9.697949218750000000e+04
9.706915625000000000e+04
9.693099218750000000e+04
9.683550000000000000e+04
9.674306250000000000e+04
9.684067187500000000e+04
9.688542187500000000e+04
9.699609375000000000e+04
9.699709375000000000e+04
9.724865625000000000e+04
9.747935156250000000e+04
9.771053125000000000e+04
9.778239843750000000e+04
9.800214062500000000e+04
9.815942968750000000e+04
9.814992187500000000e+04
9.806904687500000000e+04
9.822964843750000000e+04
9.874187500000000000e+04
9.917047656250000000e+04
9.954955468750000000e+04
9.973882812500000000e+04
9.982103125000000000e+04
9.990182812500000000e+04
9.992063281250000000e+04
9.957448437500000000e+04
9.904114062500000000e+04
9.889871875000000000e+04
9.870683593750000000e+04
9.799913281250000000e+04
9.870230468750000000e+04
9.971561718750000000e+04
9.964132812500000000e+04
9.860206250000000000e+04
9.777328125000000000e+04
9.817792968750000000e+04
9.890848437500000000e+04
9.894967187500000000e+04
9.901842968750000000e+04
9.936024218750000000e+04
9.946850781250000000e+04
9.919286718750000000e+04
9.860712500000000000e+04
9.785495312500000000e+04
9.773742968750000000e+04
9.793077343750000000e+04
9.827121093750000000e+04
9.820264843750000000e+04
9.806372656250000000e+04
9.808157812500000000e+04
9.794473437500000000e+04
9.847437500000000000e+04
9.875449218750000000e+04
9.884983593750000000e+04
9.915276562500000000e+04
9.899524218750000000e+04
9.794805468750000000e+04
9.766840625000000000e+04
9.792323437500000000e+04
9.758502343750000000e+04
9.788241406250000000e+04
9.787694531250000000e+04
9.708119531250000000e+04
9.646272656250000000e+04
9.622849218750000000e+04
9.640997656250000000e+04
9.657281250000000000e+04
9.676150000000000000e+04
9.684625781250000000e+04
9.642308593750000000e+04
9.600488281250000000e+04
9.604751562500000000e+04
9.640074218750000000e+04
9.678137500000000000e+04
9.685081250000000000e+04
9.691930468750000000e+04
9.679118750000000000e+04
9.676528906250000000e+04
9.684670312500000000e+04
9.700929687500000000e+04
9.714968750000000000e+04
9.743562500000000000e+04
9.789100781250000000e+04
9.832650781250000000e+04
9.867642187500000000e+04
9.895921093750000000e+04
9.911954687500000000e+04
9.924401562500000000e+04
9.921567187500000000e+04
9.928735156250000000e+04
9.918694531250000000e+04
9.919110156250000000e+04
9.912144531250000000e+04
9.902946875000000000e+04
9.890443750000000000e+04
9.880266406250000000e+04
9.873603125000000000e+04
9.856390625000000000e+04
9.853371875000000000e+04
9.817035937500000000e+04
9.771700000000000000e+04
9.719421875000000000e+04
9.680992187500000000e+04
9.658159375000000000e+04
9.635302343750000000e+04
9.609164062500000000e+04
9.598234375000000000e+04
9.629043750000000000e+04
9.668850781250000000e+04
9.701297656250000000e+04
9.726843750000000000e+04
9.752296875000000000e+04
9.769578906250000000e+04
9.778173437500000000e+04
9.774737500000000000e+04
9.748368750000000000e+04
9.695439843750000000e+04
9.654192187500000000e+04
9.626382812500000000e+04
9.625478906250000000e+04
9.640991406250000000e+04
9.675478906250000000e+04
9.703064843750000000e+04
9.718400781250000000e+04
9.718265625000000000e+04
9.724412500000000000e+04
9.731400000000000000e+04
9.741402343750000000e+04
9.737852343750000000e+04
9.727978906250000000e+04
9.712249218750000000e+04
9.689250000000000000e+04
9.678085156250000000e+04
9.678659375000000000e+04
9.673274218750000000e+04
9.669394531250000000e+04
9.668029687500000000e+04
9.673878906250000000e+04
9.674075781250000000e+04
9.689442968750000000e+04
9.695597656250000000e+04
9.708271093750000000e+04
9.719298437500000000e+04
9.730890625000000000e+04
9.749840625000000000e+04
9.762121875000000000e+04
9.768471093750000000e+04
9.771856250000000000e+04
9.786714062500000000e+04
9.796591406250000000e+04
9.804719531250000000e+04
9.805220312500000000e+04
9.802819531250000000e+04
9.798228125000000000e+04
9.802495312500000000e+04
9.806390625000000000e+04
9.804562500000000000e+04
9.793072656250000000e+04
9.780417187500000000e+04
9.776183593750000000e+04
9.774291406250000000e+04
9.774329687500000000e+04
9.773526562500000000e+04
9.764995312500000000e+04
9.755297656250000000e+04
9.763121875000000000e+04
9.763751562500000000e+04
9.762283593750000000e+04
9.759785937500000000e+04
9.754292187500000000e+04
9.738757812500000000e+04
9.719432812500000000e+04
9.706041406250000000e+04
9.696352343750000000e+04
9.682468750000000000e+04
9.680795312500000000e+04
9.684938281250000000e+04
9.685079687500000000e+04
9.686119531250000000e+04
9.693402343750000000e+04
9.708443750000000000e+04
9.718310156250000000e+04
9.715241406250000000e+04
9.705732812500000000e+04
9.701115625000000000e+04
9.693867187500000000e+04
9.691351562500000000e+04
9.687642968750000000e+04
9.688500781250000000e+04
9.696357031250000000e+04
9.703819531250000000e+04
9.719264843750000000e+04
9.741139843750000000e+04
9.758121875000000000e+04
9.770035156250000000e+04
9.778481250000000000e+04
9.775736718750000000e+04
9.776381250000000000e+04
9.789878125000000000e+04
9.800145312500000000e+04
9.807982812500000000e+04
9.815713281250000000e+04
9.822521875000000000e+04
9.828205468750000000e+04
9.849226562500000000e+04
9.866986718750000000e+04
9.898747656250000000e+04
9.924523437500000000e+04
9.932246875000000000e+04
9.936057812500000000e+04
9.913613281250000000e+04
9.878962500000000000e+04
9.833923437500000000e+04
9.798323437500000000e+04
9.803989843750000000e+04
9.822813281250000000e+04
9.832899218750000000e+04
9.842039843750000000e+04
9.851986718750000000e+04
9.884805468750000000e+04
9.913974218750000000e+04
9.952664843750000000e+04
9.987210156250000000e+04
9.994199218750000000e+04
9.978037500000000000e+04
9.966193750000000000e+04
9.955464062500000000e+04
9.939150781250000000e+04
9.913685937500000000e+04
9.887750781250000000e+04
9.861548437500000000e+04
9.845451562500000000e+04
9.828714843750000000e+04
9.829537500000000000e+04
9.842720312500000000e+04
9.855986718750000000e+04
9.854041406250000000e+04
9.848804687500000000e+04
9.848194531250000000e+04
9.839550000000000000e+04
9.831424218750000000e+04
9.833586718750000000e+04
9.844765625000000000e+04
9.858087500000000000e+04
9.863102343750000000e+04
9.871457031250000000e+04
9.876125781250000000e+04
9.864444531250000000e+04
9.856928906250000000e+04
9.832776562500000000e+04
9.804620312500000000e+04
9.775673437500000000e+04
9.761419531250000000e+04
9.762272656250000000e+04
9.777187500000000000e+04
9.777389843750000000e+04
9.771801562500000000e+04
9.761833593750000000e+04
9.761079687500000000e+04
9.762048437500000000e+04
9.759881250000000000e+04
9.756003125000000000e+04
9.750691406250000000e+04
9.745259375000000000e+04
9.736988281250000000e+04
9.728968750000000000e+04
9.725421875000000000e+04
9.727997656250000000e+04
9.728863281250000000e+04
9.745033593750000000e+04
9.774546875000000000e+04
9.806642187500000000e+04
9.837790625000000000e+04
9.862509375000000000e+04
9.871620312500000000e+04
9.854184375000000000e+04
9.837714843750000000e+04
9.816654687500000000e+04
9.803621093750000000e+04
9.784077343750000000e+04
9.753521093750000000e+04
9.715229687500000000e+04
9.681555468750000000e+04
9.697943750000000000e+04
9.741709375000000000e+04
9.773257031250000000e+04
9.801092187500000000e+04
9.819835156250000000e+04
9.823504687500000000e+04
9.822513281250000000e+04
9.812605468750000000e+04
9.810409375000000000e+04
9.806028906250000000e+04
9.801893750000000000e+04
9.805457812500000000e+04
9.809091406250000000e+04
9.822271093750000000e+04
9.838542187500000000e+04
9.870715625000000000e+04
9.893214062500000000e+04
9.919390625000000000e+04
9.941218750000000000e+04
9.960935156250000000e+04
9.964314062500000000e+04
9.953442968750000000e+04
9.938250781250000000e+04
9.911035937500000000e+04
9.873278906250000000e+04
9.806877343750000000e+04
9.752004687500000000e+04
9.733052343750000000e+04
9.725598437500000000e+04
9.725126562500000000e+04
9.735521093750000000e+04
9.754597656250000000e+04
