9.848298437500000000e+04
9.831692968750000000e+04
9.794521875000000000e+04
9.745864062500000000e+04
9.695224218750000000e+04
9.653881250000000000e+04
9.647381250000000000e+04
9.666901562500000000e+04
9.688948437500000000e+04
9.706503125000000000e+04
9.732453125000000000e+04
9.758940625000000000e+04
9.778715625000000000e+04
9.786886718750000000e+04
9.792251562500000000e+04
9.798298437500000000e+04
9.797250781250000000e+04
9.780431250000000000e+04
9.776379687500000000e+04
9.758623437500000000e+04
9.749384375000000000e+04
9.732792187500000000e+04
9.730110156250000000e+04
9.723425781250000000e+04
9.721087500000000000e+04
9.711314062500000000e+04
9.710063281250000000e+04
9.705737500000000000e+04
9.708991406250000000e+04
9.715709375000000000e+04
9.717614062500000000e+04
9.700384375000000000e+04
9.687417187500000000e+04
9.687819531250000000e+04
9.701681250000000000e+04
9.702965625000000000e+04
9.703060156250000000e+04
9.697512500000000000e+04
9.684159375000000000e+04
9.678480468750000000e+04
9.658024218750000000e+04
9.651289843750000000e+04
9.626155468750000000e+04
9.612842968750000000e+04
9.606239843750000000e+04
9.620276562500000000e+04
9.619507812500000000e+04
9.651648437500000000e+04
9.732992968750000000e+04
9.807559375000000000e+04
9.866926562500000000e+04
9.877521875000000000e+04
9.865956250000000000e+04
9.848415625000000000e+04
9.845297656250000000e+04
9.841564062500000000e+04
9.825199218750000000e+04
9.810407812500000000e+04
9.791056250000000000e+04
9.779576562500000000e+04
9.768685937500000000e+04
9.768163281250000000e+04
9.771122656250000000e+04
9.774722656250000000e+04
9.786316406250000000e+04
9.789735156250000000e+04
9.799838281250000000e+04
9.807703125000000000e+04
9.816356250000000000e+04
9.812940625000000000e+04
9.815649218750000000e+04
9.824808593750000000e+04
9.853838281250000000e+04
9.886332812500000000e+04
9.927966406250000000e+04
9.955838281250000000e+04
9.984836718750000000e+04
9.982132812500000000e+04
9.992257812500000000e+04
9.998853125000000000e+04
9.995903125000000000e+04
9.990700000000000000e+04
9.990485937500000000e+04
9.984374218750000000e+04
9.976327343750000000e+04
9.955857812500000000e+04
9.941021875000000000e+04
9.928043750000000000e+04
9.923067187500000000e+04
9.914274218750000000e+04
9.912321093750000000e+04
9.915592968750000000e+04
9.921350781250000000e+04
9.932559375000000000e+04
9.947647656250000000e+04
9.966741406250000000e+04
9.982628125000000000e+04
9.997111718750000000e+04
1.000623671875000000e+05
1.000135859375000000e+05
9.996511718750000000e+04
9.973659375000000000e+04
9.963304687500000000e+04
9.956503125000000000e+04
9.943374218750000000e+04
9.942721093750000000e+04
9.938092968750000000e+04
9.939604687500000000e+04
9.942794531250000000e+04
9.940033593750000000e+04
9.940224218750000000e+04
9.936542187500000000e+04
9.931346875000000000e+04
9.915959375000000000e+04
9.913781250000000000e+04
9.902506250000000000e+04
9.910081250000000000e+04
9.910452343750000000e+04
9.922043750000000000e+04
9.924140625000000000e+04
9.938493750000000000e+04
9.952921093750000000e+04
9.970705468750000000e+04
9.980440625000000000e+04
9.985722656250000000e+04
9.978422656250000000e+04
9.981572656250000000e+04
9.982679687500000000e+04
9.989927343750000000e+04
9.996255468750000000e+04
1.000195781250000000e+05
1.000718125000000000e+05
1.001674531250000000e+05
1.003084765625000000e+05
1.004555078125000000e+05
1.006156640625000000e+05
1.007670156250000000e+05
1.008558828125000000e+05
1.009525859375000000e+05
1.009638828125000000e+05
1.009390000000000000e+05
1.007896718750000000e+05
1.007686328125000000e+05
1.005980078125000000e+05
1.005266875000000000e+05
1.004204531250000000e+05
1.002801250000000000e+05
1.000712109375000000e+05
9.985057812500000000e+04
9.964562500000000000e+04
9.943416406250000000e+04
9.924651562500000000e+04
9.898390625000000000e+04
9.892684375000000000e+04
9.903188281250000000e+04
9.906864843750000000e+04
9.910038281250000000e+04
9.919911718750000000e+04
9.928104687500000000e+04
9.931821093750000000e+04
9.940740625000000000e+04
9.931722656250000000e+04
9.904847656250000000e+04
9.889171875000000000e+04
9.876297656250000000e+04
9.870438281250000000e+04
9.855953125000000000e+04
9.859230468750000000e+04
9.859861718750000000e+04
9.864524218750000000e+04
9.866193750000000000e+04
9.873150000000000000e+04
9.879751562500000000e+04
9.892673437500000000e+04
9.907194531250000000e+04
9.915066406250000000e+04
9.923905468750000000e+04
9.932190625000000000e+04
9.930125781250000000e+04
9.914379687500000000e+04
9.902917187500000000e+04
9.874454687500000000e+04
9.853847656250000000e+04
9.835230468750000000e+04
9.829885937500000000e+04
9.830690625000000000e+04
9.843592187500000000e+04
9.863269531250000000e+04
9.880897656250000000e+04
9.890961718750000000e+04
9.893282812500000000e+04
9.891158593750000000e+04
9.883922656250000000e+04
9.867770312500000000e+04
9.850013281250000000e+04
9.826518750000000000e+04
9.799732812500000000e+04
9.779116406250000000e+04
9.770277343750000000e+04
9.775165625000000000e+04
9.794842187500000000e+04
9.815524218750000000e+04
9.850336718750000000e+04
9.870846875000000000e+04
9.878038281250000000e+04
9.867373437500000000e+04
9.871636718750000000e+04
9.871222656250000000e+04
9.894232812500000000e+04
9.932814843750000000e+04
9.979066406250000000e+04
1.000530078125000000e+05
9.986778906250000000e+04
9.899482812500000000e+04
9.785599218750000000e+04
9.705299218750000000e+04
9.652435156250000000e+04
9.645141406250000000e+04
9.677050000000000000e+04
9.712183593750000000e+04
9.727369531250000000e+04
9.763408593750000000e+04
9.809361718750000000e+04
9.835042968750000000e+04
9.844557812500000000e+04
9.837965625000000000e+04
9.819855468750000000e+04
9.802104687500000000e+04
9.784947656250000000e+04
9.764491406250000000e+04
9.752603125000000000e+04
9.754880468750000000e+04
9.755363281250000000e+04
9.754325781250000000e+04
9.747178906250000000e+04
9.750591406250000000e+04
9.754245312500000000e+04
9.773441406250000000e+04
9.779694531250000000e+04
9.770978906250000000e+04
9.748451562500000000e+04
9.734664062500000000e+04
9.719635937500000000e+04
9.717542968750000000e+04
9.734346875000000000e+04
9.771371093750000000e+04
9.801650000000000000e+04
9.824427343750000000e+04
9.836948437500000000e+04
9.848199218750000000e+04
9.831110156250000000e+04
9.800631250000000000e+04
9.792014843750000000e+04
9.813422656250000000e+04
9.839343750000000000e+04
9.837401562500000000e+04
9.786980468750000000e+04
9.744646875000000000e+04
9.735700000000000000e+04
9.752547656250000000e+04
9.776797656250000000e+04
9.780350781250000000e+04
9.757113281250000000e+04
9.708329687500000000e+04
9.677483593750000000e+04
9.668805468750000000e+04
9.664428906250000000e+04
9.644203125000000000e+04
9.663372656250000000e+04
9.683773437500000000e+04
9.700608593750000000e+04
9.713883593750000000e+04
9.730939843750000000e+04
9.747380468750000000e+04
9.741167187500000000e+04
9.772431250000000000e+04
9.795893750000000000e+04
9.813094531250000000e+04
9.805514843750000000e+04
9.789761718750000000e+04
9.737832812500000000e+04
9.669111718750000000e+04
9.631199218750000000e+04
9.601318750000000000e+04
9.579463281250000000e+04
9.578907812500000000e+04
9.594407812500000000e+04
9.621847656250000000e+04
9.646301562500000000e+04
9.692607031250000000e+04
9.727464843750000000e+04
9.757371093750000000e+04
9.750262500000000000e+04
9.753503125000000000e+04
9.744181250000000000e+04
9.716702343750000000e+04
9.668926562500000000e+04
9.649224218750000000e+04
9.652577343750000000e+04
9.662349218750000000e+04
9.688258593750000000e+04
9.712040625000000000e+04
9.748720312500000000e+04
9.805378906250000000e+04
9.872783593750000000e+04
9.921116406250000000e+04
9.950778906250000000e+04
9.941969531250000000e+04
9.904818750000000000e+04
9.832988281250000000e+04
9.763163281250000000e+04
9.705649218750000000e+04
9.689407031250000000e+04
9.716235156250000000e+04
9.748197656250000000e+04
9.774450781250000000e+04
9.791947656250000000e+04
9.778785156250000000e+04
9.799998437500000000e+04
9.831433593750000000e+04
9.853489843750000000e+04
9.832642968750000000e+04
9.812724218750000000e+04
9.838944531250000000e+04
9.907433593750000000e+04
9.953482812500000000e+04
9.986636718750000000e+04
1.000356015625000000e+05
9.982237500000000000e+04
9.934160156250000000e+04
9.912964843750000000e+04
9.903902343750000000e+04
9.885508593750000000e+04
9.832206250000000000e+04
9.781010156250000000e+04
9.805641406250000000e+04
9.822024218750000000e+04
9.837384375000000000e+04
9.862300781250000000e+04
9.896885156250000000e+04
9.901785156250000000e+04
9.857497656250000000e+04
9.828974218750000000e+04
9.827664843750000000e+04
9.838535156250000000e+04
9.805022656250000000e+04
9.792007031250000000e+04
9.781285937500000000e+04
9.779646875000000000e+04
9.773450781250000000e+04
9.768385937500000000e+04
9.734118750000000000e+04
9.735678125000000000e+04
9.732753125000000000e+04
9.742735937500000000e+04
9.747307031250000000e+04
9.736785937500000000e+04
9.711339843750000000e+04
9.706794531250000000e+04
9.733911718750000000e+04
9.790373437500000000e+04
9.837042968750000000e+04
9.878824218750000000e+04
9.888827343750000000e+04
9.903817187500000000e+04
9.884916406250000000e+04
9.877077343750000000e+04
9.852205468750000000e+04
9.829752343750000000e+04
9.800345312500000000e+04
9.797083593750000000e+04
9.811351562500000000e+04
9.833274218750000000e+04
9.855482812500000000e+04
9.860445312500000000e+04
9.863914062500000000e+04
9.867731250000000000e+04
9.855134375000000000e+04
9.854592187500000000e+04
9.854871093750000000e+04
9.867662500000000000e+04
9.870580468750000000e+04
9.887893750000000000e+04
9.911368750000000000e+04
9.935752343750000000e+04
9.965007031250000000e+04
9.978037500000000000e+04
9.989746875000000000e+04
1.000290859375000000e+05
1.000900859375000000e+05
1.001604687500000000e+05
1.002851406250000000e+05
1.003480859375000000e+05
1.003617187500000000e+05
1.003127109375000000e+05
1.003440781250000000e+05
1.003873437500000000e+05
1.004716171875000000e+05
1.005064218750000000e+05
1.005266171875000000e+05
1.006000156250000000e+05
1.005703671875000000e+05
1.005103593750000000e+05
1.004064921875000000e+05
1.001628750000000000e+05
9.971206250000000000e+04
9.944031250000000000e+04
9.924775781250000000e+04
9.924321093750000000e+04
9.889902343750000000e+04
9.866055468750000000e+04
9.823430468750000000e+04
9.808001562500000000e+04
9.806882812500000000e+04
9.792221875000000000e+04
9.782920312500000000e+04
9.782534375000000000e+04
9.751809375000000000e+04
9.715820312500000000e+04
9.687660156250000000e+04
9.677564843750000000e+04
9.664213281250000000e+04
9.673647656250000000e+04
9.715779687500000000e+04
9.757860156250000000e+04
9.807120312500000000e+04
9.848428125000000000e+04
9.870957812500000000e+04
9.879182812500000000e+04
9.858356250000000000e+04
9.837011718750000000e+04
9.825238281250000000e+04
9.812051562500000000e+04
9.792656250000000000e+04
9.765533593750000000e+04
9.741172656250000000e+04
9.731855468750000000e+04
9.713057031250000000e+04
9.692434375000000000e+04
9.679999218750000000e+04
9.666794531250000000e+04
9.648394531250000000e+04
9.638757812500000000e+04
9.649034375000000000e+04
9.666024218750000000e+04
9.684293750000000000e+04
9.703094531250000000e+04
9.712771093750000000e+04
9.718957031250000000e+04
9.729350000000000000e+04
9.733774218750000000e+04
9.747113281250000000e+04
9.742971093750000000e+04
9.714656250000000000e+04
9.686729687500000000e+04
9.716187500000000000e+04
9.744725781250000000e+04
9.752967187500000000e+04
9.712706250000000000e+04
9.681678125000000000e+04
9.654461718750000000e+04
9.641283593750000000e+04
9.621919531250000000e+04
9.643151562500000000e+04
9.663470312500000000e+04
9.682390625000000000e+04
9.697389843750000000e+04
9.703792187500000000e+04
9.713914843750000000e+04
9.727434375000000000e+04
9.740211718750000000e+04
9.750229687500000000e+04
9.757654687500000000e+04
9.757587500000000000e+04
9.770700000000000000e+04
9.799447656250000000e+04
9.813449218750000000e+04
9.830419531250000000e+04
9.835848437500000000e+04
9.851681250000000000e+04
9.850724218750000000e+04
9.838792187500000000e+04
9.825110156250000000e+04
9.823567187500000000e+04
9.818800781250000000e+04
9.816682812500000000e+04
9.803664062500000000e+04
9.788058593750000000e+04
9.784069531250000000e+04
9.786203125000000000e+04
9.799416406250000000e+04
9.814808593750000000e+04
9.817278906250000000e+04
9.828147656250000000e+04
9.835726562500000000e+04
9.850781250000000000e+04
9.865193750000000000e+04
9.868355468750000000e+04
9.861261718750000000e+04
9.857577343750000000e+04
9.858091406250000000e+04
9.862209375000000000e+04
9.878067187500000000e+04
9.889716406250000000e+04
9.905731250000000000e+04
9.876272656250000000e+04
9.817251562500000000e+04
9.809289843750000000e+04
9.832527343750000000e+04
9.810278906250000000e+04
9.819445312500000000e+04
9.855526562500000000e+04
9.902616406250000000e+04
9.937298437500000000e+04
9.951517187500000000e+04
9.950379687500000000e+04
9.940045312500000000e+04
9.923456250000000000e+04
9.915035937500000000e+04
9.897226562500000000e+04
9.874234375000000000e+04
9.865013281250000000e+04
9.850453125000000000e+04
9.834892187500000000e+04
9.835219531250000000e+04
9.820815625000000000e+04
9.798959375000000000e+04
9.772629687500000000e+04
9.749030468750000000e+04
9.719046875000000000e+04
9.689620312500000000e+04
9.655422656250000000e+04
9.663972656250000000e+04
9.706431250000000000e+04
9.764278906250000000e+04
9.765459375000000000e+04
9.744503125000000000e+04
9.727683593750000000e+04
9.729489843750000000e+04
9.701414843750000000e+04
9.695864062500000000e+04
9.737740625000000000e+04
9.780426562500000000e+04
9.822258593750000000e+04
9.828949218750000000e+04
9.829588281250000000e+04
9.840851562500000000e+04
9.855378125000000000e+04
9.834746875000000000e+04
9.800813281250000000e+04
9.779314843750000000e+04
9.776976562500000000e+04
9.780720312500000000e+04
9.796676562500000000e+04
9.816930468750000000e+04
9.852787500000000000e+04
9.880982812500000000e+04
9.876964062500000000e+04
9.821306250000000000e+04
9.782634375000000000e+04
9.835936718750000000e+04
9.893500781250000000e+04
9.905826562500000000e+04
9.886285937500000000e+04
9.887159375000000000e+04
9.863909375000000000e+04
9.810206250000000000e+04
9.769255468750000000e+04
9.735852343750000000e+04
9.711797656250000000e+04
9.664778906250000000e+04
9.645754687500000000e+04
9.630582812500000000e+04
9.578798437500000000e+04
9.541150000000000000e+04
9.553690625000000000e+04
9.602446875000000000e+04
9.679018750000000000e+04
9.717457031250000000e+04
9.768832812500000000e+04
9.806660156250000000e+04
9.855311718750000000e+04
9.878518750000000000e+04
9.885373437500000000e+04
9.891907031250000000e+04
9.868136718750000000e+04
9.865932812500000000e+04
9.853678125000000000e+04
9.839228906250000000e+04
9.798979687500000000e+04
9.776981250000000000e+04
9.755168750000000000e+04
9.694110156250000000e+04
9.608475781250000000e+04
9.544721093750000000e+04
9.506670312500000000e+04
9.501012500000000000e+04
9.499988281250000000e+04
9.483212500000000000e+04
9.480909375000000000e+04
9.516819531250000000e+04
9.581880468750000000e+04
9.621619531250000000e+04
9.698778906250000000e+04
9.768721093750000000e+04
9.822878125000000000e+04
9.858278906250000000e+04
9.912157031250000000e+04
9.952962500000000000e+04
9.984600781250000000e+04
9.997703125000000000e+04
1.001151015625000000e+05
1.002287031250000000e+05
1.002755703125000000e+05
1.003419687500000000e+05
1.004426484375000000e+05
1.005314531250000000e+05
1.004219453125000000e+05
1.003446718750000000e+05
1.001510859375000000e+05
1.000007421875000000e+05
9.996250781250000000e+04
1.000659062500000000e+05
1.003076562500000000e+05
1.005698515625000000e+05
1.007147421875000000e+05
1.007870312500000000e+05
1.008483359375000000e+05
1.009407890625000000e+05
1.011403125000000000e+05
1.012019921875000000e+05
1.013045468750000000e+05
1.012637421875000000e+05
1.010594843750000000e+05
1.008408515625000000e+05
1.005966875000000000e+05
1.004363281250000000e+05
1.001153125000000000e+05
9.992630468750000000e+04
9.976192187500000000e+04
9.980206250000000000e+04
9.970884375000000000e+04
9.968536718750000000e+04
9.965584375000000000e+04
9.982668750000000000e+04
9.998156250000000000e+04
1.001438828125000000e+05
1.000620156250000000e+05
9.993814843750000000e+04
9.961447656250000000e+04
9.900445312500000000e+04
9.800971093750000000e+04
9.698992187500000000e+04
9.631741406250000000e+04
9.642929687500000000e+04
9.659709375000000000e+04
9.707312500000000000e+04
9.756089843750000000e+04
9.807126562500000000e+04
9.851259375000000000e+04
9.805270312500000000e+04
9.730251562500000000e+04
9.748688281250000000e+04
9.806583593750000000e+04
9.846389843750000000e+04
9.870785937500000000e+04
9.858982812500000000e+04
9.873119531250000000e+04
9.898190625000000000e+04
9.926250000000000000e+04
9.930821875000000000e+04
9.956651562500000000e+04
9.989114843750000000e+04
1.001718359375000000e+05
1.001156953125000000e+05
9.953226562500000000e+04
9.845920312500000000e+04
9.816171875000000000e+04
9.853764062500000000e+04
9.892177343750000000e+04
9.930243750000000000e+04
9.957961718750000000e+04
9.960500000000000000e+04
9.944515625000000000e+04
9.904812500000000000e+04
9.890603125000000000e+04
9.904503125000000000e+04
9.937711718750000000e+04
9.950464843750000000e+04
9.943187500000000000e+04
9.932328906250000000e+04
9.883992187500000000e+04
9.855442968750000000e+04
9.920011718750000000e+04
9.981872656250000000e+04
1.006494218750000000e+05
1.009191406250000000e+05
1.004024687500000000e+05
9.937579687500000000e+04
9.911066406250000000e+04
9.905459375000000000e+04
9.885486718750000000e+04
9.812416406250000000e+04
9.735366406250000000e+04
9.678964062500000000e+04
9.655428906250000000e+04
9.659910156250000000e+04
9.693075781250000000e+04
9.714736718750000000e+04
9.712300781250000000e+04
9.701028125000000000e+04
9.672284375000000000e+04
9.658834375000000000e+04
9.659093750000000000e+04
9.676350000000000000e+04
9.702559375000000000e+04
9.739412500000000000e+04
9.778345312500000000e+04
9.810789843750000000e+04
9.833157812500000000e+04
9.840778125000000000e+04
9.854366406250000000e+04
9.862362500000000000e+04
9.875114062500000000e+04
9.889214843750000000e+04
9.913384375000000000e+04
9.895931250000000000e+04
9.865615625000000000e+04
9.833558593750000000e+04
9.828581250000000000e+04
9.825060156250000000e+04
9.818119531250000000e+04
9.790405468750000000e+04
9.759395312500000000e+04
9.744460156250000000e+04
9.766578125000000000e+04
9.821663281250000000e+04
9.916777343750000000e+04
9.985701562500000000e+04
1.003300312500000000e+05
1.006388359375000000e+05
1.008980859375000000e+05
1.010602578125000000e+05
1.010964218750000000e+05
1.011443593750000000e+05
1.006605000000000000e+05
1.000887890625000000e+05
9.982908593750000000e+04
9.990152343750000000e+04
9.996587500000000000e+04
9.991843750000000000e+04
9.987273437500000000e+04
9.939712500000000000e+04
9.873175781250000000e+04
9.908765625000000000e+04
1.000221484375000000e+05
1.004287109375000000e+05
1.001134453125000000e+05
9.999465625000000000e+04
1.003055078125000000e+05
1.006998750000000000e+05
1.011670312500000000e+05
1.014597890625000000e+05
1.014099921875000000e+05
1.013908671875000000e+05
1.010532968750000000e+05
1.007598125000000000e+05
1.008493593750000000e+05
1.010640625000000000e+05
1.011160234375000000e+05
1.011017968750000000e+05
1.010984921875000000e+05
1.011652343750000000e+05
1.012789375000000000e+05
1.014435625000000000e+05
1.014587578125000000e+05
1.015272187500000000e+05
1.012595234375000000e+05
1.010386875000000000e+05
1.009237734375000000e+05
1.010871171875000000e+05
1.013596484375000000e+05
1.013530703125000000e+05
1.014870703125000000e+05
1.016752656250000000e+05
1.018980625000000000e+05
1.020042968750000000e+05
1.018122031250000000e+05
1.014499921875000000e+05
1.007552734375000000e+05
1.000003359375000000e+05
9.921443750000000000e+04
9.860717187500000000e+04
9.861835937500000000e+04
9.874576562500000000e+04
9.895975781250000000e+04
9.912801562500000000e+04
9.941106250000000000e+04
9.950359375000000000e+04
9.950999218750000000e+04
9.941087500000000000e+04
9.893084375000000000e+04
9.823229687500000000e+04
9.807097656250000000e+04
9.832000781250000000e+04
9.841078906250000000e+04
9.837883593750000000e+04
9.827909375000000000e+04
9.818514843750000000e+04
9.819464843750000000e+04
9.817712500000000000e+04
9.822361718750000000e+04
9.834724218750000000e+04
9.818213281250000000e+04
9.797548437500000000e+04
9.751404687500000000e+04
9.712856250000000000e+04
9.705015625000000000e+04
9.681067187500000000e+04
9.628541406250000000e+04
9.591409375000000000e+04
9.607913281250000000e+04
9.586854687500000000e+04
9.595205468750000000e+04
9.632335937500000000e+04
9.673006250000000000e+04
9.730832812500000000e+04
9.786951562500000000e+04
9.832302343750000000e+04
9.867555468750000000e+04
9.866938281250000000e+04
9.823347656250000000e+04
9.796891406250000000e+04
9.822507031250000000e+04
9.821032812500000000e+04
9.824702343750000000e+04
9.835256250000000000e+04
9.865082812500000000e+04
9.884084375000000000e+04
9.873639843750000000e+04
9.914636718750000000e+04
1.003307265625000000e+05
1.007038515625000000e+05
1.007266015625000000e+05
1.006534921875000000e+05
1.006309453125000000e+05
1.006525937500000000e+05
1.009435468750000000e+05
1.012091015625000000e+05
1.015243437500000000e+05
1.015993281250000000e+05
1.016085937500000000e+05
1.014313984375000000e+05
1.009535546875000000e+05
1.003161171875000000e+05
9.988915625000000000e+04
9.961281250000000000e+04
9.921699218750000000e+04
9.872273437500000000e+04
9.856190625000000000e+04
9.872519531250000000e+04
9.903707031250000000e+04
9.933056250000000000e+04
9.953728125000000000e+04
9.962790625000000000e+04
9.937930468750000000e+04
9.883921875000000000e+04
9.872138281250000000e+04
9.875422656250000000e+04
9.886100781250000000e+04
9.842592187500000000e+04
9.803694531250000000e+04
9.816212500000000000e+04
9.846699218750000000e+04
9.867258593750000000e+04
9.891720312500000000e+04
9.905614843750000000e+04
9.901140625000000000e+04
9.887392187500000000e+04
9.849086718750000000e+04
9.783219531250000000e+04
9.750063281250000000e+04
9.748921093750000000e+04
9.816080468750000000e+04
9.866702343750000000e+04
9.873045312500000000e+04
9.835839843750000000e+04
9.822307812500000000e+04
9.854335937500000000e+04
9.877699218750000000e+04
9.856812500000000000e+04
9.796877343750000000e+04
9.746871875000000000e+04
9.764524218750000000e+04
9.790764843750000000e+04
9.850920312500000000e+04
9.932196875000000000e+04
9.963114843750000000e+04
9.936980468750000000e+04
9.924944531250000000e+04
9.902342968750000000e+04
9.915851562500000000e+04
9.920141406250000000e+04
9.873628125000000000e+04
9.808188281250000000e+04
9.885856250000000000e+04
9.932326562500000000e+04
9.931257812500000000e+04
9.970312500000000000e+04
9.955466406250000000e+04
9.853524218750000000e+04
9.790173437500000000e+04
9.828986718750000000e+04
9.842966406250000000e+04
9.809197656250000000e+04
9.807836718750000000e+04
9.806605468750000000e+04
9.789561718750000000e+04
9.819304687500000000e+04
9.863737500000000000e+04
9.892761718750000000e+04
9.913244531250000000e+04
9.919104687500000000e+04
9.960603125000000000e+04
9.982746875000000000e+04
9.982697656250000000e+04
9.976448437500000000e+04
9.990421093750000000e+04
9.990972656250000000e+04
9.971109375000000000e+04
9.953104687500000000e+04
9.939563281250000000e+04
9.934461718750000000e+04
9.936657031250000000e+04
9.938129687500000000e+04
9.946557812500000000e+04
9.956249218750000000e+04
9.963398437500000000e+04
9.958371875000000000e+04
9.950384375000000000e+04
9.941927343750000000e+04
9.932925781250000000e+04
9.921440625000000000e+04
9.905317187500000000e+04
9.894659375000000000e+04
9.878425781250000000e+04
9.838493750000000000e+04
9.795902343750000000e+04
9.736338281250000000e+04
9.701750000000000000e+04
9.672837500000000000e+04
9.636377343750000000e+04
9.633449218750000000e+04
9.681997656250000000e+04
9.697227343750000000e+04
9.647315625000000000e+04
9.677788281250000000e+04
9.715273437500000000e+04
9.692676562500000000e+04
9.669179687500000000e+04
9.659864843750000000e+04
9.657680468750000000e+04
9.644042968750000000e+04
9.647785937500000000e+04
9.636635937500000000e+04
9.602573437500000000e+04
9.584016406250000000e+04
9.584576562500000000e+04
9.613021875000000000e+04
9.640155468750000000e+04
9.617504687500000000e+04
9.554971875000000000e+04
9.519369531250000000e+04
9.511019531250000000e+04
9.495372656250000000e+04
9.503972656250000000e+04
9.555028125000000000e+04
9.583014843750000000e+04
9.593170312500000000e+04
9.559523437500000000e+04
9.532296875000000000e+04
9.537666406250000000e+04
9.547953125000000000e+04
9.561020312500000000e+04
9.559182812500000000e+04
9.545677343750000000e+04
9.557291406250000000e+04
9.587014062500000000e+04
9.608886718750000000e+04
9.588481250000000000e+04
9.567254687500000000e+04
9.544327343750000000e+04
9.551190625000000000e+04
9.574348437500000000e+04
9.595815625000000000e+04
9.636662500000000000e+04
9.673246875000000000e+04
9.738413281250000000e+04
9.773236718750000000e+04
9.771681250000000000e+04
9.742229687500000000e+04
9.722871093750000000e+04
9.678194531250000000e+04
9.603499218750000000e+04
9.675154687500000000e+04
9.725956250000000000e+04
9.744677343750000000e+04
9.748534375000000000e+04
9.750269531250000000e+04
9.739476562500000000e+04
9.740378125000000000e+04
9.766121093750000000e+04
9.797621875000000000e+04
9.829200000000000000e+04
9.857200781250000000e+04
9.833958593750000000e+04
9.751354687500000000e+04
9.721854687500000000e+04
9.834474218750000000e+04
9.895808593750000000e+04
9.941667187500000000e+04
9.973725781250000000e+04
1.001228671875000000e+05
1.002141718750000000e+05
1.004450156250000000e+05
1.005538125000000000e+05
1.007056718750000000e+05
1.006502343750000000e+05
1.007827031250000000e+05
1.009151640625000000e+05
1.010280078125000000e+05
1.010700234375000000e+05
1.012551875000000000e+05
1.013831328125000000e+05
1.012700859375000000e+05
1.011628125000000000e+05
1.010100234375000000e+05
1.009731171875000000e+05
1.008054140625000000e+05
1.006701250000000000e+05
1.002415156250000000e+05
9.970335156250000000e+04
9.929785937500000000e+04
9.916753125000000000e+04
9.905308593750000000e+04
9.906650781250000000e+04
9.910084375000000000e+04
9.919179687500000000e+04
9.917985937500000000e+04
9.893790625000000000e+04
9.828760156250000000e+04
9.711763281250000000e+04
9.617204687500000000e+04
9.588847656250000000e+04
9.601892187500000000e+04
9.657539843750000000e+04
9.712557812500000000e+04
9.747855468750000000e+04
9.752323437500000000e+04
9.770865625000000000e+04
9.788239843750000000e+04
9.802365625000000000e+04
9.800382812500000000e+04
9.800770312500000000e+04
9.824057812500000000e+04
9.824550781250000000e+04
9.806259375000000000e+04
9.841894531250000000e+04
9.913559375000000000e+04
9.960000781250000000e+04
9.992332812500000000e+04
1.002016250000000000e+05
1.006208828125000000e+05
1.008250234375000000e+05
1.009892734375000000e+05
1.009280703125000000e+05
1.008406718750000000e+05
1.007117187500000000e+05
1.004975234375000000e+05
1.003068984375000000e+05
9.999305468750000000e+04
9.992080468750000000e+04
9.977207812500000000e+04
9.975230468750000000e+04
9.964045312500000000e+04
9.940534375000000000e+04
9.915674218750000000e+04
9.939404687500000000e+04
9.979343750000000000e+04
1.000982265625000000e+05
1.003742734375000000e+05
1.006110468750000000e+05
1.009498671875000000e+05
1.011648281250000000e+05
1.013825703125000000e+05
1.013636015625000000e+05
1.014067656250000000e+05
1.013427890625000000e+05
1.012080000000000000e+05
1.010718281250000000e+05
1.009297343750000000e+05
1.006993125000000000e+05
1.004263750000000000e+05
1.000994296875000000e+05
9.993473437500000000e+04
9.993649218750000000e+04
9.961698437500000000e+04
9.935270312500000000e+04
9.895859375000000000e+04
9.856448437500000000e+04
9.828028906250000000e+04
9.817964843750000000e+04
9.807142968750000000e+04
9.815064062500000000e+04
9.809411718750000000e+04
9.813751562500000000e+04
9.752682812500000000e+04
9.592181250000000000e+04
9.518408593750000000e+04
9.503755468750000000e+04
9.524446875000000000e+04
9.586879687500000000e+04
9.668863281250000000e+04
9.713389843750000000e+04
9.716448437500000000e+04
9.737282812500000000e+04
9.781976562500000000e+04
9.817028125000000000e+04
9.844807031250000000e+04
9.862621875000000000e+04
9.872221875000000000e+04
9.837208593750000000e+04
9.800872656250000000e+04
9.770368750000000000e+04
9.744398437500000000e+04
9.713535156250000000e+04
9.687820312500000000e+04
9.652092968750000000e+04
9.656715625000000000e+04
9.697688281250000000e+04
9.746614062500000000e+04
9.788516406250000000e+04
9.818963281250000000e+04
9.832585156250000000e+04
9.810071093750000000e+04
9.722458593750000000e+04
9.622793750000000000e+04
9.569464843750000000e+04
9.550757812500000000e+04
9.593929687500000000e+04
9.610315625000000000e+04
9.614141406250000000e+04
9.616608593750000000e+04
9.631957031250000000e+04
9.651465625000000000e+04
9.660332812500000000e+04
9.665235156250000000e+04
9.674160156250000000e+04
9.681281250000000000e+04
9.668442968750000000e+04
9.654503125000000000e+04
9.627290625000000000e+04
9.611847656250000000e+04
9.614424218750000000e+04
9.628721875000000000e+04
9.640339843750000000e+04
9.651288281250000000e+04
9.649021093750000000e+04
9.658225781250000000e+04
9.659358593750000000e+04
9.662842968750000000e+04
9.651759375000000000e+04
9.629913281250000000e+04
9.597710156250000000e+04
9.576462500000000000e+04
9.569354687500000000e+04
9.530883593750000000e+04
9.480465625000000000e+04
9.458225781250000000e+04
9.491985937500000000e+04
9.546359375000000000e+04
9.627674218750000000e+04
9.713937500000000000e+04
9.771039843750000000e+04
9.809519531250000000e+04
9.829739843750000000e+04
9.848100781250000000e+04
9.855503125000000000e+04
9.859297656250000000e+04
9.857623437500000000e+04
9.818026562500000000e+04
9.784514843750000000e+04
9.801326562500000000e+04
9.817363281250000000e+04
9.831876562500000000e+04
9.823709375000000000e+04
9.809683593750000000e+04
9.780519531250000000e+04
9.754943750000000000e+04
9.742627343750000000e+04
9.724068750000000000e+04
9.705249218750000000e+04
9.692881250000000000e+04
9.679639843750000000e+04
9.664687500000000000e+04
9.652435156250000000e+04
9.638057031250000000e+04
9.607897656250000000e+04
9.611678125000000000e+04
9.623843750000000000e+04
9.643428125000000000e+04
9.645331250000000000e+04
9.656918750000000000e+04
9.681744531250000000e+04
9.701140625000000000e+04
9.705145312500000000e+04
9.715607812500000000e+04
9.734178906250000000e+04
9.735744531250000000e+04
9.738642187500000000e+04
9.741848437500000000e+04
9.739789843750000000e+04
9.716498437500000000e+04
9.687454687500000000e+04
9.674984375000000000e+04
9.675168750000000000e+04
9.692028906250000000e+04
9.695635156250000000e+04
9.702329687500000000e+04
9.709855468750000000e+04
9.718446875000000000e+04
9.729719531250000000e+04
9.739028906250000000e+04
9.734527343750000000e+04
9.738920312500000000e+04
9.746194531250000000e+04
9.759771093750000000e+04
9.770172656250000000e+04
9.759787500000000000e+04
9.723451562500000000e+04
9.704482812500000000e+04
9.712601562500000000e+04
9.732536718750000000e+04
9.763944531250000000e+04
9.784863281250000000e+04
9.800142968750000000e+04
9.806381250000000000e+04
9.803221875000000000e+04
9.797464062500000000e+04
9.766582812500000000e+04
9.740645312500000000e+04
9.712410156250000000e+04
9.702091406250000000e+04
9.701218750000000000e+04
9.712272656250000000e+04
9.726804687500000000e+04
9.740832812500000000e+04
9.747376562500000000e+04
9.757064843750000000e+04
9.760907812500000000e+04
9.770001562500000000e+04
9.782359375000000000e+04
9.770740625000000000e+04
9.749688281250000000e+04
9.729256250000000000e+04
9.716894531250000000e+04
9.701683593750000000e+04
9.696316406250000000e+04
9.700735156250000000e+04
9.705375781250000000e+04
9.713978125000000000e+04
9.726676562500000000e+04
9.732341406250000000e+04
9.731740625000000000e+04
9.742291406250000000e+04
9.742035937500000000e+04
9.750499218750000000e+04
9.775704687500000000e+04
9.783150000000000000e+04
9.787123437500000000e+04
9.794219531250000000e+04
9.800646875000000000e+04
9.798020312500000000e+04
9.754846875000000000e+04
9.686584375000000000e+04
9.635476562500000000e+04
9.648551562500000000e+04
9.686446875000000000e+04
9.701553125000000000e+04
9.709970312500000000e+04
9.707078125000000000e+04
9.691528906250000000e+04
9.682828906250000000e+04
9.673950000000000000e+04
9.655205468750000000e+04
9.625635937500000000e+04
9.602971875000000000e+04
9.590428125000000000e+04
9.607119531250000000e+04
9.636050000000000000e+04
9.673585937500000000e+04
9.702467187500000000e+04
9.724407031250000000e+04
9.742930468750000000e+04
9.764897656250000000e+04
9.790824218750000000e+04
9.799685937500000000e+04
9.800459375000000000e+04
9.791370312500000000e+04
9.783435937500000000e+04
9.776106250000000000e+04
9.760992968750000000e+04
9.745199218750000000e+04
9.742823437500000000e+04
9.737528906250000000e+04
9.738171093750000000e+04
9.735050000000000000e+04
9.742410156250000000e+04
9.740906250000000000e+04
9.752787500000000000e+04
9.759801562500000000e+04
9.765498437500000000e+04
9.755101562500000000e+04
9.745966406250000000e+04
9.735297656250000000e+04
9.725138281250000000e+04
9.721019531250000000e+04
9.730406250000000000e+04
9.739328906250000000e+04
9.750776562500000000e+04
9.752692187500000000e+04
9.741491406250000000e+04
9.733897656250000000e+04
9.719260156250000000e+04
9.718224218750000000e+04
9.704953125000000000e+04
9.717480468750000000e+04
9.738966406250000000e+04
9.776546875000000000e+04
9.796557031250000000e+04
9.799605468750000000e+04
9.771775781250000000e+04
9.757162500000000000e+04
9.748520312500000000e+04
9.742014843750000000e+04
9.742954687500000000e+04
9.755727343750000000e+04
9.777416406250000000e+04
9.787937500000000000e+04
9.790957031250000000e+04
9.781650000000000000e+04
9.765184375000000000e+04
9.753000000000000000e+04
9.725812500000000000e+04
9.725349218750000000e+04
9.717050781250000000e+04
9.717466406250000000e+04
9.718431250000000000e+04
9.722838281250000000e+04
9.719519531250000000e+04
9.732409375000000000e+04
9.744377343750000000e+04
9.763564843750000000e+04
9.781885156250000000e+04
9.808739843750000000e+04
9.795639843750000000e+04
9.806421875000000000e+04
9.793393750000000000e+04
9.784446875000000000e+04
9.754863281250000000e+04
9.751035156250000000e+04
9.743221093750000000e+04
9.753807031250000000e+04
9.760089843750000000e+04
9.778939843750000000e+04
9.784385937500000000e+04
9.797571093750000000e+04
9.801510156250000000e+04
9.804017187500000000e+04
9.801335156250000000e+04
9.806345312500000000e+04
9.794110156250000000e+04
9.804206250000000000e+04
9.810964062500000000e+04
9.818799218750000000e+04
9.812155468750000000e+04
9.805624218750000000e+04
9.804552343750000000e+04
9.820178125000000000e+04
9.850221093750000000e+04
9.876327343750000000e+04
9.895928906250000000e+04
9.917153125000000000e+04
9.926646875000000000e+04
9.936505468750000000e+04
9.947969531250000000e+04
9.962406250000000000e+04
9.967864062500000000e+04
9.976265625000000000e+04
9.959278125000000000e+04
9.950464843750000000e+04
9.938707031250000000e+04
9.933665625000000000e+04
9.927916406250000000e+04
9.926171093750000000e+04
9.917998437500000000e+04
9.914362500000000000e+04
9.909911718750000000e+04
9.896600000000000000e+04
9.837971093750000000e+04
9.824098437500000000e+04
9.829076562500000000e+04
9.828920312500000000e+04
9.833371875000000000e+04
9.835662500000000000e+04
9.831784375000000000e+04
9.827886718750000000e+04
9.822193750000000000e+04
9.811356250000000000e+04
9.792807812500000000e+04
9.777874218750000000e+04
9.766538281250000000e+04
9.769018750000000000e+04
9.777652343750000000e+04
9.787346875000000000e+04
9.790549218750000000e+04
9.789407812500000000e+04
9.783628906250000000e+04
9.766848437500000000e+04
9.751560156250000000e+04
9.733151562500000000e+04
9.718306250000000000e+04
9.705663281250000000e+04
9.711161718750000000e+04
9.712721875000000000e+04
9.718897656250000000e+04
9.726254687500000000e+04
9.733801562500000000e+04
9.743852343750000000e+04
9.760937500000000000e+04
9.774473437500000000e+04
9.796753125000000000e+04
9.820752343750000000e+04
9.849283593750000000e+04
9.874819531250000000e+04
9.889947656250000000e+04
9.904562500000000000e+04
9.919714062500000000e+04
9.929118750000000000e+04
9.932757031250000000e+04
9.926976562500000000e+04
9.919602343750000000e+04
9.907162500000000000e+04
9.892457812500000000e+04
9.881911718750000000e+04
9.868356250000000000e+04
9.853217187500000000e+04
9.830888281250000000e+04
9.800904687500000000e+04
9.766137500000000000e+04
