1.002524453125000000e+05
1.002617890625000000e+05
1.002095859375000000e+05
1.000083046875000000e+05
9.990373437500000000e+04
9.967167187500000000e+04
9.959543750000000000e+04
9.953127343750000000e+04
9.961134375000000000e+04
9.942573437500000000e+04
9.931661718750000000e+04
9.900537500000000000e+04
9.876208593750000000e+04
9.862945312500000000e+04
9.863806250000000000e+04
9.864166406250000000e+04
9.884252343750000000e+04
9.904477343750000000e+04
9.924982812500000000e+04
9.918071093750000000e+04
9.923530468750000000e+04
9.924678906250000000e+04
9.931453125000000000e+04
9.940448437500000000e+04
9.941275781250000000e+04
9.941270312500000000e+04
9.940515625000000000e+04
9.941292968750000000e+04
9.942848437500000000e+04
9.944577343750000000e+04
9.954496875000000000e+04
9.972655468750000000e+04
9.978092968750000000e+04
9.979075781250000000e+04
9.982455468750000000e+04
9.982692968750000000e+04
9.980614062500000000e+04
9.980958593750000000e+04
9.989174218750000000e+04
9.984158593750000000e+04
9.987659375000000000e+04
9.983383593750000000e+04
9.976282812500000000e+04
9.961810156250000000e+04
9.960050781250000000e+04
9.949865625000000000e+04
9.949400781250000000e+04
9.935269531250000000e+04
9.928669531250000000e+04
9.920746875000000000e+04
9.920050781250000000e+04
9.915628906250000000e+04
9.915028906250000000e+04
9.915257812500000000e+04
9.902630468750000000e+04
9.854557812500000000e+04
9.817422656250000000e+04
9.792489843750000000e+04
9.800291406250000000e+04
9.803302343750000000e+04
9.810080468750000000e+04
9.804757812500000000e+04
9.810786718750000000e+04
9.816452343750000000e+04
9.841970312500000000e+04
9.855892187500000000e+04
9.881735156250000000e+04
9.898126562500000000e+04
9.919136718750000000e+04
9.920746875000000000e+04
9.931653125000000000e+04
9.922134375000000000e+04
9.913346875000000000e+04
9.880542968750000000e+04
9.853902343750000000e+04
9.824954687500000000e+04
9.826123437500000000e+04
9.824500000000000000e+04
9.816909375000000000e+04
9.809698437500000000e+04
9.829572656250000000e+04
9.858564843750000000e+04
9.888730468750000000e+04
9.908806250000000000e+04
9.936151562500000000e+04
9.945828906250000000e+04
9.952101562500000000e+04
9.951986718750000000e+04
9.953850000000000000e+04
9.954354687500000000e+04
9.959648437500000000e+04
9.951892968750000000e+04
9.936820312500000000e+04
9.901083593750000000e+04
9.910079687500000000e+04
9.917514062500000000e+04
9.951371093750000000e+04
9.974347656250000000e+04
9.973010156250000000e+04
9.934908593750000000e+04
9.895337500000000000e+04
9.871067187500000000e+04
9.880288281250000000e+04
9.910299218750000000e+04
9.940944531250000000e+04
9.975901562500000000e+04
1.000998984375000000e+05
1.005207734375000000e+05
1.008641718750000000e+05
1.010915859375000000e+05
1.011078828125000000e+05
1.009189375000000000e+05
1.004901250000000000e+05
9.991568750000000000e+04
9.955758593750000000e+04
9.939307812500000000e+04
9.937152343750000000e+04
9.914547656250000000e+04
9.902157031250000000e+04
9.897336718750000000e+04
9.896619531250000000e+04
9.889534375000000000e+04
9.882093750000000000e+04
9.880963281250000000e+04
9.876810156250000000e+04
9.865228125000000000e+04
9.864387500000000000e+04
9.867635937500000000e+04
9.870962500000000000e+04
9.877648437500000000e+04
9.901298437500000000e+04
9.924259375000000000e+04
9.931650000000000000e+04
9.933264062500000000e+04
9.945644531250000000e+04
9.959096875000000000e+04
9.970712500000000000e+04
9.964163281250000000e+04
9.962061718750000000e+04
9.954344531250000000e+04
9.955239843750000000e+04
9.943697656250000000e+04
9.953526562500000000e+04
9.981300781250000000e+04
1.000755156250000000e+05
1.001146718750000000e+05
1.001261250000000000e+05
9.998241406250000000e+04
9.984368750000000000e+04
9.968267187500000000e+04
9.954942187500000000e+04
9.948539843750000000e+04
9.947528125000000000e+04
9.950934375000000000e+04
9.964428906250000000e+04
9.968946875000000000e+04
9.973468750000000000e+04
9.968733593750000000e+04
9.970096875000000000e+04
9.956964843750000000e+04
9.950367187500000000e+04
9.928109375000000000e+04
9.906200781250000000e+04
9.872888281250000000e+04
9.865428906250000000e+04
9.870824218750000000e+04
9.886896875000000000e+04
9.896107812500000000e+04
9.909396875000000000e+04
9.906851562500000000e+04
9.877844531250000000e+04
9.813264062500000000e+04
9.788864062500000000e+04
9.783457812500000000e+04
9.761155468750000000e+04
9.726768750000000000e+04
9.728176562500000000e+04
9.757904687500000000e+04
9.787995312500000000e+04
9.791742968750000000e+04
9.781473437500000000e+04
9.760526562500000000e+04
9.744206250000000000e+04
9.737119531250000000e+04
9.742612500000000000e+04
9.775143750000000000e+04
9.810601562500000000e+04
9.852461718750000000e+04
9.896447656250000000e+04
9.917989843750000000e+04
9.929863281250000000e+04
9.939532812500000000e+04
9.939755468750000000e+04
9.927209375000000000e+04
9.915901562500000000e+04
9.904208593750000000e+04
9.884228906250000000e+04
9.846438281250000000e+04
9.791404687500000000e+04
9.708100000000000000e+04
9.647643750000000000e+04
9.639320312500000000e+04
9.655130468750000000e+04
9.650539843750000000e+04
9.640881250000000000e+04
9.638577343750000000e+04
9.642242968750000000e+04
9.642231250000000000e+04
9.682183593750000000e+04
9.736320312500000000e+04
9.817906250000000000e+04
9.888660156250000000e+04
9.940046875000000000e+04
9.955783593750000000e+04
9.949433593750000000e+04
9.945706250000000000e+04
9.965344531250000000e+04
9.967528906250000000e+04
9.966171875000000000e+04
9.975840625000000000e+04
9.990310156250000000e+04
9.989196875000000000e+04
9.963472656250000000e+04
9.912828125000000000e+04
9.851323437500000000e+04
9.799705468750000000e+04
9.759185156250000000e+04
9.741062500000000000e+04
9.752624218750000000e+04
9.789000781250000000e+04
9.822702343750000000e+04
9.847396875000000000e+04
9.865203125000000000e+04
9.879885937500000000e+04
9.880046875000000000e+04
9.868367187500000000e+04
9.855510156250000000e+04
9.842857812500000000e+04
9.843816406250000000e+04
9.848939843750000000e+04
9.868999218750000000e+04
9.872799218750000000e+04
9.876257812500000000e+04
9.867068750000000000e+04
9.851397656250000000e+04
9.831005468750000000e+04
9.812687500000000000e+04
9.820127343750000000e+04
9.833664843750000000e+04
9.860781250000000000e+04
9.881613281250000000e+04
9.894708593750000000e+04
9.891763281250000000e+04
9.883707031250000000e+04
9.888690625000000000e+04
9.904583593750000000e+04
9.926141406250000000e+04
9.934926562500000000e+04
9.922114062500000000e+04
9.844780468750000000e+04
9.785068750000000000e+04
9.757410156250000000e+04
9.765678906250000000e+04
9.762667187500000000e+04
9.740769531250000000e+04
9.706744531250000000e+04
9.727898437500000000e+04
9.789194531250000000e+04
9.827900781250000000e+04
9.826028906250000000e+04
9.800310156250000000e+04
9.766471875000000000e+04
9.740961718750000000e+04
9.670987500000000000e+04
9.628985937500000000e+04
9.651770312500000000e+04
9.713506250000000000e+04
9.736501562500000000e+04
9.704099218750000000e+04
9.704491406250000000e+04
9.724596875000000000e+04
9.733045312500000000e+04
9.738979687500000000e+04
9.739527343750000000e+04
9.744366406250000000e+04
9.741314843750000000e+04
9.751207031250000000e+04
9.760565625000000000e+04
9.766600781250000000e+04
9.759278125000000000e+04
9.746090625000000000e+04
9.732399218750000000e+04
9.728941406250000000e+04
9.727585937500000000e+04
9.743053125000000000e+04
9.737114843750000000e+04
9.742410156250000000e+04
9.760194531250000000e+04
9.773936718750000000e+04
9.762159375000000000e+04
9.754671093750000000e+04
9.789643750000000000e+04
9.842896875000000000e+04
9.886778125000000000e+04
9.896142968750000000e+04
9.861252343750000000e+04
9.810981250000000000e+04
9.801999218750000000e+04
9.832912500000000000e+04
9.881292187500000000e+04
9.921878125000000000e+04
9.934348437500000000e+04
9.918552343750000000e+04
9.889104687500000000e+04
9.858119531250000000e+04
9.828123437500000000e+04
9.823914062500000000e+04
9.828043750000000000e+04
9.852329687500000000e+04
9.872349218750000000e+04
9.888429687500000000e+04
9.887039843750000000e+04
9.878573437500000000e+04
9.845736718750000000e+04
9.824070312500000000e+04
9.809308593750000000e+04
9.804266406250000000e+04
9.804010156250000000e+04
9.804916406250000000e+04
9.793543750000000000e+04
9.794363281250000000e+04
9.803303125000000000e+04
9.806835937500000000e+04
9.825729687500000000e+04
9.862657031250000000e+04
9.910796875000000000e+04
9.943266406250000000e+04
9.964765625000000000e+04
9.986242968750000000e+04
9.990211718750000000e+04
9.980108593750000000e+04
9.974797656250000000e+04
9.978964843750000000e+04
9.980765625000000000e+04
9.981341406250000000e+04
9.971370312500000000e+04
9.982996875000000000e+04
9.981055468750000000e+04
9.968834375000000000e+04
9.953156250000000000e+04
9.929839843750000000e+04
9.903928906250000000e+04
9.888452343750000000e+04
9.876448437500000000e+04
9.871543750000000000e+04
9.885031250000000000e+04
9.899186718750000000e+04
9.902136718750000000e+04
9.886802343750000000e+04
9.862927343750000000e+04
9.838685937500000000e+04
9.795456250000000000e+04
9.761064062500000000e+04
9.711090625000000000e+04
9.649328125000000000e+04
9.586352343750000000e+04
9.566171875000000000e+04
9.574760156250000000e+04
9.601530468750000000e+04
9.635271093750000000e+04
9.689592187500000000e+04
9.760085156250000000e+04
9.821598437500000000e+04
9.867450000000000000e+04
9.898339843750000000e+04
9.912281250000000000e+04
9.916877343750000000e+04
9.901566406250000000e+04
9.888371093750000000e+04
9.865433593750000000e+04
9.847070312500000000e+04
9.820593750000000000e+04
9.813043750000000000e+04
9.797877343750000000e+04
9.792727343750000000e+04
9.781775781250000000e+04
9.778469531250000000e+04
9.790499218750000000e+04
9.801886718750000000e+04
9.804684375000000000e+04
9.815631250000000000e+04
9.807266406250000000e+04
9.801243750000000000e+04
9.758884375000000000e+04
9.718889843750000000e+04
9.687572656250000000e+04
9.682285937500000000e+04
9.718461718750000000e+04
9.761700000000000000e+04
9.826364062500000000e+04
9.889329687500000000e+04
9.938942187500000000e+04
9.967016406250000000e+04
9.990116406250000000e+04
9.983245312500000000e+04
9.942125781250000000e+04
9.904500781250000000e+04
9.860314062500000000e+04
9.840483593750000000e+04
9.875631250000000000e+04
9.911508593750000000e+04
9.946088281250000000e+04
9.952682812500000000e+04
9.946723437500000000e+04
9.949564843750000000e+04
9.956712500000000000e+04
9.942283593750000000e+04
9.911558593750000000e+04
9.859276562500000000e+04
9.800488281250000000e+04
9.744186718750000000e+04
9.713159375000000000e+04
9.720595312500000000e+04
9.672779687500000000e+04
9.644851562500000000e+04
9.648329687500000000e+04
9.595037500000000000e+04
9.524485937500000000e+04
9.497571875000000000e+04
9.436985937500000000e+04
9.383018750000000000e+04
9.380035937500000000e+04
9.488331250000000000e+04
9.519638281250000000e+04
9.581007031250000000e+04
9.697320312500000000e+04
9.800618750000000000e+04
9.830731250000000000e+04
9.778362500000000000e+04
9.786220312500000000e+04
9.739850000000000000e+04
9.777029687500000000e+04
9.894625781250000000e+04
9.994541406250000000e+04
1.001679062500000000e+05
9.991329687500000000e+04
9.934405468750000000e+04
9.885499218750000000e+04
9.839607031250000000e+04
9.807096875000000000e+04
9.782441406250000000e+04
9.757407031250000000e+04
9.734171875000000000e+04
9.707082812500000000e+04
9.699564062500000000e+04
9.692819531250000000e+04
9.694595312500000000e+04
9.680238281250000000e+04
9.689757031250000000e+04
9.696141406250000000e+04
9.660371093750000000e+04
9.659240625000000000e+04
9.707298437500000000e+04
9.750484375000000000e+04
9.775138281250000000e+04
9.781049218750000000e+04
9.757705468750000000e+04
9.752338281250000000e+04
9.752767187500000000e+04
9.752771093750000000e+04
9.719057031250000000e+04
9.692463281250000000e+04
9.699471093750000000e+04
9.714419531250000000e+04
9.745523437500000000e+04
9.774772656250000000e+04
9.787043750000000000e+04
9.734680468750000000e+04
9.676021093750000000e+04
9.693752343750000000e+04
9.714224218750000000e+04
9.700760156250000000e+04
9.690201562500000000e+04
9.677261718750000000e+04
9.674480468750000000e+04
9.663641406250000000e+04
9.659625781250000000e+04
9.660750781250000000e+04
9.669356250000000000e+04
9.672270312500000000e+04
9.665406250000000000e+04
9.685567187500000000e+04
9.720465625000000000e+04
9.761998437500000000e+04
9.796790625000000000e+04
9.809635156250000000e+04
9.806957031250000000e+04
9.791884375000000000e+04
9.801220312500000000e+04
9.820850000000000000e+04
9.865942187500000000e+04
9.901421875000000000e+04
9.963728125000000000e+04
1.001156484375000000e+05
1.002722421875000000e+05
9.997981250000000000e+04
9.934675781250000000e+04
9.861712500000000000e+04
9.812687500000000000e+04
9.767241406250000000e+04
9.732478125000000000e+04
9.718501562500000000e+04
9.729461718750000000e+04
9.748450781250000000e+04
9.769270312500000000e+04
9.775330468750000000e+04
9.787302343750000000e+04
9.791372656250000000e+04
9.816888281250000000e+04
9.839850781250000000e+04
9.880864843750000000e+04
9.899489843750000000e+04
9.937202343750000000e+04
9.950267187500000000e+04
9.962055468750000000e+04
9.954464843750000000e+04
9.934555468750000000e+04
9.896686718750000000e+04
9.852918750000000000e+04
9.799708593750000000e+04
9.753820312500000000e+04
9.730279687500000000e+04
9.736129687500000000e+04
9.750693750000000000e+04
9.774174218750000000e+04
9.788614843750000000e+04
9.802642187500000000e+04
9.807222656250000000e+04
9.818549218750000000e+04
9.824985156250000000e+04
9.840031250000000000e+04
9.862020312500000000e+04
9.886243750000000000e+04
9.921813281250000000e+04
9.943242968750000000e+04
9.957719531250000000e+04
9.923840625000000000e+04
9.886669531250000000e+04
9.837337500000000000e+04
9.790850781250000000e+04
9.698757812500000000e+04
9.623506250000000000e+04
9.625157812500000000e+04
9.615924218750000000e+04
9.589755468750000000e+04
9.556771875000000000e+04
9.518823437500000000e+04
9.519001562500000000e+04
9.582328906250000000e+04
9.673631250000000000e+04
9.742154687500000000e+04
9.777851562500000000e+04
9.791085156250000000e+04
9.805627343750000000e+04
9.797107812500000000e+04
9.791410156250000000e+04
9.758343750000000000e+04
9.728379687500000000e+04
9.703851562500000000e+04
9.692798437500000000e+04
9.669391406250000000e+04
9.620676562500000000e+04
9.578984375000000000e+04
9.576741406250000000e+04
9.597686718750000000e+04
9.642171093750000000e+04
9.725175781250000000e+04
9.770504687500000000e+04
9.798925781250000000e+04
9.820240625000000000e+04
9.828515625000000000e+04
9.851218750000000000e+04
9.881471875000000000e+04
9.908799218750000000e+04
9.904949218750000000e+04
9.868366406250000000e+04
9.847508593750000000e+04
9.867779687500000000e+04
9.885052343750000000e+04
9.884711718750000000e+04
9.874864062500000000e+04
9.897403125000000000e+04
9.929425781250000000e+04
9.961618750000000000e+04
9.969955468750000000e+04
9.950048437500000000e+04
9.917865625000000000e+04
9.852319531250000000e+04
9.793744531250000000e+04
9.737350000000000000e+04
9.731522656250000000e+04
9.759002343750000000e+04
9.783095312500000000e+04
9.796115625000000000e+04
9.705078125000000000e+04
9.693713281250000000e+04
9.706135156250000000e+04
9.701035156250000000e+04
9.725929687500000000e+04
9.769114062500000000e+04
9.779702343750000000e+04
9.785347656250000000e+04
9.805982812500000000e+04
9.830300781250000000e+04
9.840586718750000000e+04
9.824550000000000000e+04
9.805706250000000000e+04
9.797043750000000000e+04
9.801287500000000000e+04
9.820136718750000000e+04
9.860633593750000000e+04
9.882150000000000000e+04
9.873083593750000000e+04
9.844189843750000000e+04
9.870902343750000000e+04
9.929243750000000000e+04
9.960303125000000000e+04
9.844633593750000000e+04
9.718008593750000000e+04
9.738900000000000000e+04
9.812699218750000000e+04
9.909253125000000000e+04
9.957431250000000000e+04
9.953085156250000000e+04
9.891382812500000000e+04
9.903471093750000000e+04
9.940917187500000000e+04
9.929440625000000000e+04
9.866737500000000000e+04
9.806491406250000000e+04
9.758227343750000000e+04
9.725413281250000000e+04
9.650908593750000000e+04
9.618385156250000000e+04
9.598614843750000000e+04
9.640975781250000000e+04
9.712975781250000000e+04
9.783535937500000000e+04
9.818575781250000000e+04
9.841278906250000000e+04
9.827878125000000000e+04
9.820042968750000000e+04
9.810858593750000000e+04
9.802940625000000000e+04
9.789450781250000000e+04
9.778970312500000000e+04
9.764320312500000000e+04
9.733895312500000000e+04
9.710523437500000000e+04
9.723239843750000000e+04
9.770035156250000000e+04
9.809314843750000000e+04
9.834628906250000000e+04
9.871557812500000000e+04
9.897852343750000000e+04
9.914689843750000000e+04
9.905034375000000000e+04
9.878200000000000000e+04
9.854804687500000000e+04
9.819133593750000000e+04
9.782696875000000000e+04
9.743647656250000000e+04
9.751294531250000000e+04
9.771145312500000000e+04
9.803593750000000000e+04
9.830666406250000000e+04
9.850002343750000000e+04
9.871020312500000000e+04
9.932304687500000000e+04
9.968842968750000000e+04
9.994781250000000000e+04
9.977118750000000000e+04
9.929728125000000000e+04
9.913730468750000000e+04
9.963182812500000000e+04
9.962290625000000000e+04
9.983214062500000000e+04
9.995069531250000000e+04
1.000651171875000000e+05
1.001218281250000000e+05
1.002949296875000000e+05
1.002778046875000000e+05
1.005025781250000000e+05
1.006909453125000000e+05
1.008481953125000000e+05
1.008731171875000000e+05
1.011082656250000000e+05
1.012039687500000000e+05
1.012561015625000000e+05
1.009813281250000000e+05
1.009543437500000000e+05
1.007913828125000000e+05
1.006844140625000000e+05
1.003928593750000000e+05
1.002306718750000000e+05
9.999917187500000000e+04
9.979110156250000000e+04
9.967685156250000000e+04
9.957978125000000000e+04
9.943135156250000000e+04
9.929143750000000000e+04
9.906906250000000000e+04
9.900454687500000000e+04
9.875572656250000000e+04
9.855219531250000000e+04
9.858817187500000000e+04
9.896073437500000000e+04
9.952472656250000000e+04
1.001874843750000000e+05
1.006511718750000000e+05
1.008512734375000000e+05
1.006146718750000000e+05
1.001198593750000000e+05
9.968799218750000000e+04
9.985525781250000000e+04
1.002149375000000000e+05
1.005341953125000000e+05
1.005019843750000000e+05
1.005329921875000000e+05
1.002683515625000000e+05
9.990404687500000000e+04
9.946385156250000000e+04
9.918224218750000000e+04
9.904996875000000000e+04
9.869763281250000000e+04
9.860987500000000000e+04
9.892609375000000000e+04
9.919590625000000000e+04
9.913679687500000000e+04
9.893454687500000000e+04
9.895025781250000000e+04
9.867577343750000000e+04
9.842233593750000000e+04
9.819239843750000000e+04
9.805909375000000000e+04
9.797828125000000000e+04
9.802785156250000000e+04
9.840200000000000000e+04
9.859507031250000000e+04
9.834425781250000000e+04
9.791740625000000000e+04
9.774861718750000000e+04
9.796797656250000000e+04
9.812832812500000000e+04
9.851042187500000000e+04
9.828557812500000000e+04
9.717565625000000000e+04
9.633379687500000000e+04
9.648268750000000000e+04
9.705919531250000000e+04
9.751104687500000000e+04
9.743164843750000000e+04
9.624659375000000000e+04
9.556880468750000000e+04
9.571510156250000000e+04
9.623370312500000000e+04
9.640340625000000000e+04
9.643968750000000000e+04
9.685377343750000000e+04
9.742430468750000000e+04
9.806077343750000000e+04
9.842616406250000000e+04
9.838289843750000000e+04
9.789481250000000000e+04
9.752705468750000000e+04
9.747060156250000000e+04
9.760412500000000000e+04
9.761707031250000000e+04
9.770942968750000000e+04
9.764321875000000000e+04
9.788249218750000000e+04
9.807687500000000000e+04
9.842128906250000000e+04
9.854174218750000000e+04
9.871759375000000000e+04
9.871103125000000000e+04
9.852611718750000000e+04
9.809382812500000000e+04
9.774764843750000000e+04
9.751776562500000000e+04
9.751030468750000000e+04
9.736502343750000000e+04
9.739458593750000000e+04
9.722794531250000000e+04
9.714942968750000000e+04
9.687175781250000000e+04
9.681445312500000000e+04
9.694329687500000000e+04
9.733729687500000000e+04
9.774752343750000000e+04
9.808109375000000000e+04
9.813714843750000000e+04
9.816967187500000000e+04
9.790332812500000000e+04
9.795222656250000000e+04
9.796595312500000000e+04
9.783391406250000000e+04
9.773280468750000000e+04
9.795724218750000000e+04
9.813192187500000000e+04
9.828421093750000000e+04
9.826111718750000000e+04
9.809142968750000000e+04
9.758621875000000000e+04
9.706137500000000000e+04
9.669120312500000000e+04
9.656049218750000000e+04
9.667946875000000000e+04
9.671471093750000000e+04
9.655038281250000000e+04
9.593842187500000000e+04
9.517657031250000000e+04
9.524717187500000000e+04
9.565946875000000000e+04
9.583811718750000000e+04
9.586688281250000000e+04
9.583281250000000000e+04
9.578889843750000000e+04
9.588316406250000000e+04
9.598612500000000000e+04
9.598093750000000000e+04
9.565573437500000000e+04
9.545386718750000000e+04
9.540356250000000000e+04
9.543759375000000000e+04
9.542739843750000000e+04
9.487752343750000000e+04
9.460973437500000000e+04
9.461363281250000000e+04
9.480200000000000000e+04
9.485221093750000000e+04
9.483767187500000000e+04
9.476187500000000000e+04
9.495272656250000000e+04
9.536033593750000000e+04
9.579971093750000000e+04
9.601167187500000000e+04
9.626260156250000000e+04
9.640482812500000000e+04
9.641750000000000000e+04
9.640721093750000000e+04
9.646661718750000000e+04
9.656000000000000000e+04
9.673431250000000000e+04
9.685255468750000000e+04
9.704672656250000000e+04
9.710798437500000000e+04
9.707942187500000000e+04
9.680595312500000000e+04
9.620671093750000000e+04
9.599308593750000000e+04
9.617216406250000000e+04
9.634040625000000000e+04
9.619335156250000000e+04
9.612933593750000000e+04
9.656275781250000000e+04
9.706962500000000000e+04
9.730526562500000000e+04
9.729403125000000000e+04
9.626397656250000000e+04
9.503525781250000000e+04
9.450241406250000000e+04
9.478709375000000000e+04
9.513635937500000000e+04
9.573950000000000000e+04
9.636824218750000000e+04
9.656705468750000000e+04
9.631270312500000000e+04
9.622467187500000000e+04
9.668037500000000000e+04
9.716177343750000000e+04
9.744997656250000000e+04
9.761285937500000000e+04
9.724053125000000000e+04
9.682197656250000000e+04
9.670373437500000000e+04
9.650601562500000000e+04
9.632895312500000000e+04
9.645471093750000000e+04
9.665892968750000000e+04
9.689035156250000000e+04
9.706540625000000000e+04
9.728793750000000000e+04
9.738154687500000000e+04
9.753342968750000000e+04
9.767671093750000000e+04
9.760892187500000000e+04
9.742365625000000000e+04
9.681900000000000000e+04
9.603057812500000000e+04
9.624359375000000000e+04
9.663078125000000000e+04
9.721458593750000000e+04
9.805482812500000000e+04
9.882154687500000000e+04
9.917842968750000000e+04
9.940207812500000000e+04
9.902342968750000000e+04
9.840800781250000000e+04
9.774627343750000000e+04
9.725113281250000000e+04
9.706535156250000000e+04
9.699944531250000000e+04
9.673208593750000000e+04
9.651628125000000000e+04
9.635980468750000000e+04
9.634499218750000000e+04
9.587151562500000000e+04
9.516628125000000000e+04
9.525524218750000000e+04
9.583702343750000000e+04
9.651722656250000000e+04
9.720328906250000000e+04
9.804245312500000000e+04
9.857349218750000000e+04
9.826529687500000000e+04
9.809849218750000000e+04
9.732342187500000000e+04
9.678055468750000000e+04
9.609432812500000000e+04
9.561370312500000000e+04
9.713314843750000000e+04
9.871585156250000000e+04
9.923133593750000000e+04
9.847214062500000000e+04
9.693814062500000000e+04
9.621314062500000000e+04
9.596656250000000000e+04
9.585990625000000000e+04
9.627766406250000000e+04
9.720967187500000000e+04
9.765451562500000000e+04
9.614465625000000000e+04
9.533142968750000000e+04
9.645062500000000000e+04
9.789698437500000000e+04
9.873996875000000000e+04
9.916416406250000000e+04
9.906508593750000000e+04
9.894840625000000000e+04
9.889880468750000000e+04
9.875413281250000000e+04
9.843146875000000000e+04
9.777354687500000000e+04
9.732201562500000000e+04
9.691008593750000000e+04
9.652342187500000000e+04
9.617521093750000000e+04
9.608137500000000000e+04
9.624968750000000000e+04
9.673128906250000000e+04
9.677942187500000000e+04
9.701208593750000000e+04
9.779085937500000000e+04
9.835247656250000000e+04
9.851685937500000000e+04
9.844679687500000000e+04
9.807192187500000000e+04
9.780358593750000000e+04
9.747674218750000000e+04
9.757301562500000000e+04
9.769422656250000000e+04
9.796254687500000000e+04
9.792954687500000000e+04
9.778146875000000000e+04
9.745741406250000000e+04
9.742043750000000000e+04
9.779779687500000000e+04
9.826994531250000000e+04
9.872291406250000000e+04
9.925105468750000000e+04
9.956208593750000000e+04
9.981508593750000000e+04
9.988721093750000000e+04
9.997914843750000000e+04
9.992454687500000000e+04
1.000109687500000000e+05
9.990289843750000000e+04
9.980254687500000000e+04
9.935983593750000000e+04
9.861647656250000000e+04
9.717188281250000000e+04
9.563080468750000000e+04
9.475035156250000000e+04
9.458811718750000000e+04
9.468413281250000000e+04
9.522456250000000000e+04
9.564342187500000000e+04
9.587150781250000000e+04
9.607792187500000000e+04
9.662428906250000000e+04
9.724052343750000000e+04
9.755878906250000000e+04
9.796478125000000000e+04
9.857405468750000000e+04
9.880476562500000000e+04
9.850170312500000000e+04
9.849436718750000000e+04
9.843250000000000000e+04
9.732308593750000000e+04
9.724590625000000000e+04
9.784978906250000000e+04
9.772927343750000000e+04
9.758676562500000000e+04
9.730310156250000000e+04
9.713093750000000000e+04
9.719221093750000000e+04
9.738807031250000000e+04
9.675914062500000000e+04
9.642273437500000000e+04
9.615999218750000000e+04
9.581443750000000000e+04
9.634122656250000000e+04
9.721171093750000000e+04
9.730176562500000000e+04
9.758214062500000000e+04
9.806862500000000000e+04
9.840746875000000000e+04
9.866243750000000000e+04
9.879294531250000000e+04
9.859687500000000000e+04
9.833057812500000000e+04
9.834116406250000000e+04
9.803033593750000000e+04
9.757302343750000000e+04
9.740738281250000000e+04
9.740593750000000000e+04
9.737821093750000000e+04
9.731515625000000000e+04
9.747235937500000000e+04
9.760183593750000000e+04
9.766168750000000000e+04
9.780215625000000000e+04
9.799197656250000000e+04
9.802135937500000000e+04
9.800312500000000000e+04
9.797911718750000000e+04
9.795303125000000000e+04
9.790932812500000000e+04
9.784528906250000000e+04
9.780179687500000000e+04
9.788108593750000000e+04
9.810793750000000000e+04
9.836519531250000000e+04
9.886665625000000000e+04
9.902753125000000000e+04
9.903735937500000000e+04
9.854512500000000000e+04
9.839097656250000000e+04
9.901899218750000000e+04
9.939692187500000000e+04
9.895502343750000000e+04
9.863614843750000000e+04
9.846827343750000000e+04
9.813624218750000000e+04
9.755844531250000000e+04
9.731289843750000000e+04
9.753436718750000000e+04
9.861491406250000000e+04
9.916102343750000000e+04
9.940426562500000000e+04
9.947439843750000000e+04
9.959108593750000000e+04
9.942469531250000000e+04
9.896793750000000000e+04
9.799750000000000000e+04
9.751187500000000000e+04
9.753224218750000000e+04
9.728206250000000000e+04
9.714997656250000000e+04
9.713498437500000000e+04
9.703020312500000000e+04
9.705526562500000000e+04
9.700242968750000000e+04
9.706045312500000000e+04
9.711795312500000000e+04
9.708401562500000000e+04
9.693350000000000000e+04
9.662515625000000000e+04
9.627167187500000000e+04
9.603440625000000000e+04
9.631199218750000000e+04
9.686660156250000000e+04
9.726246875000000000e+04
9.746310156250000000e+04
9.721042968750000000e+04
9.678623437500000000e+04
9.662679687500000000e+04
9.665643750000000000e+04
9.681599218750000000e+04
9.731156250000000000e+04
9.805598437500000000e+04
9.869165625000000000e+04
9.850240625000000000e+04
9.758875781250000000e+04
9.647131250000000000e+04
9.651245312500000000e+04
9.654547656250000000e+04
9.661502343750000000e+04
9.688040625000000000e+04
9.737958593750000000e+04
9.781603125000000000e+04
9.781917187500000000e+04
9.754310156250000000e+04
9.707376562500000000e+04
9.636087500000000000e+04
9.601692968750000000e+04
9.615905468750000000e+04
9.635253125000000000e+04
9.625653125000000000e+04
9.593821093750000000e+04
9.537541406250000000e+04
9.459568750000000000e+04
9.479142187500000000e+04
9.511347656250000000e+04
9.543598437500000000e+04
9.581155468750000000e+04
9.592050000000000000e+04
9.580544531250000000e+04
9.565523437500000000e+04
9.538405468750000000e+04
9.526074218750000000e+04
9.545850000000000000e+04
9.587746875000000000e+04
9.587194531250000000e+04
9.572765625000000000e+04
9.598017187500000000e+04
9.634218750000000000e+04
9.640453125000000000e+04
9.592625781250000000e+04
9.549988281250000000e+04
9.523867187500000000e+04
9.502184375000000000e+04
9.502037500000000000e+04
9.509037500000000000e+04
9.517397656250000000e+04
9.534783593750000000e+04
9.552171875000000000e+04
9.582480468750000000e+04
9.587556250000000000e+04
9.583119531250000000e+04
9.536861718750000000e+04
9.491630468750000000e+04
9.511955468750000000e+04
9.581802343750000000e+04
9.639625781250000000e+04
9.682987500000000000e+04
9.676073437500000000e+04
9.611510156250000000e+04
9.567514843750000000e+04
9.564046875000000000e+04
9.590374218750000000e+04
9.612035937500000000e+04
9.642454687500000000e+04
9.692209375000000000e+04
9.708099218750000000e+04
9.704014062500000000e+04
9.732000781250000000e+04
9.792296875000000000e+04
9.831492968750000000e+04
9.906185937500000000e+04
9.966744531250000000e+04
1.000404140625000000e+05
1.001726015625000000e+05
1.002348828125000000e+05
1.003144687500000000e+05
1.002444140625000000e+05
1.001294687500000000e+05
9.992524218750000000e+04
9.959210156250000000e+04
9.921414843750000000e+04
9.894394531250000000e+04
9.850258593750000000e+04
9.810618750000000000e+04
9.784014843750000000e+04
9.773919531250000000e+04
9.768352343750000000e+04
9.748573437500000000e+04
9.722563281250000000e+04
9.690287500000000000e+04
9.668250000000000000e+04
9.665707031250000000e+04
9.648982812500000000e+04
9.640177343750000000e+04
9.632305468750000000e+04
9.629502343750000000e+04
9.624061718750000000e+04
9.628358593750000000e+04
9.628986718750000000e+04
9.634763281250000000e+04
9.639871875000000000e+04
9.649618750000000000e+04
9.664198437500000000e+04
9.701376562500000000e+04
9.734025781250000000e+04
9.763455468750000000e+04
9.775102343750000000e+04
9.767377343750000000e+04
9.740412500000000000e+04
9.713702343750000000e+04
9.697436718750000000e+04
9.677364843750000000e+04
9.657123437500000000e+04
9.634219531250000000e+04
9.612217187500000000e+04
9.604373437500000000e+04
9.600900781250000000e+04
9.623182812500000000e+04
9.643692187500000000e+04
9.665508593750000000e+04
9.673946875000000000e+04
9.663002343750000000e+04
9.649742968750000000e+04
9.655659375000000000e+04
9.665764062500000000e+04
9.684668750000000000e+04
9.684935937500000000e+04
9.660067187500000000e+04
9.636750000000000000e+04
9.609135937500000000e+04
9.598765625000000000e+04
9.585897656250000000e+04
9.570674218750000000e+04
9.558359375000000000e+04
9.559486718750000000e+04
9.572889843750000000e+04
9.579731250000000000e+04
9.589656250000000000e+04
9.603467187500000000e+04
9.612882812500000000e+04
9.616071093750000000e+04
9.614071093750000000e+04
9.622464062500000000e+04
9.642887500000000000e+04
9.658421875000000000e+04
9.665071875000000000e+04
9.677649218750000000e+04
9.696745312500000000e+04
9.721327343750000000e+04
9.732827343750000000e+04
9.728950781250000000e+04
9.712376562500000000e+04
9.691705468750000000e+04
9.664142187500000000e+04
9.644072656250000000e+04
9.637341406250000000e+04
9.628393750000000000e+04
9.621415625000000000e+04
9.616226562500000000e+04
9.622113281250000000e+04
9.628677343750000000e+04
9.648894531250000000e+04
9.668278906250000000e+04
9.696607812500000000e+04
9.713269531250000000e+04
9.735871093750000000e+04
9.745128906250000000e+04
9.745722656250000000e+04
9.725524218750000000e+04
9.687214062500000000e+04
9.658572656250000000e+04
9.643175781250000000e+04
9.617877343750000000e+04
9.587456250000000000e+04
9.577070312500000000e+04
9.596236718750000000e+04
9.631490625000000000e+04
9.672236718750000000e+04
9.696442187500000000e+04
9.720355468750000000e+04
9.739579687500000000e+04
9.745599218750000000e+04
9.756997656250000000e+04
9.769187500000000000e+04
9.783153125000000000e+04
9.790253125000000000e+04
9.803802343750000000e+04
9.803408593750000000e+04
9.804443750000000000e+04
9.798800000000000000e+04
9.807206250000000000e+04
9.828835937500000000e+04
9.858846875000000000e+04
9.879615625000000000e+04
9.903644531250000000e+04
9.911379687500000000e+04
9.919343750000000000e+04
9.904225781250000000e+04
9.885182812500000000e+04
9.834694531250000000e+04
9.804368750000000000e+04
9.777492187500000000e+04
9.760546875000000000e+04
9.760224218750000000e+04
9.779963281250000000e+04
9.793542968750000000e+04
9.785048437500000000e+04
9.758868750000000000e+04
9.742149218750000000e+04
9.734617187500000000e+04
9.730635937500000000e+04
9.735033593750000000e+04
9.748548437500000000e+04
9.764901562500000000e+04
9.775925781250000000e+04
9.766403125000000000e+04
9.750571093750000000e+04
9.731776562500000000e+04
9.718065625000000000e+04
9.708398437500000000e+04
9.710797656250000000e+04
9.721111718750000000e+04
9.733264843750000000e+04
9.754667187500000000e+04
9.764421875000000000e+04
9.772500000000000000e+04
9.775539843750000000e+04
9.780130468750000000e+04
9.781092187500000000e+04
9.775221093750000000e+04
9.765817187500000000e+04
9.728077343750000000e+04
9.699996875000000000e+04
9.710766406250000000e+04
9.740295312500000000e+04
9.761000781250000000e+04
9.786575781250000000e+04
9.797955468750000000e+04
9.805198437500000000e+04
9.804855468750000000e+04
9.784721875000000000e+04
9.761036718750000000e+04
9.739772656250000000e+04
9.726130468750000000e+04
9.714122656250000000e+04
9.705991406250000000e+04
9.700928125000000000e+04
9.706746875000000000e+04
9.713877343750000000e+04
9.708115625000000000e+04
9.717763281250000000e+04
9.737164843750000000e+04
9.756488281250000000e+04
9.767726562500000000e+04
9.790500781250000000e+04
9.809721875000000000e+04
9.813722656250000000e+04
9.808126562500000000e+04
9.793513281250000000e+04
9.781106250000000000e+04
9.775656250000000000e+04
9.765284375000000000e+04
9.777006250000000000e+04
9.783485156250000000e+04
9.789085937500000000e+04
9.777747656250000000e+04
9.781822656250000000e+04
9.782728125000000000e+04
9.793796875000000000e+04
9.798150781250000000e+04
9.814110156250000000e+04
9.815286718750000000e+04
9.831952343750000000e+04
9.834445312500000000e+04
9.849028125000000000e+04
9.838776562500000000e+04
9.800692968750000000e+04
9.742842968750000000e+04
9.682928906250000000e+04
9.630142968750000000e+04
9.613137500000000000e+04
9.577385937500000000e+04
9.567433593750000000e+04
9.611937500000000000e+04
9.635757031250000000e+04
9.597103125000000000e+04
9.575570312500000000e+04
9.547654687500000000e+04
9.561172656250000000e+04
9.634538281250000000e+04
9.679212500000000000e+04
9.675616406250000000e+04
9.712360156250000000e+04
9.744892968750000000e+04
9.767387500000000000e+04
9.768214843750000000e+04
9.775374218750000000e+04
9.771779687500000000e+04
9.776096875000000000e+04
9.778918750000000000e+04
9.785080468750000000e+04
9.779714062500000000e+04
9.784945312500000000e+04
9.787451562500000000e+04
9.798452343750000000e+04
9.808009375000000000e+04
9.824102343750000000e+04
9.849870312500000000e+04
9.875101562500000000e+04
9.900586718750000000e+04
9.921524218750000000e+04
9.933040625000000000e+04
9.944255468750000000e+04
9.945005468750000000e+04
9.946129687500000000e+04
9.933628906250000000e+04
9.918951562500000000e+04
9.896072656250000000e+04
9.881914062500000000e+04
9.847219531250000000e+04
9.833826562500000000e+04
9.814564843750000000e+04
9.813724218750000000e+04
9.804139843750000000e+04
9.804585156250000000e+04
9.791986718750000000e+04
9.801905468750000000e+04
9.819669531250000000e+04
9.851412500000000000e+04
9.889181250000000000e+04
9.920622656250000000e+04
9.931301562500000000e+04
9.935414062500000000e+04
9.920923437500000000e+04
9.913550781250000000e+04
9.884826562500000000e+04
9.870938281250000000e+04
9.842645312500000000e+04
9.834230468750000000e+04
9.820567187500000000e+04
9.819005468750000000e+04
9.813998437500000000e+04
9.813002343750000000e+04
9.798501562500000000e+04
9.792828906250000000e+04
9.798755468750000000e+04
9.816201562500000000e+04
9.828494531250000000e+04
9.851324218750000000e+04
9.858309375000000000e+04
9.854136718750000000e+04
9.812149218750000000e+04
9.767755468750000000e+04
9.723079687500000000e+04
9.705264843750000000e+04
9.709684375000000000e+04
9.728325781250000000e+04
9.749813281250000000e+04
9.771505468750000000e+04
9.795974218750000000e+04
