9.808357031250000000e+04
9.820939843750000000e+04
9.841284375000000000e+04
9.833838281250000000e+04
9.823703125000000000e+04
9.789601562500000000e+04
9.736371875000000000e+04
9.696066406250000000e+04
9.681464062500000000e+04
9.705024218750000000e+04
9.749131250000000000e+04
9.758683593750000000e+04
9.782407812500000000e+04
9.817750781250000000e+04
9.850208593750000000e+04
9.863008593750000000e+04
9.887773437500000000e+04
9.902276562500000000e+04
9.923436718750000000e+04
9.927611718750000000e+04
9.933369531250000000e+04
9.929805468750000000e+04
9.932260156250000000e+04
9.932332812500000000e+04
9.929131250000000000e+04
9.927866406250000000e+04
9.930275781250000000e+04
9.938182812500000000e+04
9.935385937500000000e+04
9.925587500000000000e+04
9.928385937500000000e+04
9.921550000000000000e+04
9.929857031250000000e+04
9.944063281250000000e+04
9.966600781250000000e+04
9.978010156250000000e+04
9.994921875000000000e+04
1.001817578125000000e+05
1.004458359375000000e+05
1.005605234375000000e+05
1.007111640625000000e+05
1.008027968750000000e+05
1.008305468750000000e+05
1.006546171875000000e+05
1.004717343750000000e+05
1.002447968750000000e+05
9.999749218750000000e+04
9.974475781250000000e+04
9.957874218750000000e+04
9.942250781250000000e+04
9.931954687500000000e+04
9.921657031250000000e+04
9.902579687500000000e+04
9.875915625000000000e+04
9.851257812500000000e+04
9.843540625000000000e+04
9.845153125000000000e+04
9.839544531250000000e+04
9.822657812500000000e+04
9.824460156250000000e+04
9.837536718750000000e+04
9.857284375000000000e+04
9.901454687500000000e+04
9.943915625000000000e+04
9.966734375000000000e+04
9.965794531250000000e+04
9.953380468750000000e+04
9.927185937500000000e+04
9.915299218750000000e+04
9.910538281250000000e+04
9.908260156250000000e+04
9.899699218750000000e+04
9.895465625000000000e+04
9.871736718750000000e+04
9.870864843750000000e+04
9.868081250000000000e+04
9.894024218750000000e+04
9.910714843750000000e+04
9.933569531250000000e+04
9.950450000000000000e+04
9.955947656250000000e+04
9.936417187500000000e+04
9.930242187500000000e+04
9.900492968750000000e+04
9.877081250000000000e+04
9.846964062500000000e+04
9.856540625000000000e+04
9.872642968750000000e+04
9.891650781250000000e+04
9.901581250000000000e+04
9.919235156250000000e+04
9.934486718750000000e+04
9.945186718750000000e+04
9.938477343750000000e+04
9.940022656250000000e+04
9.944967187500000000e+04
9.945358593750000000e+04
9.931664062500000000e+04
9.934904687500000000e+04
9.935972656250000000e+04
9.934414843750000000e+04
9.938599218750000000e+04
9.942497656250000000e+04
9.937564062500000000e+04
9.918764843750000000e+04
9.899075781250000000e+04
9.883356250000000000e+04
9.882245312500000000e+04
9.884469531250000000e+04
9.870109375000000000e+04
9.874368750000000000e+04
9.879506250000000000e+04
9.877385156250000000e+04
9.864501562500000000e+04
9.867204687500000000e+04
9.866557031250000000e+04
9.862746875000000000e+04
9.855701562500000000e+04
9.864770312500000000e+04
9.885837500000000000e+04
9.916074218750000000e+04
9.944773437500000000e+04
9.962307812500000000e+04
9.977017187500000000e+04
9.981569531250000000e+04
9.981152343750000000e+04
9.981305468750000000e+04
9.984111718750000000e+04
9.992135937500000000e+04
9.985846875000000000e+04
9.996796875000000000e+04
1.000795937500000000e+05
1.001225625000000000e+05
1.000027187500000000e+05
9.995969531250000000e+04
9.999181250000000000e+04
1.000211484375000000e+05
9.998146875000000000e+04
1.000645234375000000e+05
1.000309218750000000e+05
1.000294218750000000e+05
9.998034375000000000e+04
9.998984375000000000e+04
9.992264843750000000e+04
9.992943750000000000e+04
9.998725781250000000e+04
1.000214687500000000e+05
1.000416328125000000e+05
1.000390078125000000e+05
9.994971875000000000e+04
9.992880468750000000e+04
1.000562187500000000e+05
1.001406484375000000e+05
1.001841562500000000e+05
1.002198750000000000e+05
9.996956250000000000e+04
9.978100000000000000e+04
9.964608593750000000e+04
9.953234375000000000e+04
9.942120312500000000e+04
9.942023437500000000e+04
9.931165625000000000e+04
9.909878125000000000e+04
9.846636718750000000e+04
9.758474218750000000e+04
9.696742968750000000e+04
9.712976562500000000e+04
9.771137500000000000e+04
9.817103125000000000e+04
9.846802343750000000e+04
9.848159375000000000e+04
9.840830468750000000e+04
9.833314062500000000e+04
9.814629687500000000e+04
9.803529687500000000e+04
9.781528125000000000e+04
9.767221093750000000e+04
9.775916406250000000e+04
9.796136718750000000e+04
9.809970312500000000e+04
9.815241406250000000e+04
9.797742968750000000e+04
9.784078125000000000e+04
9.789252343750000000e+04
9.800214843750000000e+04
9.824045312500000000e+04
9.835649218750000000e+04
9.842421875000000000e+04
9.841372656250000000e+04
9.838257812500000000e+04
9.829271093750000000e+04
9.828071875000000000e+04
9.838569531250000000e+04
9.856585156250000000e+04
9.860041406250000000e+04
9.863149218750000000e+04
9.859017187500000000e+04
9.860689843750000000e+04
9.864043750000000000e+04
9.862733593750000000e+04
9.869198437500000000e+04
9.887844531250000000e+04
9.903046875000000000e+04
9.922656250000000000e+04
9.936017187500000000e+04
9.954158593750000000e+04
9.981162500000000000e+04
1.000427187500000000e+05
1.002430312500000000e+05
1.003340625000000000e+05
1.004213671875000000e+05
1.003916484375000000e+05
1.003471640625000000e+05
1.002335000000000000e+05
1.002016015625000000e+05
1.002036640625000000e+05
1.002156250000000000e+05
1.001900546875000000e+05
1.002738828125000000e+05
1.002836250000000000e+05
1.004005312500000000e+05
1.004098828125000000e+05
1.005052890625000000e+05
1.004816250000000000e+05
1.005383671875000000e+05
1.003635703125000000e+05
1.003207187500000000e+05
1.006045546875000000e+05
1.008804453125000000e+05
1.009664296875000000e+05
1.009914687500000000e+05
1.009324375000000000e+05
1.008620859375000000e+05
1.005728671875000000e+05
1.000049765625000000e+05
9.945943750000000000e+04
9.947928906250000000e+04
9.979734375000000000e+04
1.000773671875000000e+05
1.002012031250000000e+05
1.000767343750000000e+05
9.978705468750000000e+04
9.943707812500000000e+04
9.936725781250000000e+04
9.947778125000000000e+04
9.961803125000000000e+04
9.973530468750000000e+04
9.977243750000000000e+04
9.977861718750000000e+04
9.964439843750000000e+04
9.939214062500000000e+04
9.926133593750000000e+04
9.909349218750000000e+04
9.913307812500000000e+04
9.921835156250000000e+04
9.921144531250000000e+04
9.917371875000000000e+04
9.907639843750000000e+04
9.877342187500000000e+04
9.860263281250000000e+04
9.850291406250000000e+04
9.854738281250000000e+04
9.857122656250000000e+04
9.851847656250000000e+04
9.851171093750000000e+04
9.864382812500000000e+04
9.874512500000000000e+04
9.879884375000000000e+04
9.897129687500000000e+04
9.916569531250000000e+04
9.933952343750000000e+04
9.944319531250000000e+04
9.940113281250000000e+04
9.935651562500000000e+04
9.923517187500000000e+04
9.914299218750000000e+04
9.906047656250000000e+04
9.892938281250000000e+04
9.890442968750000000e+04
9.884921875000000000e+04
9.891178906250000000e+04
9.892289843750000000e+04
9.873601562500000000e+04
9.836094531250000000e+04
9.846948437500000000e+04
9.883357031250000000e+04
9.910000000000000000e+04
9.961814843750000000e+04
9.983878125000000000e+04
9.960593750000000000e+04
9.884604687500000000e+04
9.844155468750000000e+04
9.848578906250000000e+04
9.851357031250000000e+04
9.791419531250000000e+04
9.704000781250000000e+04
9.634484375000000000e+04
9.576000781250000000e+04
9.590301562500000000e+04
9.644174218750000000e+04
9.718673437500000000e+04
9.797601562500000000e+04
9.873566406250000000e+04
9.968524218750000000e+04
1.001822265625000000e+05
1.001166171875000000e+05
9.970135156250000000e+04
9.920068750000000000e+04
9.931971875000000000e+04
9.958119531250000000e+04
9.938797656250000000e+04
9.931824218750000000e+04
9.936241406250000000e+04
9.915900781250000000e+04
9.895842187500000000e+04
9.890759375000000000e+04
9.874792187500000000e+04
9.875010156250000000e+04
9.869586718750000000e+04
9.870660156250000000e+04
9.867114062500000000e+04
9.859171093750000000e+04
9.858731250000000000e+04
9.869805468750000000e+04
9.884263281250000000e+04
9.863122656250000000e+04
9.841186718750000000e+04
9.865518750000000000e+04
9.876793750000000000e+04
9.887719531250000000e+04
9.872722656250000000e+04
9.842707812500000000e+04
9.817585156250000000e+04
9.822021875000000000e+04
9.844938281250000000e+04
9.858313281250000000e+04
9.856348437500000000e+04
9.855271875000000000e+04
9.844639843750000000e+04
9.837842187500000000e+04
9.834557812500000000e+04
9.841565625000000000e+04
9.847285156250000000e+04
9.853422656250000000e+04
9.840124218750000000e+04
9.814761718750000000e+04
9.808856250000000000e+04
9.805514062500000000e+04
9.815805468750000000e+04
9.805102343750000000e+04
9.836800000000000000e+04
9.863744531250000000e+04
9.876365625000000000e+04
9.862199218750000000e+04
9.830671093750000000e+04
9.778747656250000000e+04
9.751834375000000000e+04
9.739827343750000000e+04
9.741837500000000000e+04
9.757052343750000000e+04
9.790444531250000000e+04
9.785043750000000000e+04
9.741474218750000000e+04
9.654214843750000000e+04
9.567954687500000000e+04
9.532580468750000000e+04
9.543482812500000000e+04
9.599826562500000000e+04
9.691292968750000000e+04
9.776324218750000000e+04
9.836537500000000000e+04
9.879848437500000000e+04
9.917962500000000000e+04
9.944600781250000000e+04
9.969492187500000000e+04
9.996173437500000000e+04
1.001798359375000000e+05
1.001300312500000000e+05
1.002288828125000000e+05
1.006001171875000000e+05
1.009609765625000000e+05
1.011350234375000000e+05
1.012688515625000000e+05
1.014053281250000000e+05
1.015967031250000000e+05
1.017702656250000000e+05
1.018885859375000000e+05
1.019993281250000000e+05
1.020247578125000000e+05
1.019102890625000000e+05
1.017272968750000000e+05
1.016152578125000000e+05
1.013928437500000000e+05
1.010892031250000000e+05
1.005799296875000000e+05
1.003336328125000000e+05
1.004537656250000000e+05
1.005863515625000000e+05
1.005715625000000000e+05
1.007483828125000000e+05
1.009299765625000000e+05
1.011103593750000000e+05
1.011904843750000000e+05
1.012301406250000000e+05
1.012482343750000000e+05
1.012624375000000000e+05
1.011756171875000000e+05
1.010985859375000000e+05
1.011430781250000000e+05
1.011011484375000000e+05
1.010450781250000000e+05
1.009005546875000000e+05
1.008543515625000000e+05
1.007940781250000000e+05
1.010811015625000000e+05
1.015348828125000000e+05
1.017833437500000000e+05
1.018884453125000000e+05
1.018350703125000000e+05
1.016720703125000000e+05
1.015165234375000000e+05
1.013869921875000000e+05
1.012040156250000000e+05
1.009698750000000000e+05
1.007263828125000000e+05
1.005797109375000000e+05
1.002914218750000000e+05
9.995216406250000000e+04
9.961728125000000000e+04
9.925449218750000000e+04
9.891530468750000000e+04
9.874743750000000000e+04
9.864609375000000000e+04
9.870528906250000000e+04
9.871415625000000000e+04
9.905009375000000000e+04
9.936493750000000000e+04
9.986294531250000000e+04
1.002136406250000000e+05
1.005744687500000000e+05
1.007665937500000000e+05
1.007945859375000000e+05
1.006283984375000000e+05
1.004155468750000000e+05
1.003912265625000000e+05
1.005980546875000000e+05
1.007230234375000000e+05
1.007992812500000000e+05
1.008191875000000000e+05
1.006344218750000000e+05
1.002960703125000000e+05
9.984452343750000000e+04
9.948837500000000000e+04
9.915121875000000000e+04
9.889622656250000000e+04
9.883800000000000000e+04
9.889647656250000000e+04
9.867172656250000000e+04
9.844759375000000000e+04
9.849653125000000000e+04
9.861198437500000000e+04
9.874351562500000000e+04
9.901044531250000000e+04
9.921387500000000000e+04
9.934394531250000000e+04
9.934354687500000000e+04
9.910276562500000000e+04
9.875162500000000000e+04
9.841981250000000000e+04
9.834847656250000000e+04
9.833728906250000000e+04
9.839434375000000000e+04
9.804452343750000000e+04
9.757102343750000000e+04
9.695773437500000000e+04
9.674014062500000000e+04
9.662665625000000000e+04
9.692428906250000000e+04
9.710648437500000000e+04
9.732692968750000000e+04
9.747758593750000000e+04
9.733142187500000000e+04
9.738956250000000000e+04
9.734095312500000000e+04
9.748260156250000000e+04
9.753024218750000000e+04
9.773558593750000000e+04
9.796325781250000000e+04
9.817432812500000000e+04
9.830301562500000000e+04
9.851564843750000000e+04
9.873968750000000000e+04
9.897098437500000000e+04
9.915761718750000000e+04
9.918847656250000000e+04
9.929303125000000000e+04
9.936935937500000000e+04
9.949509375000000000e+04
9.958589843750000000e+04
9.972318750000000000e+04
9.983363281250000000e+04
9.993890625000000000e+04
9.988237500000000000e+04
9.993450781250000000e+04
9.996324218750000000e+04
9.990198437500000000e+04
9.993102343750000000e+04
1.000746406250000000e+05
1.000557031250000000e+05
1.000244062500000000e+05
9.992045312500000000e+04
9.987935156250000000e+04
9.992732812500000000e+04
9.992517187500000000e+04
9.994840625000000000e+04
9.997376562500000000e+04
9.988656250000000000e+04
9.989350000000000000e+04
9.972403125000000000e+04
9.944369531250000000e+04
9.926090625000000000e+04
9.903186718750000000e+04
9.894450781250000000e+04
9.877502343750000000e+04
9.861492187500000000e+04
9.846642187500000000e+04
9.830060156250000000e+04
9.816121875000000000e+04
9.828484375000000000e+04
9.845680468750000000e+04
9.847595312500000000e+04
9.868285156250000000e+04
9.903224218750000000e+04
9.964804687500000000e+04
1.000432265625000000e+05
1.005465859375000000e+05
1.007218984375000000e+05
1.008247890625000000e+05
1.007054687500000000e+05
1.005197265625000000e+05
1.003850781250000000e+05
1.003167812500000000e+05
1.001902656250000000e+05
1.000807734375000000e+05
9.989907812500000000e+04
9.979291406250000000e+04
9.965790625000000000e+04
9.971830468750000000e+04
9.960350781250000000e+04
9.946379687500000000e+04
9.923979687500000000e+04
9.920415625000000000e+04
9.898524218750000000e+04
9.870912500000000000e+04
9.843648437500000000e+04
9.824328906250000000e+04
9.812076562500000000e+04
9.809418750000000000e+04
9.809847656250000000e+04
9.801228125000000000e+04
9.801992968750000000e+04
9.803809375000000000e+04
9.804500781250000000e+04
9.809801562500000000e+04
9.808807812500000000e+04
9.799041406250000000e+04
9.787178125000000000e+04
9.808166406250000000e+04
9.828994531250000000e+04
9.859406250000000000e+04
9.905859375000000000e+04
9.975359375000000000e+04
1.003274921875000000e+05
1.008547890625000000e+05
1.011731328125000000e+05
1.012869296875000000e+05
1.013980781250000000e+05
1.014460546875000000e+05
1.013504765625000000e+05
1.011543984375000000e+05
1.007729375000000000e+05
1.008775312500000000e+05
1.009775078125000000e+05
1.010204218750000000e+05
1.009333750000000000e+05
1.007488593750000000e+05
1.006406015625000000e+05
1.005903281250000000e+05
1.006060078125000000e+05
1.007186250000000000e+05
1.005214453125000000e+05
1.000906328125000000e+05
9.964432812500000000e+04
9.948428125000000000e+04
9.904024218750000000e+04
9.881259375000000000e+04
9.901634375000000000e+04
9.915538281250000000e+04
9.923330468750000000e+04
9.915902343750000000e+04
9.947742968750000000e+04
9.981457031250000000e+04
9.972064062500000000e+04
9.947684375000000000e+04
9.911031250000000000e+04
9.900470312500000000e+04
9.922482812500000000e+04
9.987394531250000000e+04
1.003699765625000000e+05
9.996073437500000000e+04
9.959870312500000000e+04
9.936393750000000000e+04
9.913715625000000000e+04
9.932506250000000000e+04
1.000075000000000000e+05
1.003932812500000000e+05
1.004666953125000000e+05
1.001536562500000000e+05
9.976396875000000000e+04
9.934441406250000000e+04
9.889889843750000000e+04
9.783925781250000000e+04
9.754305468750000000e+04
9.786396875000000000e+04
9.809823437500000000e+04
9.800402343750000000e+04
9.796203125000000000e+04
9.815771093750000000e+04
9.840235937500000000e+04
9.870777343750000000e+04
9.888066406250000000e+04
9.892099218750000000e+04
9.904357812500000000e+04
9.900900000000000000e+04
9.862791406250000000e+04
9.796726562500000000e+04
9.730255468750000000e+04
9.690218750000000000e+04
9.652867187500000000e+04
9.635391406250000000e+04
9.624470312500000000e+04
9.660643750000000000e+04
9.709249218750000000e+04
9.754945312500000000e+04
9.777383593750000000e+04
9.788442968750000000e+04
9.787012500000000000e+04
9.844169531250000000e+04
9.863331250000000000e+04
9.887534375000000000e+04
9.917191406250000000e+04
9.902863281250000000e+04
9.838321875000000000e+04
9.794322656250000000e+04
9.762648437500000000e+04
9.756021093750000000e+04
9.757041406250000000e+04
9.777078125000000000e+04
9.794549218750000000e+04
9.789403125000000000e+04
9.801700781250000000e+04
9.819123437500000000e+04
9.826520312500000000e+04
9.820728906250000000e+04
9.815132812500000000e+04
9.799728906250000000e+04
9.785398437500000000e+04
9.749521093750000000e+04
9.712592968750000000e+04
9.661298437500000000e+04
9.618438281250000000e+04
9.619017187500000000e+04
9.635278125000000000e+04
9.678250781250000000e+04
9.699018750000000000e+04
9.726770312500000000e+04
9.749668750000000000e+04
9.762648437500000000e+04
9.746265625000000000e+04
9.700676562500000000e+04
9.649930468750000000e+04
9.633118750000000000e+04
9.613150781250000000e+04
9.613571875000000000e+04
9.633116406250000000e+04
9.662304687500000000e+04
9.670071093750000000e+04
9.681152343750000000e+04
9.693400000000000000e+04
9.719435937500000000e+04
9.741551562500000000e+04
9.762911718750000000e+04
9.792542187500000000e+04
9.810839843750000000e+04
9.793850781250000000e+04
9.740832812500000000e+04
9.744669531250000000e+04
9.772344531250000000e+04
9.789542968750000000e+04
9.780784375000000000e+04
9.792898437500000000e+04
9.832507031250000000e+04
9.897592187500000000e+04
9.948960156250000000e+04
9.996400781250000000e+04
1.002880000000000000e+05
1.005524062500000000e+05
1.005459296875000000e+05
1.004772187500000000e+05
1.002988828125000000e+05
1.000638359375000000e+05
9.969078125000000000e+04
9.970769531250000000e+04
1.001001640625000000e+05
1.000399296875000000e+05
9.990669531250000000e+04
9.997437500000000000e+04
1.000905078125000000e+05
9.999803125000000000e+04
9.990679687500000000e+04
1.001243671875000000e+05
1.004148515625000000e+05
1.005574531250000000e+05
1.007309843750000000e+05
1.007768984375000000e+05
1.006567890625000000e+05
1.005073359375000000e+05
1.001875625000000000e+05
1.000743515625000000e+05
9.999121093750000000e+04
9.990964062500000000e+04
9.975763281250000000e+04
9.973221093750000000e+04
9.964013281250000000e+04
9.955120312500000000e+04
9.956260156250000000e+04
9.948317187500000000e+04
9.951491406250000000e+04
9.938174218750000000e+04
9.926702343750000000e+04
9.906444531250000000e+04
9.884071875000000000e+04
9.856907812500000000e+04
9.845416406250000000e+04
9.832844531250000000e+04
9.813048437500000000e+04
9.802509375000000000e+04
9.816027343750000000e+04
9.836356250000000000e+04
9.852420312500000000e+04
9.875735937500000000e+04
9.891635937500000000e+04
9.921143750000000000e+04
9.943248437500000000e+04
9.952531250000000000e+04
9.938398437500000000e+04
9.935242187500000000e+04
9.933771875000000000e+04
9.941970312500000000e+04
9.940628125000000000e+04
9.985889843750000000e+04
1.002200078125000000e+05
1.006223046875000000e+05
1.006452890625000000e+05
1.008281406250000000e+05
1.010669921875000000e+05
1.011237734375000000e+05
1.009074296875000000e+05
1.006413046875000000e+05
1.004340000000000000e+05
1.002230859375000000e+05
9.987481250000000000e+04
9.936154687500000000e+04
9.911838281250000000e+04
9.958735156250000000e+04
1.001652734375000000e+05
1.002616640625000000e+05
9.967371093750000000e+04
9.864068750000000000e+04
9.777083593750000000e+04
9.727371093750000000e+04
9.709496875000000000e+04
9.732607812500000000e+04
9.794320312500000000e+04
9.868908593750000000e+04
9.919721875000000000e+04
9.919301562500000000e+04
9.909821093750000000e+04
9.914803125000000000e+04
9.914956250000000000e+04
9.900352343750000000e+04
9.895019531250000000e+04
9.902483593750000000e+04
9.924942187500000000e+04
9.925617187500000000e+04
9.946292968750000000e+04
9.985894531250000000e+04
1.001891328125000000e+05
1.004028437500000000e+05
1.003151640625000000e+05
1.005613984375000000e+05
1.009348437500000000e+05
1.010305156250000000e+05
1.010273515625000000e+05
1.011652656250000000e+05
1.013661640625000000e+05
1.013553984375000000e+05
1.012406015625000000e+05
1.009860625000000000e+05
1.006289687500000000e+05
1.001948359375000000e+05
9.994537500000000000e+04
9.966384375000000000e+04
9.946470312500000000e+04
9.942985937500000000e+04
9.948248437500000000e+04
9.971263281250000000e+04
1.001215000000000000e+05
1.002358437500000000e+05
1.002880703125000000e+05
1.006620468750000000e+05
1.012620156250000000e+05
1.016251953125000000e+05
1.017009531250000000e+05
1.018216562500000000e+05
1.020272578125000000e+05
1.021190078125000000e+05
1.021315781250000000e+05
1.022318671875000000e+05
1.022443515625000000e+05
1.022310859375000000e+05
1.022180859375000000e+05
1.022159453125000000e+05
1.022890546875000000e+05
1.022547734375000000e+05
1.021386406250000000e+05
1.021619921875000000e+05
1.020508750000000000e+05
1.019915546875000000e+05
1.019621015625000000e+05
1.019039140625000000e+05
1.017514375000000000e+05
1.015353125000000000e+05
1.011624375000000000e+05
1.008872109375000000e+05
1.005095078125000000e+05
1.002963125000000000e+05
1.000800078125000000e+05
9.985616406250000000e+04
9.949478125000000000e+04
9.914777343750000000e+04
9.921743750000000000e+04
9.919824218750000000e+04
9.899551562500000000e+04
9.877905468750000000e+04
9.885256250000000000e+04
9.895365625000000000e+04
9.917418750000000000e+04
9.934651562500000000e+04
9.947310156250000000e+04
9.965221875000000000e+04
9.982910156250000000e+04
9.982120312500000000e+04
9.977535156250000000e+04
9.972470312500000000e+04
9.970365625000000000e+04
9.966290625000000000e+04
9.947430468750000000e+04
9.941356250000000000e+04
9.938959375000000000e+04
9.922119531250000000e+04
9.917229687500000000e+04
9.952045312500000000e+04
9.996437500000000000e+04
1.001359531250000000e+05
1.003376640625000000e+05
1.003030703125000000e+05
1.002613359375000000e+05
1.000997890625000000e+05
9.993464843750000000e+04
9.986608593750000000e+04
9.975835937500000000e+04
9.967864062500000000e+04
9.949558593750000000e+04
9.949193750000000000e+04
9.954685156250000000e+04
9.948560156250000000e+04
9.943640625000000000e+04
9.907299218750000000e+04
9.872343750000000000e+04
9.832595312500000000e+04
9.804472656250000000e+04
9.794000781250000000e+04
9.784680468750000000e+04
9.749368750000000000e+04
9.772168750000000000e+04
9.787732812500000000e+04
9.829340625000000000e+04
9.827743750000000000e+04
9.862069531250000000e+04
9.873909375000000000e+04
9.886094531250000000e+04
9.887931250000000000e+04
9.856889843750000000e+04
9.845918750000000000e+04
9.839185937500000000e+04
9.806822656250000000e+04
9.766876562500000000e+04
9.728563281250000000e+04
9.707967187500000000e+04
9.694162500000000000e+04
9.706554687500000000e+04
9.720167187500000000e+04
9.731987500000000000e+04
9.732398437500000000e+04
9.734437500000000000e+04
9.737715625000000000e+04
9.753971875000000000e+04
9.770233593750000000e+04
9.787212500000000000e+04
9.798593750000000000e+04
9.803590625000000000e+04
9.811457031250000000e+04
9.822074218750000000e+04
9.846535156250000000e+04
9.870396875000000000e+04
9.899642187500000000e+04
9.924321093750000000e+04
9.944182812500000000e+04
9.946476562500000000e+04
9.947284375000000000e+04
9.948655468750000000e+04
9.959030468750000000e+04
9.981630468750000000e+04
9.987609375000000000e+04
9.982140625000000000e+04
9.980843750000000000e+04
9.971208593750000000e+04
9.955774218750000000e+04
9.939689843750000000e+04
9.927817187500000000e+04
9.915401562500000000e+04
9.905475781250000000e+04
9.880246875000000000e+04
9.862451562500000000e+04
9.844552343750000000e+04
9.799597656250000000e+04
9.748070312500000000e+04
9.720596875000000000e+04
9.712787500000000000e+04
9.662700000000000000e+04
9.617344531250000000e+04
9.634290625000000000e+04
9.673607031250000000e+04
9.679435156250000000e+04
9.670384375000000000e+04
9.687103125000000000e+04
9.722207031250000000e+04
9.730590625000000000e+04
9.722391406250000000e+04
9.722840625000000000e+04
9.728500781250000000e+04
9.713577343750000000e+04
9.655483593750000000e+04
9.566627343750000000e+04
9.512864843750000000e+04
9.530048437500000000e+04
9.573767187500000000e+04
9.614990625000000000e+04
9.649130468750000000e+04
9.661524218750000000e+04
9.666365625000000000e+04
9.645084375000000000e+04
9.676977343750000000e+04
9.691247656250000000e+04
9.716881250000000000e+04
9.754087500000000000e+04
9.802462500000000000e+04
9.849498437500000000e+04
9.901789843750000000e+04
9.930391406250000000e+04
9.946341406250000000e+04
9.942430468750000000e+04
9.930497656250000000e+04
9.905630468750000000e+04
9.860223437500000000e+04
9.842029687500000000e+04
9.839049218750000000e+04
9.827794531250000000e+04
9.803832812500000000e+04
9.787298437500000000e+04
9.770042187500000000e+04
9.751345312500000000e+04
9.737549218750000000e+04
9.727608593750000000e+04
9.723509375000000000e+04
9.716235156250000000e+04
9.698900781250000000e+04
9.690804687500000000e+04
9.681425781250000000e+04
9.675396875000000000e+04
9.651527343750000000e+04
9.652953125000000000e+04
9.680226562500000000e+04
9.716007812500000000e+04
9.768321875000000000e+04
9.812807812500000000e+04
9.856230468750000000e+04
9.897593750000000000e+04
9.926769531250000000e+04
9.956122656250000000e+04
9.958602343750000000e+04
9.945022656250000000e+04
9.895477343750000000e+04
9.869142968750000000e+04
9.869885156250000000e+04
9.869493750000000000e+04
9.852481250000000000e+04
9.833919531250000000e+04
9.832310156250000000e+04
9.834698437500000000e+04
9.832007031250000000e+04
9.833006250000000000e+04
9.856755468750000000e+04
9.883816406250000000e+04
9.899482812500000000e+04
9.929536718750000000e+04
9.957003125000000000e+04
9.968389843750000000e+04
9.948653125000000000e+04
9.909079687500000000e+04
9.862709375000000000e+04
9.840035937500000000e+04
9.828426562500000000e+04
9.832319531250000000e+04
9.854368750000000000e+04
9.857710156250000000e+04
9.834691406250000000e+04
9.807026562500000000e+04
9.789844531250000000e+04
9.792095312500000000e+04
9.802741406250000000e+04
9.839513281250000000e+04
9.896309375000000000e+04
9.954464062500000000e+04
9.984215625000000000e+04
9.989142968750000000e+04
9.977042968750000000e+04
9.949130468750000000e+04
9.939366406250000000e+04
9.874305468750000000e+04
9.733915625000000000e+04
9.629134375000000000e+04
9.665878125000000000e+04
9.668252343750000000e+04
9.674005468750000000e+04
9.684504687500000000e+04
9.733440625000000000e+04
9.771548437500000000e+04
9.826794531250000000e+04
9.832871875000000000e+04
9.806338281250000000e+04
9.781875781250000000e+04
9.768900000000000000e+04
9.776059375000000000e+04
9.784398437500000000e+04
9.804137500000000000e+04
9.828049218750000000e+04
9.861607812500000000e+04
9.883976562500000000e+04
9.920764062500000000e+04
9.945872656250000000e+04
9.968754687500000000e+04
9.986914062500000000e+04
9.976402343750000000e+04
9.961595312500000000e+04
9.950790625000000000e+04
9.974879687500000000e+04
9.993895312500000000e+04
9.993069531250000000e+04
9.984238281250000000e+04
9.944268750000000000e+04
9.897942187500000000e+04
9.854723437500000000e+04
9.806654687500000000e+04
9.796852343750000000e+04
9.784442187500000000e+04
9.785954687500000000e+04
9.794961718750000000e+04
9.826898437500000000e+04
9.856874218750000000e+04
9.888188281250000000e+04
9.910321875000000000e+04
9.933535156250000000e+04
9.958054687500000000e+04
9.967288281250000000e+04
9.960433593750000000e+04
9.943108593750000000e+04
9.893296875000000000e+04
9.845735937500000000e+04
9.781791406250000000e+04
9.764606250000000000e+04
9.712748437500000000e+04
9.685474218750000000e+04
9.687774218750000000e+04
9.706187500000000000e+04
9.697282812500000000e+04
9.706021875000000000e+04
9.717800781250000000e+04
9.746714062500000000e+04
9.771611718750000000e+04
9.796870312500000000e+04
9.807591406250000000e+04
9.832571093750000000e+04
9.855883593750000000e+04
9.877029687500000000e+04
9.903172656250000000e+04
9.940143750000000000e+04
9.952668750000000000e+04
9.933783593750000000e+04
9.892524218750000000e+04
9.859119531250000000e+04
9.815543750000000000e+04
9.773457031250000000e+04
9.712753125000000000e+04
9.644564843750000000e+04
9.615990625000000000e+04
9.636921093750000000e+04
9.687742187500000000e+04
9.727669531250000000e+04
9.744953125000000000e+04
9.753514843750000000e+04
9.740337500000000000e+04
9.702368750000000000e+04
9.663250000000000000e+04
9.649359375000000000e+04
9.642214062500000000e+04
9.647307812500000000e+04
9.650335937500000000e+04
9.661017187500000000e+04
9.667857031250000000e+04
9.670613281250000000e+04
9.660039843750000000e+04
9.637101562500000000e+04
9.604371093750000000e+04
9.573861718750000000e+04
9.546641406250000000e+04
9.515670312500000000e+04
9.498945312500000000e+04
9.473994531250000000e+04
9.477392187500000000e+04
9.487287500000000000e+04
9.492117187500000000e+04
9.491465625000000000e+04
9.493681250000000000e+04
9.509772656250000000e+04
9.542091406250000000e+04
9.580906250000000000e+04
9.613401562500000000e+04
9.633750781250000000e+04
9.657695312500000000e+04
9.689169531250000000e+04
9.717275781250000000e+04
9.746209375000000000e+04
9.761694531250000000e+04
9.756866406250000000e+04
9.694640625000000000e+04
9.606931250000000000e+04
9.568200000000000000e+04
9.564573437500000000e+04
9.581918750000000000e+04
9.613956250000000000e+04
9.672059375000000000e+04
9.737137500000000000e+04
9.781630468750000000e+04
9.801243750000000000e+04
9.762425781250000000e+04
9.694980468750000000e+04
9.608202343750000000e+04
9.521328906250000000e+04
9.463967187500000000e+04
9.446313281250000000e+04
9.465915625000000000e+04
9.493511718750000000e+04
9.531074218750000000e+04
9.579105468750000000e+04
9.629859375000000000e+04
9.685828125000000000e+04
9.728920312500000000e+04
9.757262500000000000e+04
9.773202343750000000e+04
9.764104687500000000e+04
9.754337500000000000e+04
9.729299218750000000e+04
9.682049218750000000e+04
9.633751562500000000e+04
9.611101562500000000e+04
9.624581250000000000e+04
9.662412500000000000e+04
9.699609375000000000e+04
9.720320312500000000e+04
9.740171093750000000e+04
9.742097656250000000e+04
9.727971875000000000e+04
9.717907812500000000e+04
9.679509375000000000e+04
9.627672656250000000e+04
9.591370312500000000e+04
9.609652343750000000e+04
9.701494531250000000e+04
9.773716406250000000e+04
9.796899218750000000e+04
9.792872656250000000e+04
9.806557812500000000e+04
9.790942968750000000e+04
9.777317187500000000e+04
9.771558593750000000e+04
9.777435937500000000e+04
9.784554687500000000e+04
9.798845312500000000e+04
9.800785937500000000e+04
9.812972656250000000e+04
9.829782812500000000e+04
9.856609375000000000e+04
9.886524218750000000e+04
9.923922656250000000e+04
9.940360156250000000e+04
9.945122656250000000e+04
9.945861718750000000e+04
9.942821875000000000e+04
9.958253125000000000e+04
9.965464062500000000e+04
9.972271875000000000e+04
9.980805468750000000e+04
9.989707031250000000e+04
1.000507968750000000e+05
1.002199921875000000e+05
1.003775156250000000e+05
1.004483125000000000e+05
1.003747109375000000e+05
9.985313281250000000e+04
9.927512500000000000e+04
9.859111718750000000e+04
9.813143750000000000e+04
9.756370312500000000e+04
9.712918750000000000e+04
9.667862500000000000e+04
9.647102343750000000e+04
9.645327343750000000e+04
9.674372656250000000e+04
9.711250000000000000e+04
9.742807812500000000e+04
9.784942187500000000e+04
9.810514843750000000e+04
9.837000000000000000e+04
9.843871875000000000e+04
9.829512500000000000e+04
9.788243750000000000e+04
9.753891406250000000e+04
9.741014843750000000e+04
9.752529687500000000e+04
9.770037500000000000e+04
9.784936718750000000e+04
9.802339843750000000e+04
9.816842187500000000e+04
9.824064062500000000e+04
9.851498437500000000e+04
9.870985156250000000e+04
9.883396875000000000e+04
9.874498437500000000e+04
9.878518750000000000e+04
9.888792187500000000e+04
9.895392187500000000e+04
9.891102343750000000e+04
9.896027343750000000e+04
9.896856250000000000e+04
9.901871875000000000e+04
9.892192187500000000e+04
9.894975781250000000e+04
9.899222656250000000e+04
9.904645312500000000e+04
9.896437500000000000e+04
9.898416406250000000e+04
9.898510156250000000e+04
9.902984375000000000e+04
9.894576562500000000e+04
9.899942187500000000e+04
9.893833593750000000e+04
9.882268750000000000e+04
9.817707812500000000e+04
9.721378906250000000e+04
9.673699218750000000e+04
9.717563281250000000e+04
9.791096875000000000e+04
9.829085156250000000e+04
9.828478906250000000e+04
9.854483593750000000e+04
9.892092968750000000e+04
9.939361718750000000e+04
9.965988281250000000e+04
9.989485156250000000e+04
1.000094375000000000e+05
1.001214531250000000e+05
1.000661562500000000e+05
1.001090078125000000e+05
1.000802343750000000e+05
1.000050312500000000e+05
9.984035937500000000e+04
9.960097656250000000e+04
9.937752343750000000e+04
9.916560156250000000e+04
9.901351562500000000e+04
9.881707031250000000e+04
9.872620312500000000e+04
9.856593750000000000e+04
9.856187500000000000e+04
9.853158593750000000e+04
9.867482812500000000e+04
9.881314062500000000e+04
9.901547656250000000e+04
9.917931250000000000e+04
9.921605468750000000e+04
9.927256250000000000e+04
9.925248437500000000e+04
9.924878125000000000e+04
9.931259375000000000e+04
9.932871875000000000e+04
9.924526562500000000e+04
9.922553125000000000e+04
9.918506250000000000e+04
9.912125781250000000e+04
9.898685156250000000e+04
9.877988281250000000e+04
9.872958593750000000e+04
9.865882812500000000e+04
9.875716406250000000e+04
9.882527343750000000e+04
9.929741406250000000e+04
9.955415625000000000e+04
9.977782812500000000e+04
9.971123437500000000e+04
9.948639843750000000e+04
9.939457031250000000e+04
9.932494531250000000e+04
9.942491406250000000e+04
9.938415625000000000e+04
9.945355468750000000e+04
9.962857812500000000e+04
9.984821875000000000e+04
9.995542187500000000e+04
1.000417734375000000e+05
1.000107421875000000e+05
9.997161718750000000e+04
9.992031250000000000e+04
1.000069218750000000e+05
9.994387500000000000e+04
9.994688281250000000e+04
9.986625781250000000e+04
9.983947656250000000e+04
9.970519531250000000e+04
9.968244531250000000e+04
9.973130468750000000e+04
9.972711718750000000e+04
9.963207031250000000e+04
9.960271875000000000e+04
9.954944531250000000e+04
9.944108593750000000e+04
9.935648437500000000e+04
9.931081250000000000e+04
9.917943750000000000e+04
9.915623437500000000e+04
9.906636718750000000e+04
9.903343750000000000e+04
9.889423437500000000e+04
9.881781250000000000e+04
9.868271093750000000e+04
9.869348437500000000e+04
9.871823437500000000e+04
9.883128125000000000e+04
9.887668750000000000e+04
9.893176562500000000e+04
9.894026562500000000e+04
9.887514062500000000e+04
9.885751562500000000e+04
9.879005468750000000e+04
9.879990625000000000e+04
9.880142968750000000e+04
9.888743750000000000e+04
9.884910156250000000e+04
9.893970312500000000e+04
9.897093750000000000e+04
9.908026562500000000e+04
9.904877343750000000e+04
9.903278906250000000e+04
9.902224218750000000e+04
9.899007812500000000e+04
9.891944531250000000e+04
9.877171093750000000e+04
9.876750000000000000e+04
9.866108593750000000e+04
9.837271093750000000e+04
9.774823437500000000e+04
9.702771093750000000e+04
9.665855468750000000e+04
9.671634375000000000e+04
9.699807812500000000e+04
9.735964843750000000e+04
9.754569531250000000e+04
9.772992968750000000e+04
9.785907031250000000e+04
9.803457812500000000e+04
9.819598437500000000e+04
9.829926562500000000e+04
9.844051562500000000e+04
9.849532812500000000e+04
9.842865625000000000e+04
9.830045312500000000e+04
9.813415625000000000e+04
9.800412500000000000e+04
9.789755468750000000e+04
9.786542187500000000e+04
9.783300781250000000e+04
9.786944531250000000e+04
9.794637500000000000e+04
9.798134375000000000e+04
9.803222656250000000e+04
9.806987500000000000e+04
9.813628125000000000e+04
9.806509375000000000e+04
9.796846875000000000e+04
9.793852343750000000e+04
9.786051562500000000e+04
9.786959375000000000e+04
9.788569531250000000e+04
9.788385156250000000e+04
9.787554687500000000e+04
9.779071875000000000e+04
9.775640625000000000e+04
9.772478125000000000e+04
9.766435937500000000e+04
9.760713281250000000e+04
9.758127343750000000e+04
9.763367187500000000e+04
9.758180468750000000e+04
9.767725781250000000e+04
9.793416406250000000e+04
9.811456250000000000e+04
9.820886718750000000e+04
9.812203125000000000e+04
9.795325781250000000e+04
9.788581250000000000e+04
9.798847656250000000e+04
9.823166406250000000e+04
9.850220312500000000e+04
9.880531250000000000e+04
9.888222656250000000e+04
9.879860156250000000e+04
9.812013281250000000e+04
9.690813281250000000e+04
9.599956250000000000e+04
9.636808593750000000e+04
9.697921093750000000e+04
9.734039843750000000e+04
9.721641406250000000e+04
