9.925965625000000000e+04
9.917219531250000000e+04
9.917853125000000000e+04
9.926871093750000000e+04
9.942113281250000000e+04
9.952488281250000000e+04
9.971128906250000000e+04
9.993370312500000000e+04
1.001262187500000000e+05
1.002211406250000000e+05
1.003694218750000000e+05
1.002101484375000000e+05
1.000475625000000000e+05
9.969345312500000000e+04
9.943572656250000000e+04
9.924085937500000000e+04
9.914614062500000000e+04
9.905612500000000000e+04
9.902497656250000000e+04
9.906739843750000000e+04
9.905293750000000000e+04
9.895057812500000000e+04
9.889846875000000000e+04
9.884109375000000000e+04
9.879503125000000000e+04
9.870961718750000000e+04
9.876033593750000000e+04
9.869050000000000000e+04
9.861980468750000000e+04
9.852401562500000000e+04
9.884232812500000000e+04
9.922076562500000000e+04
9.963871875000000000e+04
9.993957031250000000e+04
1.000885625000000000e+05
1.001164843750000000e+05
9.997738281250000000e+04
9.989180468750000000e+04
9.980725781250000000e+04
9.979389843750000000e+04
9.978353125000000000e+04
9.974888281250000000e+04
9.969436718750000000e+04
9.967982812500000000e+04
9.969272656250000000e+04
9.976798437500000000e+04
9.986700000000000000e+04
9.984944531250000000e+04
9.991517187500000000e+04
9.996129687500000000e+04
1.000648125000000000e+05
9.993647656250000000e+04
9.997300781250000000e+04
9.993567187500000000e+04
1.000221562500000000e+05
1.000093359375000000e+05
1.001187421875000000e+05
1.001633671875000000e+05
1.001900937500000000e+05
1.002105078125000000e+05
1.002994375000000000e+05
1.003202343750000000e+05
1.004975156250000000e+05
1.004771562500000000e+05
1.005536171875000000e+05
1.005644062500000000e+05
1.005270703125000000e+05
1.003050234375000000e+05
1.000239296875000000e+05
9.981300781250000000e+04
9.958689843750000000e+04
9.908307812500000000e+04
9.865334375000000000e+04
9.848798437500000000e+04
9.843290625000000000e+04
9.847071093750000000e+04
9.842939843750000000e+04
9.838485937500000000e+04
9.828874218750000000e+04
9.820952343750000000e+04
9.812800000000000000e+04
9.817421093750000000e+04
9.822758593750000000e+04
9.826977343750000000e+04
9.830064062500000000e+04
9.835814062500000000e+04
9.842921093750000000e+04
9.843625781250000000e+04
9.842444531250000000e+04
9.840158593750000000e+04
9.831475781250000000e+04
9.820156250000000000e+04
9.807220312500000000e+04
9.801782812500000000e+04
9.795750781250000000e+04
9.777286718750000000e+04
9.753666406250000000e+04
9.740678906250000000e+04
9.731337500000000000e+04
9.725954687500000000e+04
9.717658593750000000e+04
9.708257031250000000e+04
9.693776562500000000e+04
9.696566406250000000e+04
9.696123437500000000e+04
9.655657031250000000e+04
9.573424218750000000e+04
9.545122656250000000e+04
9.578748437500000000e+04
9.646255468750000000e+04
9.700535937500000000e+04
9.730364843750000000e+04
9.739635937500000000e+04
9.754628906250000000e+04
9.781605468750000000e+04
9.809599218750000000e+04
9.819570312500000000e+04
9.830027343750000000e+04
9.841519531250000000e+04
9.874948437500000000e+04
9.884851562500000000e+04
9.890716406250000000e+04
9.873950781250000000e+04
9.855764843750000000e+04
9.832627343750000000e+04
9.818783593750000000e+04
9.803728125000000000e+04
9.800493750000000000e+04
9.801222656250000000e+04
9.809098437500000000e+04
9.816566406250000000e+04
9.818748437500000000e+04
9.818744531250000000e+04
9.831378906250000000e+04
9.843977343750000000e+04
9.865035156250000000e+04
9.884326562500000000e+04
9.903339843750000000e+04
9.917258593750000000e+04
9.926295312500000000e+04
9.929767187500000000e+04
9.945463281250000000e+04
9.962892968750000000e+04
9.978770312500000000e+04
9.989869531250000000e+04
9.988039843750000000e+04
9.994385156250000000e+04
9.987203125000000000e+04
9.984685156250000000e+04
9.968357812500000000e+04
9.952781250000000000e+04
9.927657031250000000e+04
9.909299218750000000e+04
9.891153125000000000e+04
9.881435937500000000e+04
9.875414062500000000e+04
9.882380468750000000e+04
9.887916406250000000e+04
9.891785937500000000e+04
9.884507031250000000e+04
9.884902343750000000e+04
9.888721875000000000e+04
9.891043750000000000e+04
9.882350781250000000e+04
9.870310156250000000e+04
9.859764843750000000e+04
9.851783593750000000e+04
9.853492187500000000e+04
9.848620312500000000e+04
9.850846875000000000e+04
9.845068750000000000e+04
9.843550781250000000e+04
9.834270312500000000e+04
9.834447656250000000e+04
9.837375781250000000e+04
9.835221093750000000e+04
9.841528125000000000e+04
9.847466406250000000e+04
9.854856250000000000e+04
9.860571093750000000e+04
9.860554687500000000e+04
9.848130468750000000e+04
9.842495312500000000e+04
9.829828906250000000e+04
9.811976562500000000e+04
9.798579687500000000e+04
9.791709375000000000e+04
9.794121875000000000e+04
9.803110156250000000e+04
9.817943750000000000e+04
9.832976562500000000e+04
9.840814843750000000e+04
9.854125781250000000e+04
9.859570312500000000e+04
9.865945312500000000e+04
9.855072656250000000e+04
9.849383593750000000e+04
9.840974218750000000e+04
9.838190625000000000e+04
9.837260156250000000e+04
9.846723437500000000e+04
9.851549218750000000e+04
9.872646875000000000e+04
9.884973437500000000e+04
9.898936718750000000e+04
9.907258593750000000e+04
9.911664062500000000e+04
9.884364843750000000e+04
9.872562500000000000e+04
9.855265625000000000e+04
9.862321093750000000e+04
9.871566406250000000e+04
9.881830468750000000e+04
9.875923437500000000e+04
9.860110156250000000e+04
9.828181250000000000e+04
9.790392187500000000e+04
9.776745312500000000e+04
9.782122656250000000e+04
9.795666406250000000e+04
9.824622656250000000e+04
9.862568750000000000e+04
9.898505468750000000e+04
9.933343750000000000e+04
9.939533593750000000e+04
9.924271875000000000e+04
9.893762500000000000e+04
9.863287500000000000e+04
9.830278906250000000e+04
9.781343750000000000e+04
9.768982812500000000e+04
9.776978125000000000e+04
9.784593750000000000e+04
9.787875781250000000e+04
9.788119531250000000e+04
9.804105468750000000e+04
9.811997656250000000e+04
9.827824218750000000e+04
9.836357812500000000e+04
9.852059375000000000e+04
9.869756250000000000e+04
9.889285156250000000e+04
9.905685937500000000e+04
9.906052343750000000e+04
9.899064062500000000e+04
9.880560156250000000e+04
9.865310156250000000e+04
9.849134375000000000e+04
9.834910156250000000e+04
9.827098437500000000e+04
9.824821093750000000e+04
9.824200000000000000e+04
9.826693750000000000e+04
9.820849218750000000e+04
9.820982812500000000e+04
9.815649218750000000e+04
9.814759375000000000e+04
9.807844531250000000e+04
9.810172656250000000e+04
9.810303125000000000e+04
9.817531250000000000e+04
9.821167187500000000e+04
9.822679687500000000e+04
9.809713281250000000e+04
9.800950000000000000e+04
9.784785937500000000e+04
9.772130468750000000e+04
9.752855468750000000e+04
9.726379687500000000e+04
9.702233593750000000e+04
9.664076562500000000e+04
9.621321093750000000e+04
9.563633593750000000e+04
9.534899218750000000e+04
9.544086718750000000e+04
9.551891406250000000e+04
9.559623437500000000e+04
9.568379687500000000e+04
9.584564843750000000e+04
9.620264062500000000e+04
9.656908593750000000e+04
9.705911718750000000e+04
9.744719531250000000e+04
9.782434375000000000e+04
9.812011718750000000e+04
9.805207812500000000e+04
9.784057812500000000e+04
9.733478906250000000e+04
9.684366406250000000e+04
9.651450781250000000e+04
9.644455468750000000e+04
9.650699218750000000e+04
9.666080468750000000e+04
9.680037500000000000e+04
9.696132812500000000e+04
9.724400781250000000e+04
9.749579687500000000e+04
9.763927343750000000e+04
9.777751562500000000e+04
9.756019531250000000e+04
9.723519531250000000e+04
9.672103125000000000e+04
9.652691406250000000e+04
9.665236718750000000e+04
9.701585156250000000e+04
9.732407031250000000e+04
9.737034375000000000e+04
9.689854687500000000e+04
9.634994531250000000e+04
9.587260156250000000e+04
9.575054687500000000e+04
9.667467187500000000e+04
9.751232812500000000e+04
9.800860156250000000e+04
9.839091406250000000e+04
9.866390625000000000e+04
9.882971875000000000e+04
9.867773437500000000e+04
9.844272656250000000e+04
9.840028125000000000e+04
9.830986718750000000e+04
9.825652343750000000e+04
9.817909375000000000e+04
9.816759375000000000e+04
9.824223437500000000e+04
9.867279687500000000e+04
9.916720312500000000e+04
9.964383593750000000e+04
9.968599218750000000e+04
9.936063281250000000e+04
9.924598437500000000e+04
9.921235156250000000e+04
9.863200000000000000e+04
9.777077343750000000e+04
9.683427343750000000e+04
9.645907031250000000e+04
9.652500781250000000e+04
9.641782812500000000e+04
9.650707812500000000e+04
9.687104687500000000e+04
9.731617187500000000e+04
9.766675781250000000e+04
9.799019531250000000e+04
9.822713281250000000e+04
9.849004687500000000e+04
9.865390625000000000e+04
9.884158593750000000e+04
9.887708593750000000e+04
9.903592187500000000e+04
9.919457031250000000e+04
9.934473437500000000e+04
9.932133593750000000e+04
9.932647656250000000e+04
9.922839843750000000e+04
9.925951562500000000e+04
9.924379687500000000e+04
9.932428125000000000e+04
9.931412500000000000e+04
9.928428906250000000e+04
9.936457031250000000e+04
9.938295312500000000e+04
9.939364062500000000e+04
9.932765625000000000e+04
9.919546875000000000e+04
9.909901562500000000e+04
9.882195312500000000e+04
9.865790625000000000e+04
9.854613281250000000e+04
9.843893750000000000e+04
9.831087500000000000e+04
9.812915625000000000e+04
9.804318750000000000e+04
9.809881250000000000e+04
9.838503125000000000e+04
9.887582812500000000e+04
9.928955468750000000e+04
9.924046875000000000e+04
9.925482812500000000e+04
9.921348437500000000e+04
9.917184375000000000e+04
9.900130468750000000e+04
9.904929687500000000e+04
9.926702343750000000e+04
9.953706250000000000e+04
9.960603125000000000e+04
9.963121875000000000e+04
9.949883593750000000e+04
9.932127343750000000e+04
9.895156250000000000e+04
9.864352343750000000e+04
9.832467187500000000e+04
9.818400000000000000e+04
9.832012500000000000e+04
9.836267187500000000e+04
9.810561718750000000e+04
9.777879687500000000e+04
9.758906250000000000e+04
9.722821875000000000e+04
9.695012500000000000e+04
9.698961718750000000e+04
9.711746875000000000e+04
9.727459375000000000e+04
9.782024218750000000e+04
9.841872656250000000e+04
9.873951562500000000e+04
9.914707812500000000e+04
9.924963281250000000e+04
9.905850781250000000e+04
9.867811718750000000e+04
9.836481250000000000e+04
9.802250000000000000e+04
9.776149218750000000e+04
9.756553125000000000e+04
9.747039843750000000e+04
9.734027343750000000e+04
9.718699218750000000e+04
9.708640625000000000e+04
9.696738281250000000e+04
9.684101562500000000e+04
9.697076562500000000e+04
9.699974218750000000e+04
9.700550000000000000e+04
9.706942187500000000e+04
9.706955468750000000e+04
9.715537500000000000e+04
9.713970312500000000e+04
9.704245312500000000e+04
9.686578906250000000e+04
9.675042187500000000e+04
9.659496875000000000e+04
9.653641406250000000e+04
9.644143750000000000e+04
9.655010156250000000e+04
9.677335156250000000e+04
9.699712500000000000e+04
9.721734375000000000e+04
9.731628125000000000e+04
9.723291406250000000e+04
9.700396875000000000e+04
9.667343750000000000e+04
9.646952343750000000e+04
9.629511718750000000e+04
9.627741406250000000e+04
9.638407031250000000e+04
9.647231250000000000e+04
9.654802343750000000e+04
9.665219531250000000e+04
9.670702343750000000e+04
9.686545312500000000e+04
9.695531250000000000e+04
9.688044531250000000e+04
9.707394531250000000e+04
9.737253125000000000e+04
9.742947656250000000e+04
9.749392187500000000e+04
9.748751562500000000e+04
9.766085156250000000e+04
9.779553125000000000e+04
9.798862500000000000e+04
9.794307031250000000e+04
9.791886718750000000e+04
9.786401562500000000e+04
9.777476562500000000e+04
9.774422656250000000e+04
9.819592187500000000e+04
9.863245312500000000e+04
9.885517187500000000e+04
9.849651562500000000e+04
9.836171093750000000e+04
9.840669531250000000e+04
9.843916406250000000e+04
9.852791406250000000e+04
9.877265625000000000e+04
9.926223437500000000e+04
9.930913281250000000e+04
9.853279687500000000e+04
9.774407812500000000e+04
9.785300000000000000e+04
9.818543750000000000e+04
9.796392187500000000e+04
9.711820312500000000e+04
9.700141406250000000e+04
9.720207031250000000e+04
9.754789843750000000e+04
9.785600000000000000e+04
9.819673437500000000e+04
9.851178125000000000e+04
9.864034375000000000e+04
9.856834375000000000e+04
9.831861718750000000e+04
9.809119531250000000e+04
9.779157812500000000e+04
9.768187500000000000e+04
9.765582812500000000e+04
9.760387500000000000e+04
9.739928906250000000e+04
9.725668750000000000e+04
9.707849218750000000e+04
9.687521093750000000e+04
9.670142187500000000e+04
9.668470312500000000e+04
9.672169531250000000e+04
9.682671875000000000e+04
9.718619531250000000e+04
9.762897656250000000e+04
9.795227343750000000e+04
9.802254687500000000e+04
9.789999218750000000e+04
9.758497656250000000e+04
9.710217187500000000e+04
9.658621093750000000e+04
9.629234375000000000e+04
9.619686718750000000e+04
9.632398437500000000e+04
9.668624218750000000e+04
9.716491406250000000e+04
9.753242187500000000e+04
9.796672656250000000e+04
9.834580468750000000e+04
9.831111718750000000e+04
9.825187500000000000e+04
9.800864843750000000e+04
9.810924218750000000e+04
9.828944531250000000e+04
9.827278125000000000e+04
9.883528125000000000e+04
9.950377343750000000e+04
1.000197343750000000e+05
1.004507578125000000e+05
1.007752109375000000e+05
1.008326562500000000e+05
1.009456875000000000e+05
1.008240625000000000e+05
1.008295859375000000e+05
1.005940937500000000e+05
1.005570312500000000e+05
1.004713515625000000e+05
1.003424062500000000e+05
1.001567890625000000e+05
9.991832812500000000e+04
9.967039843750000000e+04
9.945671875000000000e+04
9.924946875000000000e+04
9.903700000000000000e+04
9.892335937500000000e+04
9.880164062500000000e+04
9.875306250000000000e+04
9.874579687500000000e+04
9.871818750000000000e+04
9.847257812500000000e+04
9.847350000000000000e+04
9.890499218750000000e+04
9.925295312500000000e+04
9.918462500000000000e+04
9.896445312500000000e+04
9.872624218750000000e+04
9.850408593750000000e+04
9.807444531250000000e+04
9.765378906250000000e+04
9.816685937500000000e+04
9.846470312500000000e+04
9.808356250000000000e+04
9.768190625000000000e+04
9.810686718750000000e+04
9.839814062500000000e+04
9.859457812500000000e+04
9.851605468750000000e+04
9.836701562500000000e+04
9.819207812500000000e+04
9.830751562500000000e+04
9.870290625000000000e+04
9.931291406250000000e+04
9.992636718750000000e+04
1.003428437500000000e+05
1.007247656250000000e+05
1.010408359375000000e+05
1.013104921875000000e+05
1.014014062500000000e+05
1.013412734375000000e+05
1.012888437500000000e+05
1.012889296875000000e+05
1.011076015625000000e+05
1.011611328125000000e+05
1.013135625000000000e+05
1.016004296875000000e+05
1.018204765625000000e+05
1.020361171875000000e+05
1.020750234375000000e+05
1.019841953125000000e+05
1.016272343750000000e+05
1.013110234375000000e+05
1.013859843750000000e+05
1.018288828125000000e+05
1.016325156250000000e+05
1.010525156250000000e+05
1.003606640625000000e+05
1.000998671875000000e+05
1.002579218750000000e+05
1.002066171875000000e+05
9.999935156250000000e+04
9.992105468750000000e+04
1.000707343750000000e+05
1.001815703125000000e+05
1.002018984375000000e+05
1.001137421875000000e+05
9.996846875000000000e+04
9.955423437500000000e+04
9.926985156250000000e+04
9.897711718750000000e+04
9.894681250000000000e+04
9.911713281250000000e+04
9.930976562500000000e+04
9.942448437500000000e+04
9.947507812500000000e+04
9.922435937500000000e+04
9.884171093750000000e+04
9.865980468750000000e+04
9.852218750000000000e+04
9.799269531250000000e+04
9.781545312500000000e+04
9.798213281250000000e+04
9.795217187500000000e+04
9.766147656250000000e+04
9.736750000000000000e+04
9.734635156250000000e+04
9.775364843750000000e+04
9.821267187500000000e+04
9.833181250000000000e+04
9.808802343750000000e+04
9.786193750000000000e+04
9.785151562500000000e+04
9.769085156250000000e+04
9.771095312500000000e+04
9.812858593750000000e+04
9.852626562500000000e+04
9.902626562500000000e+04
9.921104687500000000e+04
9.932578125000000000e+04
9.924983593750000000e+04
9.895030468750000000e+04
9.890953125000000000e+04
9.921846875000000000e+04
9.947443750000000000e+04
1.001343437500000000e+05
1.006778281250000000e+05
1.010316953125000000e+05
1.010856875000000000e+05
1.008830625000000000e+05
1.005151406250000000e+05
1.001388359375000000e+05
9.983749218750000000e+04
9.970361718750000000e+04
9.967669531250000000e+04
9.952901562500000000e+04
9.955931250000000000e+04
9.984970312500000000e+04
1.003878281250000000e+05
1.003802734375000000e+05
9.984671875000000000e+04
9.959404687500000000e+04
9.937678125000000000e+04
9.889874218750000000e+04
9.852997656250000000e+04
9.873107031250000000e+04
9.905032812500000000e+04
9.947274218750000000e+04
9.993796875000000000e+04
1.003615781250000000e+05
1.005550625000000000e+05
1.006016250000000000e+05
1.004991562500000000e+05
1.002295703125000000e+05
9.988374218750000000e+04
9.962561718750000000e+04
9.936619531250000000e+04
9.922308593750000000e+04
9.913876562500000000e+04
9.912857031250000000e+04
9.913430468750000000e+04
9.922245312500000000e+04
9.928335937500000000e+04
9.917939843750000000e+04
9.867278125000000000e+04
9.833693750000000000e+04
9.842200000000000000e+04
9.848675781250000000e+04
9.796264843750000000e+04
9.767463281250000000e+04
9.796611718750000000e+04
9.833342968750000000e+04
9.836728125000000000e+04
9.835928906250000000e+04
9.871865625000000000e+04
9.926114062500000000e+04
9.938606250000000000e+04
9.913610156250000000e+04
9.883506250000000000e+04
9.855892968750000000e+04
9.822131250000000000e+04
9.809321093750000000e+04
9.821493750000000000e+04
9.846019531250000000e+04
9.876535937500000000e+04
9.854555468750000000e+04
9.831205468750000000e+04
9.794602343750000000e+04
9.793852343750000000e+04
9.795453125000000000e+04
9.786778906250000000e+04
9.791190625000000000e+04
9.791964062500000000e+04
9.773585156250000000e+04
9.763110156250000000e+04
9.750872656250000000e+04
9.764414843750000000e+04
9.794469531250000000e+04
9.808453125000000000e+04
9.848341406250000000e+04
9.871372656250000000e+04
9.880197656250000000e+04
9.885091406250000000e+04
9.905736718750000000e+04
9.921733593750000000e+04
9.915199218750000000e+04
9.855363281250000000e+04
9.765304687500000000e+04
9.718007031250000000e+04
9.697286718750000000e+04
9.661525781250000000e+04
9.569121875000000000e+04
9.518377343750000000e+04
9.516771093750000000e+04
9.558097656250000000e+04
9.617800000000000000e+04
9.655292187500000000e+04
9.713959375000000000e+04
9.743118750000000000e+04
9.705257031250000000e+04
9.658926562500000000e+04
9.662159375000000000e+04
9.677104687500000000e+04
9.711603125000000000e+04
9.756090625000000000e+04
9.828125781250000000e+04
9.854775781250000000e+04
9.890436718750000000e+04
9.918224218750000000e+04
9.944675781250000000e+04
9.959153125000000000e+04
9.963123437500000000e+04
9.945253125000000000e+04
9.896633593750000000e+04
9.839213281250000000e+04
9.791446875000000000e+04
9.782563281250000000e+04
9.794391406250000000e+04
9.792039843750000000e+04
9.803828125000000000e+04
9.814129687500000000e+04
9.821729687500000000e+04
9.869693750000000000e+04
9.942947656250000000e+04
9.990053125000000000e+04
9.992149218750000000e+04
9.984535156250000000e+04
9.953192187500000000e+04
9.915362500000000000e+04
9.881957031250000000e+04
9.852779687500000000e+04
9.813826562500000000e+04
9.743607031250000000e+04
9.698803125000000000e+04
9.746774218750000000e+04
9.780485156250000000e+04
9.786799218750000000e+04
9.835580468750000000e+04
9.897110156250000000e+04
9.915160156250000000e+04
9.912778125000000000e+04
9.892516406250000000e+04
9.853926562500000000e+04
9.819108593750000000e+04
9.764589843750000000e+04
9.809497656250000000e+04
9.837689843750000000e+04
9.865769531250000000e+04
9.885475781250000000e+04
9.854716406250000000e+04
9.787755468750000000e+04
9.710522656250000000e+04
9.699435937500000000e+04
9.747887500000000000e+04
9.806028906250000000e+04
9.808433593750000000e+04
9.721384375000000000e+04
9.606170312500000000e+04
9.579161718750000000e+04
9.615490625000000000e+04
9.617556250000000000e+04
9.622080468750000000e+04
9.612271093750000000e+04
9.560803125000000000e+04
9.506657812500000000e+04
9.558061718750000000e+04
9.591207812500000000e+04
9.610052343750000000e+04
9.617109375000000000e+04
9.605714843750000000e+04
9.623922656250000000e+04
9.715205468750000000e+04
9.773487500000000000e+04
9.768228906250000000e+04
9.667928906250000000e+04
9.653560156250000000e+04
9.698082812500000000e+04
9.707618750000000000e+04
9.716515625000000000e+04
9.768598437500000000e+04
9.790365625000000000e+04
9.806350781250000000e+04
9.803286718750000000e+04
9.801735156250000000e+04
9.794068750000000000e+04
9.762261718750000000e+04
9.726057812500000000e+04
9.656375781250000000e+04
9.584223437500000000e+04
9.569305468750000000e+04
9.648432812500000000e+04
9.744294531250000000e+04
9.761193750000000000e+04
9.757201562500000000e+04
9.715325781250000000e+04
9.637905468750000000e+04
9.601153125000000000e+04
9.680292968750000000e+04
9.766361718750000000e+04
9.775450781250000000e+04
9.694517187500000000e+04
9.602660156250000000e+04
9.559747656250000000e+04
9.556015625000000000e+04
9.521098437500000000e+04
9.513977343750000000e+04
9.533404687500000000e+04
9.589704687500000000e+04
9.647357812500000000e+04
9.704383593750000000e+04
9.726409375000000000e+04
9.738050781250000000e+04
9.744864062500000000e+04
9.756595312500000000e+04
9.731497656250000000e+04
9.668030468750000000e+04
9.509438281250000000e+04
9.410735937500000000e+04
9.419561718750000000e+04
9.469870312500000000e+04
9.462200000000000000e+04
9.451148437500000000e+04
9.460698437500000000e+04
9.487464843750000000e+04
9.563077343750000000e+04
9.645592187500000000e+04
9.684144531250000000e+04
9.715921093750000000e+04
9.740214843750000000e+04
9.756922656250000000e+04
9.768023437500000000e+04
9.779101562500000000e+04
9.803456250000000000e+04
9.820307031250000000e+04
9.843157812500000000e+04
9.868365625000000000e+04
9.885159375000000000e+04
9.876125781250000000e+04
9.838511718750000000e+04
9.733675781250000000e+04
9.625496875000000000e+04
9.674031250000000000e+04
9.750729687500000000e+04
9.796473437500000000e+04
9.814622656250000000e+04
9.824230468750000000e+04
9.800576562500000000e+04
9.755692187500000000e+04
9.671271875000000000e+04
9.580550781250000000e+04
9.479998437500000000e+04
9.402240625000000000e+04
9.381841406250000000e+04
9.406128906250000000e+04
9.424671875000000000e+04
9.500714062500000000e+04
9.561422656250000000e+04
9.587165625000000000e+04
9.614602343750000000e+04
9.663229687500000000e+04
9.712520312500000000e+04
9.764210156250000000e+04
9.802727343750000000e+04
9.833404687500000000e+04
9.836280468750000000e+04
9.815601562500000000e+04
9.797935156250000000e+04
9.769353125000000000e+04
9.724164062500000000e+04
9.643893750000000000e+04
9.555934375000000000e+04
9.556688281250000000e+04
9.594587500000000000e+04
9.625523437500000000e+04
9.657697656250000000e+04
9.716767187500000000e+04
9.753695312500000000e+04
9.772117187500000000e+04
9.769694531250000000e+04
9.758177343750000000e+04
9.712985937500000000e+04
9.649521093750000000e+04
9.598623437500000000e+04
9.543085156250000000e+04
9.499327343750000000e+04
9.492520312500000000e+04
9.521964843750000000e+04
9.577954687500000000e+04
9.626000000000000000e+04
9.651300781250000000e+04
9.670134375000000000e+04
9.706992968750000000e+04
9.734641406250000000e+04
9.760614843750000000e+04
9.755355468750000000e+04
9.720134375000000000e+04
9.686355468750000000e+04
9.667999218750000000e+04
9.684236718750000000e+04
9.694531250000000000e+04
9.670978125000000000e+04
9.649487500000000000e+04
9.686081250000000000e+04
9.722174218750000000e+04
9.742853125000000000e+04
9.734282812500000000e+04
9.704842187500000000e+04
9.704627343750000000e+04
9.715407812500000000e+04
9.739063281250000000e+04
9.763089843750000000e+04
9.796199218750000000e+04
9.810704687500000000e+04
9.815243750000000000e+04
9.830208593750000000e+04
9.819604687500000000e+04
9.808620312500000000e+04
9.802161718750000000e+04
9.788326562500000000e+04
9.759099218750000000e+04
9.737465625000000000e+04
9.703409375000000000e+04
9.694935156250000000e+04
9.687908593750000000e+04
9.697617187500000000e+04
9.700838281250000000e+04
9.727770312500000000e+04
9.759134375000000000e+04
9.793415625000000000e+04
9.811210156250000000e+04
9.830909375000000000e+04
9.839433593750000000e+04
9.846043750000000000e+04
9.856791406250000000e+04
9.872700000000000000e+04
9.869022656250000000e+04
9.820671875000000000e+04
9.726086718750000000e+04
9.633919531250000000e+04
9.573122656250000000e+04
9.538855468750000000e+04
9.524591406250000000e+04
9.535155468750000000e+04
9.567840625000000000e+04
9.575030468750000000e+04
9.586501562500000000e+04
9.621589843750000000e+04
9.648466406250000000e+04
9.675079687500000000e+04
9.687134375000000000e+04
9.699280468750000000e+04
9.700905468750000000e+04
9.715022656250000000e+04
9.727125781250000000e+04
9.742450781250000000e+04
9.750396875000000000e+04
9.755574218750000000e+04
9.753457031250000000e+04
9.760237500000000000e+04
9.762335937500000000e+04
9.752480468750000000e+04
9.735996875000000000e+04
9.706159375000000000e+04
9.666364062500000000e+04
9.617378125000000000e+04
9.592613281250000000e+04
9.605588281250000000e+04
9.667780468750000000e+04
9.716975781250000000e+04
9.768905468750000000e+04
9.804868750000000000e+04
9.848485156250000000e+04
9.884898437500000000e+04
9.918919531250000000e+04
9.962914843750000000e+04
9.993910156250000000e+04
1.000459531250000000e+05
9.972400781250000000e+04
9.931255468750000000e+04
9.916675781250000000e+04
9.917185937500000000e+04
9.919450781250000000e+04
9.895528906250000000e+04
9.888683593750000000e+04
9.880192968750000000e+04
9.850985156250000000e+04
9.788701562500000000e+04
9.738727343750000000e+04
9.666788281250000000e+04
9.612403125000000000e+04
9.558495312500000000e+04
9.541989843750000000e+04
9.530465625000000000e+04
9.545390625000000000e+04
9.559450000000000000e+04
9.564637500000000000e+04
9.551397656250000000e+04
9.538438281250000000e+04
9.528728906250000000e+04
9.513942968750000000e+04
9.524717187500000000e+04
9.542575781250000000e+04
9.543797656250000000e+04
9.526167187500000000e+04
9.517711718750000000e+04
9.520837500000000000e+04
9.530850000000000000e+04
9.554467187500000000e+04
9.571351562500000000e+04
9.569627343750000000e+04
9.567385156250000000e+04
9.569660156250000000e+04
9.564877343750000000e+04
9.575350000000000000e+04
9.583631250000000000e+04
9.598246875000000000e+04
9.601951562500000000e+04
9.617740625000000000e+04
9.610834375000000000e+04
9.611014062500000000e+04
9.599634375000000000e+04
9.602135937500000000e+04
9.616237500000000000e+04
9.642754687500000000e+04
9.654355468750000000e+04
9.652257031250000000e+04
9.654880468750000000e+04
9.645237500000000000e+04
9.635335156250000000e+04
9.612050781250000000e+04
9.606522656250000000e+04
9.612999218750000000e+04
9.629878125000000000e+04
9.655322656250000000e+04
9.683876562500000000e+04
9.723872656250000000e+04
9.744528906250000000e+04
9.764758593750000000e+04
9.785400000000000000e+04
9.799914062500000000e+04
9.828284375000000000e+04
9.853345312500000000e+04
9.875175781250000000e+04
9.885730468750000000e+04
9.882840625000000000e+04
9.872434375000000000e+04
9.854659375000000000e+04
9.833654687500000000e+04
9.835765625000000000e+04
9.830135937500000000e+04
9.833835937500000000e+04
9.828192968750000000e+04
9.821271093750000000e+04
9.787794531250000000e+04
9.757173437500000000e+04
9.722062500000000000e+04
9.671900000000000000e+04
9.617557031250000000e+04
9.604160156250000000e+04
9.646347656250000000e+04
9.686090625000000000e+04
9.747595312500000000e+04
9.798735937500000000e+04
9.834329687500000000e+04
9.875908593750000000e+04
9.903576562500000000e+04
9.932407812500000000e+04
9.939942187500000000e+04
9.899991406250000000e+04
9.828966406250000000e+04
9.784463281250000000e+04
9.729989843750000000e+04
9.657050000000000000e+04
9.611224218750000000e+04
9.608369531250000000e+04
9.608053125000000000e+04
9.619805468750000000e+04
9.620428906250000000e+04
9.634680468750000000e+04
9.645936718750000000e+04
9.668969531250000000e+04
9.718325781250000000e+04
9.780285156250000000e+04
9.823274218750000000e+04
9.856623437500000000e+04
9.878519531250000000e+04
9.895855468750000000e+04
9.903103125000000000e+04
9.908340625000000000e+04
9.919258593750000000e+04
9.933649218750000000e+04
9.949133593750000000e+04
9.957673437500000000e+04
9.954156250000000000e+04
9.957246875000000000e+04
9.951106250000000000e+04
9.941004687500000000e+04
9.923999218750000000e+04
9.905897656250000000e+04
9.874956250000000000e+04
9.846684375000000000e+04
9.821741406250000000e+04
9.817771093750000000e+04
9.803561718750000000e+04
9.803918750000000000e+04
9.803292187500000000e+04
9.774138281250000000e+04
9.733538281250000000e+04
9.675800781250000000e+04
9.649435156250000000e+04
9.658127343750000000e+04
9.662324218750000000e+04
9.669685937500000000e+04
9.676505468750000000e+04
9.649178125000000000e+04
9.723859375000000000e+04
9.793237500000000000e+04
9.810514062500000000e+04
9.779920312500000000e+04
9.777690625000000000e+04
9.767195312500000000e+04
9.725613281250000000e+04
9.695247656250000000e+04
9.714400000000000000e+04
9.720370312500000000e+04
9.693464062500000000e+04
9.645758593750000000e+04
9.555220312500000000e+04
9.466678906250000000e+04
9.444095312500000000e+04
9.458807031250000000e+04
9.478871093750000000e+04
9.502098437500000000e+04
9.546084375000000000e+04
9.595563281250000000e+04
9.628787500000000000e+04
9.602491406250000000e+04
9.552836718750000000e+04
9.580257031250000000e+04
9.669801562500000000e+04
9.682903125000000000e+04
9.609371093750000000e+04
9.530804687500000000e+04
9.613170312500000000e+04
9.689578906250000000e+04
9.715585156250000000e+04
9.682942187500000000e+04
9.646907812500000000e+04
9.634514843750000000e+04
9.619915625000000000e+04
9.576035937500000000e+04
9.553214843750000000e+04
9.557725781250000000e+04
9.586126562500000000e+04
9.625107031250000000e+04
9.679770312500000000e+04
9.728708593750000000e+04
9.781788281250000000e+04
9.826047656250000000e+04
9.856133593750000000e+04
9.860996875000000000e+04
9.858214062500000000e+04
9.875353125000000000e+04
9.889084375000000000e+04
9.868621875000000000e+04
9.783066406250000000e+04
9.660040625000000000e+04
9.627775781250000000e+04
9.667553125000000000e+04
9.747500000000000000e+04
9.806785156250000000e+04
9.787950000000000000e+04
9.745069531250000000e+04
9.731852343750000000e+04
9.748308593750000000e+04
9.828353125000000000e+04
9.895838281250000000e+04
9.934113281250000000e+04
9.915683593750000000e+04
9.866658593750000000e+04
9.825522656250000000e+04
9.791409375000000000e+04
9.751257812500000000e+04
9.726035937500000000e+04
9.702295312500000000e+04
9.703563281250000000e+04
9.696050000000000000e+04
9.691969531250000000e+04
9.704465625000000000e+04
9.741835937500000000e+04
9.767022656250000000e+04
9.797800781250000000e+04
9.807292968750000000e+04
9.806217187500000000e+04
9.806237500000000000e+04
9.835264843750000000e+04
9.845956250000000000e+04
9.844922656250000000e+04
9.833247656250000000e+04
9.811132812500000000e+04
9.773764843750000000e+04
9.737301562500000000e+04
9.704713281250000000e+04
9.706622656250000000e+04
9.720271093750000000e+04
9.746386718750000000e+04
9.801923437500000000e+04
9.856429687500000000e+04
9.905015625000000000e+04
9.942920312500000000e+04
9.961916406250000000e+04
9.969026562500000000e+04
9.965817187500000000e+04
9.959321875000000000e+04
9.945687500000000000e+04
9.922357031250000000e+04
9.899235156250000000e+04
9.881185937500000000e+04
9.850821875000000000e+04
9.809232812500000000e+04
9.778306250000000000e+04
9.749478906250000000e+04
9.729632812500000000e+04
9.727211718750000000e+04
9.738675781250000000e+04
9.764875781250000000e+04
9.778648437500000000e+04
9.789170312500000000e+04
9.784238281250000000e+04
9.762365625000000000e+04
9.722318750000000000e+04
9.671863281250000000e+04
9.642804687500000000e+04
9.640035156250000000e+04
9.646617187500000000e+04
9.663788281250000000e+04
9.665918750000000000e+04
9.677225781250000000e+04
9.700430468750000000e+04
9.730700000000000000e+04
9.751098437500000000e+04
9.771748437500000000e+04
9.775101562500000000e+04
9.757657812500000000e+04
9.718445312500000000e+04
9.660499218750000000e+04
9.637435156250000000e+04
9.638412500000000000e+04
9.633087500000000000e+04
9.610731250000000000e+04
9.594820312500000000e+04
9.591301562500000000e+04
9.588226562500000000e+04
9.590714843750000000e+04
9.598646875000000000e+04
9.613259375000000000e+04
9.638343750000000000e+04
9.667077343750000000e+04
9.690507031250000000e+04
9.690467187500000000e+04
9.689378906250000000e+04
9.682546875000000000e+04
9.668410156250000000e+04
9.639628906250000000e+04
9.607632812500000000e+04
9.587640625000000000e+04
9.574295312500000000e+04
9.575153125000000000e+04
9.584547656250000000e+04
9.619614062500000000e+04
9.655318750000000000e+04
9.684700781250000000e+04
9.709094531250000000e+04
9.698943750000000000e+04
9.669471093750000000e+04
9.647778906250000000e+04
9.701823437500000000e+04
9.732140625000000000e+04
9.746458593750000000e+04
9.782206250000000000e+04
9.838655468750000000e+04
9.873107812500000000e+04
9.846303125000000000e+04
9.754283593750000000e+04
9.693490625000000000e+04
9.693542187500000000e+04
9.700488281250000000e+04
9.710272656250000000e+04
9.713169531250000000e+04
9.709785937500000000e+04
9.704837500000000000e+04
9.699213281250000000e+04
9.706613281250000000e+04
9.721501562500000000e+04
9.732584375000000000e+04
9.736566406250000000e+04
9.749907031250000000e+04
9.761016406250000000e+04
9.760857031250000000e+04
9.745381250000000000e+04
9.741798437500000000e+04
9.747705468750000000e+04
9.768316406250000000e+04
9.788400000000000000e+04
9.798178906250000000e+04
9.804209375000000000e+04
9.794206250000000000e+04
9.779418750000000000e+04
9.776891406250000000e+04
9.784381250000000000e+04
9.780787500000000000e+04
9.769335156250000000e+04
9.760914843750000000e+04
9.758976562500000000e+04
9.752861718750000000e+04
9.716083593750000000e+04
9.670434375000000000e+04
9.617542968750000000e+04
9.617397656250000000e+04
9.633252343750000000e+04
9.656290625000000000e+04
9.682756250000000000e+04
9.721560156250000000e+04
9.728235156250000000e+04
9.681439843750000000e+04
9.586664062500000000e+04
9.531186718750000000e+04
9.511461718750000000e+04
9.522766406250000000e+04
9.560155468750000000e+04
9.599546875000000000e+04
9.635396875000000000e+04
9.668842968750000000e+04
9.684862500000000000e+04
9.679964062500000000e+04
9.659263281250000000e+04
9.649747656250000000e+04
9.637723437500000000e+04
9.617442968750000000e+04
9.595012500000000000e+04
9.588686718750000000e+04
9.584861718750000000e+04
9.589403125000000000e+04
9.600734375000000000e+04
9.619085156250000000e+04
9.639204687500000000e+04
9.646055468750000000e+04
9.634060156250000000e+04
9.646471875000000000e+04
9.673070312500000000e+04
9.700478906250000000e+04
9.727262500000000000e+04
9.764533593750000000e+04
9.799007031250000000e+04
9.823813281250000000e+04
9.822494531250000000e+04
9.818298437500000000e+04
9.811324218750000000e+04
9.808749218750000000e+04
9.803935156250000000e+04
9.786103125000000000e+04
9.768023437500000000e+04
9.748424218750000000e+04
9.736397656250000000e+04
9.737712500000000000e+04
9.748231250000000000e+04
9.751751562500000000e+04
9.741628125000000000e+04
9.745695312500000000e+04
9.738272656250000000e+04
9.726644531250000000e+04
9.707974218750000000e+04
9.704883593750000000e+04
9.703136718750000000e+04
9.700297656250000000e+04
9.701845312500000000e+04
9.709028125000000000e+04
9.725184375000000000e+04
9.736164843750000000e+04
9.739395312500000000e+04
9.756920312500000000e+04
9.767783593750000000e+04
9.778295312500000000e+04
9.776375781250000000e+04
9.775507031250000000e+04
9.770076562500000000e+04
9.761818750000000000e+04
9.760765625000000000e+04
9.753421093750000000e+04
9.756348437500000000e+04
9.751226562500000000e+04
9.742324218750000000e+04
9.742826562500000000e+04
9.758858593750000000e+04
9.772472656250000000e+04
9.772650000000000000e+04
9.788304687500000000e+04
9.798682812500000000e+04
9.810369531250000000e+04
9.809167187500000000e+04
9.817493750000000000e+04
9.827776562500000000e+04
9.837738281250000000e+04
9.839607812500000000e+04
9.847685937500000000e+04
9.857806250000000000e+04
9.870595312500000000e+04
9.862013281250000000e+04
9.866909375000000000e+04
9.865264843750000000e+04
9.862005468750000000e+04
9.854300781250000000e+04
9.853057812500000000e+04
9.856864062500000000e+04
9.875934375000000000e+04
9.897911718750000000e+04
9.912075781250000000e+04
9.921317187500000000e+04
9.920021093750000000e+04
9.921337500000000000e+04
9.912560156250000000e+04
9.903300781250000000e+04
