9.765114843750000000e+04
9.773025781250000000e+04
9.781282812500000000e+04
9.792129687500000000e+04
9.806180468750000000e+04
9.824996875000000000e+04
9.835846875000000000e+04
9.850077343750000000e+04
9.860857812500000000e+04
9.880076562500000000e+04
9.888589843750000000e+04
9.887552343750000000e+04
9.888810156250000000e+04
9.898242187500000000e+04
9.907642968750000000e+04
9.919692968750000000e+04
9.921291406250000000e+04
9.921854687500000000e+04
9.929489843750000000e+04
9.938240625000000000e+04
9.957209375000000000e+04
9.973262500000000000e+04
9.985641406250000000e+04
9.983006250000000000e+04
9.971099218750000000e+04
9.943783593750000000e+04
9.920714062500000000e+04
9.908559375000000000e+04
9.905946875000000000e+04
9.896950781250000000e+04
9.886756250000000000e+04
9.871050781250000000e+04
9.861785156250000000e+04
9.853601562500000000e+04
9.850985156250000000e+04
9.854154687500000000e+04
9.860239843750000000e+04
9.867243750000000000e+04
9.864704687500000000e+04
9.867741406250000000e+04
9.858085937500000000e+04
9.845601562500000000e+04
9.856132812500000000e+04
9.877418750000000000e+04
9.895919531250000000e+04
9.918531250000000000e+04
9.930841406250000000e+04
9.922847656250000000e+04
9.921542187500000000e+04
9.894400781250000000e+04
9.861244531250000000e+04
9.825051562500000000e+04
9.822379687500000000e+04
9.849121093750000000e+04
9.888267187500000000e+04
9.919722656250000000e+04
9.924503125000000000e+04
9.905034375000000000e+04
9.878383593750000000e+04
9.841657812500000000e+04
9.818523437500000000e+04
9.802081250000000000e+04
9.795300000000000000e+04
9.807838281250000000e+04
9.812823437500000000e+04
9.811242968750000000e+04
9.811439843750000000e+04
9.805142968750000000e+04
9.798734375000000000e+04
9.795495312500000000e+04
9.796632812500000000e+04
9.789690625000000000e+04
9.792195312500000000e+04
9.793289843750000000e+04
9.811470312500000000e+04
9.824392187500000000e+04
9.853856250000000000e+04
9.883911718750000000e+04
9.910467187500000000e+04
9.916710156250000000e+04
9.910105468750000000e+04
9.879935937500000000e+04
9.839928906250000000e+04
9.800071093750000000e+04
9.771697656250000000e+04
9.754378906250000000e+04
9.747875781250000000e+04
9.750341406250000000e+04
9.748790625000000000e+04
9.742749218750000000e+04
9.751009375000000000e+04
9.753242968750000000e+04
9.762581250000000000e+04
9.769814062500000000e+04
9.780784375000000000e+04
9.784192968750000000e+04
9.786611718750000000e+04
9.788806250000000000e+04
9.793353125000000000e+04
9.789192968750000000e+04
9.795442968750000000e+04
9.797857031250000000e+04
9.804177343750000000e+04
9.804274218750000000e+04
9.810118750000000000e+04
9.804677343750000000e+04
9.803728125000000000e+04
9.789482812500000000e+04
9.773968750000000000e+04
9.755008593750000000e+04
9.753556250000000000e+04
9.756800000000000000e+04
9.771032812500000000e+04
9.798209375000000000e+04
9.826971875000000000e+04
9.852495312500000000e+04
9.866932812500000000e+04
9.869507812500000000e+04
9.868861718750000000e+04
9.856854687500000000e+04
9.841319531250000000e+04
9.829340625000000000e+04
9.821304687500000000e+04
9.807528125000000000e+04
9.798132812500000000e+04
9.795060156250000000e+04
9.810164843750000000e+04
9.817167187500000000e+04
9.807767187500000000e+04
9.796652343750000000e+04
9.784164062500000000e+04
9.774484375000000000e+04
9.776564062500000000e+04
9.760912500000000000e+04
9.751603125000000000e+04
9.747591406250000000e+04
9.738347656250000000e+04
9.726971875000000000e+04
9.732725781250000000e+04
9.738245312500000000e+04
9.741683593750000000e+04
9.740921093750000000e+04
9.729654687500000000e+04
9.728388281250000000e+04
9.733080468750000000e+04
9.766639843750000000e+04
9.800523437500000000e+04
9.830461718750000000e+04
9.830571093750000000e+04
9.792800781250000000e+04
9.744583593750000000e+04
9.728716406250000000e+04
9.754140625000000000e+04
9.766230468750000000e+04
9.758915625000000000e+04
9.738600000000000000e+04
9.729435156250000000e+04
9.734914062500000000e+04
9.740128125000000000e+04
9.732465625000000000e+04
9.724773437500000000e+04
9.708290625000000000e+04
9.677759375000000000e+04
9.623808593750000000e+04
9.597636718750000000e+04
9.571829687500000000e+04
9.546467187500000000e+04
9.538072656250000000e+04
9.531825781250000000e+04
9.534862500000000000e+04
9.549175781250000000e+04
9.575581250000000000e+04
9.609249218750000000e+04
9.639917187500000000e+04
9.675350781250000000e+04
9.697702343750000000e+04
9.722855468750000000e+04
9.746683593750000000e+04
9.769320312500000000e+04
9.778505468750000000e+04
9.778077343750000000e+04
9.761727343750000000e+04
9.754469531250000000e+04
9.756392968750000000e+04
9.753965625000000000e+04
9.755129687500000000e+04
9.755498437500000000e+04
9.755077343750000000e+04
9.753121875000000000e+04
9.707782812500000000e+04
9.631318750000000000e+04
9.638630468750000000e+04
9.649978125000000000e+04
9.661978906250000000e+04
9.692171093750000000e+04
9.770222656250000000e+04
9.856962500000000000e+04
9.917195312500000000e+04
9.943435937500000000e+04
9.907415625000000000e+04
9.849819531250000000e+04
9.782872656250000000e+04
9.731876562500000000e+04
9.688907031250000000e+04
9.643862500000000000e+04
9.606293750000000000e+04
9.582296875000000000e+04
9.576686718750000000e+04
9.574953125000000000e+04
9.564342187500000000e+04
9.587832812500000000e+04
9.625653125000000000e+04
9.677838281250000000e+04
9.728230468750000000e+04
9.787158593750000000e+04
9.822170312500000000e+04
9.845296875000000000e+04
9.853669531250000000e+04
9.841514843750000000e+04
9.797546875000000000e+04
9.740999218750000000e+04
9.677672656250000000e+04
9.650946875000000000e+04
9.652172656250000000e+04
9.655239843750000000e+04
9.664556250000000000e+04
9.691751562500000000e+04
9.721571093750000000e+04
9.760498437500000000e+04
9.809514843750000000e+04
9.857254687500000000e+04
9.867962500000000000e+04
9.845142968750000000e+04
9.789393750000000000e+04
9.736614062500000000e+04
9.728164062500000000e+04
9.741792187500000000e+04
9.754708593750000000e+04
9.762421875000000000e+04
9.758289843750000000e+04
9.748856250000000000e+04
9.732682812500000000e+04
9.723846875000000000e+04
9.730649218750000000e+04
9.731828125000000000e+04
9.725034375000000000e+04
9.751395312500000000e+04
9.802157812500000000e+04
9.824301562500000000e+04
9.823492968750000000e+04
9.806974218750000000e+04
9.761059375000000000e+04
9.737337500000000000e+04
9.716986718750000000e+04
9.717663281250000000e+04
9.726385156250000000e+04
9.747557031250000000e+04
9.775072656250000000e+04
9.780920312500000000e+04
9.768510156250000000e+04
9.774127343750000000e+04
9.788235937500000000e+04
9.821688281250000000e+04
9.843304687500000000e+04
9.862320312500000000e+04
9.860520312500000000e+04
9.849149218750000000e+04
9.820285937500000000e+04
9.800922656250000000e+04
9.786939843750000000e+04
9.789595312500000000e+04
9.795577343750000000e+04
9.809115625000000000e+04
9.822405468750000000e+04
9.840778125000000000e+04
9.875094531250000000e+04
9.925161718750000000e+04
9.962800000000000000e+04
9.985271875000000000e+04
1.000700000000000000e+05
1.000591953125000000e+05
1.001159218750000000e+05
1.001991562500000000e+05
1.000446562500000000e+05
9.928830468750000000e+04
9.869714843750000000e+04
9.853292968750000000e+04
9.849422656250000000e+04
9.869289843750000000e+04
9.889180468750000000e+04
9.893226562500000000e+04
9.910645312500000000e+04
9.948482812500000000e+04
9.981025781250000000e+04
9.981639843750000000e+04
9.953678906250000000e+04
9.930984375000000000e+04
9.930291406250000000e+04
9.963726562500000000e+04
9.983778906250000000e+04
1.000514375000000000e+05
1.001295000000000000e+05
1.002191484375000000e+05
1.002904218750000000e+05
1.003969140625000000e+05
1.003864765625000000e+05
1.004181484375000000e+05
1.005679531250000000e+05
1.008374453125000000e+05
1.009766328125000000e+05
1.011874453125000000e+05
1.012162890625000000e+05
1.012053671875000000e+05
1.010308281250000000e+05
1.006341171875000000e+05
1.002246250000000000e+05
9.995709375000000000e+04
9.963418750000000000e+04
9.922045312500000000e+04
9.882285937500000000e+04
9.851401562500000000e+04
9.804420312500000000e+04
9.795257812500000000e+04
9.801479687500000000e+04
9.801473437500000000e+04
9.800787500000000000e+04
9.843077343750000000e+04
9.910007812500000000e+04
9.958544531250000000e+04
9.987914062500000000e+04
1.001770859375000000e+05
1.004750156250000000e+05
1.006389140625000000e+05
1.007298437500000000e+05
1.008004765625000000e+05
1.009049140625000000e+05
1.009582578125000000e+05
1.009596250000000000e+05
1.010005000000000000e+05
1.010888984375000000e+05
1.010955859375000000e+05
1.010998281250000000e+05
1.011011171875000000e+05
1.011825156250000000e+05
1.011806406250000000e+05
1.011284843750000000e+05
1.009133359375000000e+05
1.007030625000000000e+05
1.003380937500000000e+05
9.982862500000000000e+04
9.981945312500000000e+04
9.991094531250000000e+04
9.990734375000000000e+04
9.991447656250000000e+04
9.989762500000000000e+04
9.994276562500000000e+04
1.001178437500000000e+05
1.000899140625000000e+05
9.998328906250000000e+04
1.000749453125000000e+05
1.001802656250000000e+05
1.003783046875000000e+05
1.004762421875000000e+05
1.004871718750000000e+05
1.005413671875000000e+05
1.005010468750000000e+05
1.004817031250000000e+05
1.004019218750000000e+05
1.002705781250000000e+05
9.996831250000000000e+04
9.969963281250000000e+04
9.953785937500000000e+04
9.940764062500000000e+04
9.939330468750000000e+04
9.944273437500000000e+04
9.947913281250000000e+04
9.940694531250000000e+04
9.922471875000000000e+04
9.895864062500000000e+04
9.899528125000000000e+04
9.889042968750000000e+04
9.888864843750000000e+04
9.877899218750000000e+04
9.846811718750000000e+04
9.816877343750000000e+04
9.780596875000000000e+04
9.769128906250000000e+04
9.769521875000000000e+04
9.756392968750000000e+04
9.736538281250000000e+04
9.725345312500000000e+04
9.726371093750000000e+04
9.728634375000000000e+04
9.736276562500000000e+04
9.746624218750000000e+04
9.765320312500000000e+04
9.774911718750000000e+04
9.772985937500000000e+04
9.790297656250000000e+04
9.821570312500000000e+04
9.855596875000000000e+04
9.862982812500000000e+04
9.811104687500000000e+04
9.749704687500000000e+04
9.752249218750000000e+04
9.773922656250000000e+04
9.810463281250000000e+04
9.828078125000000000e+04
9.792157031250000000e+04
9.754123437500000000e+04
9.767185156250000000e+04
9.810828906250000000e+04
9.839068750000000000e+04
9.852110156250000000e+04
9.864592968750000000e+04
9.885494531250000000e+04
9.898988281250000000e+04
9.892050000000000000e+04
9.856307031250000000e+04
9.772430468750000000e+04
9.737073437500000000e+04
9.734633593750000000e+04
9.795797656250000000e+04
9.812670312500000000e+04
9.727548437500000000e+04
9.742972656250000000e+04
9.772613281250000000e+04
9.760546875000000000e+04
9.723357031250000000e+04
9.662071875000000000e+04
9.615588281250000000e+04
9.664232812500000000e+04
9.716639843750000000e+04
9.727204687500000000e+04
9.739424218750000000e+04
9.753996875000000000e+04
9.774236718750000000e+04
9.770059375000000000e+04
9.765081250000000000e+04
9.771462500000000000e+04
9.762851562500000000e+04
9.749354687500000000e+04
9.752954687500000000e+04
9.764884375000000000e+04
9.763428906250000000e+04
9.736689843750000000e+04
9.714700781250000000e+04
9.701817187500000000e+04
9.718297656250000000e+04
9.745465625000000000e+04
9.784735156250000000e+04
9.806865625000000000e+04
9.834154687500000000e+04
9.850952343750000000e+04
9.873516406250000000e+04
9.891170312500000000e+04
9.911247656250000000e+04
9.912302343750000000e+04
9.914840625000000000e+04
9.902700781250000000e+04
9.902150000000000000e+04
9.890542968750000000e+04
9.869064062500000000e+04
9.850086718750000000e+04
9.861100781250000000e+04
9.872387500000000000e+04
9.877372656250000000e+04
9.849180468750000000e+04
9.790696875000000000e+04
9.733072656250000000e+04
9.749577343750000000e+04
9.786627343750000000e+04
9.817564843750000000e+04
9.840469531250000000e+04
9.857971093750000000e+04
9.877981250000000000e+04
9.879464062500000000e+04
9.866675781250000000e+04
9.835274218750000000e+04
9.800094531250000000e+04
9.758197656250000000e+04
9.704542968750000000e+04
9.667278125000000000e+04
9.625742187500000000e+04
9.611406250000000000e+04
9.525022656250000000e+04
9.398739843750000000e+04
9.344041406250000000e+04
9.408711718750000000e+04
9.440483593750000000e+04
9.477811718750000000e+04
9.541109375000000000e+04
9.601460156250000000e+04
9.600084375000000000e+04
9.606135937500000000e+04
9.642920312500000000e+04
9.650687500000000000e+04
9.643668750000000000e+04
9.688543750000000000e+04
9.718871875000000000e+04
9.758125781250000000e+04
9.807470312500000000e+04
9.853505468750000000e+04
9.882449218750000000e+04
9.892835937500000000e+04
9.904348437500000000e+04
9.930323437500000000e+04
9.968193750000000000e+04
1.000845859375000000e+05
1.003244843750000000e+05
1.006861640625000000e+05
1.009838671875000000e+05
1.011131875000000000e+05
1.008939375000000000e+05
1.005385234375000000e+05
1.006631562500000000e+05
1.008457656250000000e+05
1.006076406250000000e+05
1.005110234375000000e+05
1.010984921875000000e+05
1.014773046875000000e+05
1.014632734375000000e+05
1.013775468750000000e+05
1.014848671875000000e+05
1.013844843750000000e+05
1.010095156250000000e+05
1.005772578125000000e+05
1.001620625000000000e+05
9.962456250000000000e+04
9.931446875000000000e+04
9.924125781250000000e+04
9.970096875000000000e+04
1.003969453125000000e+05
1.008518984375000000e+05
1.014455859375000000e+05
1.019759921875000000e+05
1.022756015625000000e+05
1.023571484375000000e+05
1.024311718750000000e+05
1.024053125000000000e+05
1.022907109375000000e+05
1.020916250000000000e+05
1.017679765625000000e+05
1.012387421875000000e+05
1.006093828125000000e+05
1.001763984375000000e+05
1.002420078125000000e+05
1.005633593750000000e+05
1.007659062500000000e+05
1.007308125000000000e+05
1.009076406250000000e+05
1.011617656250000000e+05
1.012607812500000000e+05
1.010712656250000000e+05
1.006986953125000000e+05
1.001550859375000000e+05
9.980606250000000000e+04
9.955364843750000000e+04
9.961635937500000000e+04
9.995949218750000000e+04
9.973192187500000000e+04
9.929186718750000000e+04
9.962816406250000000e+04
9.974858593750000000e+04
9.995827343750000000e+04
1.002875312500000000e+05
1.005125859375000000e+05
1.007034921875000000e+05
1.006390312500000000e+05
1.004753359375000000e+05
1.002842187500000000e+05
1.001297734375000000e+05
9.996616406250000000e+04
9.980441406250000000e+04
9.976197656250000000e+04
9.982027343750000000e+04
9.981805468750000000e+04
9.949416406250000000e+04
9.884498437500000000e+04
9.834252343750000000e+04
9.918120312500000000e+04
1.002537968750000000e+05
1.009239375000000000e+05
1.010997734375000000e+05
1.007728515625000000e+05
9.968449218750000000e+04
9.911443750000000000e+04
9.901759375000000000e+04
9.879149218750000000e+04
9.846468750000000000e+04
9.888281250000000000e+04
9.957215625000000000e+04
9.996758593750000000e+04
1.000623281250000000e+05
9.996770312500000000e+04
1.000849921875000000e+05
1.003736250000000000e+05
1.003289218750000000e+05
1.000862265625000000e+05
1.003253359375000000e+05
1.008991640625000000e+05
1.012604921875000000e+05
1.013036875000000000e+05
1.016076328125000000e+05
1.017529453125000000e+05
1.019578359375000000e+05
1.020606640625000000e+05
1.020407343750000000e+05
1.019843828125000000e+05
1.017472890625000000e+05
1.016515468750000000e+05
1.016649218750000000e+05
1.017146484375000000e+05
1.016972656250000000e+05
1.016020703125000000e+05
1.015958828125000000e+05
1.014967734375000000e+05
1.012312656250000000e+05
1.010371328125000000e+05
1.008421562500000000e+05
1.007702343750000000e+05
1.004776328125000000e+05
1.004270781250000000e+05
1.007160625000000000e+05
1.009091015625000000e+05
1.009202031250000000e+05
1.009706875000000000e+05
1.010782578125000000e+05
1.012417968750000000e+05
1.012426640625000000e+05
1.011418515625000000e+05
1.009818671875000000e+05
1.007935625000000000e+05
1.005790078125000000e+05
1.003457812500000000e+05
9.994160156250000000e+04
9.967852343750000000e+04
9.989579687500000000e+04
1.004329218750000000e+05
1.007638281250000000e+05
1.010332421875000000e+05
1.011888593750000000e+05
1.013887265625000000e+05
1.013496171875000000e+05
1.014309218750000000e+05
1.014745703125000000e+05
1.015961171875000000e+05
1.018508281250000000e+05
1.018608281250000000e+05
1.017153359375000000e+05
1.016693046875000000e+05
1.016524218750000000e+05
1.016330546875000000e+05
1.014981250000000000e+05
1.013258593750000000e+05
1.009645703125000000e+05
1.003069062500000000e+05
9.954715625000000000e+04
9.927816406250000000e+04
9.913070312500000000e+04
9.925385156250000000e+04
9.892836718750000000e+04
9.876785156250000000e+04
9.935741406250000000e+04
9.950126562500000000e+04
9.943763281250000000e+04
9.977316406250000000e+04
9.998663281250000000e+04
1.000369453125000000e+05
1.003859218750000000e+05
1.008578593750000000e+05
1.013223437500000000e+05
1.016180234375000000e+05
1.016618515625000000e+05
1.016781562500000000e+05
1.017864296875000000e+05
1.017443750000000000e+05
1.015792265625000000e+05
1.013104843750000000e+05
1.011224062500000000e+05
1.010275078125000000e+05
1.009947187500000000e+05
1.010886953125000000e+05
1.012632343750000000e+05
1.013335078125000000e+05
1.013963515625000000e+05
1.014620937500000000e+05
1.015636250000000000e+05
1.016645937500000000e+05
1.017174375000000000e+05
1.017460156250000000e+05
1.017649921875000000e+05
1.017185468750000000e+05
1.016111484375000000e+05
1.015644375000000000e+05
1.016428593750000000e+05
1.016057187500000000e+05
1.015170078125000000e+05
1.013805000000000000e+05
1.013264687500000000e+05
1.011296015625000000e+05
1.006305234375000000e+05
1.002251562500000000e+05
1.004659843750000000e+05
1.007267031250000000e+05
1.005539140625000000e+05
1.002724375000000000e+05
1.000323984375000000e+05
9.954718750000000000e+04
9.894833593750000000e+04
9.867024218750000000e+04
9.883527343750000000e+04
9.899701562500000000e+04
9.874459375000000000e+04
9.797787500000000000e+04
9.679046875000000000e+04
9.598110156250000000e+04
9.573765625000000000e+04
9.593766406250000000e+04
9.631257812500000000e+04
9.668893750000000000e+04
9.696377343750000000e+04
9.736847656250000000e+04
9.770730468750000000e+04
9.813871093750000000e+04
9.847842187500000000e+04
9.895914843750000000e+04
9.934300000000000000e+04
9.961763281250000000e+04
9.971802343750000000e+04
9.992266406250000000e+04
1.001189687500000000e+05
1.000694296875000000e+05
9.979093750000000000e+04
9.955336718750000000e+04
9.954472656250000000e+04
9.947521093750000000e+04
9.934961718750000000e+04
9.915424218750000000e+04
9.905912500000000000e+04
9.895160156250000000e+04
9.910843750000000000e+04
9.918056250000000000e+04
9.907497656250000000e+04
9.880356250000000000e+04
9.856977343750000000e+04
9.832350000000000000e+04
9.814123437500000000e+04
9.825050781250000000e+04
9.820213281250000000e+04
9.812400781250000000e+04
9.756547656250000000e+04
9.674928125000000000e+04
9.660432812500000000e+04
9.652111718750000000e+04
9.576348437500000000e+04
9.565111718750000000e+04
9.614914843750000000e+04
9.692579687500000000e+04
9.778125781250000000e+04
9.852848437500000000e+04
9.858717187500000000e+04
9.818097656250000000e+04
9.781673437500000000e+04
9.865708593750000000e+04
9.956881250000000000e+04
1.000687968750000000e+05
9.999639843750000000e+04
9.959005468750000000e+04
9.898086718750000000e+04
9.861433593750000000e+04
9.873074218750000000e+04
9.960620312500000000e+04
1.005880703125000000e+05
1.011912890625000000e+05
1.014078671875000000e+05
1.016167109375000000e+05
1.012326406250000000e+05
1.006558593750000000e+05
1.002865625000000000e+05
9.991542187500000000e+04
9.974770312500000000e+04
9.967457031250000000e+04
9.967709375000000000e+04
9.978757812500000000e+04
9.974435156250000000e+04
9.974579687500000000e+04
9.976640625000000000e+04
9.963118750000000000e+04
9.949496875000000000e+04
9.946852343750000000e+04
9.929864062500000000e+04
9.905337500000000000e+04
9.846760156250000000e+04
9.811407031250000000e+04
9.759964843750000000e+04
9.743571093750000000e+04
9.719692187500000000e+04
9.744139843750000000e+04
9.776171875000000000e+04
9.803420312500000000e+04
9.808074218750000000e+04
9.834361718750000000e+04
9.867520312500000000e+04
9.887836718750000000e+04
9.899457812500000000e+04
9.890351562500000000e+04
9.875049218750000000e+04
9.841158593750000000e+04
9.823061718750000000e+04
9.831609375000000000e+04
9.857649218750000000e+04
9.885717187500000000e+04
9.920760156250000000e+04
9.965035937500000000e+04
1.000841406250000000e+05
1.002474218750000000e+05
1.004001171875000000e+05
1.002661328125000000e+05
1.000895312500000000e+05
9.959231250000000000e+04
9.921996875000000000e+04
9.867285156250000000e+04
9.797690625000000000e+04
9.733235937500000000e+04
9.680511718750000000e+04
9.637699218750000000e+04
9.597057812500000000e+04
9.604549218750000000e+04
9.662633593750000000e+04
9.725669531250000000e+04
9.765446875000000000e+04
9.759882812500000000e+04
9.716728906250000000e+04
9.671238281250000000e+04
9.662080468750000000e+04
9.701541406250000000e+04
9.726815625000000000e+04
9.752298437500000000e+04
9.786261718750000000e+04
9.787284375000000000e+04
9.759607031250000000e+04
9.758674218750000000e+04
9.768903125000000000e+04
9.798654687500000000e+04
9.841714062500000000e+04
9.858939843750000000e+04
9.855933593750000000e+04
9.854282812500000000e+04
9.837383593750000000e+04
9.822485937500000000e+04
9.780629687500000000e+04
9.707520312500000000e+04
9.656219531250000000e+04
9.629438281250000000e+04
9.583776562500000000e+04
9.548691406250000000e+04
9.555508593750000000e+04
9.546319531250000000e+04
9.533441406250000000e+04
9.545640625000000000e+04
9.574633593750000000e+04
9.623730468750000000e+04
9.690592187500000000e+04
9.756908593750000000e+04
9.798242187500000000e+04
9.827426562500000000e+04
9.836762500000000000e+04
9.831425781250000000e+04
9.804008593750000000e+04
9.772001562500000000e+04
9.729406250000000000e+04
9.710542187500000000e+04
9.700990625000000000e+04
9.691648437500000000e+04
9.680807031250000000e+04
9.667816406250000000e+04
9.623813281250000000e+04
9.584861718750000000e+04
9.580820312500000000e+04
9.639577343750000000e+04
9.727796875000000000e+04
9.766302343750000000e+04
9.686853125000000000e+04
9.625684375000000000e+04
9.647129687500000000e+04
9.705171093750000000e+04
9.720680468750000000e+04
9.711411718750000000e+04
9.729995312500000000e+04
9.779631250000000000e+04
9.863538281250000000e+04
9.917111718750000000e+04
9.953605468750000000e+04
9.971378906250000000e+04
9.999926562500000000e+04
9.989610156250000000e+04
9.962164843750000000e+04
9.943720312500000000e+04
9.926600781250000000e+04
9.911081250000000000e+04
9.895143750000000000e+04
9.885173437500000000e+04
9.882792187500000000e+04
9.881268750000000000e+04
9.882904687500000000e+04
9.863128906250000000e+04
9.828614062500000000e+04
9.849564843750000000e+04
9.878345312500000000e+04
9.862984375000000000e+04
9.824314843750000000e+04
9.845438281250000000e+04
9.888263281250000000e+04
9.881154687500000000e+04
9.854471875000000000e+04
9.886209375000000000e+04
9.959228125000000000e+04
9.971864062500000000e+04
9.953926562500000000e+04
9.932357812500000000e+04
9.950243750000000000e+04
9.959171875000000000e+04
1.007190078125000000e+05
1.011306015625000000e+05
1.009049375000000000e+05
1.000621718750000000e+05
9.922973437500000000e+04
9.852803125000000000e+04
9.819425781250000000e+04
9.790167187500000000e+04
9.786927343750000000e+04
9.807849218750000000e+04
9.847837500000000000e+04
9.918061718750000000e+04
9.989020312500000000e+04
1.003164453125000000e+05
1.006119453125000000e+05
1.005971250000000000e+05
1.000847656250000000e+05
9.935405468750000000e+04
9.870518750000000000e+04
9.844517187500000000e+04
9.935008593750000000e+04
1.004257343750000000e+05
1.009317265625000000e+05
1.007151171875000000e+05
1.001440937500000000e+05
9.985728906250000000e+04
9.977724218750000000e+04
1.000165937500000000e+05
1.003280234375000000e+05
1.008639140625000000e+05
1.011737265625000000e+05
1.011761484375000000e+05
1.012632343750000000e+05
1.012491953125000000e+05
1.010700000000000000e+05
1.008426484375000000e+05
1.007449921875000000e+05
1.005693125000000000e+05
1.001504921875000000e+05
9.963400781250000000e+04
9.894710156250000000e+04
7.150862500000000000e+04
6.455956640625000000e+04
7.021204687500000000e+04
7.565462500000000000e+04
7.977345312500000000e+04
7.977345312500000000e+04
7.977345312500000000e+04
7.977345312500000000e+04
7.591087500000000000e+04
7.484292968750000000e+04
7.485256250000000000e+04
7.977345312500000000e+04
7.977345312500000000e+04
7.977345312500000000e+04
7.977345312500000000e+04
7.977345312500000000e+04
7.977345312500000000e+04
7.977345312500000000e+04
7.977345312500000000e+04
7.977345312500000000e+04
7.977345312500000000e+04
7.977345312500000000e+04
7.977345312500000000e+04
7.977345312500000000e+04
7.977345312500000000e+04
7.977345312500000000e+04
7.977345312500000000e+04
7.977345312500000000e+04
7.977345312500000000e+04
7.977345312500000000e+04
7.977345312500000000e+04
7.977345312500000000e+04
7.977345312500000000e+04
7.977345312500000000e+04
7.977345312500000000e+04
7.977345312500000000e+04
7.977345312500000000e+04
7.687683593750000000e+04
7.977345312500000000e+04
7.977345312500000000e+04
7.977345312500000000e+04
7.977345312500000000e+04
7.977345312500000000e+04
7.977345312500000000e+04
7.977345312500000000e+04
7.977345312500000000e+04
7.977345312500000000e+04
7.977345312500000000e+04
7.977345312500000000e+04
7.977345312500000000e+04
7.977345312500000000e+04
7.977345312500000000e+04
7.686299218750000000e+04
7.977345312500000000e+04
7.977345312500000000e+04
7.977345312500000000e+04
7.977345312500000000e+04
7.977345312500000000e+04
7.977345312500000000e+04
7.977345312500000000e+04
7.977345312500000000e+04
7.977345312500000000e+04
7.977345312500000000e+04
7.977345312500000000e+04
7.977345312500000000e+04
7.977345312500000000e+04
7.977345312500000000e+04
7.684968750000000000e+04
7.977345312500000000e+04
7.977345312500000000e+04
7.977345312500000000e+04
7.977345312500000000e+04
7.977345312500000000e+04
7.977345312500000000e+04
7.977345312500000000e+04
7.977345312500000000e+04
7.977345312500000000e+04
7.977345312500000000e+04
7.977345312500000000e+04
7.977345312500000000e+04
7.977345312500000000e+04
7.977345312500000000e+04
7.977345312500000000e+04
7.977345312500000000e+04
7.977345312500000000e+04
7.977345312500000000e+04
7.977345312500000000e+04
7.977345312500000000e+04
7.977345312500000000e+04
7.977345312500000000e+04
7.977345312500000000e+04
7.977345312500000000e+04
7.977345312500000000e+04
7.977345312500000000e+04
7.977345312500000000e+04
7.977345312500000000e+04
7.977345312500000000e+04
7.977345312500000000e+04
7.977345312500000000e+04
7.977345312500000000e+04
7.977345312500000000e+04
7.977345312500000000e+04
7.977345312500000000e+04
7.977345312500000000e+04
7.977345312500000000e+04
7.977345312500000000e+04
7.977345312500000000e+04
7.977345312500000000e+04
7.977345312500000000e+04
7.977345312500000000e+04
7.977345312500000000e+04
7.977345312500000000e+04
7.977345312500000000e+04
7.977345312500000000e+04
7.977345312500000000e+04
7.977345312500000000e+04
7.977345312500000000e+04
7.977345312500000000e+04
7.977345312500000000e+04
7.977345312500000000e+04
7.977345312500000000e+04
7.977345312500000000e+04
7.977345312500000000e+04
7.977345312500000000e+04
7.977345312500000000e+04
7.977345312500000000e+04
7.977345312500000000e+04
7.977345312500000000e+04
7.977345312500000000e+04
7.977345312500000000e+04
7.977345312500000000e+04
7.977345312500000000e+04
7.977345312500000000e+04
7.977345312500000000e+04
7.977345312500000000e+04
7.977345312500000000e+04
7.977345312500000000e+04
7.977345312500000000e+04
7.977345312500000000e+04
7.977345312500000000e+04
7.977345312500000000e+04
7.977345312500000000e+04
7.977345312500000000e+04
7.977345312500000000e+04
7.977345312500000000e+04
7.977345312500000000e+04
7.977345312500000000e+04
7.977345312500000000e+04
7.977345312500000000e+04
7.977345312500000000e+04
7.977345312500000000e+04
7.977345312500000000e+04
7.977345312500000000e+04
7.977345312500000000e+04
7.977345312500000000e+04
7.977345312500000000e+04
7.977345312500000000e+04
7.977345312500000000e+04
7.977345312500000000e+04
7.977345312500000000e+04
7.977345312500000000e+04
7.977345312500000000e+04
7.977345312500000000e+04
7.977345312500000000e+04
7.977345312500000000e+04
7.977345312500000000e+04
7.977345312500000000e+04
7.977345312500000000e+04
7.977345312500000000e+04
7.977345312500000000e+04
7.977345312500000000e+04
7.977345312500000000e+04
7.977345312500000000e+04
7.977345312500000000e+04
7.977345312500000000e+04
7.977345312500000000e+04
7.977345312500000000e+04
7.977345312500000000e+04
7.977345312500000000e+04
7.977345312500000000e+04
7.977345312500000000e+04
7.977345312500000000e+04
7.977345312500000000e+04
7.977345312500000000e+04
7.977345312500000000e+04
7.977345312500000000e+04
7.977345312500000000e+04
7.977345312500000000e+04
7.977345312500000000e+04
7.977345312500000000e+04
7.977345312500000000e+04
7.977345312500000000e+04
7.977345312500000000e+04
7.977345312500000000e+04
7.977345312500000000e+04
7.977345312500000000e+04
7.977345312500000000e+04
7.977345312500000000e+04
7.977345312500000000e+04
7.977345312500000000e+04
7.887307812500000000e+04
7.977345312500000000e+04
7.977345312500000000e+04
7.977345312500000000e+04
7.977345312500000000e+04
7.977345312500000000e+04
7.977345312500000000e+04
7.977345312500000000e+04
7.977345312500000000e+04
7.977345312500000000e+04
7.977345312500000000e+04
7.977345312500000000e+04
7.977345312500000000e+04
7.977345312500000000e+04
7.977345312500000000e+04
7.887307812500000000e+04
7.977345312500000000e+04
7.977345312500000000e+04
7.977345312500000000e+04
7.977345312500000000e+04
7.977345312500000000e+04
7.977345312500000000e+04
7.977345312500000000e+04
7.977345312500000000e+04
7.977345312500000000e+04
7.977345312500000000e+04
7.977345312500000000e+04
7.977345312500000000e+04
7.977345312500000000e+04
7.977345312500000000e+04
7.887308593750000000e+04
7.977345312500000000e+04
7.977345312500000000e+04
7.977345312500000000e+04
7.977345312500000000e+04
7.977345312500000000e+04
7.977345312500000000e+04
7.977345312500000000e+04
7.977345312500000000e+04
7.977345312500000000e+04
7.977345312500000000e+04
7.977345312500000000e+04
7.977345312500000000e+04
7.977345312500000000e+04
7.977345312500000000e+04
7.977345312500000000e+04
7.977345312500000000e+04
7.977345312500000000e+04
7.977345312500000000e+04
7.977345312500000000e+04
7.977345312500000000e+04
7.977345312500000000e+04
7.977345312500000000e+04
7.977345312500000000e+04
7.977345312500000000e+04
7.977345312500000000e+04
7.977345312500000000e+04
7.977345312500000000e+04
7.977345312500000000e+04
7.977345312500000000e+04
7.977345312500000000e+04
7.977345312500000000e+04
7.977345312500000000e+04
7.977345312500000000e+04
7.977345312500000000e+04
7.977345312500000000e+04
7.977345312500000000e+04
7.977345312500000000e+04
7.977345312500000000e+04
7.977345312500000000e+04
7.977345312500000000e+04
7.977345312500000000e+04
7.977345312500000000e+04
7.977345312500000000e+04
7.977345312500000000e+04
7.977345312500000000e+04
7.977345312500000000e+04
7.977345312500000000e+04
7.977345312500000000e+04
7.977345312500000000e+04
7.977345312500000000e+04
7.977345312500000000e+04
7.977345312500000000e+04
7.977345312500000000e+04
7.977345312500000000e+04
7.977345312500000000e+04
7.977345312500000000e+04
7.977345312500000000e+04
7.977345312500000000e+04
7.977345312500000000e+04
7.977345312500000000e+04
7.977345312500000000e+04
7.977345312500000000e+04
7.977345312500000000e+04
7.977345312500000000e+04
7.977345312500000000e+04
7.977345312500000000e+04
7.977345312500000000e+04
7.977345312500000000e+04
7.977345312500000000e+04
7.977345312500000000e+04
7.977345312500000000e+04
7.977345312500000000e+04
7.977345312500000000e+04
7.977345312500000000e+04
7.977345312500000000e+04
7.977345312500000000e+04
7.977345312500000000e+04
7.977345312500000000e+04
7.977345312500000000e+04
7.977345312500000000e+04
7.977345312500000000e+04
7.977345312500000000e+04
7.977345312500000000e+04
7.977345312500000000e+04
7.977345312500000000e+04
7.977345312500000000e+04
7.977345312500000000e+04
7.977345312500000000e+04
7.977345312500000000e+04
7.977345312500000000e+04
7.977345312500000000e+04
7.977345312500000000e+04
7.977345312500000000e+04
7.977345312500000000e+04
7.977345312500000000e+04
7.977345312500000000e+04
7.977345312500000000e+04
7.977345312500000000e+04
7.977345312500000000e+04
7.977345312500000000e+04
7.977345312500000000e+04
7.977345312500000000e+04
7.977345312500000000e+04
7.977345312500000000e+04
7.977345312500000000e+04
7.977345312500000000e+04
7.977345312500000000e+04
7.977345312500000000e+04
7.977345312500000000e+04
7.977345312500000000e+04
7.977345312500000000e+04
7.977345312500000000e+04
7.977345312500000000e+04
7.977345312500000000e+04
7.977345312500000000e+04
7.977345312500000000e+04
7.977345312500000000e+04
7.977345312500000000e+04
7.977345312500000000e+04
7.977345312500000000e+04
7.977345312500000000e+04
7.977345312500000000e+04
7.977345312500000000e+04
7.977345312500000000e+04
7.977345312500000000e+04
7.977345312500000000e+04
7.977345312500000000e+04
7.977345312500000000e+04
7.977345312500000000e+04
7.977345312500000000e+04
7.977345312500000000e+04
7.977345312500000000e+04
7.977345312500000000e+04
7.977345312500000000e+04
7.977345312500000000e+04
7.977345312500000000e+04
7.977345312500000000e+04
7.977345312500000000e+04
7.977345312500000000e+04
7.977345312500000000e+04
7.977345312500000000e+04
7.977345312500000000e+04
7.977345312500000000e+04
7.977345312500000000e+04
7.977345312500000000e+04
7.977345312500000000e+04
7.977345312500000000e+04
7.977345312500000000e+04
7.977345312500000000e+04
7.977345312500000000e+04
7.977345312500000000e+04
7.977345312500000000e+04
7.977345312500000000e+04
7.977345312500000000e+04
7.977345312500000000e+04
7.977345312500000000e+04
7.977345312500000000e+04
7.977345312500000000e+04
7.977345312500000000e+04
7.977345312500000000e+04
7.977345312500000000e+04
7.977345312500000000e+04
7.977345312500000000e+04
7.977345312500000000e+04
7.977345312500000000e+04
7.977345312500000000e+04
7.977345312500000000e+04
7.977345312500000000e+04
7.977345312500000000e+04
7.977345312500000000e+04
7.977345312500000000e+04
7.977345312500000000e+04
7.977345312500000000e+04
7.977345312500000000e+04
7.977345312500000000e+04
7.977345312500000000e+04
7.977345312500000000e+04
7.977345312500000000e+04
7.977345312500000000e+04
7.977345312500000000e+04
7.977345312500000000e+04
7.977345312500000000e+04
7.977345312500000000e+04
7.977345312500000000e+04
7.977345312500000000e+04
7.977345312500000000e+04
7.977345312500000000e+04
7.977345312500000000e+04
7.977345312500000000e+04
7.977345312500000000e+04
7.977345312500000000e+04
7.977345312500000000e+04
7.977345312500000000e+04
7.977345312500000000e+04
7.977345312500000000e+04
7.977345312500000000e+04
7.977345312500000000e+04
7.977345312500000000e+04
7.977345312500000000e+04
7.977345312500000000e+04
7.977345312500000000e+04
7.977345312500000000e+04
7.977345312500000000e+04
7.977345312500000000e+04
7.977345312500000000e+04
7.977345312500000000e+04
7.977345312500000000e+04
7.977345312500000000e+04
7.977345312500000000e+04
7.977345312500000000e+04
7.977345312500000000e+04
7.977345312500000000e+04
7.977345312500000000e+04
7.977345312500000000e+04
7.977345312500000000e+04
7.977345312500000000e+04
7.977345312500000000e+04
7.977345312500000000e+04
7.977345312500000000e+04
7.977345312500000000e+04
7.977345312500000000e+04
7.977345312500000000e+04
7.977345312500000000e+04
7.977345312500000000e+04
7.977345312500000000e+04
7.977345312500000000e+04
7.977345312500000000e+04
7.977345312500000000e+04
7.977345312500000000e+04
7.977345312500000000e+04
7.977345312500000000e+04
7.977345312500000000e+04
7.977345312500000000e+04
7.977345312500000000e+04
7.977345312500000000e+04
7.977345312500000000e+04
7.977345312500000000e+04
7.977345312500000000e+04
7.977345312500000000e+04
7.977345312500000000e+04
7.977345312500000000e+04
7.977345312500000000e+04
7.977345312500000000e+04
7.977345312500000000e+04
7.977345312500000000e+04
7.977345312500000000e+04
7.977345312500000000e+04
7.977345312500000000e+04
7.977345312500000000e+04
7.977345312500000000e+04
7.977345312500000000e+04
7.977345312500000000e+04
7.977345312500000000e+04
7.977345312500000000e+04
7.977345312500000000e+04
7.977345312500000000e+04
7.977345312500000000e+04
7.977345312500000000e+04
7.977345312500000000e+04
7.977345312500000000e+04
7.977345312500000000e+04
7.977345312500000000e+04
7.977345312500000000e+04
7.977345312500000000e+04
7.977345312500000000e+04
