2.330938401457545979e+02
2.536937431024501279e+02
2.248871955441238413e+02
2.478838831454957301e+02
2.951644898887177533e+02
2.921193663761291077e+02
3.062745650727388806e+02
2.868824256639235273e+02
2.378497745933294425e+02
2.833044167821025781e+02
3.044420031755081482e+02
2.921910375090760681e+02
2.766078139794418576e+02
2.555402493832877155e+02
2.377755544870351230e+02
2.856553199065240278e+02
2.808194676475251867e+02
2.776251542243043673e+02
2.565962740471883308e+02
2.220401422545953665e+02
2.039935608940331235e+02
1.927732800976357623e+02
2.087324022262190795e+02
2.162860598320683323e+02
2.122985658789548609e+02
2.227740966390615256e+02
2.157365311662729539e+02
2.321196825081904365e+02
2.351935944256447897e+02
2.188927599288901718e+02
2.312234934671375299e+02
2.436017578613350736e+02
2.608535093563090186e+02
2.493835791114671281e+02
2.401562955935830814e+02
2.182112844074604823e+02
2.014859708785457997e+02
2.007719584620336093e+02
2.094462647031226084e+02
2.043156311734678923e+02
2.022305709752278631e+02
2.081695289352516625e+02
2.105910536153592716e+02
2.217960405716718810e+02
2.680080277238644157e+02
2.824259206148733483e+02
2.764970086086307219e+02
2.772661988011354879e+02
2.893030507063791674e+02
3.093318336936302444e+02
3.040239715465211248e+02
2.737962963771693694e+02
2.376446572086614992e+02
2.597550517831530783e+02
2.925008127405993719e+02
3.111667946245997314e+02
3.089171007360338876e+02
3.000297303110170333e+02
2.879335023207380573e+02
2.563190357107476416e+02
2.283720919289575022e+02
2.430025991850682203e+02
2.686074862793486204e+02
2.869091149142677182e+02
2.446183484081542474e+02
1.985916866122844908e+02
2.194181483176886900e+02
2.146307265522919465e+02
2.155536048436889871e+02
2.155329131776917393e+02
2.322049981455267300e+02
2.243442642211103077e+02
2.292976691333107055e+02
2.096390870398792003e+02
2.028685640101416823e+02
2.018726651293196426e+02
1.884064389345735151e+02
1.843228336922989001e+02
1.895159920387713157e+02
2.084866512076000618e+02
2.597369090905032749e+02
2.794430220398850224e+02
2.768513159039307538e+02
2.852602290376643737e+02
2.865645536935317637e+02
2.819485129008508579e+02
2.832844748141487230e+02
3.000841583889663298e+02
3.092189291682975636e+02
3.029372092628418045e+02
3.065552520201791822e+02
2.417592999499317727e+02
3.022921690663204117e+02
2.736953870205309158e+02
2.588663597225340141e+02
2.339888296699379282e+02
2.327893128005347023e+02
2.544960699484721260e+02
2.021380582366751355e+02
2.127431368186773284e+02
2.163003040948924820e+02
2.208296797937589702e+02
1.918241623747204017e+02
2.094831498468567474e+02
2.151373724900061006e+02
2.131089894638452336e+02
2.113161615629134928e+02
1.869920586059384391e+02
1.974528952843948844e+02
2.360936818965230941e+02
2.782063201475303345e+02
2.969075378395694429e+02
2.861372258088068179e+02
2.498100073585398206e+02
2.434465703663559850e+02
2.423560595924598715e+02
2.562899474266646394e+02
2.848375492808085028e+02
3.003631960007112411e+02
2.943456696857414840e+02
2.508643826867453583e+02
2.304090215128127852e+02
2.445213374813413623e+02
2.632023133262091505e+02
2.664500052501182950e+02
2.735475465663769228e+02
2.802949788963785522e+02
2.692372326357853467e+02
2.606809288667236615e+02
2.677616769468107236e+02
2.818733931569044557e+02
2.522084413389115980e+02
2.534262508405731182e+02
2.695506064179168675e+02
2.584606231414584272e+02
2.580740788302931605e+02
2.839463082468418520e+02
2.891919454563507088e+02
2.910134118225394673e+02
2.828499498282073432e+02
2.600148971249875558e+02
2.530109181245424566e+02
2.509317055710405953e+02
2.528509325620857737e+02
2.646526791609263114e+02
2.687758684598911145e+02
2.839720978595340171e+02
2.795338854427421893e+02
2.882453767067829062e+02
2.798712495622618803e+02
2.648874845881119313e+02
2.535481517424262847e+02
2.542629138569819816e+02
2.410719767837636880e+02
2.195791834574060601e+02
1.943149591540361598e+02
1.854314871588447886e+02
1.845720333219173881e+02
1.982856598709780940e+02
2.449042832418982414e+02
2.716142252521163414e+02
2.534832278918696886e+02
2.536899946122331642e+02
2.653762877123937187e+02
2.578640134385390184e+02
2.508570356459202060e+02
2.558281334319444511e+02
2.563394274975274811e+02
2.537114359762738047e+02
2.752307686133669904e+02
2.636414864400194347e+02
2.322559776124763573e+02
3.007223013634888389e+02
2.212007803252305678e+02
2.852233438939301777e+02
3.023170590413604373e+02
2.663222567035269890e+02
2.158840717412096524e+02
2.427607465962747426e+02
2.644238713180876630e+02
2.718830669704713614e+02
2.465074375378556795e+02
1.810683944859994767e+02
1.954861374373997478e+02
2.514155606882360416e+02
2.758792574208881092e+02
2.735046638382959259e+02
2.099731524880080826e+02
2.104862458288952212e+02
2.615870139219490511e+02
2.356698026227978744e+02
2.039662718852543435e+02
2.034405836172382749e+02
2.370489471433942299e+02
2.634827003944321859e+02
2.890998825366239657e+02
2.861997506256243469e+02
2.739050025934591304e+02
2.624911497622617276e+02
2.811131993409203460e+02
2.941053164930348771e+02
2.984721576560971243e+02
2.894994715937439196e+02
2.578268284155876131e+02
2.367916507749071684e+02
2.644814481278190215e+02
2.481267853115498951e+02
2.229366311748656528e+02
2.534986716715634429e+02
2.838843831884589122e+02
2.664609508415515506e+02
2.731308643938680234e+02
2.791785285701816406e+02
2.824331177160897823e+02
2.237068709446311345e+02
2.237990838039665107e+02
2.241034612095775742e+02
1.930322258018181572e+02
2.043106831663816365e+02
2.038674616831371509e+02
2.072201113331190072e+02
2.201392078958087382e+02
2.485933973737477913e+02
2.514322039847990879e+02
1.920375264378654947e+02
1.771363781880957902e+02
1.966982492339315627e+02
2.569843177544403829e+02
2.717758601502684428e+02
2.675435148161880647e+02
2.670790019085116569e+02
2.459313695613248001e+02
2.032449124279169439e+02
1.643027472023510711e+02
1.561970119573590239e+02
1.725231862479797655e+02
2.232368102714337965e+02
2.616411421206809109e+02
2.756225608108357505e+02
2.146338752840741222e+02
2.159603910020253466e+02
2.212621056251787195e+02
2.210308987486012882e+02
2.819540606663719018e+02
3.015150320745556201e+02
2.808479561731734861e+02
2.690319653115086567e+02
2.495675550113117538e+02
2.709484933895976155e+02
2.702059924474370405e+02
2.641623766405577385e+02
2.958119291189781848e+02
2.965179947362306621e+02
3.042979112115710905e+02
2.827863754341290132e+02
2.438729986134288765e+02
1.898305653377724127e+02
2.103847367138220648e+02
2.386828390591299183e+02
1.894024877550041310e+02
2.466129950223631511e+02
2.907745580259195322e+02
2.399330355162654769e+02
2.210613364891624428e+02
2.719112556169023946e+02
2.985354321709581313e+02
2.695345628797886661e+02
2.248299186136098342e+02
1.605607043886391239e+02
1.589959346325026388e+02
2.213300282679087161e+02
1.800769937934376230e+02
1.709129847904146970e+02
1.662723539019110603e+02
2.066768801308880086e+02
2.246558387279377769e+02
2.333106528198991327e+02
2.220254481729451754e+02
2.413309224879462249e+02
2.847405383539954187e+02
2.816673761345845719e+02
2.251423927580894144e+02
1.967093447649736220e+02
1.798411387889912589e+02
1.855352453680481801e+02
1.762617804506921857e+02
1.785937911844206383e+02
1.825898316952286109e+02
1.847744517936292254e+02
1.903225171938362621e+02
1.865133014354378815e+02
1.646943894602112834e+02
1.515488840884217154e+02
1.640980796365091692e+02
1.719366224988415581e+02
1.546292434090490815e+02
1.511224558413488808e+02
1.422652232776757160e+02
1.404870894583941379e+02
1.406805115535854327e+02
1.454620856742438093e+02
1.552354492469237073e+02
1.605136233515151503e+02
1.707476014020456887e+02
1.891312470029103565e+02
1.926473308263484228e+02
1.836834912009069853e+02
1.617246855707863062e+02
1.468169399782348137e+02
1.419160139290706582e+02
1.364694576439368632e+02
1.457568669448997696e+02
1.877345595480989573e+02
2.274938956409456807e+02
2.381878884108924126e+02
2.116782657178645763e+02
1.897317551356552485e+02
1.834947172335847370e+02
2.478565941367168364e+02
2.688335952092311345e+02
2.881854008633127364e+02
2.967919344012805709e+02
2.897662141575774513e+02
2.246729318433267792e+02
2.251494399196971301e+02
2.488514434402781035e+02
2.218230297012334518e+02
2.430714214654502143e+02
2.378025436165966937e+02
2.427372060777126990e+02
2.658670400515884467e+02
2.620123925917611700e+02
2.355918340262866479e+02
2.850578105659525932e+02
2.803275157914611100e+02
2.566015219334920516e+02
1.929104748395736806e+02
2.092297519081953681e+02
2.342278334061663827e+02
2.514274059173214368e+02
2.521319721384871855e+02
2.723546270397554849e+02
2.602633470565626794e+02
2.374011552841725745e+02
2.150081245473279239e+02
2.113986283476850474e+02
1.939903399012539182e+02
2.128690860899646680e+02
2.553870111032214254e+02
2.762535066841418825e+02
2.787099672930708607e+02
2.573630652059544559e+02
2.212666038134390760e+02
2.085176887065959761e+02
1.935205791072740169e+02
2.287269989826921801e+02
2.280159853583534186e+02
1.728662480726291335e+02
1.508729563325129561e+02
1.454314979940741352e+02
1.700118477422755063e+02
2.317154453232016635e+02
2.254884533749122113e+02
2.477642313377727703e+02
2.197001847216071724e+02
1.935642115333984634e+02
1.843904564558116306e+02
1.688723067163425355e+02
1.663987529920244413e+02
1.546051031320523634e+02
1.428637821955079232e+02
1.777094473724530417e+02
2.329095643666923650e+02
1.948136582924905724e+02
1.461177715829813906e+02
1.844075495712005193e+02
2.271733247575976691e+02
1.957807687684468760e+02
2.328980190168242643e+02
1.977184383313589819e+02
1.600573571223158638e+02
2.205749323986193815e+02
2.550162104509670939e+02
2.323310973564227311e+02
1.713869438934376319e+02
1.454685330774168790e+02
1.616701075532284619e+02
1.691264543530473929e+02
1.507693480629182261e+02
1.388146630632287497e+02
1.717075147767856436e+02
2.242992823385077088e+02
2.396345057553927518e+02
2.424869568708334100e+02
2.066297990937639781e+02
1.867097223228025484e+02
1.866552942448533372e+02
1.762341915626959405e+02
1.753369529443823467e+02
2.190902303935157533e+02
2.637725336580016915e+02
2.763448199058252044e+02
2.626158995166798036e+02
2.243829486401484985e+02
2.126944064458577941e+02
2.228892502585242710e+02
2.267933777892142189e+02
2.222951895289521644e+02
2.315364174304430946e+02
2.305787531498333749e+02
1.738564492483214394e+02
1.861469989714439066e+02
1.660744336184595511e+02
1.545185879778466074e+02
1.502261168606873696e+02
1.456024291479640453e+02
1.711197515107780589e+02
1.634296488610342521e+02
2.016204667075274983e+02
2.471919118514589400e+02
2.333904206917143540e+02
2.550147110548804505e+02
2.540234603019273720e+02
2.313386470866002185e+02
2.449734054014975868e+02
2.598150276266232481e+02
2.626431885254585268e+02
2.642995713824957420e+02
2.933749606591769066e+02
2.945530361645396056e+02
2.897489711025798442e+02
2.841976070309818283e+02
2.874547451502374429e+02
2.737711065229119640e+02
2.552141307344187169e+02
2.385390469744102404e+02
2.630652685238798654e+02
2.775198966190142755e+02
2.631523834365202674e+02
2.256277472713716747e+02
2.353301894091481472e+02
2.433921422884068306e+02
2.544142029221353596e+02
2.615843150089929736e+02
2.755987204130563555e+02
2.664828420244181757e+02
2.480110319336524753e+02
2.140168737943749022e+02
1.878468643149967647e+02
1.674918127392681413e+02
1.719873020865739761e+02
1.807730134569088989e+02
1.737979728009380551e+02
1.921481818690679404e+02
2.354889754547352823e+02
2.544458401795659483e+02
2.577556071014666941e+02
2.209961127593885806e+02
1.790491577759678137e+02
2.005825847362765160e+02
2.319919339615989031e+02
2.829651034476700033e+02
2.487787227300705979e+02
2.500643049348533964e+02
2.513422402195938048e+02
2.397803969946337190e+02
2.563386777994841168e+02
2.320658541886759281e+02
2.030642351994629564e+02
1.731128987289001486e+02
1.633086475968331683e+02
1.822362740979720570e+02
2.289033279624944157e+02
2.733067435548442177e+02
2.702047929305676917e+02
2.261433895856064282e+02
2.315532106666147456e+02
2.006473586472243085e+02
1.750736589915483421e+02
1.706418939779295272e+02
1.676143133995558969e+02
1.621364197362088930e+02
1.679527270963362469e+02
1.655354007252715007e+02
1.792598229261568008e+02
1.826417107998303493e+02
1.878380178780849974e+02
2.040851739949338537e+02
2.262413001500714813e+02
2.530277113607140222e+02
2.710072697161983797e+02
2.536678035501492730e+02
2.482764250410078830e+02
2.516761557281139403e+02
1.941062432187599995e+02
1.665381968280926230e+02
2.148201002780489546e+02
2.297989172451125057e+02
1.975971371879406604e+02
1.902775353112337484e+02
1.757927693547554497e+02
1.711167527186044879e+02
1.733550511969109209e+02
2.325720503075640408e+02
2.712669651184241957e+02
2.848622893162399805e+02
2.703760239636749816e+02
2.652452404944114619e+02
2.620483780978433401e+02
2.302263950694461414e+02
1.933099139570850298e+02
2.125732552420482477e+02
2.633059215958038521e+02
2.943368232488296599e+02
3.068323404170113804e+02
2.761244086810723388e+02
2.319213124059127722e+02
2.301643200714545117e+02
2.255893627315507786e+02
2.266986159565312846e+02
1.961223311970094301e+02
1.734895470258927048e+02
1.740311288924282849e+02
1.552642376517894718e+02
2.080258867901406461e+02
2.703302923830288478e+02
2.610143945564178125e+02
2.432814868572043849e+02
1.973992169044891227e+02
1.933277567705172544e+02
2.293113136377001808e+02
2.440395815186673474e+02
1.825719888817963863e+02
1.989146565293714843e+02
2.369321441882359522e+02
2.845160787598082948e+02
2.962752425097851301e+02
2.904187513345328284e+02
2.930236521560505594e+02
2.887961048894478040e+02
2.735656892590267262e+02
2.072931319225438642e+02
1.743275594987795785e+02
1.761158892114510479e+02
1.853049381291228030e+02
2.190753863722567303e+02
2.320883451299772560e+02
2.568378267567644571e+02
2.127684766125435942e+02
1.779264099862064654e+02
1.791707587986035151e+02
1.617209370805693709e+02
1.620580013208717389e+02
1.660263030040748333e+02
1.683232278693732553e+02
1.882807895425033848e+02
2.274679560886448542e+02
2.625841123196404396e+02
2.846703666171353575e+02
2.860880456171612991e+02
2.697602219908450820e+02
2.429684129542902440e+02
2.151651113176110357e+02
2.118997265198781861e+02
2.139556984340352415e+02
2.134643463364059528e+02
2.107519388154680655e+02
2.321957018897887792e+02
2.683710315164674967e+02
2.698984663100438866e+02
2.442566940720291200e+02
1.925605157929253153e+02
1.807596688317368034e+02
1.839367391999598169e+02
1.874643683732659838e+02
1.897070151002238561e+02
2.118219078629757348e+02
2.340197172293250389e+02
1.979659886252821082e+02
2.052809423741201442e+02
2.196292632867036900e+02
1.948238541858804638e+02
1.800132694597505747e+02
1.766315315256857730e+02
1.776968524453243390e+02
1.922185035455367768e+02
2.087520443149555547e+02
2.322934625146451708e+02
2.405519862208774384e+02
2.227868415057989182e+02
1.944461563116271066e+02
1.855457411406555650e+02
1.918349580265451095e+02
2.087851809684728437e+02
2.000531479780438247e+02
1.891081563031742689e+02
2.089685571098828802e+02
2.512374324331297544e+02
2.765737776882725143e+02
2.432387540687319643e+02
2.547089841927912630e+02
2.441325440760458605e+02
2.686191815688252404e+02
2.622621919798144177e+02
2.491874581033196421e+02
2.914588823999139890e+02
3.092385712570341525e+02
3.001115973373538282e+02
2.731031255662630883e+02
2.451064018343927273e+02
2.560702858999550813e+02
2.561927865602429506e+02
2.825482713355523856e+02
2.536706524027140972e+02
2.525865890319909965e+02
2.765671803454908968e+02
2.841310338447299841e+02
2.690616533540263617e+02
2.649736998631003644e+02
2.658730376359353613e+02
2.948460181598912868e+02
3.035338189657612133e+02
3.019131217355889021e+02
2.870250182317738563e+02
2.960810707165505846e+02
3.087029869748455440e+02
3.149314783192217533e+02
3.139205854775320290e+02
3.082155333070419374e+02
2.856151360913989947e+02
2.260234378986660317e+02
2.083067236771896660e+02
2.182627136932360941e+02
2.212025796005346194e+02
2.394994101679762082e+02
2.626731764471936685e+02
2.725132631457341290e+02
2.648393539737271567e+02
2.414205863739340430e+02
2.336926989428040429e+02
2.294446099498125307e+02
2.438397120203028976e+02
2.521469660993546427e+02
2.587006764549476543e+02
2.713675745958452694e+02
2.708023022711392969e+02
2.710912358970566061e+02
2.874295552959800943e+02
2.905025675757823365e+02
2.854083693710356329e+02
2.856427249793953251e+02
2.644811482486016416e+02
2.388389261917610895e+02
2.380770830400812770e+02
2.210344972992095336e+02
2.453308614285797660e+02
2.823671442882725842e+02
3.151673333236680037e+02
3.190305273411897815e+02
3.191194415291342921e+02
3.177897770794006647e+02
2.978385128698348581e+02
2.789689129972533692e+02
2.816366385148060658e+02
2.818563000415155102e+02
2.866570664320844912e+02
2.981620825453563270e+02
3.098645691232538866e+02
3.136470956313082183e+02
3.152701918952193978e+02
3.106517520687997944e+02
3.072899561026886772e+02
3.008112155514332926e+02
2.960860187236368688e+02
3.062039435170526644e+02
3.111831380419453694e+02
3.140790716439020116e+02
3.165232372049197238e+02
3.169941975157691445e+02
3.096867407473649791e+02
3.039855870067002570e+02
3.112224222194184335e+02
3.145150960259301769e+02
3.011199412056960227e+02
3.031270328074249392e+02
3.091399109945257919e+02
3.006225915237196773e+02
2.857998616892871269e+02
2.600675259276325733e+02
2.629001850147283790e+02
2.747211238834792653e+02
2.878982665126994220e+02
2.843593918687426481e+02
2.857992619308525377e+02
2.888000033192731735e+02
2.821503316141279356e+02
2.646345364682765080e+02
2.438887422723397549e+02
2.260003471989300863e+02
2.282500410874957879e+02
2.261029058912640437e+02
2.312759723301740848e+02
2.395374948285796677e+02
2.549773760923202133e+02
2.566072196386217001e+02
2.854563500458118597e+02
2.938739596768485853e+02
2.976954704831586582e+02
2.878059037137552991e+02
2.910306548775371311e+02
2.954772639124147418e+02
3.025656589125441087e+02
2.974227303349779845e+02
2.982838335076008889e+02
3.092133814027765766e+02
3.063086013639081671e+02
3.012625337735464655e+02
2.866429721088689462e+02
2.662652796522302197e+02
2.522622696584260211e+02
2.379217456054936122e+02
2.092808813147537421e+02
2.121637701707556403e+02
2.437824350897888337e+02
2.764448296248116890e+02
3.033263025473545440e+02
3.132298137003646161e+02
3.140594295551654227e+02
3.121953803401130472e+02
2.946662405690895525e+02
2.867663724068088413e+02
2.703548824788517777e+02
