2.631748743778215953e+02
2.619857033414170360e+02
2.450461261117051777e+02
2.871497679861917618e+02
2.675702040665321988e+02
2.636972639744466278e+02
2.657805248973826338e+02
2.531520112963058011e+02
2.158581321889087121e+02
2.503656835482909742e+02
2.599112888553929110e+02
2.288346556217210548e+02
2.384955644878943986e+02
2.603723531520697065e+02
2.791261996467537756e+02
2.664510548273790391e+02
2.428609062548699171e+02
2.663885300105612828e+02
2.688165020938421321e+02
2.639796002575824332e+02
2.467160035335230930e+02
2.424170850131907287e+02
2.463359066255308960e+02
2.469455610744051341e+02
2.423475130347653703e+02
2.346740536815844962e+02
2.527467245340563693e+02
2.897063882537158861e+02
2.734460374513036527e+02
2.857865170641149462e+02
3.034573497653368008e+02
2.983877416564129703e+02
2.789273797256502689e+02
2.387158257730386026e+02
2.370940789656054619e+02
2.809113806276431546e+02
2.880378602883761232e+02
2.897459723104063869e+02
2.663724864724331383e+02
2.640539703034854142e+02
2.651411824059907758e+02
2.691961491830082309e+02
2.799052858534312804e+02
3.006143448452423854e+02
2.883125496514695101e+02
2.719709315811552415e+02
2.833549464302260503e+02
2.621384918026572564e+02
2.615838651901669323e+02
2.876298746131703865e+02
2.493708342447296786e+02
2.425473825331296212e+02
2.801162508828374484e+02
2.952097716505377889e+02
2.898617256883038067e+02
2.725303562611230745e+02
2.435219899895197955e+02
2.275622681025016050e+02
2.136325785773398707e+02
2.304039235661177827e+02
2.262673896419809410e+02
2.337694680224458068e+02
2.508310960936194647e+02
2.566414058693997049e+02
2.312395370052657597e+02
2.160329617726243043e+02
2.203197351846538368e+02
2.383879078488653818e+02
2.380958254911657832e+02
2.168775715882927386e+02
2.062026211486478076e+02
2.530588987993184560e+02
2.751965823825889856e+02
2.858569886801926145e+02
3.020339730601812676e+02
2.730260566074038593e+02
2.291532772901563817e+02
2.205480932086665860e+02
2.341374198221352287e+02
2.250959114794001437e+02
2.080191395077502534e+02
2.017006843981689315e+02
1.978781240145983418e+02
2.070448319305774874e+02
2.120040844875163089e+02
2.351247721452627104e+02
2.132520318505216608e+02
2.042666009214310634e+02
2.157411792941419435e+02
2.032474614012643315e+02
1.939359118233047354e+02
1.994367462467790801e+02
2.015993252227044366e+02
2.076607838430159916e+02
2.220190007697721910e+02
2.158953172118602595e+02
2.083389606930548155e+02
1.970102735595851584e+02
2.073778478014455970e+02
2.472063060538916943e+02
2.591429983005400004e+02
2.216159631016527953e+02
2.417213652289368611e+02
2.547355235035267356e+02
2.554174488437824095e+02
2.486794627091275345e+02
2.373581226164828024e+02
2.435036973572614158e+02
2.269295229538914214e+02
2.217828458861085039e+02
2.661321332797264176e+02
2.689562458091275516e+02
2.505657029862639433e+02
2.403038361685196094e+02
1.978286439437355284e+02
1.835525939225335605e+02
2.013225367050895898e+02
2.741613993242941092e+02
2.974549673508432761e+02
2.928180849525565463e+02
3.029655478488814424e+02
3.052380325579658233e+02
2.868975695643997028e+02
2.661541744022017610e+02
2.587425096057680776e+02
2.794521683560141696e+02
2.920312018862280183e+02
2.955837210345742392e+02
2.950823229831637491e+02
2.954970559407597648e+02
2.910206089237559013e+02
2.837857229259504948e+02
2.925170062183362347e+02
2.791077570748868197e+02
2.727943999120004150e+02
2.645570176905914082e+02
2.623055245267216264e+02
2.565824796031903361e+02
2.627769346563971453e+02
2.203986034188170891e+02
1.896749280239672544e+02
2.112935206820035319e+02
2.679225621469194039e+02
2.282071583594145068e+02
2.603207739266854333e+02
2.256784268591039506e+02
1.903609017336572151e+02
2.119090227756161084e+02
2.441060047653103311e+02
2.327434312802800207e+02
2.534186039205307850e+02
2.799367731712530372e+02
2.819804500374986560e+02
2.358644242348584044e+02
2.162212859211205398e+02
2.684713411146712474e+02
2.778454155094485714e+02
2.678439937919735030e+02
2.536697527650620998e+02
2.613982399546267743e+02
2.303267046676500343e+02
1.860247981903733603e+02
2.359906733853632090e+02
2.684050678076369536e+02
1.844087490880699818e+02
1.916989628014765401e+02
1.815288590242415978e+02
1.877621484360952593e+02
2.353354372954516975e+02
2.680245210808187153e+02
2.760160023440001282e+02
2.758246794033302649e+02
2.661918092439792645e+02
2.528380377557396343e+02
2.823884357127045632e+02
2.972353058241337749e+02
2.991978653620860769e+02
2.956766835919529512e+02
2.761115138747263131e+02
2.857380865705128485e+02
2.868225997600621326e+02
2.405100031304484105e+02
2.718949121995566429e+02
3.073874168483276321e+02
3.060621006472458134e+02
3.047052971283421812e+02
3.099617299896755753e+02
3.086989386054113993e+02
2.891547604333992467e+02
2.853602387566508582e+02
2.980541260271100441e+02
2.864631945180671551e+02
2.651417821644253650e+02
2.638849883645082741e+02
2.422223134615213098e+02
2.349133572970304442e+02
2.817729336190919867e+02
2.931395554735566975e+02
2.969157845180466211e+02
2.927954440716464433e+02
2.981686798881381719e+02
2.982054150922635358e+02
3.035140269374160766e+02
3.017895714980403454e+02
2.977296567139365493e+02
2.883842207844162999e+02
2.719254998797266012e+02
2.534529400909173376e+02
2.690423111445072095e+02
2.284044788844313416e+02
2.090522234115237552e+02
2.360516988060939809e+02
2.253538076063217090e+02
2.075088950194279107e+02
2.556468564450558461e+02
2.646639246315768901e+02
2.294766970260691323e+02
2.021206652420686964e+02
1.990527509089612863e+02
2.130963945367166730e+02
2.161244249339163161e+02
2.046519457157268391e+02
2.001719001481145597e+02
2.017548125969007629e+02
2.035852753396099786e+02
2.134274611926718705e+02
2.475625625641044394e+02
2.726760975607554656e+02
2.781638872382751515e+02
2.755283987365875191e+02
2.431155037104007874e+02
2.017704063162030934e+02
1.982073913952494877e+02
2.166307709924130052e+02
2.371991866312868069e+02
2.426443934599426200e+02
2.619512172314217651e+02
2.836246877862331530e+02
2.832991688957989140e+02
2.900692421067103623e+02
2.741709954592493546e+02
2.697351820761963381e+02
2.828228107590371110e+02
2.664961866495902996e+02
2.704488946134911203e+02
2.728599235209915719e+02
2.482198978085372687e+02
2.120252259723394843e+02
2.155218176466498505e+02
2.380694361200388585e+02
2.636921660277517390e+02
2.432452014719049771e+02
2.170282608950115844e+02
1.727909783890740698e+02
1.491303582004875068e+02
1.461937909645797902e+02
1.401597712926557620e+02
1.529842559622712486e+02
1.629390464614483278e+02
1.466990874458159055e+02
1.379910447927748010e+02
1.343557589804397594e+02
1.350562768321712213e+02
1.307659048695333581e+02
1.264825800685032533e+02
1.326175090970658346e+02
1.361742265544550037e+02
1.394570043467942071e+02
1.489375358637309148e+02
1.494176424907095395e+02
1.389616038797306601e+02
1.337116184215702503e+02
1.379970423771218293e+02
1.388158625800981554e+02
1.435499058448065455e+02
1.572941200740369538e+02
2.121760652186670768e+02
2.229480265851250351e+02
1.823917614721684686e+02
1.476509040816873721e+02
1.553063706818271612e+02
2.241219037814446722e+02
2.414994546080973237e+02
1.937244969750725261e+02
1.661894372983136066e+02
1.761868106463544166e+02
1.608245980999079165e+02
1.573713389725047591e+02
1.725540738073669615e+02
2.246976718787582570e+02
2.242214636816051154e+02
2.030191033772517244e+02
1.805569504808076147e+02
1.788299460680843822e+02
1.610985377649577686e+02
1.771984531860874483e+02
1.868236764253958597e+02
1.670515900481971698e+02
1.442495240588859247e+02
1.873151784626338383e+02
2.190834831111252470e+02
1.754543556579751282e+02
1.753589940668576617e+02
2.267612907129577309e+02
2.712138864969530232e+02
2.357864556383473200e+02
2.683503398504703910e+02
2.729061049204636902e+02
2.989777540165507048e+02
3.078237411095730636e+02
2.858322486447609663e+02
2.626677786212813430e+02
2.819686048084134313e+02
2.368807149024602836e+02
1.964301572136199070e+02
1.828406806605426596e+02
2.501245806575409176e+02
2.091304918872522762e+02
1.764709462047943305e+02
1.760370209772877104e+02
1.972360826102503495e+02
2.466881147663095248e+02
2.762088246807566065e+02
2.820978527510914660e+02
2.928606678014203339e+02
2.863254000176944487e+02
2.912641108482448544e+02
2.839374618099299710e+02
2.352783103045463520e+02
2.351051300565262352e+02
2.894862769081805709e+02
2.613025784842919848e+02
2.186344139831424229e+02
1.768619887042197547e+02
1.690504349714489365e+02
1.714272776481713265e+02
2.013387301828265663e+02
2.805635207355161924e+02
2.878468372269236397e+02
2.408999960526131190e+02
2.725751882041170120e+02
2.546190204275860367e+02
2.287634343076001926e+02
2.466851159741358970e+02
2.652807761816674770e+02
2.419906567661179508e+02
2.133105082979049882e+02
1.969224089489013636e+02
1.874459258013988290e+02
1.958681835603046295e+02
1.944927875299252094e+02
2.283481015915693888e+02
2.488884785236207904e+02
2.579073459854460566e+02
2.749569788879257430e+02
2.749760212182275723e+02
2.673722837830806611e+02
2.547259273685716039e+02
2.408752560171815844e+02
2.154862819593936933e+02
1.840192059847312862e+02
1.865444888740423153e+02
1.675576362274765927e+02
1.706209024327150132e+02
2.015985755246610154e+02
2.160945869517898927e+02
2.096495828124865284e+02
1.940937982312399583e+02
1.807892069346458754e+02
1.501604433120874944e+02
1.351215005619450835e+02
1.300922262077548339e+02
1.301211645522292315e+02
1.710893137702169895e+02
2.405440394216177253e+02
2.044670701782300455e+02
2.185726388643680878e+02
1.873207262281549106e+02
1.762206969979151268e+02
1.769426562136872008e+02
1.417297889350958826e+02
1.960344665863256637e+02
2.193208375116583966e+02
1.391409316517064099e+02
1.318382729507798388e+02
1.222809723542012392e+02
1.159346284774063776e+02
1.120239036039345990e+02
1.143415201352302262e+02
1.211250879109225878e+02
1.237517299756982680e+02
1.307633558961858853e+02
1.298727146206540510e+02
1.257877599219014968e+02
1.208204106260942154e+02
1.198910849315240057e+02
1.249551452749269771e+02
1.872211663279943821e+02
2.596111097588247389e+02
2.903694212032785344e+02
2.962316100836605983e+02
2.990266343289787869e+02
2.945207991486743708e+02
2.868291971028436933e+02
2.922678065887177468e+02
3.068515326869217574e+02
2.809058328621221676e+02
2.678489417990597303e+02
2.701226260250134601e+02
2.537535690063115794e+02
2.780601290290718453e+02
2.930644357296102953e+02
2.790047485637267073e+02
2.548304352758183597e+02
1.810956834947783705e+02
1.836842408989503213e+02
2.160633995131853169e+02
2.310689057305932010e+02
2.202152272774071662e+02
2.147695706299253970e+02
1.771186853142720565e+02
1.841628481298423026e+02
1.929002789461837608e+02
1.952760720456455488e+02
2.014077024028171934e+02
2.204540810740270729e+02
2.128008635680174336e+02
1.922804286039196029e+02
1.805972842355413093e+02
1.812060390467634647e+02
1.792538253418097440e+02
1.751511777692334704e+02
1.850374458672459355e+02
1.847582583158923626e+02
1.559900952973870289e+02
1.858382733171811765e+02
1.480761328118907727e+02
1.923789389268193872e+02
2.204375877170727165e+02
1.597954126259599832e+02
1.612682694019783014e+02
1.478696659707447054e+02
1.981408182089976151e+02
2.166454650740633099e+02
1.638599755379326552e+02
2.077964791888672380e+02
2.317125964706365835e+02
2.111267878371565416e+02
1.749348149139148632e+02
1.625222143493306532e+02
1.623335903216171516e+02
1.662302208718732857e+02
1.703709531050531893e+02
1.842475640087439217e+02
2.460729125519143281e+02
2.771389000733701096e+02
2.690253679687270392e+02
2.641015011594355428e+02
2.588335229482341333e+02
2.499334076564798011e+02
2.501437729274513231e+02
2.421786810353968349e+02
2.104925432924596862e+02
1.972440294095100626e+02
2.122616807352206365e+02
2.226644907851198241e+02
2.004444903566865719e+02
1.924641046245470761e+02
1.949865386612933094e+02
2.227973372784062178e+02
2.360437520068343247e+02
2.483417987103904068e+02
2.696158301476906445e+02
2.607639954099298620e+02
2.462661847074969330e+02
2.284743507420741082e+02
2.551174196868229558e+02
2.606933738542436458e+02
2.574489806017254523e+02
2.314683448481044081e+02
2.121114412473278890e+02
2.027250718046393274e+02
2.089196767974546276e+02
2.166199753405884394e+02
2.199835705820036367e+02
1.967559759832716679e+02
1.611577639103845740e+02
1.612189392707241211e+02
1.799051630018957724e+02
2.128299518521004359e+02
2.423589084450246958e+02
2.373942580621735203e+02
1.611291254451275847e+02
1.643406819233459544e+02
1.777593772621421238e+02
1.988435851548592552e+02
2.450578214011817977e+02
2.594487251626293869e+02
2.598465149444451185e+02
2.441925199195161156e+02
2.369232977513241565e+02
2.170519513531823179e+02
2.567508617837327733e+02
2.650861545696068902e+02
2.526620086551546365e+02
2.610367355581104221e+02
2.628391595939974650e+02
2.540616949021395499e+02
2.095786613775830176e+02
1.938757860402258473e+02
2.209956629405626245e+02
2.022344694050533747e+02
1.973151007840221496e+02
2.096528814838773656e+02
2.441487375537829507e+02
2.466228910365357194e+02
1.978586318654705565e+02
1.631416148727687414e+02
1.537997774938567659e+02
1.483229334077704777e+02
1.499035967624264742e+02
1.585552621226056829e+02
1.515803714062435290e+02
1.910059419301788068e+02
2.504190620489793844e+02
2.217955907528459250e+02
2.071043579552216158e+02
2.269218760338491165e+02
2.354783297425194064e+02
1.926000998496155887e+02
2.050561829007156973e+02
2.070781185237033810e+02
2.086466367700567730e+02
2.004903718769411114e+02
2.354275002151783838e+02
2.620573744743638827e+02
2.547259273685715186e+02
2.291834151515000713e+02
2.379046524901046382e+02
2.412532537706522930e+02
2.226823335985521624e+02
1.908567520195467182e+02
1.754288659245003430e+02
1.846667951546003223e+02
1.550108397131279219e+02
1.540674196953423234e+02
1.602213910542066628e+02
1.716280467841876316e+02
1.712771880998872405e+02
1.890414331773137064e+02
1.959095668922990683e+02
1.886517401343663778e+02
1.708402640802071630e+02
1.892682918052396701e+02
2.580791767769881631e+02
2.976554366076424571e+02
2.997937253669621214e+02
2.796121539184708809e+02
2.751871361872424018e+02
2.620770165631003010e+02
2.427027199677174849e+02
2.417233144438497732e+02
1.907574919986036832e+02
2.206977329381245738e+02
2.726225691204584791e+02
2.687811163461947785e+02
2.561293621057733390e+02
1.917887766270729912e+02
1.956930540973717711e+02
1.783619845494084757e+02
2.222215691810926046e+02
2.286451319563554136e+02
2.209196435589642817e+02
2.689324054113482134e+02
2.599327302194335516e+02
2.471176917451644215e+02
1.993524801867034739e+02
1.699473737105451221e+02
1.720988571554283908e+02
1.712202110485905564e+02
1.714299765611275461e+02
1.674187921498431706e+02
1.677312662943227508e+02
1.617702672118235796e+02
1.862644016850366597e+02
2.453452556310125487e+02
2.478297549467639840e+02
2.625350820676036960e+02
2.086380902123623002e+02
1.892002192229009552e+02
1.885188936410800125e+02
1.929873938588241344e+02
2.299896404273477515e+02
1.954477528975787948e+02
2.014126504099035060e+02
2.353166948443672197e+02
2.193559233800883703e+02
1.981163780527836025e+02
1.888940425419857831e+02
1.883665549986658618e+02
1.915313303189773251e+02
1.804235042290864897e+02
1.849561785993437866e+02
1.788422411159957335e+02
1.835915782207890743e+02
1.744211218145929934e+02
1.804570907014298484e+02
1.930437711516860588e+02
2.071412430989558118e+02
2.265264852857720825e+02
2.164473948510029402e+02
1.952471337011711228e+02
1.976139304241122829e+02
2.094594593886861276e+02
2.131565203197954190e+02
2.071983700898611573e+02
1.987543710876973364e+02
2.032772993833907265e+02
2.049921586878112691e+02
2.066744810971492825e+02
2.031242110429331547e+02
2.278323093377260591e+02
2.024665759192828887e+02
2.128609893510962365e+02
2.468401535295062956e+02
2.705811413483428396e+02
2.365238586338128641e+02
2.366415612266231392e+02
2.441740773476490745e+02
2.309315610490466497e+02
2.188236377692907126e+02
2.289331659446207823e+02
2.245849172930342945e+02
2.250059477141948037e+02
2.095048910901147678e+02
2.082995265759732604e+02
2.037595051648908679e+02
2.032549583816980601e+02
2.012399199807094021e+02
2.118934290563138916e+02
2.375831819691044871e+02
2.833618436522252750e+02
2.987069630832828011e+02
2.974807569635354980e+02
3.096712969676711964e+02
3.037114974020415730e+02
2.916278643388911860e+02
2.953622602325607431e+02
2.840611619870871323e+02
2.596665874140346659e+02
2.437343044754042012e+02
2.324003694556307948e+02
2.133943245391546668e+02
2.264356218829147167e+02
2.213361757918644912e+02
2.299640007542641911e+02
2.787300592006334909e+02
2.997713843652694550e+02
3.081282684547928170e+02
2.988204673670500711e+02
2.888127481860105945e+02
2.798532568092208521e+02
2.779965546349935153e+02
2.979101840027817047e+02
3.093753161801460578e+02
3.034888370831586144e+02
2.939321362450147603e+02
2.827656837681317938e+02
2.797482990831479697e+02
2.494931849654088580e+02
2.294086244437304458e+02
2.200185065108250910e+02
2.103679434776503001e+02
2.239136376649945248e+02
2.148860737058661527e+02
2.164214552987021705e+02
2.123994752355933713e+02
2.297071542046033130e+02
2.371429592780335724e+02
2.838371522117261065e+02
3.065509037715277145e+02
2.865470107593166631e+02
2.623777954181031191e+02
2.606599373215090623e+02
2.234920074853993412e+02
2.186509073400966940e+02
2.389747714772209690e+02
2.308321510884948111e+02
2.319096171164362374e+02
2.406097129702174868e+02
2.699399995816468163e+02
2.921106698788260019e+02
3.066492641548186953e+02
3.063430874739035517e+02
3.016640720455789051e+02
3.101041726179171860e+02
3.040188735998261791e+02
2.982472482430841296e+02
2.950899699032061676e+02
2.913000963543267972e+02
2.795208406967875021e+02
2.604764112404904495e+02
2.461141459443001054e+02
2.491727640216695647e+02
2.282028101107629254e+02
2.322145942804819185e+02
2.310852491479387822e+02
2.387132767996911298e+02
2.493219539323015681e+02
2.775633791055301458e+02
2.636396871647152693e+02
2.380356997080868666e+02
2.417381584651085120e+02
2.488860794898821496e+02
2.339804330518521454e+02
2.414295827504546139e+02
2.354102571601806915e+02
2.337184885554962079e+02
2.275499730545903105e+02
2.458623973413339741e+02
2.211297089507183671e+02
2.347557707683125727e+02
2.272464952866313297e+02
2.367400715495227814e+02
2.233342710170727514e+02
2.275633176797624628e+02
2.342099905927341581e+02
2.338288441074813875e+02
2.252666926936814207e+02
2.352472728055505229e+02
2.612442519765172051e+02
2.795638733644773311e+02
