2.904236993416190558e+02
2.783112778736030464e+02
2.822498915142884357e+02
3.033846290551292100e+02
2.986486365755080783e+02
2.984911999863988967e+02
2.926345588715377630e+02
2.905737888899031418e+02
2.895991814335130243e+02
2.876046847589130380e+02
2.390618863898613995e+02
2.166367685767601188e+02
2.263038249668890103e+02
2.326081857532548725e+02
2.155972372698136041e+02
2.154365020093135286e+02
2.210157548481251411e+02
2.390375961732559631e+02
2.353999113271821102e+02
2.456901167309660252e+02
2.242006220759992630e+02
2.220723792704606581e+02
2.178586264478558689e+02
2.228526649940073980e+02
2.199259937722722213e+02
2.282872261104471647e+02
2.220113538497298293e+02
2.226318039504284911e+02
2.191148204893383991e+02
2.331184302415772436e+02
2.553490763822265137e+02
2.494561498820660574e+02
2.422969833866417559e+02
2.472929711477060550e+02
2.454041818972220597e+02
2.888935656350865884e+02
3.022534846472819936e+02
3.080234606683288234e+02
3.074013612319345157e+02
3.022584326543682778e+02
3.094265955263130650e+02
3.117894938194285714e+02
3.043280490729147232e+02
3.025053831898567864e+02
2.933385253342688088e+02
2.886238242790796562e+02
2.918280337164728166e+02
2.983598528891993169e+02
3.035722035055821948e+02
3.064910778676660357e+02
3.106767919834485383e+02
3.097572123634423065e+02
3.033700849130877941e+02
2.891786008311786418e+02
2.627526444397916521e+02
2.525624487549941932e+02
2.544372936218714187e+02
2.711943943478252663e+02
2.723528277644513764e+02
2.729618824548908833e+02
2.466114956262764792e+02
2.511587141385751352e+02
2.254110845368357445e+02
2.414345307575407844e+02
2.181139736014300752e+02
2.202503131458371115e+02
2.179111053108924239e+02
2.343113497681986814e+02
2.450429773799230020e+02
2.791038586450611660e+02
3.042190429774078666e+02
3.135704764912751443e+02
3.068335399338807861e+02
2.869830351413447715e+02
2.644211724051314718e+02
2.849260136499269151e+02
2.920470954847476150e+02
3.020191290389223582e+02
2.951403496117210921e+02
2.703325414771589976e+02
2.930776304151736440e+02
2.645384251791156771e+02
2.343569314092360685e+02
2.903524780274984209e+02
3.088145420437000439e+02
3.088337343136105346e+02
3.135721258269705345e+02
3.216235829336220604e+02
3.209645983534937272e+02
3.067761130637581459e+02
2.914180988263543099e+02
2.894209032387979619e+02
3.046331761765693500e+02
3.091624019358268924e+02
3.107376674645707908e+02
3.056569638246049294e+02
2.954909084168041318e+02
2.933583173626140024e+02
2.972843360761705185e+02
2.915827325166799255e+02
2.951883302864972052e+02
2.850404175713461541e+02
2.911612522766933466e+02
2.707789116921856589e+02
2.263979870411372417e+02
2.678571884775369654e+02
3.058111017423231033e+02
3.138069312541562113e+02
3.167844320032321548e+02
3.109498320108464213e+02
2.718271394964355068e+02
2.934047986413032163e+02
3.011743692836452055e+02
2.741321611006022749e+02
2.529304005546836436e+02
2.620837638454907506e+02
2.395174029210172364e+02
2.326902027192003288e+02
2.304145692783337722e+02
2.315433146524422341e+02
2.141606658790944948e+02
2.232212165521315796e+02
2.289724501220938180e+02
2.511267770019272518e+02
2.696087829860829856e+02
2.349766318118914228e+02
2.388983022767965281e+02
2.300169294361266736e+02
2.113109136766099141e+02
2.485766041375760835e+02
2.601382974229273941e+02
2.491889574994064844e+02
2.098142165028120303e+02
2.135046800911397611e+02
2.000099653707451637e+02
1.961055379608377507e+02
2.202741535436165350e+02
2.511749076163120833e+02
2.414651184377106006e+02
2.234228853257999390e+02
2.222870927900837614e+02
2.360085161987956042e+02
2.442159104984695546e+02
2.526096797317269989e+02
2.538604759472972319e+02
2.611473909893128962e+02
2.590744758993754431e+02
2.406623417728625327e+02
2.126947063250752024e+02
2.052406086193864780e+02
1.980154686961450352e+02
1.954447541054053090e+02
1.900064444987485501e+02
1.835037136101052511e+02
1.995737910491085074e+02
2.207496120427262269e+02
2.233525636493311879e+02
2.448282638602998134e+02
2.378206863092463550e+02
2.076540365606256273e+02
1.922955725043958637e+02
2.416750338898562234e+02
2.863921231435550112e+02
3.031148876991221641e+02
2.911273659251327217e+02
2.933916039557398676e+02
2.683644341736858223e+02
2.116127421088735048e+02
2.536649546975844203e+02
3.064006642836347396e+02
3.120686813707822012e+02
3.054548452321104719e+02
3.086827451276743091e+02
2.997797809833552947e+02
2.632979747965440538e+02
2.524194063683179081e+02
2.586002169171352989e+02
2.687662723249358692e+02
2.784397761182378304e+02
2.614828058939197604e+02
2.563739136075228089e+02
2.550111125042722335e+02
2.363289371425348406e+02
2.114161712819001764e+02
1.892222603453763270e+02
1.767907673900990346e+02
1.833287340867810258e+02
2.078943897533323479e+02
2.064792597266538792e+02
1.865083534283515121e+02
1.777464824557959275e+02
1.622217353735452434e+02
1.620906881555629582e+02
1.655748348423531979e+02
2.225955185651291117e+02
2.789725115478616431e+02
2.819272214764188789e+02
2.507115942255051095e+02
1.929692511661745016e+02
1.921325881497656951e+02
2.146856044490670854e+02
1.963724304642800291e+02
2.197729054318147348e+02
2.287514391389063064e+02
2.448353110219076996e+02
1.814903245448119264e+02
1.972324840596420756e+02
2.065737216801193199e+02
2.139428036276892726e+02
2.544650324494763254e+02
2.759491292785307337e+02
2.817903266136983120e+02
2.798457598287871519e+02
2.734590821972585104e+02
2.509469994111255176e+02
2.427046691826301412e+02
2.545797362501131431e+02
2.198586708879770697e+02
2.144125644216691740e+02
2.359887241704503822e+02
2.202666565631828348e+02
2.002680114372755327e+02
1.768042619548797916e+02
1.650229071428190082e+02
1.731271429917243552e+02
2.152901609512464347e+02
2.755433926974551468e+02
2.510458096132426249e+02
2.319652447112546838e+02
2.417609492856271629e+02
2.408796042658331942e+02
2.529398467500302559e+02
2.168141471338230701e+02
2.430862654867089532e+02
2.328938207077814582e+02
2.242072194187809373e+02
2.699989258478562419e+02
2.751009209122540256e+02
2.119211678839188835e+02
2.307355899805076831e+02
2.864272090119850418e+02
2.497668247512413870e+02
2.325829958989974386e+02
2.314725431571474417e+02
2.687329857318099471e+02
2.859911846299568765e+02
2.810884593054886977e+02
2.268353608796433605e+02
2.700765945651501738e+02
2.418624584007004046e+02
2.081969678836392177e+02
1.894000887212652628e+02
1.652779544171758630e+02
1.610088738789698937e+02
1.763009146885563894e+02
2.040184508690732628e+02
1.929737493544346876e+02
2.178788682950270470e+02
2.314891864537103743e+02
2.392595067940955857e+02
2.572198728796695377e+02
2.590152497539486944e+02
2.684133144861138476e+02
2.593487154436428455e+02
2.736154692091068341e+02
2.809948969896753965e+02
2.974605151163642063e+02
3.080633446042364199e+02
2.976857244085947514e+02
2.862562778580950180e+02
2.848176073128546477e+02
2.723423319918441621e+02
2.677087482649482695e+02
2.434452209098779178e+02
2.101518805015491864e+02
1.660723344639381196e+02
1.700976131984378696e+02
1.609514470088472251e+02
1.602711710042869413e+02
2.092033625370685286e+02
2.697386306871957800e+02
2.490324205479493287e+02
2.896380157921599903e+02
2.660636108785618035e+02
2.703907180453250021e+02
3.074106574876721538e+02
2.456211445109753981e+02
2.575357956351485882e+02
2.749284903622773300e+02
2.286298381162704914e+02
2.733214376364945792e+02
3.071353683661443483e+02
2.979227789299104643e+02
2.955606303348381516e+02
2.981190498776666118e+02
3.087575649924035588e+02
3.140507330578624874e+02
3.145578288144025123e+02
3.146857273006027071e+02
3.017846234909540613e+02
3.023121110342740963e+02
3.175143380182640840e+02
3.162235079271775362e+02
3.139951054630438421e+02
3.120353947776562791e+02
3.096723465449319974e+02
3.170699170181501927e+02
3.129522754847064334e+02
3.108991524231142307e+02
3.035886968625364943e+02
2.995809610622516743e+02
2.929536303587991029e+02
2.849330608115346308e+02
2.684582963687165602e+02
2.629970460019325742e+02
2.979245782052146296e+02
2.971429430251897088e+02
2.750103573886141817e+02
2.704673371853583035e+02
2.712614173529031518e+02
2.707889576459670593e+02
2.701125800712324008e+02
2.843781343198269838e+02
2.898669735746073002e+02
2.647729307270839740e+02
2.909379921993756852e+02
3.080762394105825024e+02
3.022025051803322526e+02
3.106225138451081307e+02
3.123558157213955724e+02
3.072677650406046723e+02
2.934794685664237477e+02
2.458129172704712175e+02
2.940249488627848677e+02
2.811184472272238963e+02
2.335703482221248919e+02
2.807223067811034412e+02
2.956816315990393491e+02
3.068320405377940006e+02
3.096276645415467215e+02
2.955346907825374387e+02
2.775392388285334277e+02
2.528081997736131825e+02
2.458764916645495475e+02
2.148374932726552800e+02
2.107532882719461895e+02
2.337063434471934897e+02
2.503947718323739480e+02
2.775948664233520731e+02
2.648757892986352545e+02
2.374687780476853050e+02
2.388383264333262730e+02
2.467863252099918441e+02
2.629354208227670711e+02
2.663371007247857278e+02
2.613664527575876377e+02
2.620630721794935880e+02
2.639310198243715604e+02
2.770573329262506945e+02
2.821176447794366595e+02
2.752292692172802617e+02
2.417455055059336360e+02
2.506922520159860426e+02
2.170372572715321553e+02
1.963520386775001043e+02
2.517320832021498234e+02
2.489886381822161070e+02
2.406546948528202279e+02
2.786111570909537818e+02
2.884999741623136629e+02
2.767492070304226672e+02
2.581237088407648343e+02
2.126660678598181562e+02
2.354159548653102831e+02
2.637578395763515005e+02
2.648934821724589597e+02
2.445354318045567652e+02
2.344414973485289124e+02
2.551779952887279421e+02
2.457790309189105926e+02
2.206954838439944808e+02
2.053062821679862680e+02
1.800942368484353722e+02
1.685802243586427949e+02
1.861523967973561753e+02
2.029835676899956809e+02
1.830529951464270368e+02
1.713038773502314598e+02
1.635272595462819254e+02
1.594214632419233908e+02
1.571752179643573299e+02
1.427244882990484882e+02
1.465492977767491993e+02
1.576983572590257836e+02
1.681026667050116998e+02
1.726461367270936194e+02
1.749114243349615094e+02
1.449348980101411826e+02
1.355245382300644792e+02
1.329971561862319618e+02
1.403128596331133622e+02
1.497242689904506960e+02
1.570038369916413217e+02
1.695645778895968192e+02
2.098981826836703419e+02
1.644445900721579505e+02
1.513175272722355089e+02
1.512260641109435255e+02
1.781265793637880677e+02
2.576077666473127010e+02
2.769429290048313987e+02
2.254778076626962218e+02
2.373543741262659523e+02
2.524315514766205979e+02
2.390860266668580607e+02
2.319303087824333716e+02
2.342138890225597265e+02
2.383652669679554208e+02
1.988067000111251446e+02
1.968459397484769511e+02
1.757551345129780316e+02
1.685403404227351984e+02
1.669898149294228915e+02
1.591127375876608880e+02
1.533725995487405385e+02
1.573974284644143040e+02
1.650824331674631367e+02
1.694170373146602060e+02
1.774200639277096343e+02
2.258354136293871193e+02
2.612306074721277014e+02
2.540473006997066534e+02
2.103736411827799486e+02
1.855563868528714977e+02
2.067903844146553922e+02
2.438894919703832045e+02
2.362274280274615421e+02
2.593173780654295797e+02
2.459670551881894482e+02
2.794868044056181589e+02
2.455175362413806113e+02
2.207839482131130069e+02
2.411682380125334646e+02
2.396871345580378261e+02
2.312210944333987754e+02
2.703596805463293435e+02
2.232152189677844660e+02
2.367496676844781405e+02
2.420864681760615724e+02
2.478903305486689135e+02
2.098182648722463171e+02
2.617441506318408528e+02
2.154054645103177279e+02
2.058178761127867915e+02
1.681257574047476453e+02
1.789254575988106239e+02
1.938885309069633252e+02
1.882040204628616209e+02
1.683740573967141643e+02
1.595195237459972191e+02
1.930526175885979967e+02
2.194772245235067203e+02
2.263143207394963952e+02
2.206611476736078146e+02
1.881960736636018794e+02
1.585846502859060081e+02
1.574953390288793003e+02
1.769017227005187749e+02
1.763749848552420474e+02
1.691450468645230956e+02
2.049171888834736706e+02
2.598814508732664876e+02
2.847481852740378372e+02
2.904580355120057789e+02
2.829630042931484581e+02
2.769058939214885413e+02
2.523739746668892110e+02
2.507450307582396931e+02
2.682720713747417562e+02
2.677201436752075665e+02
2.800852133838416762e+02
2.809688074977657948e+02
2.650833057170420375e+02
2.348146970345220552e+02
2.369396411686698514e+02
2.627910289796125767e+02
2.724646827125232562e+02
2.688081054757563493e+02
2.491268825014148263e+02
2.412318124066117093e+02
2.297554347585966639e+02
2.142453817579961139e+02
2.188189896414218651e+02
2.217587056091116722e+02
2.337124909711491512e+02
2.420290413059387902e+02
2.440475283179270320e+02
2.456452847879721162e+02
2.488427469429748271e+02
2.141534687778781461e+02
1.662171761259184564e+02
1.558100178273678580e+02
1.541531851515046583e+02
1.645771366862270497e+02
2.037421121702844857e+02
2.161368699214363289e+02
2.557315723239575220e+02
1.872793428961603865e+02
1.378617968500966242e+02
1.381955624190080414e+02
1.373615983155555114e+02
1.366619801014760469e+02
1.356461392527002090e+02
1.470467973983341494e+02
1.375686649151361678e+02
1.388488492940067829e+02
1.919264211878371214e+02
2.431780285272184301e+02
2.056521928452003749e+02
2.313031113993441750e+02
2.274757529482959058e+02
2.405716283096139421e+02
2.701382197443159043e+02
2.525850896359042679e+02
2.632186567435547317e+02
2.940045570760049713e+02
2.971289986415829389e+02
2.994076308746229529e+02
3.004107268566612561e+02
3.007495903722677326e+02
3.043502401349987281e+02
2.993623491128029741e+02
2.969354266067830395e+02
2.853065603767450966e+02
2.745621878982834119e+02
2.823253111374522177e+02
2.741757935267268635e+02
2.633601997341444303e+02
2.770343921661233821e+02
2.644324178757821073e+02
2.588437188416240815e+02
2.383616684173472038e+02
2.301560733929773619e+02
2.228745561768739094e+02
1.963025586066372625e+02
1.840156074341230692e+02
1.977058434042303645e+02
2.603260218129889836e+02
2.930648855484361661e+02
2.968081278790176043e+02
2.976744789379441158e+02
2.930983220811708065e+02
2.491243335280674387e+02
2.797051164758495361e+02
2.983171201007268678e+02
2.955507343206658675e+02
2.770528347379903948e+02
2.709336493683387062e+02
2.852825700393570401e+02
2.732124315409874384e+02
2.240368880233256448e+02
2.374127006340406751e+02
2.604915551409666250e+02
2.506456207976879966e+02
2.103042191439633655e+02
1.900920600153022519e+02
1.896795761518362724e+02
1.968146023702637422e+02
1.958223020400499195e+02
1.867172193032364476e+02
1.769321604410798727e+02
1.686419994774171585e+02
2.028973524150072762e+02
2.478203087514174285e+02
2.638797404782047238e+02
2.594284833154580383e+02
2.656331342620547389e+02
2.518454375463084887e+02
2.395159035249304793e+02
2.254715101991319273e+02
2.162671674413753067e+02
2.807479464541869447e+02
2.983462083848097564e+02
2.746596486439224805e+02
2.453512532153596055e+02
2.803879414537573211e+02
2.851458251162450779e+02
2.546771969957520412e+02
2.635182360816882579e+02
2.508138530386217724e+02
2.231564426411837587e+02
1.997363255849124641e+02
1.961547181524832979e+02
1.904943479853783685e+02
1.813486316146137938e+02
1.690828219269227191e+02
1.887378054697460357e+02
1.989028113002860607e+02
1.944103207451537401e+02
1.774014714162338748e+02
1.728037232558114056e+02
1.707819375724323550e+02
1.571957596907459163e+02
1.454160542143805515e+02
1.444603391486835449e+02
1.436659591019212883e+02
1.515328405502934288e+02
1.648816640314468600e+02
1.750123336916000483e+02
1.667906951291019766e+02
1.603821263147067953e+02
1.623638781225695311e+02
1.606215798697613479e+02
1.626625578230509745e+02
1.649046047915740871e+02
1.619615901524933292e+02
1.703630063057933341e+02
1.786692108075844487e+02
1.869037441764286314e+02
1.915025419141117311e+02
2.400060561056903623e+02
2.672112486433633194e+02
2.580127535303449804e+02
2.341660582873922181e+02
2.800334842188487414e+02
2.661331828569872755e+02
2.342822614841157360e+02
2.786555392151216779e+02
3.002369468502065502e+02
2.703980650861502113e+02
2.310162769279481267e+02
2.857862171848976232e+02
2.580025576369549754e+02
2.246589874597199241e+02
2.114578544931118529e+02
2.142066973389579232e+02
1.936603228225594080e+02
1.795421592092925209e+02
1.697331100097479464e+02
1.788656316949492009e+02
1.883448137554078414e+02
2.676787603432131846e+02
2.922880484358890385e+02
2.723445810859743119e+02
2.727431205658334079e+02
2.881723561173578787e+02
2.915316031101216367e+02
2.659181694581466786e+02
2.593017843461274197e+02
2.599978040095984966e+02
2.466944122298738762e+02
2.579974596902600865e+02
2.320312181390719388e+02
2.187987477942507155e+02
2.017618597585084785e+02
2.153684294269748705e+02
2.275237336230721326e+02
2.418030823156649376e+02
2.734154497711338649e+02
2.681078875032422957e+02
2.519722864552477688e+02
2.284268198861240364e+02
1.976014854365922133e+02
1.840168069509924749e+02
1.829706783012642290e+02
1.890610752660502669e+02
1.877666466243554453e+02
2.036010189985209422e+02
2.130604090306344460e+02
2.215942218583948033e+02
2.285050883618525006e+02
2.293215095310900722e+02
2.225307446541812908e+02
2.186273668215346788e+02
2.173917145064407919e+02
2.086232461911034477e+02
1.992518707092823149e+02
2.162664177433318287e+02
2.214985603880598148e+02
2.234768635849230805e+02
2.193734663143034993e+02
2.464374157406042514e+02
2.797232591684993395e+02
2.681722115953638763e+02
2.557180777591766230e+02
2.602281112485240442e+02
2.616610840886347660e+02
2.500959421922839283e+02
2.571972319987594915e+02
2.478210584494608497e+02
2.421530413623133597e+02
2.587027756094690858e+02
2.345523027193400480e+02
2.265677186781577745e+02
2.297566342754661264e+02
2.097002624002188043e+02
2.229250858249976943e+02
2.648808872453303138e+02
2.789216820205206204e+02
2.683680327242940393e+02
2.360211111259242784e+02
2.302488860107474977e+02
2.728386320965595928e+02
2.787558488133256560e+02
2.427160645928894098e+02
2.190984770719927894e+02
2.111528773290660865e+02
2.100616168571265518e+02
2.288100655258982954e+02
2.390488416439065702e+02
2.233308224060732243e+02
2.282175041924132017e+02
2.249896042968491940e+02
2.344933764531306224e+02
2.307253940871178486e+02
2.544002585385286181e+02
2.276999126632656498e+02
2.324949813487048687e+02
2.290774078481665867e+02
2.346598094187602896e+02
2.418803012141327713e+02
2.475471187844108556e+02
2.477279459524733909e+02
2.499914342850372009e+02
2.326705606304637683e+02
2.363317859950996649e+02
2.261348430279118702e+02
2.375214068503303508e+02
2.315014815016217540e+02
2.408766054736597368e+02
