2.326306766945561435e+02
2.361729999495125014e+02
2.346257731275911169e+02
2.137906149248836414e+02
2.142918630366855268e+02
2.252391038056850618e+02
2.225206987004000609e+02
2.244796596877441459e+02
2.498089577812791333e+02
2.443222176810204758e+02
2.575531886297548567e+02
2.617721893386631677e+02
2.482332424337094494e+02
2.704356999279277147e+02
2.893367871183310740e+02
3.071969935453099083e+02
2.678867265804460089e+02
2.456790211999241080e+02
2.230886699380624236e+02
2.208545697687989957e+02
2.333362924929825226e+02
2.446066531186776274e+02
2.300936985157683807e+02
2.314217136298063338e+02
2.356369658484979084e+02
2.488782826302310127e+02
2.518991159262143071e+02
2.667543826557293869e+02
2.831096452304331592e+02
2.792245600300449269e+02
2.698324928822265747e+02
2.581953799737116242e+02
2.566222135994893847e+02
2.829085762151995596e+02
2.672238435704920789e+02
2.575425429175389240e+02
2.372765554693633874e+02
2.487467855934227146e+02
2.284927933139412062e+02
2.398606146852752090e+02
2.227691486319752130e+02
2.409947578852960248e+02
2.254755585685661288e+02
2.235656278332589579e+02
2.268178179454283452e+02
2.376095713402314118e+02
2.350619474492277448e+02
2.669203658025330697e+02
2.992221555786913996e+02
3.030280726656991419e+02
2.858728822787120407e+02
2.783609078840746065e+02
2.542831557041530175e+02
2.902652131752491300e+02
2.723370841055406117e+02
2.525245140339993952e+02
2.421890268683954446e+02
2.435305365472142398e+02
2.409068932746121732e+02
2.585873221107890458e+02
2.622693890810308517e+02
2.543101448337146735e+02
2.475496677577582716e+02
2.570721823651242062e+02
2.773623100902964893e+02
2.884274033917149609e+02
2.859712426620031351e+02
2.809754048405475828e+02
2.821887161539488034e+02
2.758315766253293759e+02
2.508997684343926835e+02
2.416562914387717740e+02
2.309916868321254526e+02
2.329773370698136148e+02
2.447522444787014706e+02
2.645475714952448243e+02
2.592407589253965625e+02
2.913773152527945172e+02
2.637821297929569369e+02
2.282533397588866251e+02
2.705486044532603387e+02
2.967658449093711397e+02
3.031141380010787998e+02
2.957572011618117358e+02
2.664188178115138612e+02
2.297843731030710899e+02
2.089714059624477329e+02
2.110450707504284651e+02
2.138261506121397701e+02
2.166872982248837332e+02
2.282719322703623561e+02
2.292795264406609874e+02
2.255061462487358597e+02
2.043375223563345457e+02
1.910224352871331064e+02
1.922619860320525618e+02
1.944607004536686645e+02
2.098806397494552414e+02
2.273237141850991065e+02
2.379460358220990486e+02
2.256212998681987187e+02
2.010208582124347174e+02
1.989522913711488172e+02
2.256446904471520156e+02
2.361511087666458479e+02
2.284752503797261056e+02
1.987032416811390476e+02
2.149622430270732707e+02
2.272117092974185937e+02
2.327314361115861061e+02
2.130101792617282115e+02
1.957821182249249716e+02
2.260231380194487372e+02
2.863891243513814970e+02
3.044043683337304742e+02
2.978533568910936538e+02
3.092573137081184882e+02
3.001637763211729748e+02
2.975971100998674501e+02
2.951120110256814542e+02
2.906241685984180094e+02
2.852959146645291639e+02
2.782243129005713627e+02
2.666837611000432275e+02
2.483662388666045331e+02
2.456496330366237544e+02
2.444265756486584280e+02
2.554814730566870082e+02
2.546954896280104776e+02
2.403432702856013066e+02
2.027415651615935701e+02
2.157729664911811369e+02
2.181754488409870589e+02
2.418318707205306737e+02
2.539280987108098486e+02
2.635155371687321235e+02
2.944053456499942740e+02
3.016436802587991224e+02
2.937971905972068498e+02
2.923352794126217304e+02
2.916139199552844161e+02
2.830256790495749328e+02
2.743800112737428094e+02
2.774818119584106739e+02
2.709325997910780757e+02
2.729585837835000461e+02
2.391203628372447838e+02
2.060105485099346083e+02
1.993722722150487243e+02
2.211481515225854935e+02
2.839701486446212471e+02
2.735770846692860800e+02
2.470572660828682956e+02
2.921246142624327717e+02
3.042892147142678141e+02
2.811841207758236010e+02
2.443874414107941675e+02
2.692789158469970516e+02
2.717496207187503501e+02
2.765625322176218219e+02
2.794020885267165681e+02
2.714924742898720069e+02
2.629995949752799902e+02
2.289519083957052032e+02
2.905692907016428990e+02
3.050027773119541621e+02
3.104854690427786750e+02
3.006480812571946331e+02
2.938844554494559702e+02
2.836468788483171011e+02
2.467323469508687594e+02
2.204297908574216649e+02
2.139279596064303348e+02
1.953313997612467006e+02
1.788551359223418160e+02
1.821001289332948829e+02
1.864204888176676889e+02
2.116349331709575097e+02
2.496969528935987057e+02
2.722735097114620544e+02
2.807011652962801804e+02
2.753582172807410302e+02
2.831312365340824044e+02
2.851126884627277605e+02
2.895347074017826117e+02
2.810130396823250862e+02
2.510476088885466766e+02
2.400754781445070023e+02
2.949064438221874411e+02
3.002048597739500337e+02
2.928051901462104638e+02
2.751087177719051624e+02
2.769669193422194553e+02
2.817201548768381940e+02
2.989960466488089992e+02
3.071232232578415733e+02
2.937574566009079149e+02
2.777890382165865617e+02
2.877354320976779150e+02
2.667449364603828599e+02
2.743923063216541323e+02
2.878496860794884924e+02
2.916257651843698113e+02
2.794887536205308720e+02
2.259286760659832680e+02
2.382645075509255435e+02
2.573416238419139290e+02
2.331916007706108473e+02
1.933850337010314036e+02
1.826195197377464581e+02
1.909353203744927328e+02
1.934675004858028444e+02
1.915811102690576320e+02
1.927866247228078862e+02
1.949691456666869840e+02
1.958303987789184362e+02
2.102784295312711436e+02
2.255887629731161610e+02
2.237074707030658089e+02
2.457517419101314715e+02
2.609077874946495967e+02
2.734028548440052191e+02
2.799244781233416575e+02
2.830009390141434551e+02
2.874515964184553809e+02
2.665936473952293682e+02
2.696981469928534807e+02
2.314062698501128637e+02
2.165420067440772129e+02
2.184274973231703427e+02
2.689515976812586473e+02
2.760243989620858542e+02
2.631240448504806864e+02
2.764727183920252855e+02
2.601565900551858590e+02
2.662123509703677087e+02
2.415489346789602223e+02
2.571096672672930481e+02
2.629102309685095520e+02
2.449576617425867369e+02
2.676172851036562861e+02
2.555607911096761597e+02
2.416320012221663092e+02
2.155516556287762171e+02
2.463471520961816452e+02
2.525876386092517123e+02
2.525156675970875142e+02
2.502688225610867221e+02
2.596084108458685478e+02
2.737681077307383930e+02
2.683356457688201431e+02
2.325308169151783204e+02
2.018425272679759246e+02
2.283929335345633262e+02
2.628247653915645401e+02
2.833024675671896944e+02
2.873722783654660589e+02
2.845609107028023459e+02
2.798848940666513840e+02
2.604563193329279329e+02
2.968968921273533397e+02
3.130285947455221276e+02
3.035342687845871978e+02
2.962951844777390420e+02
2.973651535252466260e+02
2.825361262272497243e+02
2.726003780583744742e+02
2.470665623386061611e+02
2.168703744870763046e+02
1.983318412704500702e+02
2.280893058269957123e+02
2.310008331482546282e+02
2.205651863240555599e+02
2.078572047303807437e+02
2.422065698026103746e+02
2.349153065119431858e+02
2.534418445598754204e+02
2.805608218225600581e+02
2.816258428629815285e+02
2.196045232512722691e+02
2.189794250227045893e+02
2.144266587448847474e+02
2.071412430989556697e+02
2.408443684577945021e+02
2.289222203531876119e+02
1.809901260102708420e+02
1.813120463500969208e+02
2.023619180724274429e+02
2.333602828303706644e+02
2.911841930368207159e+02
2.896453628329850289e+02
2.810418280871907655e+02
2.796665819964199500e+02
2.721036281348328885e+02
2.809897990429803372e+02
3.013354044233625473e+02
2.913671193594047963e+02
3.015786064686341206e+02
2.698675787506567190e+02
2.923172866595807591e+02
3.109583785685409794e+02
3.060016749849495454e+02
2.843971766501286993e+02
2.708982636206914094e+02
2.846309325000536887e+02
2.785885162100438492e+02
2.888251931735306357e+02
2.984304744448853057e+02
3.025622103015447237e+02
3.065549521409619160e+02
3.069266524308680459e+02
3.094586826025696382e+02
2.912824034805030351e+02
2.354137057711802754e+02
2.393929530458165971e+02
2.485818520238797475e+02
2.062066695180820375e+02
1.897978785030810513e+02
2.259928502184962156e+02
2.571129659386839990e+02
2.885888883502582871e+02
2.516007361049502435e+02
2.407882910441498154e+02
2.712851078110738854e+02
3.089457392012911896e+02
3.158945404257437986e+02
3.168794937151324120e+02
2.857893659166798557e+02
2.538289886294753046e+02
3.046906030466919901e+02
3.093802641872322852e+02
3.063646787775527969e+02
2.502413836126990816e+02
1.992355272919367337e+02
1.951352787530992714e+02
2.064204834000531434e+02
2.192911494691406631e+02
2.044457787537982085e+02
1.882226129743374088e+02
1.837382191580735764e+02
2.254887532541295343e+02
2.697510756747158780e+02
2.695488071426127590e+02
2.869373035606986946e+02
2.509715895069481917e+02
2.101863666115444005e+02
1.756798648294228826e+02
2.188078941103798343e+02
2.456832195089669426e+02
2.555822324737166866e+02
2.130713546220677870e+02
2.574144944917301245e+02
2.957772930693743092e+02
2.463915342203494845e+02
2.236220051261209392e+02
1.880774714331396353e+02
1.708398142613810364e+02
1.642054363963207493e+02
1.588648874145203536e+02
1.547331515578611061e+02
1.547252047586013077e+02
1.728684971667592549e+02
2.426296993782925142e+02
2.586807344869938561e+02
2.677618268864193851e+02
2.286116954236206595e+02
1.841793414867966021e+02
1.693311219188892096e+02
2.253965403947943003e+02
2.423906956420638608e+02
2.183720196679604726e+02
1.554659064254577459e+02
1.592191947098203855e+02
1.684473778653564011e+02
2.173269405954929709e+02
2.585448892015339197e+02
2.739997644261419509e+02
2.423500620081128432e+02
2.537762098872215688e+02
2.420305407020256894e+02
1.832759553445273468e+02
2.218521179853164824e+02
2.908721687111672622e+02
3.106511523103652053e+02
3.096576524632818632e+02
2.477658806734682173e+02
2.009121519961450701e+02
2.397495094352468072e+02
2.531124272396155277e+02
2.917437676563973810e+02
3.085566459167783933e+02
2.780724240769831681e+02
2.176070277844985412e+02
2.104394646709885706e+02
2.423437645445484918e+02
1.863375722140702919e+02
1.535853638534509571e+02
2.197205765083870403e+02
1.687397601022734364e+02
1.570966496094113722e+02
1.859567256080347875e+02
1.507393601411831980e+02
1.385239301620071330e+02
1.667897954914499508e+02
1.540141911342625747e+02
1.942465866924801787e+02
2.517260856178028519e+02
2.127998139907566042e+02
1.724849516477675877e+02
1.640493492636896349e+02
1.437694174319073568e+02
1.512319117556818924e+02
2.239995530607656065e+02
2.399133934275290301e+02
1.764991348512254206e+02
2.494390567666770835e+02
2.821306895253915172e+02
2.197373697445586629e+02
2.240872677318407113e+02
2.499618961821282141e+02
2.273334602596629281e+02
2.059255327518156378e+02
1.946794623427260547e+02
1.605984891700253741e+02
1.570516677268087449e+02
1.464684803276731770e+02
1.645534462280562877e+02
1.967622734468360761e+02
1.536711293096132636e+02
1.468967078500500918e+02
1.513457159186665422e+02
1.538000773730740889e+02
1.508635101371665144e+02
1.467241273604647063e+02
1.485298500677425579e+02
1.753831343438543513e+02
2.046218078543830359e+02
2.318716823954412121e+02
2.555967766157583299e+02
2.371312639885568956e+02
1.764019739848037034e+02
1.757831732198002896e+02
1.979511446040232272e+02
2.255128935311263092e+02
2.566814397449159628e+02
2.654705997262506685e+02
2.306580712028226401e+02
2.203090894724380178e+02
2.155320135400397987e+02
2.178428827889450190e+02
2.201940857925838486e+02
2.123669383405108420e+02
2.079606630603668691e+02
2.509224093153027582e+02
2.328202003599219267e+02
2.424022409919318761e+02
2.397427621528563293e+02
2.445012455737788457e+02
2.643247612367532042e+02
2.787500011685872323e+02
2.830535678167885862e+02
2.699328024804304391e+02
2.560885785322135462e+02
2.274771024047740298e+02
2.177964015102556630e+02
2.058201252069167992e+02
2.268203669187757896e+02
1.978316427359090994e+02
1.743107662626078138e+02
1.975505059696425008e+02
1.969257076202921724e+02
2.104475614098570020e+02
1.832243761191429314e+02
1.496265083655944181e+02
1.419178132043747951e+02
1.383135648910355826e+02
1.332567016488490879e+02
1.315304469341691913e+02
1.315280479004304652e+02
1.449959234308720397e+02
1.452917542787886589e+02
1.350828161429067507e+02
1.256793535848292009e+02
1.325707279391591271e+02
1.430774461378703393e+02
1.717397517926508215e+02
1.810671949691300711e+02
2.175654945128954694e+02
2.554054536750884097e+02
2.620753672274048540e+02
2.555117608576392456e+02
2.700499053148059829e+02
2.494209140740273654e+02
2.156572131132836887e+02
2.228487665641818012e+02
1.915913061624476370e+02
1.665639864407847313e+02
1.687387105250127775e+02
1.763658385391128434e+02
1.578520453579180867e+02
1.498481191072166325e+02
1.470406498743784596e+02
1.441397682653355332e+02
1.461491089611945142e+02
1.423293974301888056e+02
1.442594200730585214e+02
1.525195931149861792e+02
2.099918949390924183e+02
2.662819229487931807e+02
2.866032381125700681e+02
3.010107851705803341e+02
3.037010016294343586e+02
3.077817580191439220e+02
3.071334191512314646e+02
3.036936545886092063e+02
2.913212378391500010e+02
2.500779494392429001e+02
2.399631733776092801e+02
2.629129298814656863e+02
2.350045205791050762e+02
2.258307655015181297e+02
2.242025712909121182e+02
2.116503769506510082e+02
2.152588235730331689e+02
2.013657193123880518e+02
1.933631425181647217e+02
1.833674185058193018e+02
1.939453580186512909e+02
1.877128183048409937e+02
1.807878574781677230e+02
1.779925333536323251e+02
1.758047645234495064e+02
1.874309318405313149e+02
1.737748821012020244e+02
1.717479984711279712e+02
1.650848322012019764e+02
1.628256921172897762e+02
1.507567531357895518e+02
1.473576222071182542e+02
1.802002441517688567e+02
1.875059016448689420e+02
1.724623107668575983e+02
2.071042080156129828e+02
2.341809023086510706e+02
2.239557706950323279e+02
2.457602884678261148e+02
2.600801208547612760e+02
2.663038141316598626e+02
2.438900917288178789e+02
2.276297409264055887e+02
1.864908104941365536e+02
1.785867440228128942e+02
2.029312387665678727e+02
2.564112485700829325e+02
2.723819160485344923e+02
2.663792337548235309e+02
2.221068653804559574e+02
1.808274415348580533e+02
1.924600562551128178e+02
1.922613862736179158e+02
1.649279953705274409e+02
1.701914753934686360e+02
1.791676100668213110e+02
1.890994598058711347e+02
1.922361964193605388e+02
1.820989294164254204e+02
1.900007467936188732e+02
2.206732927819104475e+02
2.349838289131078284e+02
2.507694709144538194e+02
2.697591724135843378e+02
2.799382725673397090e+02
2.929987621810104201e+02
3.048321460372814613e+02
2.891333190693585493e+02
2.860432136741673048e+02
2.338754753257793766e+02
2.325710007303033251e+02
2.587236172150750235e+02
2.591969765596632556e+02
2.184147524564329501e+02
1.911440363097688078e+02
2.500861961177200214e+02
2.650866043884328747e+02
2.369158007708903142e+02
2.121564231299305163e+02
1.832946977956117109e+02
2.457285012707869782e+02
2.079461189183252543e+02
2.213327271808649925e+02
1.988219938512098679e+02
2.103823376800832250e+02
2.400045567096035199e+02
2.548676202987698503e+02
2.610398842898926546e+02
2.511497177620546211e+02
2.442013663564280250e+02
2.329722391231187544e+02
2.145635536076053427e+02
2.064944036271301115e+02
1.987497229598284321e+02
2.481921589809323052e+02
2.766995770199512208e+02
2.413528136708127647e+02
2.658025660198580340e+02
3.041496209385911698e+02
2.860833974892923379e+02
2.738099408815589300e+02
3.046495195939148175e+02
3.070738931265873930e+02
3.108522213255988618e+02
3.113444730608801478e+02
3.100137590338858899e+02
3.084193012352317282e+02
3.047748691067675963e+02
3.098819621178602119e+02
3.143369677708237759e+02
3.121001686886040716e+02
3.109544801387154394e+02
3.140943654839867349e+02
3.111399554346468221e+02
2.978131730759686775e+02
2.552208780168090527e+02
2.469906928966164799e+02
2.635770124082891357e+02
2.604618670984489199e+02
2.827123052674434120e+02
2.826170936159344365e+02
2.948562140532811782e+02
2.927198745088741134e+02
2.920007641456670058e+02
2.800841638065809889e+02
2.833942306076990008e+02
2.581207100485911496e+02
2.783436648290769426e+02
2.854972835589803140e+02
2.837461388692601645e+02
3.019423599592804521e+02
3.071912958401802030e+02
3.031349796066846807e+02
2.880681480893285311e+02
2.871674608600153533e+02
2.728608231586437114e+02
2.823433038904932459e+02
2.662960172720085552e+02
2.646042486673241001e+02
2.576810871159548810e+02
2.555039639979881940e+02
2.424941539720498156e+02
2.438981884676861682e+02
2.681591668494091323e+02
2.877928589678006119e+02
2.722390236014666698e+02
2.455883077366754321e+02
2.279261715327569107e+02
2.416652878152923449e+02
2.744981636853790405e+02
2.621971181896492453e+02
2.459445642468881204e+02
2.570451932355626354e+02
2.886361193269909791e+02
2.842160496028488410e+02
2.781922258243147894e+02
2.831846150347708999e+02
2.753751604565213142e+02
2.530602482557965516e+02
2.312426857370480491e+02
2.268352109400345569e+02
2.026309097303910960e+02
2.049920087482026361e+02
1.990938343617385726e+02
2.090844604273889047e+02
2.148484388640886209e+02
2.177070375034851111e+02
1.949084201251733930e+02
2.090082911061818436e+02
2.578172322806322541e+02
2.914686284744778959e+02
2.302322427141844230e+02
2.510669510980657719e+02
2.508225495359248214e+02
2.909159510769003987e+02
2.930359472039619391e+02
2.773620102110791095e+02
2.683533386426438483e+02
2.372467174872368787e+02
2.567330189703004635e+02
2.476049954733596223e+02
2.403024867120415990e+02
2.514777856258364181e+02
2.518680784272184496e+02
2.416663373925531459e+02
2.436831750688457987e+02
2.467330966489121238e+02
2.218392231789704567e+02
2.237899374878374203e+02
2.174630857601702303e+02
2.315272711143139190e+02
2.197375196841673528e+02
2.285808078642336625e+02
2.229612212706883838e+02
2.191867915015025403e+02
2.250045982577167365e+02
2.250939622644872316e+02
2.232792431806888658e+02
2.407749464189777200e+02
2.254562163590470050e+02
2.336052841509462041e+02
2.265159895131647545e+02
2.296486777572198434e+02
2.250389344281034312e+02
2.602270616712632432e+02
2.598684061273115731e+02
2.719051080929467048e+02
2.657266965778682106e+02
2.614178820433632495e+02
2.196027239759681606e+02
2.170649960991371188e+02
2.068771994480783292e+02
2.190453984505217022e+02
2.150054256343717611e+02
2.224970082422292990e+02
2.346256231879823417e+02
2.736085719871078368e+02
2.910550950337511722e+02
3.030934463350815804e+02
2.992971253830291971e+02
3.003774402635353908e+02
3.028460459807672009e+02
2.924898671491661730e+02
