2.944947096567647691e+02
2.971251002117573421e+02
2.690484586684630131e+02
2.664135699252103109e+02
2.365626929924598301e+02
2.170285607742288505e+02
2.110366741323426822e+02
2.293002181066581500e+02
2.600324400592025427e+02
2.763776566801250283e+02
2.914246961691360980e+02
2.863108558756529760e+02
2.847612300199927517e+02
2.704437966667962883e+02
2.678669345521008154e+02
2.607329579109339761e+02
2.586621419755181819e+02
2.710537509948878210e+02
2.685214209439689057e+02
2.765265467115398224e+02
2.484425581274203694e+02
2.550607425147436231e+02
2.542503189298531652e+02
2.356775994824489544e+02
2.265197380033816046e+02
2.358711715172488823e+02
2.575824268534465773e+02
2.563895073268251394e+02
2.566859379331763762e+02
2.579290872287040770e+02
2.530639967460134585e+02
2.479204684100126883e+02
2.381746937253289502e+02
2.373644200800471822e+02
2.456045012144124087e+02
2.230858210854977415e+02
2.093038220748810545e+02
2.106268891818327234e+02
2.034437323490204506e+02
2.202218246201888405e+02
2.192704578031434153e+02
2.211571478991060928e+02
2.355801387368099142e+02
2.512227383514795065e+02
2.817293011929675686e+02
2.768964477261421280e+02
2.450150886127093486e+02
2.227417096835876578e+02
2.229861112457284662e+02
2.407908400174973451e+02
2.403756572410752597e+02
2.253377640681935077e+02
2.477970681120727363e+02
2.700780939612368456e+02
2.597988341488863284e+02
2.774573718021966897e+02
2.912152305358164881e+02
2.956206061783084351e+02
2.862516297302261137e+02
2.803081735819421283e+02
2.632285527577273569e+02
2.559681770264472789e+02
2.325017286310952613e+02
2.245994614350758241e+02
2.006325146259654275e+02
2.349841287923252366e+02
2.205332491874077050e+02
1.927738798560704367e+02
2.175082175823814623e+02
2.694161105889349983e+02
2.913017456900223010e+02
2.930327984721797066e+02
2.710739928420589422e+02
3.114191429860002813e+02
3.109823689059290928e+02
3.009329665136777407e+02
2.988973863863005249e+02
2.917629599263077012e+02
2.651566261856843880e+02
2.542215305249875712e+02
2.354457928474367066e+02
2.385913758978379065e+02
2.315647560164827041e+02
2.363157424569714351e+02
2.434891532152198863e+02
2.253176721606308774e+02
2.003203403607032556e+02
2.236684864048102952e+02
2.694720380629707961e+02
2.223607131379434350e+02
2.265732664436787331e+02
2.276577796332278467e+02
2.219362341057833419e+02
2.097501922899076874e+02
2.157927585195263305e+02
2.254331256593110311e+02
2.253385137662368152e+02
2.580266979139518639e+02
2.957874889627641437e+02
2.854848385714601591e+02
2.743143377251429342e+02
2.450696666302672782e+02
2.249765595508943647e+02
2.279552598168398561e+02
2.366312153936244158e+02
2.135492121549162903e+02
2.179463411189310023e+02
2.148088548073983759e+02
2.158764248211671770e+02
2.389903651965232712e+02
2.568426248242421366e+02
3.005164342807775029e+02
3.106445549675833036e+02
3.076571582043346780e+02
2.978740485570909868e+02
2.898131452550928771e+02
2.587465579752023359e+02
2.364905720406869420e+02
2.290184815819571043e+02
2.279594581258828327e+02
2.558855603020671197e+02
2.809317724144230510e+02
2.636293413317166596e+02
2.414478753827129651e+02
2.210496411996857660e+02
1.956858569961553371e+02
1.873756041249300779e+02
1.995770897204993446e+02
2.122505852041786341e+02
1.991782503614226982e+02
2.170724930795709042e+02
2.936453017736187689e+02
3.043403441208262734e+02
2.562383682012801955e+02
2.469737497208360253e+02
2.872746676802183856e+02
2.475040861167210267e+02
2.238400173171347944e+02
2.581925311211466578e+02
2.666723656897838168e+02
2.433224203703728108e+02
2.174263505560446674e+02
1.857219201808490538e+02
2.172926044251063331e+02
2.516521653907257985e+02
2.227808439214518330e+02
1.900490273476123946e+02
1.943533436938570844e+02
2.126146385740425444e+02
2.235863194992561205e+02
2.424646158691408857e+02
2.845992952426233273e+02
3.022095523419401388e+02
2.885229149224411458e+02
2.388578185824541436e+02
2.239962543893747409e+02
2.171057796726967410e+02
2.022731538240916223e+02
2.018576711684520433e+02
1.951373779076207313e+02
2.037040275096809125e+02
2.309173167862223579e+02
2.003473294902647694e+02
1.623818708756105309e+02
1.816612556987020071e+02
2.155203182505630366e+02
2.634219748529185949e+02
2.995508232009079279e+02
2.945690797026679206e+02
2.160912882803989703e+02
1.946430270178179569e+02
2.393989506301636254e+02
2.925586894295481670e+02
2.941655922157222562e+02
2.928123872474268410e+02
2.951415491285904977e+02
2.581487487554135214e+02
2.710338090269339659e+02
2.857287903147750399e+02
2.997368982552740704e+02
2.982733377349936177e+02
2.815900072965080199e+02
2.942686007268822550e+02
2.799157816260383811e+02
2.666240851357904376e+02
2.881434177728837085e+02
3.090685397407962114e+02
3.089046557485141307e+02
3.038938239661908938e+02
2.687097450924652549e+02
2.156332227758956890e+02
2.035678823450037385e+02
2.162175374309037466e+02
2.422734428680797123e+02
2.325861446307795575e+02
2.239470741977291084e+02
2.164240042720496149e+02
2.190527454913467693e+02
2.242018215928685549e+02
2.324461010362767581e+02
2.396731901744309710e+02
2.188873621029778462e+02
2.232075720477421328e+02
2.560109098149197848e+02
2.526104294297703348e+02
2.096828694056124789e+02
1.956333781331189527e+02
2.156949978946698820e+02
2.014077024028171934e+02
1.944807923612310674e+02
2.160056727638453538e+02
2.365132129215968746e+02
1.976883004700152924e+02
1.935208789864912831e+02
2.132386872253495653e+02
2.297572340339009145e+02
1.659277926811751058e+02
1.638524785574988130e+02
1.518018322082570819e+02
1.467037355736848667e+02
1.471445580231905694e+02
1.516007631930233970e+02
1.516803811252300136e+02
2.017925973782869846e+02
2.480942484164674227e+02
2.124072720952444797e+02
1.913524523658276451e+02
2.616474395842454328e+02
2.760798766172957812e+02
2.015718862743167676e+02
2.765506869885365973e+02
2.783532609640321311e+02
1.858918017574783335e+02
2.479521056674431065e+02
2.946364025869629586e+02
3.027323917573912695e+02
2.245873163267731059e+02
2.183859640515672993e+02
2.622191593121244750e+02
2.549619323126266011e+02
2.370672397756525811e+02
2.500404645370740297e+02
1.682436099371666103e+02
1.826704992046960854e+02
1.999137041419755292e+02
1.789734382735867939e+02
1.861699397315711337e+02
2.350611977511842667e+02
2.715136157746951540e+02
2.582860934369603001e+02
2.228908995942196043e+02
2.151528162696996276e+02
2.384931654541555019e+02
2.608804984858706462e+02
2.504349556474989527e+02
2.092092101818068954e+02
1.737567394085523347e+02
2.050864707016680484e+02
2.506051371033455837e+02
2.944971086905035804e+02
2.947629516166852000e+02
2.942341146168869273e+02
2.517163395432390303e+02
1.801474654095151493e+02
1.700292407368818601e+02
1.641881933413231138e+02
1.698520121194275134e+02
1.609701894599316745e+02
1.918815892448431555e+02
2.599961546739031633e+02
2.757081763273894808e+02
2.860259706191696978e+02
2.440110929930189343e+02
2.255248886998203943e+02
2.489351097419190353e+02
2.235299422063941961e+02
2.502622252183048772e+02
2.792107655860466480e+02
2.462278001676760368e+02
2.293219593499161419e+02
2.429322775085994124e+02
2.796500886394657073e+02
2.677066491104268380e+02
2.222433104243506250e+02
2.207265213429901962e+02
2.461612269814241074e+02
2.196829416666094517e+02
1.891194017738249613e+02
1.696404473315865289e+02
1.689426283928112298e+02
2.269764540514069040e+02
2.107774285489428223e+02
1.954562994552733244e+02
1.854635742351012766e+02
2.668660876641924915e+02
2.998722937219079085e+02
2.972565972485656971e+02
2.981916206482654275e+02
2.721265688949603145e+02
2.962422557958765879e+02
3.043926730442539679e+02
3.075995813946033763e+02
3.073073490972950026e+02
3.038462931102408220e+02
2.819272214764189357e+02
2.924697752416035428e+02
2.933536692347449844e+02
2.871331246896289144e+02
2.735436481365513259e+02
2.687487293907207118e+02
2.730429997831842570e+02
2.734190483217421956e+02
2.309078705908757740e+02
2.035708811371772242e+02
2.128926266085267400e+02
2.163167974518468100e+02
2.057505532284914125e+02
1.978956669488133286e+02
2.034939621179267704e+02
2.581613436825422241e+02
2.601117581121918647e+02
2.797097646037184404e+02
2.856554698461326893e+02
2.735526445130719821e+02
2.471869638443725989e+02
1.878357687839548760e+02
2.356504604132787790e+02
2.622996768819832596e+02
2.588946983085736520e+02
2.318395953191846957e+02
2.192944481405315003e+02
2.445912093389840152e+02
1.944088213490670398e+02
1.775736020869932759e+02
2.593107807226479053e+02
2.864955814735410513e+02
2.905626933588611678e+02
2.044897110591402054e+02
1.861856833904820974e+02
2.096192950115340636e+02
2.446310932748917253e+02
2.711928949517384808e+02
2.051302530674014406e+02
1.839137984398324193e+02
2.337979565480941062e+02
2.740219554882259558e+02
2.903305868446316822e+02
2.995220347960423055e+02
2.791825769396158421e+02
3.035147766354593841e+02
2.482881203304846167e+02
2.507043971242887324e+02
1.766132388934272512e+02
1.837178273712937084e+02
1.834554330561117013e+02
1.833771645803832371e+02
2.011075233062490213e+02
2.131107887391493989e+02
1.685422896376479400e+02
1.730013436600456487e+02
1.656486051298214761e+02
1.711326463171241414e+02
2.000153631966575176e+02
2.429675133166381329e+02
2.125318719100537237e+02
2.015804328320112973e+02
2.153334934981534730e+02
1.876293019428088371e+02
1.768366489103536594e+02
2.257473990790946914e+02
2.284373156587313076e+02
2.194892196922008054e+02
2.520276141708491764e+02
1.826742476949129070e+02
1.769264627359501674e+02
2.507567260477163984e+02
2.213183329784320392e+02
1.606313259443251980e+02
1.512729952084589229e+02
1.586186865770753798e+02
1.481719442218343659e+02
1.573436001448998525e+02
1.621802021019422000e+02
2.108443016144120747e+02
1.906703770859632812e+02
1.704070885507438504e+02
1.726780738637414743e+02
2.507094950709837349e+02
1.735288312033657121e+02
2.173720724177042030e+02
2.495066795301896718e+02
1.799363504405001777e+02
1.526079075444959869e+02
1.562736310973921832e+02
1.513250242526693228e+02
1.547578915932925270e+02
1.458414328841926135e+02
1.350652732086917354e+02
1.270402054731670631e+02
1.330928176565668650e+02
1.863794053648906868e+02
2.505555070928740236e+02
2.871700098333628830e+02
3.004792492578260408e+02
2.472769276095777400e+02
2.320369158442016726e+02
2.116937094975581317e+02
2.030044092956015618e+02
2.251524387118706443e+02
2.213810077348583434e+02
1.756441792025581776e+02
1.634399946940328618e+02
1.663423756991625169e+02
1.793722776326632697e+02
2.275792112782820311e+02
2.798490585001779323e+02
2.904000088834483222e+02
2.883213960883813911e+02
2.779952051785154481e+02
2.649164229325863857e+02
2.643357068281865736e+02
2.904833753058719026e+02
2.150772467069272409e+02
2.445538743764238916e+02
2.608022300101421251e+02
2.355314083639903799e+02
2.034506295710195047e+02
1.887517498533528624e+02
2.297470381405108810e+02
2.136915048435491826e+02
1.497038772036708565e+02
1.586800118770235883e+02
1.795289645237290586e+02
2.454509630551287955e+02
2.397721503161567398e+02
1.614528450602577720e+02
1.584545027055758055e+02
1.639853250507852351e+02
1.454126056033809959e+02
1.365139897077135060e+02
1.717880323466443144e+02
1.512948863913255764e+02
1.162052694710654492e+02
1.324780652609977381e+02
1.818774686144118675e+02
1.814045590886497337e+02
1.280890330358514859e+02
1.347289586664327885e+02
1.359101829035775779e+02
1.194929952704909084e+02
1.397607819939705394e+02
1.626926956843946925e+02
2.175452526657243197e+02
2.600235936222907753e+02
2.430630248473643462e+02
2.012688583251838281e+02
1.532704906752326224e+02
1.681975784773032103e+02
2.255976094100278999e+02
2.637052107737064830e+02
2.697156899270684676e+02
2.556353110951879160e+02
2.242899860827697012e+02
1.759095723099136421e+02
2.007016367855647445e+02
2.706697556570700840e+02
2.733437786381870751e+02
2.517854617028383757e+02
1.953898762086300565e+02
1.874883587106539551e+02
1.941651694849694536e+02
2.195238557418049083e+02
2.415423373361785195e+02
2.223665607826817450e+02
2.526819506231085484e+02
2.685876942510034269e+02
2.470978997168192848e+02
2.308961753013990972e+02
2.185949798660608110e+02
1.903625510693526905e+02
1.711957708923765153e+02
1.702111174822051396e+02
2.042435102216949758e+02
2.497224426270734625e+02
1.975226172024289610e+02
1.673735103880232487e+02
1.542759856910098790e+02
1.700685249143548390e+02
1.761127404796688722e+02
1.836187172899592781e+02
1.755059348833594868e+02
1.706534393277975425e+02
1.967402323243607327e+02
2.345912870175956755e+02
2.744020523962181528e+02
2.201273626667233145e+02
2.223422705660764507e+02
2.737213265728317424e+02
2.890935850730596712e+02
2.912068339177307053e+02
2.760935211216852281e+02
2.485256246706264562e+02
2.839966879553568333e+02
2.806456876410703103e+02
1.988429853964244671e+02
1.661780418880542243e+02
1.637160335136042306e+02
1.680873728649267775e+02
1.591560701345679831e+02
1.355740183009274347e+02
1.415805990244638508e+02
1.426114338341072312e+02
1.575115325066163052e+02
1.563112659391697150e+02
1.855231002597455188e+02
2.418575103936142341e+02
2.261700788359505623e+02
1.809973231114872760e+02
1.654727259688451966e+02
1.710611251237859562e+02
2.005512473580633923e+02
1.951496729555321394e+02
1.834858707966728559e+02
1.788375929881268291e+02
2.204299407970303264e+02
2.675001822692807991e+02
2.866842055012547235e+02
2.778049318151062153e+02
2.693393415092931491e+02
2.230499855190241476e+02
2.596581907959488831e+02
2.648790879700260348e+02
2.692853632501700076e+02
2.549217484975016532e+02
2.388516710584984821e+02
2.438241183010006239e+02
2.276322898997530331e+02
1.923793887456454570e+02
1.948040621575353839e+02
2.235989144263849369e+02
2.316869567975532789e+02
2.408019355485394044e+02
2.613982399546268311e+02
2.783175753371673977e+02
2.890706443129323020e+02
2.559701262413599352e+02
2.518800735959125632e+02
2.559191467744102795e+02
2.739751743303191915e+02
2.850410173297809706e+02
2.868179516321931715e+02
2.632867293258934183e+02
2.661214875675104281e+02
2.939448811117521245e+02
2.945620325410600344e+02
2.640184346162293991e+02
2.415334908992665817e+02
2.245130962204787579e+02
2.461855171980296006e+02
2.900890341350556128e+02
3.037938142472044092e+02
2.557005348249616361e+02
2.092080106649374329e+02
2.419900570076832196e+02
2.683434426284712799e+02
2.753526695152201569e+02
2.780445353097696284e+02
2.762125731709735987e+02
2.665701068766672961e+02
2.562376185032369449e+02
2.329810855600306070e+02
2.752961422827494857e+02
2.874649410436273911e+02
2.864059175875530627e+02
2.799784563824647421e+02
2.459711035576237919e+02
2.793275685412049256e+02
2.933133354800114034e+02
2.786111570909538386e+02
2.471203906581207264e+02
2.487610298562469211e+02
2.274735038541658696e+02
2.215895737305259559e+02
2.315957935154785901e+02
2.382286719844521770e+02
2.362124340665940849e+02
2.364271475862172167e+02
2.682612757229171052e+02
2.560254539569612575e+02
2.665018843547199481e+02
2.259309251601133894e+02
2.640413753763567684e+02
2.777334106217680301e+02
2.539658834921958999e+02
2.908523766828219550e+02
3.039860368255262983e+02
2.875210184572720209e+02
2.906502580903276112e+02
3.017322945675263668e+02
2.889773818763361533e+02
2.936608954929209858e+02
2.733569733237505375e+02
2.717632652231397969e+02
2.632180569851200858e+02
2.493619878078177976e+02
2.613018287862485636e+02
2.366865431092257381e+02
2.059816101654602676e+02
2.183505783039199457e+02
2.375804830561484664e+02
2.628378101375191704e+02
2.749920647563557168e+02
2.705764932204739921e+02
2.510957395029314796e+02
2.144010190718012439e+02
2.212989907689128586e+02
2.445009456945614374e+02
2.103806883443878348e+02
2.338358912690890747e+02
2.369567342840586832e+02
2.341045830478353196e+02
2.439418208938108705e+02
2.175124158914244674e+02
2.161302725786546262e+02
2.334132115122330049e+02
2.346332701080247602e+02
2.398316763408008114e+02
2.309515030170003911e+02
2.531807997011715941e+02
2.819239228050281554e+02
2.999705041655904552e+02
2.893655755231966964e+02
2.795026980041377556e+02
2.857542800482498251e+02
2.709337993079474245e+02
2.365854838129784241e+02
2.264662095630844476e+02
2.224154410951099692e+02
2.184324453302566269e+02
2.331812549376121808e+02
2.239782616363335706e+02
2.208359772573232931e+02
2.242901360223784195e+02
2.443615018584933694e+02
2.583355735078230850e+02
2.630964559624842991e+02
2.573879551809945383e+02
2.657223483292165724e+02
2.867092454159034105e+02
2.739937668417950363e+02
2.557792531195161985e+02
2.787398052751973410e+02
2.556221164096243967e+02
2.541563067952136237e+02
2.796668818756372730e+02
2.927590087467384592e+02
3.000949540407910945e+02
2.846028937932314307e+02
2.855704540880138325e+02
2.807074627598446455e+02
2.841850121038531256e+02
2.997195052606678587e+02
3.049778873369140229e+02
3.079787786649434338e+02
2.986333427354231844e+02
2.930396956941788744e+02
2.581637427162810354e+02
2.095549709194123409e+02
2.133103583582963267e+02
2.086215968554080007e+02
2.155102722967818352e+02
2.305486152884895716e+02
2.632588405586798217e+02
2.817414463012701162e+02
2.909868725118038242e+02
2.944671207687685524e+02
2.875480075868335916e+02
2.956406980858707811e+02
2.945236480012391098e+02
2.797551963051470807e+02
2.653786867461326437e+02
2.786369467036459469e+02
2.801042557141435623e+02
2.577962407354177117e+02
2.274024324796536689e+02
2.210787294837687682e+02
2.337642201361421428e+02
2.477874719771174625e+02
2.623819937271461527e+02
2.573480712450869419e+02
2.512098435451334808e+02
2.487502342044222416e+02
2.356228715252824202e+02
2.844271645718638410e+02
3.063477356017723991e+02
2.937555073859950880e+02
2.792920328539487400e+02
2.633408575246252781e+02
2.788793990508740990e+02
2.494023215625515206e+02
2.314175153207635844e+02
2.339717365545488974e+02
2.383889574261262112e+02
2.464885451471623981e+02
2.463541992577894177e+02
2.398042373924131994e+02
2.320546087180252925e+02
2.342140389621684449e+02
2.368931598899804385e+02
2.586263064090446733e+02
2.826665736867973919e+02
2.990365303431512984e+02
2.976199009203862147e+02
2.926396568182327655e+02
2.728338340290820270e+02
2.407806441241074538e+02
2.470886034610814477e+02
2.351902957542538104e+02
2.300497662104264407e+02
2.269587611775832272e+02
2.814819008386530754e+02
2.809569622686804564e+02
2.929441841634525758e+02
3.085385032241287604e+02
3.139441259960943285e+02
3.130942682941220028e+02
3.134674679801149750e+02
3.049062162039672330e+02
2.911724977473439822e+02
2.809844012170680116e+02
2.803789450772368355e+02
2.825227816020777141e+02
