2.332782658644252365e+02
2.121217870803264987e+02
2.096116480914916735e+02
2.163526330183202333e+02
2.659462081649690504e+02
2.626326927528513693e+02
2.477199991532135641e+02
2.291691708886759216e+02
2.255524775878166963e+02
2.223766067364630885e+02
2.159648891902855610e+02
2.278053202081644031e+02
2.173587277925321075e+02
2.212959919767394013e+02
2.138874759120880356e+02
2.297261965349050854e+02
2.615048470163949901e+02
3.026604207452270430e+02
3.076054290393416295e+02
3.047936115578519320e+02
3.016910611751405327e+02
2.944603734863781597e+02
2.750605871575205583e+02
2.736565526618839499e+02
2.816843193103648559e+02
2.732131812390308596e+02
2.538141446082164805e+02
3.022611315673244121e+02
3.103113891571066461e+02
2.943933504813002742e+02
3.018168605068192392e+02
2.746822895248323562e+02
2.626871208308004952e+02
2.865832961446160425e+02
3.108691645013790321e+02
3.075700432916943328e+02
3.074812790433583132e+02
2.940249488627846972e+02
2.796013582666461730e+02
2.598414169977502297e+02
2.355308086055557055e+02
2.260369324634467318e+02
2.124807425034954065e+02
2.188326341458113404e+02
2.246336476658538572e+02
2.348983633361629018e+02
2.364079553163068113e+02
2.394640244203287693e+02
2.504550475550614976e+02
2.904872737356974994e+02
3.074117070649330117e+02
3.113731115261370519e+02
3.153318170743850146e+02
3.175263331869580838e+02
3.177971241202258739e+02
3.063337912181656293e+02
3.103052416331510130e+02
3.127090734394348601e+02
3.023185584374471091e+02
2.998504025390413972e+02
2.836627724468367546e+02
2.980463291674590209e+02
3.028811318491972315e+02
3.001774208255625354e+02
2.936271590809689087e+02
2.711020315488812003e+02
2.385104085091533364e+02
2.237182663548904031e+02
2.248453623933034748e+02
2.309332103847419262e+02
2.235656278332588727e+02
2.051187077175333400e+02
2.054499243130973127e+02
2.139630454748604222e+02
2.169970734564071790e+02
2.189993669906583023e+02
2.469803470636178417e+02
2.623544048391498222e+02
2.621106030354436598e+02
2.386411558479181849e+02
2.227292646960675881e+02
2.103477016304791789e+02
2.352357274556826496e+02
2.399265881130923503e+02
2.095090893991577161e+02
2.049789640022478352e+02
2.182063364003741697e+02
2.054703160998771239e+02
2.111435810733281642e+02
2.422767415394705779e+02
2.663483461954364202e+02
2.463374060216176531e+02
2.386243626117465624e+02
2.911909403192110517e+02
2.888773721573497255e+02
2.821804694754715683e+02
2.847823715048160125e+02
2.856605677928277487e+02
2.387351679825576980e+02
1.969327547818999449e+02
2.535586475150336412e+02
2.892159357937387085e+02
2.976166022489953775e+02
3.046810069117366879e+02
3.053218487992152177e+02
3.079053082566924218e+02
3.069212546049559478e+02
2.928797101317220495e+02
2.892508717225600208e+02
2.920388488062704937e+02
2.732040349229017124e+02
3.015498180637683845e+02
3.061757548706218017e+02
3.048924217599691247e+02
3.029405079342326417e+02
2.955628794289683583e+02
2.866608149223013697e+02
2.923789118387462054e+02
2.844219166855601770e+02
2.909768265580226512e+02
3.007740305284818305e+02
2.588632109907518384e+02
2.662838721637058370e+02
2.785427846293978291e+02
2.612415530635610139e+02
3.017666307379129762e+02
3.056061342972639068e+02
2.954177378877706701e+02
2.985778650802131438e+02
2.934484310674279186e+02
2.943578147940442022e+02
2.576533482883501165e+02
2.636776218857101526e+02
3.105028620373851140e+02
3.088517270666515628e+02
3.076805487832881454e+02
3.031532722389430319e+02
3.014788966288649590e+02
2.808427082868698221e+02
2.813199660612835942e+02
2.721576063939561436e+02
2.829905931811448454e+02
2.788767001379179646e+02
2.831910624379439696e+02
2.808113709086566701e+02
2.612640440048622850e+02
2.254119841744877988e+02
2.092696358441030497e+02
2.660183291167419384e+02
3.001415852590890836e+02
2.938831059929779030e+02
2.614034878409304952e+02
2.379139487458424469e+02
2.541864446565574838e+02
2.780737735334611216e+02
2.829400635330212026e+02
2.826628251965805703e+02
2.777317612860726399e+02
2.775103004840590870e+02
2.955826714573134950e+02
2.751608967557241385e+02
2.941820855726765558e+02
3.117736002209090316e+02
2.983550548217217511e+02
3.026748149476599110e+02
2.775031033828427098e+02
2.481561734748502772e+02
2.312668260140447387e+02
2.481312834998102232e+02
2.247020201274097246e+02
2.013262851953064967e+02
2.117925196996753243e+02
2.295743077113167487e+02
2.217497092325911865e+02
2.326309765737735233e+02
2.274839996267731692e+02
2.206377570946544324e+02
2.204138972589020682e+02
2.222022269715735945e+02
2.282860265935777875e+02
2.066558885856736083e+02
1.830164098819101923e+02
1.731045021108143089e+02
1.748494992765786264e+02
1.910222853475245017e+02
1.853226310029465367e+02
2.061339488078745035e+02
2.044054449990645139e+02
1.865752264938208214e+02
1.850641351175900695e+02
1.905148897117668696e+02
1.995542988999805800e+02
2.595382391090084866e+02
3.036518214377887830e+02
2.640206837103594921e+02
2.402237684174869798e+02
2.061299004384402735e+02
2.111297866293300558e+02
2.866515186665633905e+02
3.048465402397143293e+02
3.113750607410499356e+02
3.146269509740019998e+02
3.114383352559108857e+02
3.088124428891786124e+02
3.000475731244494568e+02
2.984342229351022411e+02
2.942513576718847617e+02
2.787981317829720638e+02
2.557086315638301244e+02
2.501859059574891830e+02
2.540711410974860485e+02
2.522405284151681428e+02
2.291475795850266479e+02
2.118162101578459158e+02
2.199697761380054146e+02
2.285566675872370013e+02
2.419027921554341845e+02
2.608614561555687601e+02
2.856380768515263640e+02
2.737519142530015301e+02
2.685984899028280779e+02
2.744363885666047054e+02
2.735899794756321057e+02
2.828959812880707432e+02
2.814399177482238770e+02
2.772365107586177260e+02
2.700551532011096469e+02
2.840406202606988018e+02
2.751085678322965578e+02
2.571203129795089808e+02
1.950543113644144739e+02
1.964024183860150572e+02
2.215655833931378140e+02
1.920868565691198455e+02
2.050284440731107622e+02
2.765123024487155590e+02
2.734922188507758278e+02
2.354547892239572491e+02
2.855580091004936776e+02
3.016373827952347142e+02
2.923132382901464439e+02
2.318673341467897444e+02
1.912011633006741818e+02
1.647498671154211536e+02
1.642249285454485914e+02
1.760268250838978759e+02
2.019341403688765126e+02
2.611234006519247259e+02
2.863486406570391409e+02
2.883812219922428426e+02
2.863637845575153165e+02
2.886571108722055783e+02
2.922559613596324652e+02
2.909562848316340364e+02
2.811568317670447641e+02
2.530523014565367248e+02
2.267227562335281448e+02
2.001641032884635081e+02
2.440277362895818953e+02
3.006132952679819823e+02
3.174101299902347932e+02
2.952220666984492823e+02
2.928585686468989024e+02
2.996301412538973636e+02
3.009947416324519622e+02
3.046900032882572305e+02
2.806164494173786466e+02
2.429706620484202801e+02
2.362029878712475863e+02
2.400264478924701734e+02
2.080728178876560150e+02
1.823265377423946916e+02
1.676192614066422095e+02
1.666969828736799002e+02
2.068242707662160171e+02
2.506955506873769082e+02
2.521715561951774305e+02
2.132655264153024177e+02
2.649644036073623852e+02
3.121105145216026244e+02
3.198635918069902004e+02
3.036119375018810729e+02
2.900639942204066983e+02
2.617090647634108223e+02
2.615156426682196411e+02
2.811274436037443820e+02
2.415285428921802691e+02
2.046302044724689040e+02
1.863921502316281362e+02
1.732886279502677098e+02
1.917323993342110668e+02
2.056577406107213619e+02
1.658435266210994143e+02
1.963854752102347447e+02
1.825683903311881124e+02
1.766622691454641938e+02
2.213778590030761393e+02
2.570525402763877878e+02
2.590968169010681095e+02
2.629757545775007088e+02
2.601296009256241177e+02
2.474845939675932414e+02
2.357453721855701758e+02
2.329890323592904053e+02
2.079882519483630858e+02
1.966276276782455454e+02
2.439388221016374132e+02
2.599661667521680783e+02
2.517739163529702466e+02
2.341735552678260603e+02
2.322573270689543961e+02
2.626968669053643453e+02
2.838771860872424782e+02
2.937842957908608241e+02
2.679741413723037340e+02
2.105615155124502849e+02
2.749866669304435618e+02
2.963939946798560641e+02
3.033727838260436442e+02
3.076190735437312469e+02
2.681725114745811993e+02
2.409257856653052272e+02
2.705166673166125406e+02
2.857466331282074066e+02
2.843688380640891182e+02
2.694514963365825224e+02
2.556687476279224711e+02
2.503842760597667336e+02
1.952477334596058540e+02
2.202449153199249849e+02
1.998402337337246593e+02
2.294149219072948540e+02
2.749010514138898316e+02
2.705505536681731655e+02
3.111426543476030133e+02
3.090818843659683353e+02
2.956550922883038197e+02
2.932142253986770015e+02
2.632008139301224787e+02
2.277910759453402534e+02
2.057520526245782264e+02
2.454805011580378107e+02
2.959618687276536093e+02
3.000856577850530584e+02
2.894222526952760859e+02
2.808983358816883538e+02
2.929978625433582806e+02
2.813880386436222238e+02
2.545443505024656474e+02
2.568324289308522452e+02
2.706540119981591488e+02
2.569111472254068076e+02
2.322745701239520599e+02
2.256962696725363742e+02
2.335877412167311888e+02
2.343071514591558469e+02
2.325504590039147672e+02
2.269134794157632484e+02
2.458671954088116820e+02
2.619006875832980654e+02
2.781247530004108057e+02
2.816354389979367170e+02
2.960519824324675824e+02
2.923250835192318959e+02
2.656119927772315350e+02
2.434581157162239720e+02
2.521630096374830998e+02
2.291883631585863554e+02
2.144115148444085435e+02
2.448921381335956085e+02
2.340269143305414445e+02
2.805284348670861618e+02
2.551459082124713689e+02
2.156531647438495156e+02
2.006206693968800892e+02
2.498581379729247658e+02
2.298545448399312079e+02
1.920358771021701045e+02
1.813759206233926875e+02
1.642802562610497148e+02
2.169645365613244792e+02
2.120330228319907064e+02
1.709837562857094895e+02
2.457255024786135209e+02
2.823520003877964086e+02
2.669016233514486203e+02
1.694848100177814842e+02
2.605867667924754301e+02
2.111893126539741843e+02
2.019399880136149363e+02
2.360457012217470094e+02
2.459070793447192784e+02
1.786525675110214308e+02
1.492377149602990869e+02
2.285023894488964515e+02
1.881016117101364102e+02
1.619416481845395026e+02
1.339746124951868751e+02
1.360889109171186817e+02
1.352393530943639348e+02
1.424336054582182101e+02
1.568138635074495824e+02
2.032066778277047376e+02
2.369155008916730480e+02
1.605956403174604645e+02
1.669868161372492921e+02
1.740951531053326562e+02
2.365985285589332534e+02
1.997036387502213302e+02
1.510938173760918062e+02
1.875047021279995931e+02
1.354027872678200879e+02
1.266473636984375304e+02
1.297748040561889695e+02
1.425340649960306791e+02
1.672651040509509528e+02
2.221615933376224916e+02
2.272383985477628983e+02
2.025028613045823249e+02
1.752513374278287870e+02
1.535451800383258956e+02
1.490246507763713453e+02
1.551021529348112438e+02
1.588983239472550224e+02
1.753026167739956236e+02
2.399384333421776887e+02
2.647712813913885839e+02
2.781338993165400666e+02
2.897200327581054466e+02
2.888905668429131310e+02
2.901452614883089609e+02
2.797574453992772874e+02
2.575809274573599055e+02
2.114584542515465273e+02
2.731926395126423017e+02
2.994533624552689162e+02
2.494488028412407914e+02
2.371534550506408721e+02
2.148535368107836518e+02
2.047609518112338662e+02
1.669016504395217453e+02
1.979577419468050152e+02
2.143246998109854928e+02
1.678182312673545198e+02
1.751667714885358009e+02
2.266800234450554683e+02
2.004824250776813699e+02
1.624881780581614237e+02
1.825225088109333740e+02
1.730620692015591260e+02
1.555128375229732285e+02
1.453673238415609887e+02
1.382877752783434175e+02
1.735715639918381328e+02
1.740816585405518424e+02
1.515202456231646977e+02
1.661948351242259605e+02
1.904204277583014289e+02
2.328509379797002907e+02
2.319187634325653278e+02
2.007049354569556101e+02
2.548116928247338251e+02
2.023305806942142908e+02
1.465203594322748302e+02
1.733319604971748902e+02
2.311252830234552107e+02
1.920336280080399263e+02
1.721490869243346822e+02
1.647222782274248516e+02
1.422046476757708433e+02
1.433203483039244475e+02
1.467481176978527628e+02
1.622860594656669662e+02
2.192987963891831384e+02
2.322034987494400298e+02
2.270521735537879238e+02
2.260570243710093905e+02
2.329887324800729687e+02
2.190552944646943843e+02
1.927064070321665099e+02
1.848759609087024671e+02
1.796904494822725553e+02
1.609402015381965896e+02
1.489268901515149821e+02
1.377147060939860523e+02
1.402459865676441098e+02
1.454499405659412048e+02
1.432768658174086056e+02
1.441445663328131843e+02
1.468625216192721155e+02
1.491715915928731988e+02
1.572083546178745905e+02
1.734564103723754158e+02
2.180953810899543726e+02
2.036507989486011638e+02
1.551172968352874761e+02
1.435523048785453568e+02
2.274133780710870951e+02
2.507153427157219880e+02
2.087941773449933862e+02
2.255640229376845696e+02
2.515316139453509265e+02
2.248443128160427023e+02
2.110303766687783025e+02
2.247835872745292534e+02
2.081183995286934305e+02
2.033317274613399377e+02
2.045361923378294478e+02
1.863785057272387178e+02
1.808263919575973091e+02
1.959020699118653681e+02
1.982712656685452828e+02
1.563563977613809470e+02
1.486899855698078454e+02
1.909263239979721618e+02
2.619008375229068406e+02
2.581301562439377904e+02
2.463685934602221721e+02
2.262744368035887135e+02
1.835068623418874836e+02
1.787956098976977444e+02
1.899331240301062849e+02
2.196361605087027442e+02
2.334148608479285656e+02
2.418299215056179037e+02
2.520082719613299105e+02
2.378770636021082794e+02
2.182045371250700612e+02
2.151168307636175427e+02
2.171927446457284248e+02
1.747103553197277961e+02
2.464420638684732410e+02
2.073967401921386511e+02
1.787714696207009695e+02
2.638146666880395514e+02
2.469004292521939021e+02
2.627283542231862157e+02
2.815129383376487908e+02
2.163099002298476989e+02
1.839241442728310005e+02
1.627414260572141700e+02
1.971641115980860945e+02
2.684804874308005651e+02
2.620881120941422182e+02
2.374761250885102868e+02
2.269592109964092401e+02
2.293528469093033664e+02
2.179827764438391569e+02
2.135901456680846877e+02
1.827375222097739140e+02
1.695362393035572381e+02
2.067236612887947445e+02
2.482794238331814825e+02
1.826087240859218355e+02
1.562862260245208859e+02
1.716751278213117473e+02
1.782570268233357353e+02
1.786042869570279379e+02
1.786222797100689661e+02
1.944942869260118528e+02
2.140510600251528501e+02
2.197610602027293965e+02
2.527924561147022473e+02
2.551832431750315777e+02
2.727527167007887670e+02
2.792495999446937276e+02
2.733628209684889043e+02
2.696398204850787579e+02
2.358489804551649911e+02
2.056569909126779976e+02
1.814939230954201719e+02
1.878102790504801192e+02
1.994034596536532717e+02
2.068130252955653248e+02
2.002770078137959615e+02
1.894540669803884896e+02
1.857286674632395034e+02
1.789711891794565872e+02
1.742068581137958745e+02
1.737715834298111304e+02
1.754444596438025883e+02
1.752036566322698548e+02
1.780312177726705727e+02
1.816248203737938240e+02
1.864300849526229911e+02
2.099794499515724056e+02
2.537610659867452796e+02
2.486103405495281322e+02
2.491946552045361329e+02
2.607972820030558410e+02
2.593793031238125195e+02
2.798072253493574522e+02
2.808328122726971401e+02
2.760363941307799678e+02
2.938588157763725235e+02
2.755559876245839064e+02
2.441512865271304236e+02
2.351282207562622659e+02
2.714194537004470362e+02
2.990645690499735565e+02
2.940520879319551000e+02
2.966530903236470635e+02
3.063217960494715157e+02
3.105611885451597800e+02
3.102709054627641763e+02
3.121626935054217711e+02
3.102215753315099960e+02
2.964998520435810292e+02
3.075652452242166532e+02
2.892139865788259954e+02
2.801999171844783518e+02
2.738181875600361650e+02
2.602081692805702460e+02
2.352943538426745818e+02
2.228097822659262306e+02
2.321577671687940381e+02
2.182381235974133347e+02
2.094600591471208304e+02
2.377602606469502575e+02
2.445697679749434315e+02
2.319697428995150119e+02
2.709462442954674657e+02
2.873301453354283694e+02
2.666216861020515694e+02
2.685392637574013293e+02
2.747655060076472182e+02
2.583723087119486195e+02
2.568816091224979345e+02
2.636891672355781111e+02
2.554933182857722613e+02
2.381015231962953465e+02
2.019390883759627684e+02
1.815089170562877143e+02
1.806026820614536064e+02
1.964959807018284437e+02
1.952255423975219060e+02
1.873175774963726781e+02
1.853614653615934174e+02
1.930098848001255192e+02
1.874516235065285059e+02
1.871889293121291757e+02
1.848498714167929506e+02
1.895855640171967877e+02
1.966618139090235218e+02
1.872303126441235861e+02
1.994045092309139022e+02
2.010959779563811196e+02
2.340302130019323101e+02
2.362821559846280763e+02
2.415154981462254966e+02
2.832321458907209717e+02
2.954255347474218070e+02
2.912416199069433560e+02
2.681638149772782072e+02
2.497191439556826822e+02
2.554816229962955276e+02
2.546452598591041010e+02
2.342060921629085328e+02
2.357975511693892940e+02
2.530091188492382344e+02
2.573395246873924407e+02
2.367959990235586645e+02
2.240874176714493728e+02
2.289702010279636966e+02
2.258731984107732842e+02
2.468233602933346162e+02
2.764910110242837504e+02
2.851906570592390153e+02
2.883386391433789981e+02
2.944821147296361801e+02
2.929998117582711643e+02
2.826854660774904460e+02
2.704313516792761334e+02
2.467672828796899864e+02
2.346920464346256381e+02
2.407921894739753839e+02
2.258001778213483135e+02
2.295275265534101266e+02
2.162788627308519267e+02
2.161236752358729518e+02
2.118490469321459670e+02
2.107089061477782366e+02
2.203326299909999193e+02
2.872284862807463242e+02
3.124948097386377412e+02
3.006147946640685973e+02
2.930283002839194637e+02
3.102271230970310398e+02
3.104287918706995129e+02
2.932824479206242358e+02
2.973335162678162646e+02
3.053590338221667935e+02
3.118751093359823585e+02
3.019681495719727309e+02
2.969403746138693236e+02
2.849735445058769869e+02
2.517878607365771870e+02
2.472695805687526160e+02
2.342143388413857394e+02
2.764671706265043554e+02
2.358105959153440665e+02
2.623875414926670828e+02
2.683614353815124218e+02
2.852305409951466686e+02
2.642078083419863788e+02
2.886553115969014698e+02
2.350703440673135276e+02
2.618329148801768156e+02
2.891226733571426166e+02
3.053923204152928861e+02
3.136593906792195980e+02
3.145798699368778557e+02
3.129635209553570689e+02
3.131812332671536865e+02
3.106743929497097270e+02
3.093867115904055254e+02
3.044318072821182000e+02
2.861525196488915981e+02
2.706291220231189527e+02
2.521499648915282137e+02
2.326306766945561435e+02
2.361729999495125014e+02
2.346257731275911169e+02
2.137906149248836414e+02
2.142918630366855268e+02
2.252391038056850618e+02
2.225206987004000609e+02
2.244796596877441459e+02
2.498089577812791333e+02
2.443222176810204758e+02
2.575531886297548567e+02
2.617721893386631677e+02
