2.791999699342221106e+02
2.547094340116172475e+02
2.847298926417794860e+02
2.752558085280159048e+02
2.638326594410804660e+02
2.250690722894472060e+02
2.490871485051157777e+02
2.540324566784478293e+02
2.808587518249980803e+02
2.808963866667755269e+02
2.730957785254378791e+02
2.515758461299101612e+02
2.519829321674637868e+02
2.338955672333418363e+02
2.518779744413911033e+02
2.921863893812071069e+02
2.922711052601087545e+02
2.879898796135999532e+02
2.773567623247753886e+02
2.916347615608902970e+02
2.975170423488349343e+02
2.877333329431564835e+02
2.778779524045311859e+02
2.686984996218145056e+02
2.570358969798247699e+02
2.678381461472351361e+02
2.536552086230204850e+02
2.928722131512884062e+02
2.791461416147076875e+02
2.595149984696636807e+02
2.679522501894370521e+02
2.819621574052403616e+02
2.942182210183674442e+02
3.027078016615684533e+02
3.012275978447248690e+02
2.833234591124043504e+02
2.525714451315146789e+02
2.166813006405366195e+02
2.022392674725310826e+02
2.213268795361264552e+02
2.396635940394757256e+02
2.289731998201370970e+02
2.330872428029727530e+02
2.433008290667235372e+02
2.377568120359506452e+02
2.351913453315146683e+02
2.502605758826095439e+02
2.375398494221973920e+02
2.531763015129113228e+02
2.865120748304952940e+02
2.958038323801097818e+02
2.791849759733545966e+02
2.430241904887174371e+02
2.242929848749432722e+02
2.038541170579649986e+02
1.982607698959378979e+02
2.010911798889034685e+02
2.051945771595231349e+02
1.982606199563293501e+02
1.998945118720651521e+02
2.015561426154058609e+02
1.998630245542432249e+02
2.039449804608223076e+02
2.079975482041009798e+02
2.298696887404073266e+02
2.459886464918388356e+02
2.285334269478922522e+02
2.511909511544403131e+02
2.545227591988163738e+02
2.709342491267734658e+02
3.018359028371210684e+02
3.069975738657715851e+02
3.028896784068918464e+02
2.956826811762999796e+02
2.994631085298327662e+02
2.995947555062498395e+02
2.909486379115916179e+02
3.025440676088949203e+02
3.048727796712323652e+02
3.020741568753061870e+02
3.030393181363498911e+02
2.950003060172182359e+02
2.598514629515313459e+02
2.380805316510808325e+02
2.631114499233519268e+02
2.742750535476699838e+02
2.856875569223893194e+02
2.824436134886971104e+02
2.680874957164623424e+02
2.527474742320996484e+02
2.540510491899235319e+02
2.595424374180513496e+02
2.865624545390102753e+02
2.978266676407495765e+02
2.852924660535295516e+02
2.893121970225083714e+02
2.871739082631885367e+02
2.904970198102613494e+02
2.747769014179065721e+02
2.154745866699169881e+02
1.966363241755487365e+02
1.968086047859167707e+02
2.055952157939037477e+02
2.015706867574473904e+02
1.910150882463079540e+02
1.940158296347287603e+02
1.955071289826141765e+02
2.041162114939296259e+02
2.329455498727744498e+02
2.910327540320584490e+02
2.888058509640115403e+02
2.882338313569150046e+02
3.099278436381148936e+02
3.126958787538713977e+02
3.077691630920152193e+02
3.148472122591460902e+02
3.028989746626295414e+02
3.040164745660873677e+02
3.052587242239628722e+02
2.975413325654403138e+02
2.905784370177720461e+02
2.846655685496577917e+02
2.782096188189211148e+02
2.784760615035373235e+02
2.831798169672933341e+02
2.741086205820403165e+02
2.657710787020362204e+02
2.682366856270942890e+02
2.775186971021449267e+02
2.863038087140452035e+02
2.941570456580277551e+02
2.884969753701402055e+02
2.852867683483999031e+02
2.904686812242217684e+02
2.999286710147699750e+02
2.919901184334510162e+02
2.341725056905652309e+02
1.839350898642642846e+02
1.877002233777122626e+02
2.128759833119638074e+02
2.007335739222126563e+02
1.932598341277873430e+02
1.869551734622042432e+02
1.814185034722563898e+02
1.768162571235737346e+02
1.949620985050792115e+02
1.912596397480575376e+02
2.000672423012591707e+02
2.371503063188587248e+02
1.960241207533269971e+02
1.799975258008396963e+02
1.916424355690058690e+02
2.038592150046599443e+02
2.320211721852906805e+02
2.464159743765635540e+02
2.794934017483999469e+02
2.667800223288128336e+02
2.675872971819212012e+02
2.916544036496268291e+02
3.077940530670552448e+02
3.155190916456205059e+02
3.154976502815800927e+02
2.908501275886919757e+02
2.124554027096292259e+02
2.028231323087128999e+02
2.298203586091532031e+02
2.530508020604499961e+02
2.481587224481977785e+02
2.573381752309143735e+02
2.554402396643012310e+02
2.630061923180617782e+02
2.608758503580016850e+02
2.038458703794879909e+02
1.811415650150330237e+02
1.723693482094788578e+02
1.657917974561064511e+02
1.902593926185840019e+02
2.499359566298271886e+02
2.723462304216696452e+02
2.778284723336682873e+02
2.596324011832566612e+02
2.194682281469864336e+02
1.974046147304013630e+02
2.017165779966885282e+02
2.640200839519247893e+02
2.883461361238128688e+02
2.971993203180516616e+02
3.039693935289632805e+02
3.004530098263078912e+02
2.935286487580692096e+02
2.843160593218354393e+02
2.817717341022225241e+02
2.541368146460859236e+02
2.402075749397500601e+02
2.294762472072431763e+02
2.317788697776711899e+02
2.508657321432233402e+02
2.348218941357383756e+02
2.495593083328346324e+02
2.769282349231812077e+02
2.748082387961196673e+02
2.698990660684784757e+02
2.652486891054110174e+02
2.499089675002657032e+02
2.560366994276118362e+02
2.491940554461013448e+02
2.432856851662473616e+02
2.497180943784219380e+02
2.647370951606106360e+02
2.313765818075951302e+02
2.384511823637264172e+02
2.276889670718323657e+02
2.052875397169018186e+02
2.011363117111146721e+02
2.085125907599009167e+02
1.935099333950579705e+02
1.761077924725825312e+02
1.910338306973923750e+02
1.887569977396565548e+02
1.806431657557960193e+02
2.231155091280153329e+02
2.723655726311887975e+02
2.281050494859066191e+02
1.917103582117357803e+02
2.053601104875007195e+02
2.401555458955397455e+02
2.677294399309455457e+02
2.933001407944479979e+02
2.936481506261834511e+02
2.697201881153287673e+02
2.667180972704299506e+02
2.888325402143556744e+02
2.862774193429183356e+02
2.407358121811134595e+02
1.937772757173261482e+02
1.931391327428036959e+02
1.876444458432851263e+02
1.785665021756416593e+02
2.025833788744409958e+02
2.200006636973926106e+02
2.097572394515154315e+02
2.110982993115082991e+02
2.472716797232741612e+02
2.610976110392326177e+02
2.457457443257845568e+02
2.319277598090858987e+02
2.187735579399932533e+02
1.675331960712625801e+02
2.140461120180665660e+02
2.666206365247909389e+02
2.635056411545594983e+02
2.404711687718014161e+02
1.829987170080865724e+02
2.012049840518880899e+02
2.449335214655899051e+02
1.708464116041627960e+02
1.617693675741715253e+02
2.151457691080919119e+02
2.775971155174821092e+02
2.995815608206863203e+02
3.029964354082685531e+02
3.014592545401284838e+02
2.660015358805702022e+02
2.260505769678363208e+02
2.236032626750364329e+02
2.455227841276843606e+02
2.699705872618166609e+02
2.925637873762430559e+02
2.949167896551861077e+02
3.010604151810517806e+02
2.972488003889145602e+02
2.951404995513298104e+02
2.969160843972638872e+02
2.697408797813259866e+02
2.898162939868749959e+02
2.840355223140038561e+02
2.916226164525875220e+02
2.754430830992515098e+02
2.611141043961869173e+02
2.540197118117103798e+02
2.509945302670756746e+02
2.601462442221871925e+02
2.540066670657556642e+02
2.513351930579861175e+02
2.460324288575718867e+02
2.431735303389581020e+02
2.539140043875943320e+02
2.617936307027038652e+02
2.627219068200132597e+02
2.592642994439585777e+02
2.529218539969892277e+02
2.794008890098472193e+02
2.759686214276586043e+02
2.460150358629656466e+02
2.768816037048831618e+02
2.831172921504756346e+02
2.720767889448799792e+02
2.213325772412562173e+02
1.908708463427622632e+02
2.106657235404796893e+02
2.477741273519453671e+02
2.731535052747780696e+02
2.741581006529032152e+02
2.577083761247339453e+02
2.492039514602739700e+02
2.624872513324362444e+02
2.550082636517074093e+02
2.525610992985162113e+02
1.866878311399360655e+02
2.110519679724275193e+02
1.863141816351168814e+02
2.064431242809631897e+02
2.621332439163535923e+02
2.384505826052917996e+02
2.400447405247285815e+02
1.861855334508734927e+02
1.939922891161666030e+02
2.316277306521264165e+02
2.397805469342426079e+02
2.253725500574061300e+02
1.910032430172226157e+02
1.544694077862011738e+02
1.336173064077133574e+02
1.294155487538027387e+02
1.336747332778360828e+02
1.331210063029978699e+02
1.290570431494598722e+02
1.245018778379012900e+02
1.253779749713915805e+02
1.249206591649316209e+02
1.386647234545533252e+02
1.999568867492740765e+02
2.383745632236932579e+02
2.748116874071192797e+02
2.281419346296407298e+02
1.864134416560600300e+02
1.751822152682293279e+02
2.291550765654604334e+02
2.536600066904981077e+02
2.829946415505791606e+02
2.837824242545597144e+02
2.066951727631464450e+02
1.605755484098980048e+02
1.527148144854815826e+02
1.808079493857302680e+02
2.314553001021497209e+02
2.412896890955603624e+02
2.333655307166742716e+02
2.441712284950842218e+02
2.656979081730025314e+02
2.563322303963111040e+02
2.128617390491395724e+02
2.755877748216230430e+02
2.907588143670085401e+02
2.633988841531826210e+02
2.231462467477938105e+02
1.925380248516240727e+02
2.680437133507292060e+02
2.136894056890278648e+02
2.055569811936915130e+02
2.411689877105767152e+02
2.694122121591094583e+02
2.329869332047688886e+02
2.047712976442324475e+02
2.218723598324876320e+02
2.493294509127353251e+02
2.603126771878168029e+02
2.524604898210949102e+02
2.544282972453509331e+02
2.667155482970823641e+02
2.557794030591248884e+02
2.083795943270058899e+02
2.193599717495227424e+02
2.406551446716462408e+02
2.443471076560604445e+02
2.504788879528408643e+02
2.144867845279636072e+02
2.438047760914815569e+02
2.448074222546939041e+02
2.448290135583432630e+02
2.661979567679348975e+02
2.268164684889502212e+02
2.273620987249200027e+02
2.151535659677430203e+02
1.651443582258460481e+02
1.572746279249090833e+02
1.534961497862890667e+02
1.455144145976716175e+02
1.578193585232268958e+02
1.932752779074809553e+02
2.561104697150802281e+02
1.913200654103538056e+02
1.546070523469650482e+02
2.144133141197126520e+02
2.720481504796230183e+02
2.286572770646580750e+02
2.202045815651910914e+02
2.605318888957002628e+02
2.704910276435289802e+02
1.924485109052448877e+02
1.884634159858701139e+02
2.252672924521160382e+02
2.477023062793898589e+02
2.879535942283005738e+02
2.106228408123985787e+02
1.443841698274764553e+02
1.324533252255662319e+02
1.297332707845858977e+02
1.337676958352148517e+02
1.540258864237392231e+02
2.138837274218711855e+02
1.386885638523327486e+02
1.964297073947939225e+02
1.964076662723186644e+02
2.202197254656672953e+02
2.422797403316441773e+02
1.613089030359293758e+02
1.353141729590928435e+02
1.492898939441181199e+02
1.411112880493098771e+02
1.390442206041107909e+02
1.226867089352768971e+02
1.168856954152343803e+02
1.208151627397905514e+02
1.760122809418563179e+02
1.448108979537666414e+02
1.547030136965173597e+02
2.387024811478663935e+02
2.672862184477009464e+02
2.507939110706678321e+02
2.314032710579393779e+02
2.834443104369966022e+02
2.924505829716931089e+02
2.990731156076681145e+02
2.730049151225806554e+02
2.498356470316233526e+02
2.148009080081384923e+02
1.464695299049339212e+02
1.921822181602373405e+02
2.771721866664960316e+02
3.007603860240924405e+02
2.970097966526860205e+02
2.166225243139359122e+02
1.488352770506143372e+02
2.250941122040958930e+02
2.806097021349881970e+02
2.423358177452887503e+02
2.288934319483219042e+02
2.850441660615632600e+02
2.451113498414790399e+02
1.801848003720753582e+02
1.781381247136560830e+02
2.407110721456820386e+02
2.647753297608227854e+02
2.597661473141951092e+02
2.470062866159186115e+02
2.022599591385282167e+02
1.927050575756884712e+02
1.980073719572764901e+02
2.380982245249046230e+02
2.553813133980916348e+02
2.585681298408785551e+02
2.822459930844628389e+02
2.731939889691204257e+02
2.769951079886503749e+02
2.283951826286934192e+02
2.434776078653518141e+02
2.571684435938937554e+02
2.454076305082215015e+02
2.312128477549216541e+02
2.109802968394806726e+02
2.077315553383108409e+02
2.374434382538190675e+02
2.594625196066273816e+02
2.572558583857515941e+02
2.419557208372965817e+02
2.611430427406613148e+02
2.841758657877239784e+02
2.678960228361838176e+02
2.560272532322653660e+02
2.518394399619613466e+02
2.550045151614903887e+02
2.540699415806166996e+02
2.264089326325704690e+02
2.442091632160791050e+02
2.775993646116122591e+02
2.807314530972327020e+02
2.633951356629657425e+02
2.207076289522971990e+02
1.994583375504282401e+02
2.692048456803113936e+02
2.757621545865125654e+02
2.278754919450246064e+02
1.918646460690628146e+02
2.353267407981485064e+02
2.456890671537052810e+02
2.675766514697052685e+02
2.358302380040805133e+02
2.188515265365043945e+02
2.293189605577426846e+02
2.694194092603258923e+02
2.712933544895510067e+02
2.508487889674430846e+02
2.257683906243092054e+02
2.273444058510963259e+02
2.697438785734995008e+02
2.904338952350089471e+02
2.742105795159395711e+02
2.535052690143452310e+02
2.372056340344599619e+02
1.763760344325027916e+02
1.706180535801501890e+02
1.839640282087386822e+02
2.149701898263330406e+02
2.664212168452526726e+02
2.696236270073418382e+02
2.545295064812066812e+02
2.619969488120676147e+02
2.501904041457494827e+02
2.492504327389633261e+02
2.901152735665737055e+02
2.707220845804977216e+02
2.748917551581519092e+02
2.460153357421828559e+02
2.145002790927443925e+02
2.596821811333368828e+02
2.684941319351900120e+02
2.874381018536745387e+02
2.963464638239060491e+02
2.717625155250963758e+02
2.812662876813777189e+02
2.978004282092313133e+02
2.960807708373331479e+02
2.850476146725627018e+02
2.860881955567699606e+02
2.702889090510345227e+02
2.579872637968701952e+02
2.460123369500095407e+02
2.221773369965335121e+02
1.920243317523020892e+02
1.861793859269177176e+02
1.943864803473743166e+02
2.205310000932775267e+02
2.659797946373123523e+02
2.770466872140348187e+02
2.871797559079268467e+02
2.891691546358320011e+02
2.731326636691721887e+02
2.563110889114879569e+02
2.395287983312765334e+02
1.975568034332069942e+02
2.230796735615419379e+02
2.717775094859639466e+02
2.676484725422607767e+02
2.659929893228757010e+02
2.517190384561950793e+02
2.599823602299049981e+02
2.684852854982781309e+02
2.893810193028903086e+02
2.895907848154272983e+02
2.716430136569820206e+02
2.481752158051520780e+02
2.000931818535599405e+02
1.839848698143446200e+02
1.939756458196037840e+02
1.751544764406243360e+02
1.780027292470221880e+02
1.950345193360694225e+02
1.959346068069478690e+02
1.850208025706829176e+02
1.695636782519447650e+02
1.586236345841616924e+02
1.692876394323733109e+02
1.748896830917036027e+02
1.881254521079156063e+02
1.942076023942246081e+02
2.013492259554336670e+02
1.992085381623751914e+02
2.317268407334608469e+02
2.664362108061201866e+02
2.570615366529082735e+02
2.598309212251428448e+02
2.591136101372397320e+02
2.526039820265972651e+02
2.245151953750002463e+02
2.050986158099708234e+02
2.146463202715941918e+02
1.959861860323321139e+02
1.873846005014505636e+02
1.855187520110939374e+02
2.115936997785717608e+02
2.713566290044120706e+02
2.754673733158568325e+02
2.773246752485189290e+02
2.821023509393518225e+02
2.595892185759581139e+02
2.556110208785824796e+02
2.276993129048310038e+02
2.084359716198678711e+02
2.412363105948720374e+02
2.483170586749590996e+02
2.162560719103332758e+02
2.267408989261779197e+02
2.528642771872577839e+02
2.673556404865177001e+02
2.659686991062702646e+02
2.572867459451387049e+02
2.444654100073053371e+02
1.991622068232944116e+02
2.070008996252356042e+02
2.165024226873868827e+02
2.353021507023257755e+02
2.336520653088529400e+02
2.594880093401021668e+02
2.825886050902861939e+02
2.739121996946755075e+02
2.582793461545698506e+02
2.570591376191694053e+02
2.790915635971498432e+02
2.777466053073314356e+02
2.296533258850888330e+02
2.472202504374984642e+02
2.651656225622048737e+02
2.702455765041273139e+02
2.859298593300087532e+02
2.846127898074039990e+02
2.781374978671482836e+02
2.759818161132221235e+02
2.727525667611800486e+02
2.606226023589489955e+02
2.450252845060993252e+02
2.762043264924964205e+02
2.560771831219543060e+02
2.303067626996962076e+02
2.030669341124191476e+02
1.987405766436991996e+02
2.066404448059799677e+02
2.521883494313491383e+02
2.850468649745192806e+02
2.642406451162863164e+02
2.431795279233051588e+02
2.292075554284968177e+02
2.171768510472088849e+02
2.192130309330206615e+02
2.116859126379071085e+02
2.210893751959846725e+02
2.342698164965956380e+02
2.657313447057372855e+02
2.752333175867144632e+02
2.657271463966942520e+02
2.335838427869056773e+02
2.458643465562468293e+02
2.246945231469760245e+02
2.226571437442946717e+02
2.124808924431040111e+02
2.296212388088322598e+02
2.481915592224977161e+02
2.548283361212968714e+02
2.391163144678105539e+02
2.426419944262038655e+02
2.140799983696271909e+02
2.330248679257637718e+02
2.244216330591866893e+02
2.181925419563760613e+02
2.191738966951565146e+02
2.234371295886240318e+02
2.211779895047118316e+02
2.185489484061974679e+02
2.151405212217882479e+02
2.224170904308053593e+02
2.237714949159702371e+02
2.124021741485495056e+02
2.193314832238743861e+02
2.532401757862071179e+02
2.485905485211829671e+02
2.413859503243300253e+02
2.331347736589229100e+02
2.307540325523748663e+02
2.229726166809476808e+02
2.196914882243039813e+02
2.278066696646425555e+02
2.637512422335698261e+02
2.725144626626035347e+02
2.859928339656523804e+02
2.936889341997431302e+02
2.694673899351020623e+02
2.755732306795816839e+02
2.671019426686389693e+02
2.610799181654089125e+02
2.437723891360076323e+02
2.384421859872059031e+02
2.454773524262556350e+02
2.203465743746067460e+02
2.143127046422914077e+02
2.097350483894315119e+02
2.311441754141482932e+02
2.390681838534256940e+02
2.535388554866883908e+02
2.755005099693739794e+02
2.808427082868697653e+02
2.732641607059804301e+02
2.640728626941785819e+02
2.502106459929207745e+02
2.534538397285695339e+02
2.535279098952551635e+02
2.606056591831687115e+02
2.650257289073106790e+02
2.750138059996136803e+02
2.757826963129011233e+02
2.675886466383992683e+02
2.761382031250705609e+02
2.725405521545130796e+02
2.722903029476338475e+02
2.436686309268042407e+02
2.246619862518934383e+02
2.208794597438392771e+02
2.180390037970924197e+02
2.256526372464118424e+02
2.360809370297858152e+02
2.571117664218144796e+02
2.422821393653828750e+02
2.397111248954258542e+02
2.276160964220162271e+02
2.332670203937745725e+02
2.265368311187707206e+02
2.354316985242212752e+02
2.201852393556720813e+02
2.210536895691200243e+02
2.090240347650927504e+02
2.419696652209033232e+02
2.962624976430478227e+02
3.031993036988065455e+02
