3.069927757982940193e+02
2.660525153475199431e+02
2.858595376535398600e+02
2.778529124898822715e+02
2.583066351633487443e+02
2.397337657763358436e+02
2.578590654314526773e+02
2.879219569708700988e+02
3.075770904533019916e+02
3.006989107845355420e+02
2.892166854917822434e+02
2.813641982458428288e+02
2.725669415256398906e+02
2.823026702565421715e+02
2.896531596926361658e+02
2.874129119994170196e+02
2.755996200507084382e+02
2.874536955729766987e+02
2.931112168875169459e+02
3.084459904855758623e+02
3.098119403206088691e+02
3.121037672392123454e+02
3.123403719417020739e+02
3.062498250373073461e+02
2.954087415112500707e+02
3.080835864514077116e+02
3.059298539123940373e+02
2.761130132708129850e+02
2.302580323268765596e+02
2.155065238065650419e+02
2.269876995220574543e+02
2.390891753986402648e+02
2.332650711788617741e+02
2.359272489308934837e+02
2.182933013734059386e+02
2.274727541561225053e+02
2.445019952718222669e+02
2.709600387394656877e+02
2.724634831956538505e+02
2.581919313627120687e+02
2.464858462342062353e+02
2.319784393968182030e+02
2.463937833144797480e+02
2.586279557447401203e+02
2.331607132112237650e+02
2.222001278170520209e+02
2.147355343387560822e+02
2.106810173805646684e+02
2.150824945932308196e+02
2.156701079196297428e+02
2.395860752617906257e+02
2.507756184384095377e+02
2.299873913332176016e+02
2.587207683625102277e+02
2.991257444103132457e+02
3.072586187244754115e+02
2.990731156076681145e+02
2.667677272809015676e+02
2.651335354859482436e+02
2.957411576236834208e+02
3.078628753474372957e+02
3.107318198198324239e+02
3.069467443384306193e+02
3.063074018470387614e+02
2.956194066614390294e+02
2.885386585813519105e+02
2.737178779618321869e+02
2.302274446467068856e+02
2.175782393796329472e+02
2.651576757629450185e+02
2.464494109092982796e+02
2.409844120522974436e+02
2.976100049062135326e+02
2.990938072736653908e+02
2.735577424597668710e+02
2.854650465431149655e+02
3.042280393539282954e+02
2.860826477912489736e+02
2.316311792631259152e+02
2.705986842825579970e+02
3.019155207693276566e+02
3.061958467781842614e+02
3.081939420033926922e+02
3.069764323809484381e+02
2.972378547974813046e+02
2.690675009987647286e+02
2.829597056217577915e+02
2.951382504571997174e+02
2.751366065391188158e+02
2.290829556136874885e+02
2.391266603008091067e+02
2.759756685892663768e+02
2.984742568106184990e+02
2.992293526799078336e+02
2.858159052274153851e+02
2.716443631134601446e+02
2.501280292685404447e+02
2.210544392671633602e+02
2.079651612486270267e+02
2.307228451137703189e+02
2.404911107397553565e+02
2.371032252817346091e+02
2.345995336960728253e+02
2.299698483990025295e+02
2.363322358139257346e+02
2.234635189597510134e+02
2.186651516029208722e+02
2.070419830780127199e+02
2.207037305224715737e+02
2.356183733370222910e+02
2.444657098865226601e+02
2.307681268755903545e+02
2.296125423115291824e+02
2.501134851264989436e+02
2.643411046540987854e+02
2.827433427664391843e+02
2.867704207762429860e+02
2.893762212354127996e+02
2.822283002106391905e+02
2.600045512919889461e+02
2.932754007590165202e+02
2.841950580576343555e+02
2.929618770372761674e+02
3.068675762250500156e+02
3.098824119366862533e+02
3.071007323165403591e+02
2.999807000589802328e+02
2.905940307370743767e+02
2.941447506101164322e+02
2.683371451649068717e+02
2.291252385833340099e+02
2.124615502335849442e+02
2.170276611365768531e+02
2.129612989493000441e+02
2.180304572393979186e+02
2.292721793998358919e+02
2.353390358460599145e+02
2.775953162421781144e+02
2.491828099754507377e+02
2.370257065040493956e+02
2.362907025423226060e+02
2.511380224725778589e+02
2.545344544882930222e+02
2.553126410573185296e+02
2.518797737166950697e+02
2.222386622964816638e+02
2.283983313604757086e+02
2.439160312811187339e+02
2.171041303370012372e+02
1.993578780126158847e+02
2.066894750580167681e+02
2.367894016807770186e+02
2.229355815976048234e+02
2.115839537040078255e+02
1.996845964199195009e+02
2.019387884967455591e+02
1.914897970473742816e+02
1.951604686073567336e+02
2.320325675955500628e+02
2.547859032120417169e+02
2.560629388591300994e+02
2.692664708594769536e+02
2.513627819459824195e+02
2.530900862379229466e+02
2.718944623807306584e+02
2.849640983105305168e+02
2.747341686294339524e+02
2.893568790258936474e+02
2.893772708126734301e+02
2.822563389174614485e+02
2.611388444316183381e+02
2.576741898939559405e+02
2.713957632422764163e+02
2.671403272084598370e+02
2.872994077156498065e+02
2.758122344158102806e+02
2.668260537886761199e+02
2.666953064499113566e+02
2.696018857640838746e+02
2.788693530970929260e+02
2.879768348676452661e+02
2.689914816171663006e+02
2.486340310076987805e+02
2.304709465711956966e+02
2.227851921701034712e+02
2.111639728601081174e+02
2.172645657182839614e+02
1.952222437261309267e+02
2.615757684512984724e+02
2.844715466960317940e+02
3.106216142074559912e+02
2.962831893090450990e+02
2.432792377630742635e+02
2.477793752382490311e+02
2.938139838333785292e+02
3.108699141994224533e+02
2.708436856031335083e+02
2.731665500207327000e+02
2.968965922481360167e+02
2.717244308644927742e+02
2.464645548097743983e+02
2.340690473605791908e+02
2.717863559228758845e+02
3.035398165501083554e+02
2.584588238661543755e+02
2.193895098524316722e+02
2.231360508544039192e+02
2.735502454793330571e+02
2.879862810629917362e+02
2.748872569698916664e+02
2.472148526115861671e+02
2.271838205302049118e+02
2.367747075991269128e+02
2.484788435127197772e+02
2.336285247902908964e+02
1.935100833346666604e+02
1.944230656118911611e+02
2.675186248411479824e+02
2.886514131670758729e+02
2.591639898457547133e+02
2.651239393509931688e+02
2.577863447212452002e+02
2.066821280171917010e+02
1.862714488466444323e+02
2.132844188059955854e+02
2.135478626984382515e+02
2.035396936985726484e+02
1.782952614235478848e+02
1.645546457449257218e+02
1.714815557865117910e+02
1.722703880677530037e+02
2.297444891671634366e+02
2.737871500610401654e+02
2.622632415570751618e+02
2.750204033423954115e+02
2.394845661467172988e+02
2.282867762916211518e+02
2.266058033387612625e+02
2.649933419518367828e+02
2.705046721479183702e+02
2.953034839059600358e+02
2.931476522124249300e+02
2.779053913529187412e+02
2.877666195362822918e+02
2.835309755308110766e+02
2.857226427908193500e+02
2.919245948244599731e+02
2.940177517615683769e+02
2.373528747301791668e+02
1.901857722707242999e+02
1.961370252786597348e+02
1.878201750646526023e+02
1.879479236112440503e+02
1.856463506180766103e+02
1.887773895264363375e+02
2.042441099801296787e+02
2.165027225666043478e+02
2.292277972756679674e+02
2.406585932826455689e+02
2.389957630224355114e+02
2.099176748327981556e+02
1.912501935527110390e+02
2.168216441142568272e+02
2.245142957373481636e+02
2.416921270052451405e+02
2.681087871408942647e+02
2.839512562539281930e+02
2.790737207837174765e+02
2.712411755057319738e+02
2.667224455190815320e+02
2.637389471856583896e+02
2.561236644006437473e+02
2.707609189391446307e+02
2.638852882437256540e+02
2.367828043379952874e+02
2.075697705005501064e+02
2.305484653488809101e+02
2.160951867102245672e+02
2.033029390564742585e+02
2.159179580927702773e+02
2.310656070592023070e+02
2.415115997163999566e+02
2.664699472180721500e+02
2.896203229183363419e+02
2.945429902107583189e+02
2.754597263958144140e+02
2.890761920784532890e+02
2.893032006459878289e+02
2.838686395295480338e+02
2.826031492323276666e+02
2.789911040593371467e+02
2.840872514789967909e+02
2.783154761826459662e+02
2.661786145584158589e+02
2.291870137021083735e+02
2.110813561357278729e+02
2.160854406356607171e+02
2.486823115616922450e+02
2.719874249381094273e+02
2.727374228607038731e+02
2.816081499891577096e+02
2.988240659176584018e+02
2.761445005886349122e+02
2.199072513211878004e+02
2.238971443080401684e+02
2.638253124002554273e+02
2.794710607467072805e+02
2.762611536041843578e+02
2.703653782514591057e+02
2.590512352600308077e+02
2.302841218187862466e+02
2.402783464350449094e+02
2.775347406402731281e+02
2.736577521787532987e+02
2.621169004990080111e+02
2.738907583306350375e+02
2.677023008617753135e+02
2.631705261291700140e+02
2.010785849617747374e+02
2.546406117312352535e+02
3.004315684622672507e+02
3.090638916129271365e+02
1.971819544115184328e+02
2.138008108182735612e+02
2.871572649666255188e+02
3.038447937141540365e+02
2.898071476707458487e+02
2.806596320246772507e+02
2.472235491088892445e+02
2.150586541954514814e+02
2.502619253390876111e+02
2.971002102367170892e+02
2.920343506180101940e+02
2.418960448730436781e+02
2.102064585191069739e+02
1.790673004686174750e+02
2.188090936272493252e+02
2.560875289549528588e+02
2.485598109014045178e+02
2.087925280092979108e+02
2.522592708662525069e+02
2.612845857312507860e+02
2.743485239559209390e+02
2.571718922048933109e+02
2.314482529405420621e+02
2.290883534395998993e+02
2.559527332467536382e+02
2.336522152484616015e+02
1.649840727841720422e+02
1.578055640792287022e+02
1.636314675743113298e+02
1.815954322104934420e+02
1.741065485155920669e+02
2.447170086706627217e+02
2.479489569356609309e+02
2.517971569923150525e+02
2.453205155955811563e+02
1.761253354067975749e+02
1.910707158411265141e+02
1.736982629611689219e+02
1.570659119896329230e+02
1.891006593227405119e+02
2.245198435028691790e+02
2.369304948525405337e+02
2.241367478027034963e+02
2.051064126696219034e+02
1.980610503371823086e+02
1.948283523741407350e+02
2.010956780771637114e+02
2.262447487610708947e+02
2.143944217290195127e+02
2.230444377535033027e+02
2.363002986772778513e+02
2.398310765823661654e+02
2.271886185976825345e+02
2.174116564743945617e+02
2.131431756946232952e+02
1.836523037623025516e+02
1.769684458263793374e+02
1.802179370255925051e+02
1.702952336026719991e+02
1.471748458241430058e+02
1.533433613250488463e+02
1.733225143018283916e+02
1.670171039382018137e+02
1.594869868509145761e+02
1.641607543929354733e+02
1.611573140915585611e+02
1.507173190187079115e+02
1.573537960382897438e+02
2.096429854697047404e+02
2.687743690638042722e+02
2.869167618343101367e+02
2.362103349120726250e+02
1.721546346898556408e+02
1.548276135113265752e+02
1.619803326035778639e+02
2.341569119712629856e+02
2.410919187517176283e+02
1.793391409791461228e+02
1.475571918262652105e+02
1.432909601406241222e+02
1.353993386568205608e+02
1.684919099291329871e+02
1.325440386888149078e+02
1.656683971581665844e+02
1.328490158528607026e+02
1.344542693033395437e+02
1.653053933655633898e+02
1.388047670490561813e+02
1.481430058773600251e+02
2.288974803177560773e+02
2.615529776307798784e+02
2.452576908995462190e+02
2.237491539142776560e+02
2.118375015822779801e+02
2.179634342343200331e+02
2.281968125264159539e+02
2.348514322386474760e+02
2.014462368822468363e+02
1.937547847760247635e+02
2.007901011546832706e+02
1.724191281595590510e+02
1.737054600623852991e+02
2.401377030821072651e+02
2.743989036644359203e+02
2.685344656899237066e+02
2.120660095458992203e+02
2.129630982246040958e+02
2.691039363236729400e+02
2.777094202843799735e+02
2.875844429117416894e+02
2.895389057108255884e+02
2.839595029324053144e+02
2.738627196238126089e+02
2.339062129455578258e+02
1.604702908046078846e+02
1.624040619376945074e+02
1.801611099139045677e+02
1.921970621814961362e+02
1.965887933195985227e+02
1.758933788321768361e+02
1.645499976170568175e+02
1.675104052507439008e+02
2.068730011390355230e+02
1.803029527837113903e+02
1.964271584214465065e+02
2.248495607023464231e+02
2.535117164175182438e+02
2.212234212061405856e+02
1.997925529381658407e+02
2.478649907548026761e+02
2.448754948370325337e+02
1.924894444184131714e+02
1.888429131354275512e+02
1.890601756283980706e+02
2.073814463520537004e+02
2.293765373674739863e+02
2.386281111019634409e+02
2.626758753601499734e+02
2.413504146370739534e+02
2.283242611937900222e+02
2.270362799552682986e+02
2.263784948920093711e+02
2.177475211978275240e+02
2.057129183867138522e+02
1.858894027237394653e+02
1.579818930590309378e+02
1.533018280534457460e+02
1.586788123601542111e+02
2.222846937563450069e+02
2.654622031081647151e+02
2.741120691930398721e+02
2.654011776874338580e+02
2.837602331924757095e+02
2.935293984561125740e+02
2.443809940076210978e+02
2.576638440609573308e+02
2.704497942511432029e+02
2.798965893561280041e+02
2.999526613521579179e+02
3.111482021131240003e+02
3.035135771185899785e+02
2.744629278773402348e+02
2.493616879286005030e+02
2.571167144289007638e+02
2.344386484959640597e+02
2.012381207054053789e+02
1.813816183285223644e+02
1.857549068947576814e+02
1.746598256716041817e+02
1.718865426695440419e+02
2.169759319715838899e+02
2.856175351251379197e+02
2.835870529444556496e+02
2.801402412202255618e+02
2.972008197141383903e+02
2.954141393371624531e+02
2.980178406418106647e+02
2.985292846470023846e+02
2.850131285625673172e+02
2.857517310749022954e+02
2.777403078437670843e+02
2.645198326676398892e+02
2.843877304547822291e+02
2.930089580744003683e+02
2.825041890906019830e+02
2.263306641568418911e+02
2.783454641043810511e+02
2.632802819227204054e+02
2.482174987747985995e+02
2.488578908434512869e+02
2.226611921137288732e+02
2.246901748983244147e+02
2.543377337217110039e+02
2.459630068187553320e+02
2.508736789424832239e+02
2.445084426749952229e+02
2.669275629037494468e+02
2.169940746642335512e+02
2.009724277188325345e+02
2.556645493188795513e+02
2.924080001228293781e+02
2.934499304635147610e+02
2.813402079084546585e+02
2.401939304353606133e+02
2.094294714669509574e+02
2.372840524497971444e+02
2.679170143813984168e+02
2.554089022860879936e+02
2.539790781777594475e+02
2.391662443574994370e+02
1.819447914987071044e+02
1.638566768665418181e+02
1.556668255010827693e+02
1.518078297926041103e+02
1.472907491416490018e+02
1.503781556238841119e+02
1.905640699034123884e+02
2.502295383836137148e+02
2.440362828472764818e+02
2.370107125431818815e+02
2.748731626466762350e+02
2.788332176514020944e+02
2.710757921173631075e+02
2.432171627650826338e+02
2.476097935408371598e+02
2.252726902780283353e+02
2.118422996497555744e+02
1.686106620992039495e+02
1.865563341031276252e+02
2.442476976955087480e+02
2.710958840249255104e+02
2.826733209691877278e+02
2.889452948000798074e+02
2.887137880442848541e+02
2.914998159130825002e+02
2.968417143513609062e+02
3.055759964359201604e+02
2.939450310513608429e+02
2.857389862081648175e+02
2.989483658532501522e+02
3.014250683093505927e+02
3.016424807419297736e+02
2.830492195681368912e+02
2.750706331113017313e+02
2.330356635775883660e+02
1.657874492074548698e+02
1.750343748140753632e+02
1.730655178125587383e+02
1.722096625262395264e+02
1.653062930032155577e+02
1.832444680267054196e+02
2.514972777749642319e+02
2.739336410587161481e+02
3.047436816681629352e+02
2.863255499573031102e+02
3.034639471081184752e+02
2.799540162262507010e+02
2.320261201923769647e+02
1.844910659332327612e+02
1.839072010970507165e+02
2.111048966542899166e+02
2.681098367181548952e+02
2.130772022668061254e+02
1.800566020066578119e+02
2.272959753574941999e+02
2.318557887969217859e+02
2.871679106788413947e+02
3.022422391766314149e+02
2.643216125049710286e+02
1.892829858868898327e+02
2.361277181876924658e+02
2.657734777357748612e+02
2.451396884275186778e+02
2.613349654397657673e+02
2.556891394147023391e+02
2.861444229100232519e+02
2.907885024095261883e+02
2.537474214823559180e+02
2.044696191515775183e+02
1.909975453120930240e+02
1.981703563119067724e+02
2.476772663647410582e+02
2.331026865826663368e+02
2.314145165285899282e+02
2.153879215761026842e+02
2.039193407877387756e+02
2.015146093438027890e+02
2.077793860734782925e+02
2.273381083875319746e+02
2.163196463044115490e+02
1.914040315912119183e+02
1.923903343370787695e+02
1.973357924500194258e+02
1.857412623903682061e+02
1.802954558032777186e+02
1.876703853955858676e+02
2.326993490353294476e+02
2.319127658482183278e+02
2.145224701548283122e+02
2.504778383755801485e+02
2.971756298598809849e+02
3.078843167114779362e+02
2.937612050911247366e+02
2.665194272889349918e+02
2.426772302342425576e+02
1.993611766840066934e+02
1.714919016195104007e+02
1.824809755393304158e+02
1.893077259223212252e+02
1.929458605872211194e+02
1.934920905816256607e+02
2.147734690597509939e+02
2.400140029049500754e+02
2.248519597360851776e+02
1.988747725934637174e+02
2.095296311255461603e+02
2.154949784566969413e+02
1.915641670932772627e+02
2.360594956657452030e+02
2.738394789844678598e+02
2.714175044855343231e+02
2.558492749167675981e+02
2.622692391414221902e+02
2.631192467830030068e+02
2.646184929301483635e+02
2.563997032202149740e+02
2.362784074944112831e+02
2.157212373261880884e+02
2.340074221814136592e+02
2.645174336339010779e+02
2.515250166025691954e+02
2.323721808091997616e+02
2.468930822113687213e+02
2.632672371767656045e+02
2.669647479267009658e+02
2.425605772186930835e+02
2.170392064864447832e+02
1.825968788568363834e+02
2.296885616931274967e+02
2.600633276185897103e+02
2.277612379632139152e+02
2.003497285240035239e+02
1.949202653542587313e+02
1.836341610696528051e+02
2.041971788826144802e+02
2.099754015821381188e+02
2.506886534653777971e+02
2.423391164166794738e+02
2.455605689090704686e+02
2.625242864157789313e+02
2.633395080681472109e+02
2.653486988243975020e+02
2.562584601088428258e+02
2.584915107008454811e+02
2.414255343810202987e+02
2.413309224879461965e+02
2.354835776288229567e+02
2.448973860198991872e+02
2.583558153549943199e+02
2.532313293492951800e+02
2.563772122789136461e+02
2.605665249453043657e+02
2.489033225448797566e+02
2.325354650430473384e+02
2.120115814679500374e+02
2.324405532707557995e+02
2.645681132216332685e+02
2.851275324839866130e+02
2.880443076915491929e+02
2.758599152113689570e+02
2.638669956114671891e+02
2.233480654610710019e+02
2.305439671606205536e+02
2.368115927428609666e+02
2.599135379495230609e+02
2.644501107496058694e+02
2.692730682022587416e+02
2.579079457438809300e+02
2.232413084596940678e+02
2.193460273659158020e+02
2.240604285418877737e+02
2.258423108513862303e+02
2.206124173007883371e+02
2.163638784889708120e+02
2.077204598072689521e+02
2.175142151667285475e+02
2.530055202986299889e+02
2.729984677194077562e+02
2.561134685072537422e+02
2.326693611135944764e+02
2.111413319791980427e+02
2.284894946425503122e+02
2.195401991591504611e+02
2.237295118255411239e+02
2.139966319472036957e+02
2.219365339850006933e+02
2.308862792872266141e+02
2.286580267627014962e+02
2.163373391782353679e+02
2.185056158592901738e+02
2.526435660832874532e+02
2.956159580504394739e+02
3.005630654990755488e+02
2.774245350278966953e+02
2.529849785722414879e+02
2.467118052244801163e+02
2.483130103055247844e+02
2.384041013266022730e+02
