2.411337519025380516e+02
2.474817451150283887e+02
2.454992436091222601e+02
2.518856213614335786e+02
2.340684476021444596e+02
2.593292232945149749e+02
2.902634138999451352e+02
2.873214488381249794e+02
2.858424445381508576e+02
2.674331592642027999e+02
2.602321596179583025e+02
2.865338160737530870e+02
3.050386128784275002e+02
3.114614259556468596e+02
3.015901518185020223e+02
2.803696488214990268e+02
3.100408981030560653e+02
3.114144948581314907e+02
3.094859716113485888e+02
2.945702792195371558e+02
2.783562597562057022e+02
3.019296150925431448e+02
3.115956219054113490e+02
3.089890717481982847e+02
3.081560072823975815e+02
2.979412215017775338e+02
2.782782911596943336e+02
2.721205713106132293e+02
2.884450962655385524e+02
2.783953939940699911e+02
2.808314628162191866e+02
2.887767626799285381e+02
3.041346269777236557e+02
3.091451588808292854e+02
3.121331554025126707e+02
3.145768711447043415e+02
3.109654257301487519e+02
3.089156013399473295e+02
3.068162968788830653e+02
3.055800448053543619e+02
3.036578190221359250e+02
2.884139088269340050e+02
2.588656100244907066e+02
2.542467203792451471e+02
2.448979857783339753e+02
2.525305116183464804e+02
2.848176073128545909e+02
3.101833407312977897e+02
3.124201398135174941e+02
2.986721770940700935e+02
3.007731308908298047e+02
2.872544258330472644e+02
2.893382865144178595e+02
2.887880081505792305e+02
2.662300438441914139e+02
2.413700567258105139e+02
2.354286997320477326e+02
2.448260147661697204e+02
2.385143069389788479e+02
2.566009221750574056e+02
2.413899986937642268e+02
2.347013426903634183e+02
2.785570288922219788e+02
2.803657503916733731e+02
2.589986064573856765e+02
2.576253095815277447e+02
2.518520348890901630e+02
2.474132227138637461e+02
2.337363313689286883e+02
2.440464787406662879e+02
2.791007099132790472e+02
2.583637621542541183e+02
2.479834430456563155e+02
2.837621824073884795e+02
2.969783093348642069e+02
2.799214793311682001e+02
2.780527819882466929e+02
2.673686852324724441e+02
2.682965115309557973e+02
2.896290194156394477e+02
2.984388710629712023e+02
2.970708220734168776e+02
2.903917622049712577e+02
2.866288777856534580e+02
2.800372327090655631e+02
2.482320429168399301e+02
2.375792835392790039e+02
2.376990852866106536e+02
2.679772901040859097e+02
2.672895171190918404e+02
2.210505408373377350e+02
2.317358371099813610e+02
2.572966419593112732e+02
2.986318433393363421e+02
3.126387517629661943e+02
3.119961106001833286e+02
3.108495224126425569e+02
3.003488017982784868e+02
2.693868723652432777e+02
2.668396982930656804e+02
3.022564834394553941e+02
3.024016249806531960e+02
2.902725602160743392e+02
3.024211171297810665e+02
2.970867156719363606e+02
2.895633458670396863e+02
2.897885551592700608e+02
2.816787715448438121e+02
2.629274740235072727e+02
2.892483227492126048e+02
3.006333871755442146e+02
2.903611745248014131e+02
2.624143806826198215e+02
2.545329550922062936e+02
2.595012040256656860e+02
3.024034242559574182e+02
3.137169674889508997e+02
2.970691727377213738e+02
2.660369216282176694e+02
2.504802374093189599e+02
2.631757740154736211e+02
2.472124535778473273e+02
2.451336908431716211e+02
2.341743049658693678e+02
2.378880091935417056e+02
2.469882938628776117e+02
2.497488319982003588e+02
2.531845481913883873e+02
2.555060631525096255e+02
2.685442117644876134e+02
2.974458210347139016e+02
3.019792451030147618e+02
2.987690380812744024e+02
2.799342241979055643e+02
2.369381417725830374e+02
2.253833457092308095e+02
2.538184928568680334e+02
2.732761558746745436e+02
2.700313128033301950e+02
2.512312849091740645e+02
2.592909886943027686e+02
2.511062352755388360e+02
2.431153537707921544e+02
2.548475283912072200e+02
2.519638898371620712e+02
2.013979563282532865e+02
1.912091100999339517e+02
2.048702577859581595e+02
2.412195173587003865e+02
2.328233490917040740e+02
2.019122491860099160e+02
1.843091891879094533e+02
1.926749197143446395e+02
2.010490468588656370e+02
1.998442821031588608e+02
1.986363686156699089e+02
1.899127322433264453e+02
1.757186991880699054e+02
1.793767758209235410e+02
1.836005745973095031e+02
2.077549459172642514e+02
1.916743727056537807e+02
1.838664175234910658e+02
2.022779518915691881e+02
2.366510074219696378e+02
2.650191315645290047e+02
2.701371701670551033e+02
2.655187303406354999e+02
2.237440559675826535e+02
1.808763218472862491e+02
1.728834911276267690e+02
2.024706242887171186e+02
2.416834305079420346e+02
2.481557236560242075e+02
2.659142710283210818e+02
2.920289527920979253e+02
2.652371437555430020e+02
2.189645810014455947e+02
2.745947247933659128e+02
3.035431152214991357e+02
2.897458223707976686e+02
2.481384806010265720e+02
2.262567439297650083e+02
2.338201476101781111e+02
2.692367828169593054e+02
2.335465078243454684e+02
2.133679351680278273e+02
2.360301075024447925e+02
2.633963351798350914e+02
2.782991327653002713e+02
2.679251111202668199e+02
2.768138310017619119e+02
2.817053108555793983e+02
2.552868514446261088e+02
2.407314639324618781e+02
2.121949576093601024e+02
2.184125033623028571e+02
1.858652624467427756e+02
1.817639643306445123e+02
1.834944173543673571e+02
2.496768609860362176e+02
2.444343725083095080e+02
2.554496858596477296e+02
2.879348517772162950e+02
2.918853106469867953e+02
2.647669331427370594e+02
2.462182040327208767e+02
2.727842040186106374e+02
2.720459013854928116e+02
2.748436245437670777e+02
2.431993199516504092e+02
2.400125035088633467e+02
2.253187217378916500e+02
2.135794999558687266e+02
2.269032835223733287e+02
1.844069498127658449e+02
1.923495507635189767e+02
2.115103333561483225e+02
2.598234242447090878e+02
2.974852551517956840e+02
2.844857909588560005e+02
2.854185652644255242e+02
2.846070921022744074e+02
2.795868141246048140e+02
2.995038921033925590e+02
2.926873376137914988e+02
2.461999114004623550e+02
2.570765306137757307e+02
2.929341382096712891e+02
2.775915677519611791e+02
2.423469132763306959e+02
2.307481849076364426e+02
1.897145120806576131e+02
2.469415127049708758e+02
2.722121844115139311e+02
2.604560194537105531e+02
2.208391259891053835e+02
2.052334115181700156e+02
2.080207888434456152e+02
1.921417344658949560e+02
1.904718570440770691e+02
2.115227783436681648e+02
2.458432050714236823e+02
2.607304089375865601e+02
2.710802903056233504e+02
2.732703082299362336e+02
2.682425332718326558e+02
2.399840149832150757e+02
2.338745756881272371e+02
2.549772261527115518e+02
2.503578866886398373e+02
2.623565039936713106e+02
2.782562500372192744e+02
2.344262035084441038e+02
2.211405046025429897e+02
1.900164904525298084e+02
2.281801692298528792e+02
2.946809346507396867e+02
3.016784662480117731e+02
2.412937374649946776e+02
1.935796553130920472e+02
2.149458996097276895e+02
2.828535483788154465e+02
2.942321654019741572e+02
2.976531875135120799e+02
2.712768611325967640e+02
2.618606537077816370e+02
2.454032822595700338e+02
2.582441103465311016e+02
2.596925269663353788e+02
2.709216541996446495e+02
2.523462358392844180e+02
2.727677106616562241e+02
2.830936016923049010e+02
2.921210157118246116e+02
3.010341757495336310e+02
3.088058455463969381e+02
3.042131953326694429e+02
2.976549867888161316e+02
2.972347060656990720e+02
2.816319903869369909e+02
2.662861212578361574e+02
2.564902667438549884e+02
2.566447045407906558e+02
2.508379933156185189e+02
2.567190745866935799e+02
2.638780911425091062e+02
2.488172572095001556e+02
2.191981869117618089e+02
2.215787780787011627e+02
2.363955103287867701e+02
2.467713312491243016e+02
2.779292317506982499e+02
2.668690864563661194e+02
2.258591040875577676e+02
2.215985701070463847e+02
2.205124075818018241e+02
1.741506307605425263e+02
2.019758235800883028e+02
2.224392814928893074e+02
1.890811671736127266e+02
1.577958180046648238e+02
1.662339693620902779e+02
1.904962972002911386e+02
2.478287053695032114e+02
2.866942514550359533e+02
3.009386642188073893e+02
3.044213115095108719e+02
2.096597787058763913e+02
2.183694706946129998e+02
2.814396178690064971e+02
2.731684992356456405e+02
2.490222246545593521e+02
2.445177389307331168e+02
2.506570162079473221e+02
2.687764682183258174e+02
2.737768042280417262e+02
2.630982552377884645e+02
2.726143224419813578e+02
2.782060202683128978e+02
2.731578535234295941e+02
2.649476103711908763e+02
2.737941972226480516e+02
2.882603706676505340e+02
2.980443799525462509e+02
2.954364803388550627e+02
2.912116319852083279e+02
2.737469662459152460e+02
2.773633596675571766e+02
2.558113401957727433e+02
2.585116026084081113e+02
2.934161940515627407e+02
2.814583603200910034e+02
2.277786309578202975e+02
2.015891293293145168e+02
1.875423369697771250e+02
1.684092932047529132e+02
1.725120907169378484e+02
2.466122453243197583e+02
2.746608481607918293e+02
2.869202104453097490e+02
2.627382502373588409e+02
2.200529926208203335e+02
2.099065793017561816e+02
1.907204569152608826e+02
1.710357853299198325e+02
1.598201526613913472e+02
1.782576265817704666e+02
2.209680740525662657e+02
2.412847410884740782e+02
2.229342321411268415e+02
2.001793971285484020e+02
1.968424911374773671e+02
1.756944089714644974e+02
1.608350938725151593e+02
1.572993679603405326e+02
1.569699506400806968e+02
1.694318813359190301e+02
1.749914920859942526e+02
1.822775074903577774e+02
2.365833846584570495e+02
2.504304574592387098e+02
2.500233714216849989e+02
2.344597899807872921e+02
2.135325688583532724e+02
1.944977355370115504e+02
1.887911839704345311e+02
1.844651263809319062e+02
1.993250412383159755e+02
2.136031904140394033e+02
1.945265239418771444e+02
1.996003303598439231e+02
1.990313095449207879e+02
1.670730314122377536e+02
1.756060945419546897e+02
2.236683364652015200e+02
2.256064558469397241e+02
2.329638425050328578e+02
2.314965334945354982e+02
1.949574503772102219e+02
1.495546872930388531e+02
1.913056712079209092e+02
2.341012843764444824e+02
2.486355304037855092e+02
2.630511742006643772e+02
2.582400619770969001e+02
2.494354582160686959e+02
2.453687961495745924e+02
2.830210309217060285e+02
2.893466831325036992e+02
2.797964296975330285e+02
2.776390986079112508e+02
2.778472147847526799e+02
2.772849412522200510e+02
2.638277114339942386e+02
2.632342504628570623e+02
2.138026100935776981e+02
1.685194988171293460e+02
1.642300264921433950e+02
2.049180885211256395e+02
1.996145746226681581e+02
1.878327699917813618e+02
1.979342014282429716e+02
2.351103779428298139e+02
2.279087785381505284e+02
2.158845215600356084e+02
1.856346553286000756e+02
1.587321908608427634e+02
1.472048337458780338e+02
1.655205567040126766e+02
1.974809339912172561e+02
1.615197181257270245e+02
1.537498476041678828e+02
1.560118365406449072e+02
1.513326711727117697e+02
1.605209703923401889e+02
1.902761858547556244e+02
1.970576544759265687e+02
1.311308578770492659e+02
1.242193916151567805e+02
1.206644734330717910e+02
1.422755691106742688e+02
1.616312731945814960e+02
2.152634717009021301e+02
2.498055091702797199e+02
2.639751020693221335e+02
2.663038141316597489e+02
2.636014525645031767e+02
2.575527388109288722e+02
2.626163493355056744e+02
2.036495994317317582e+02
1.696083602553301262e+02
1.626264223773601714e+02
1.722233070306289733e+02
2.078618528582497049e+02
2.260447293230980392e+02
1.908332115009847882e+02
1.795944881327202722e+02
2.265593220600719064e+02
1.770425159930649954e+02
2.339975261672410625e+02
1.879939550711073082e+02
1.450199137682601531e+02
2.104267198042510643e+02
2.583625626373847695e+02
2.275609186460236799e+02
1.584533031887063999e+02
1.349489200723596696e+02
1.262362292914496180e+02
1.285722883946122863e+02
1.295665379397388222e+02
1.279576859386518350e+02
1.287291252252868219e+02
1.696145077792857307e+02
1.728065721083762298e+02
1.620731452213478292e+02
1.992922044640160095e+02
2.454990936695136838e+02
2.478547948614126710e+02
2.479374115857929155e+02
2.143545377931118026e+02
1.990624969835253637e+02
1.979214565615054369e+02
1.783561369046701941e+02
1.620391089301785712e+02
1.439395988877539310e+02
1.360050946758691452e+02
1.261300720485074152e+02
1.263070007867443962e+02
1.184690576828465822e+02
1.165768198213630882e+02
1.223211561693262865e+02
1.379878960609926253e+02
2.130710547428503787e+02
1.627948045579025518e+02
1.526050586919311627e+02
2.113575448949078748e+02
1.746311872063471924e+02
1.378836880329632208e+02
1.814286993656463380e+02
2.270170876853580069e+02
2.646700721555325799e+02
2.777734444972844585e+02
2.869578452870871956e+02
2.883978652888058036e+02
2.473530969307848295e+02
2.581572953131080794e+02
2.734985163143401223e+02
2.281263409103385982e+02
1.575731576857818368e+02
1.797186381287035033e+02
1.761973064189617730e+02
1.573594937434193355e+02
1.619232056126724615e+02
1.952459341843017171e+02
2.371233171892971541e+02
2.213738106336419378e+02
2.379952160137445105e+02
2.423969931056282405e+02
2.272500938372395467e+02
2.011721472775881239e+02
1.935010869581460611e+02
1.981583611432127157e+02
1.886661343367992174e+02
1.773500421304581778e+02
1.545017947416749848e+02
1.804031124423066785e+02
2.277391968407386855e+02
1.935850531390043443e+02
1.578500961430053167e+02
1.489952626130709632e+02
1.575641613092612943e+02
1.540623217486474061e+02
1.507042742727531675e+02
1.520048504384035368e+02
1.840082603932979453e+02
2.274085800036093019e+02
2.650396732909176194e+02
2.454074805686129253e+02
2.438394121410856314e+02
2.829441119024555178e+02
2.877786147049762917e+02
2.800703693625828237e+02
2.742886980520595444e+02
2.670553114503408665e+02
2.722702110400713309e+02
2.764551754578102987e+02
2.561639981553773282e+02
2.138096572551855274e+02
2.656943096223943712e+02
2.786152054603880401e+02
1.817852557550765198e+02
1.989286009129783110e+02
2.861694628246718821e+02
2.980842638884537905e+02
2.905653922718173021e+02
1.898200695651650562e+02
2.497146457674223825e+02
2.941777373240250881e+02
3.002886760151995986e+02
2.975564764659164325e+02
2.382637578528822928e+02
2.643520502455320980e+02
2.849810414863107439e+02
2.688283473229275273e+02
1.842941952270419392e+02
1.582994651502054921e+02
1.813930137387816330e+02
2.456931155231395394e+02
2.607690933566248077e+02
1.921885156238017203e+02
1.725017448839392102e+02
2.029829679315609496e+02
2.605243919152665626e+02
2.608975916012595917e+02
2.632852299298066328e+02
2.655913011112343156e+02
2.391296590929825641e+02
1.891909229671631465e+02
2.056106595735973031e+02
2.110746088533375939e+02
1.731514332083297063e+02
1.525153948059432594e+02
1.974007163005759082e+02
2.155258660160839952e+02
2.439040361124246772e+02
2.522714159745552820e+02
2.306732151032988725e+02
2.126321815082575029e+02
2.201876383894108642e+02
2.434666622739185300e+02
2.529746327392428498e+02
2.224146913970665764e+02
1.980859403122223910e+02
2.441508367083043254e+02
2.684935321767553660e+02
2.628874401479909011e+02
2.635672663337251151e+02
2.781541411637111878e+02
2.636903667524476305e+02
2.738717160003331514e+02
2.724495388120470238e+02
2.675417155408838994e+02
2.296969583112133364e+02
1.989055102132422519e+02
1.809952239569658445e+02
1.822980492167463069e+02
2.033444723280772735e+02
2.647577868266077417e+02
2.850498637666928516e+02
2.901320668027453848e+02
2.739802722770141941e+02
2.595310420077920526e+02
2.517751158698397944e+02
2.566853381747416165e+02
2.211166642047636515e+02
2.168991628919420123e+02
2.413890990561121441e+02
2.593257746835154194e+02
2.465597664612832887e+02
2.554237463073469314e+02
2.379128991685817596e+02
2.458565496965956925e+02
2.741498539744260370e+02
3.007617354805703940e+02
3.015246282095109791e+02
2.992101604099973997e+02
2.863682827457756730e+02
2.875126218391862949e+02
2.862531291263128423e+02
2.887937058557088790e+02
2.731002767136982925e+02
2.698488362995721559e+02
2.625578728881223469e+02
2.639643064174975962e+02
2.450846605911346785e+02
2.295794056580118649e+02
2.226223577550819641e+02
2.428949425460391183e+02
2.723696210006231126e+02
2.843006155421418839e+02
2.749491820282747199e+02
2.691995977940077296e+02
2.659992867864400523e+02
2.598267229160999818e+02
2.536636052411063531e+02
1.978502352473847168e+02
1.876197058078536486e+02
2.074733593321717819e+02
2.487179971885569501e+02
2.458261119560345946e+02
2.117042052701654882e+02
2.856691143505221930e+02
2.845096313566352819e+02
2.821672747899082196e+02
2.560271032926566477e+02
2.170107179607964554e+02
2.503823268448539920e+02
2.781148569862382942e+02
2.516379211279017056e+02
2.660823533296461960e+02
2.786849273784221737e+02
2.750688338359976228e+02
2.697500260974551907e+02
2.650666624204790764e+02
2.376842412653518011e+02
2.592807928009128204e+02
2.495504618959228367e+02
2.287214512171711931e+02
2.071063071701344711e+02
2.181234197967766306e+02
1.952297407065647405e+02
1.930155825052552245e+02
1.890546278628771688e+02
1.873064819653307609e+02
1.970237681243659722e+02
1.867472072249714756e+02
1.934869926349306297e+02
2.642338978338959805e+02
2.691126328209760459e+02
2.367883521035162744e+02
2.651032476849957789e+02
2.997346491611440342e+02
2.981769265666153501e+02
2.453896377551805017e+02
2.322928627562104964e+02
2.005566451839757178e+02
2.274085800036094156e+02
2.837789756435601021e+02
2.847729253094693149e+02
2.715244114265198618e+02
2.656596735727903820e+02
2.349294008351587308e+02
2.216661928705590014e+02
2.327351846018029562e+02
2.411010650678467471e+02
2.387922949734630151e+02
2.333208487132890241e+02
2.263972373430938774e+02
2.254940011404333120e+02
2.469825961577479347e+02
2.745026618736392834e+02
2.489758933154786575e+02
2.443193688284555094e+02
2.048671090541759838e+02
2.049242360450813010e+02
2.108700912271043251e+02
2.163689764356658145e+02
2.091499840363800899e+02
2.075034971935155852e+02
2.002498687446257577e+02
2.219929112778625608e+02
2.567658557446003442e+02
2.877195384991583182e+02
2.967360069272446594e+02
2.905322556183000984e+02
2.788396650545751640e+02
2.877685687511951755e+02
2.959042919179223077e+02
2.912345727453356403e+02
2.789290290613456591e+02
2.690324151303346980e+02
2.428486112069585374e+02
2.333359926137652849e+02
2.210572881197281845e+02
2.190364020740010744e+02
2.190951784006018670e+02
2.186600536562258412e+02
2.174317483819569929e+02
2.144782379702690491e+02
2.142581266247335634e+02
2.245769704937744109e+02
2.656389819067931057e+02
2.989800031106806841e+02
3.158201703798407607e+02
3.163854427045470175e+02
3.089626823770714168e+02
2.949332830121402935e+02
2.635780619855497093e+02
2.628583518639078420e+02
2.556747452122695847e+02
2.684815370080612524e+02
2.907804056706578422e+02
2.895538996716931592e+02
2.539982704476697961e+02
2.280971026866468776e+02
2.690012276917302643e+02
2.376449570878789075e+02
2.213684128077296123e+02
2.151825043122174748e+02
