2.824986413250809392e+02
2.890246128530689589e+02
2.840923494256916797e+02
2.813484545869319504e+02
2.850404175713462678e+02
2.819462638067207081e+02
2.870987885192421913e+02
2.757476104444711495e+02
2.641157454222596925e+02
2.926924355604865013e+02
3.086461598631576635e+02
3.045702015409255523e+02
2.899590364943339864e+02
2.772775942113948418e+02
2.825929533389377752e+02
2.871190303664133125e+02
2.876415699026470634e+02
2.853900767387773385e+02
2.849341103887954318e+02
2.984502664732304993e+02
3.056974475189472855e+02
3.051222791800683467e+02
3.001982624311683594e+02
2.786292997836035852e+02
2.981887717957006885e+02
2.732607120949808177e+02
2.895054691780908911e+02
2.884022135374573850e+02
2.871412214284972038e+02
2.909954190694983822e+02
2.693327441665114748e+02
2.766689893397814899e+02
2.947948887533329412e+02
3.001465332661751972e+02
2.807337021913627950e+02
2.213069375681726854e+02
2.041611933765322533e+02
2.068538088691251176e+02
2.085101917261621622e+02
2.217747491472399588e+02
2.369360426180615491e+02
2.349040610412925218e+02
2.514903805529651208e+02
2.407897904402366009e+02
2.249138847944681459e+02
2.226421497834272429e+02
2.273264130980551840e+02
2.347778118907878877e+02
2.832102547078544603e+02
2.812901280791571139e+02
2.830490696285283434e+02
2.904129036897945184e+02
2.776948761423385577e+02
2.584229882996808101e+02
2.478128117709836147e+02
2.158836219223835542e+02
2.133902761697203232e+02
2.189999667490930335e+02
2.268461565314679262e+02
2.040350941656362806e+02
2.034207915888931382e+02
2.041238584139721297e+02
2.290367742142156828e+02
2.744672761259918730e+02
2.894771305920513669e+02
2.865191219921030665e+02
2.922279226528099798e+02
2.945657810312770266e+02
3.005869058968550007e+02
2.851050415426852851e+02
2.833327553681422160e+02
3.027048028693949391e+02
3.052987580994793575e+02
3.070422558691568611e+02
3.025790035377161757e+02
2.783396164596426843e+02
2.771969267019275094e+02
2.811706262110429293e+02
2.863129550301743507e+02
2.731301146958246022e+02
2.737687074891731527e+02
2.702838111043395770e+02
2.684224608022431084e+02
2.484175182127714834e+02
2.721745495697363708e+02
2.729561847497612348e+02
2.807674386033147016e+02
2.827374951217008174e+02
2.666366800629191971e+02
2.279122271491500555e+02
2.223908509992872666e+02
2.188954588418462777e+02
2.203422261259552499e+02
2.081237973546056423e+02
2.085263852038990819e+02
2.169116078794619966e+02
2.226904303374206506e+02
2.277756321656468117e+02
2.309479044663922025e+02
2.426476921313335140e+02
2.560043124721379399e+02
2.524219553416653241e+02
2.583825046053385108e+02
2.671331301072433462e+02
2.549928198720137402e+02
2.108781879659726997e+02
2.107081564497348722e+02
2.374038541971288794e+02
2.835045861596841519e+02
2.950568332496888502e+02
2.897531694116227641e+02
2.556667984130096443e+02
2.629111306061615210e+02
2.518508353722208710e+02
2.559809218931846146e+02
2.498549892411426185e+02
2.266357912604963758e+02
2.386530010770035801e+02
2.391960823396257467e+02
2.227442586569351022e+02
2.080500270671373926e+02
2.124652987238018227e+02
2.521685574030040016e+02
2.551406603261676480e+02
2.436758280280206748e+02
2.416520931297289110e+02
2.245042497835669622e+02
2.465212319818537026e+02
2.795203908779614608e+02
2.848393485561125544e+02
2.381031725319908787e+02
2.125474656293559406e+02
2.247658944007055482e+02
2.494255622018961844e+02
2.179860751152300224e+02
2.232407087012592513e+02
2.372380209899338581e+02
2.329199101996909747e+02
2.340631997158408808e+02
2.352120369975117455e+02
2.395500897557085125e+02
2.466443324005762179e+02
2.562008832991114673e+02
2.507592750210639565e+02
2.437936805604396682e+02
2.444793543909121070e+02
2.479012761401020839e+02
2.441695791593886895e+02
2.309940858658642071e+02
2.153616821445845346e+02
2.059706645740269551e+02
1.993793193766564684e+02
2.039652223079935141e+02
1.970339640177558351e+02
1.987866081035625143e+02
1.833881101718164359e+02
1.873085811198521924e+02
1.937565840513289857e+02
1.831823930287138751e+02
1.973097029581099662e+02
2.354513406129577788e+02
2.705480046948256359e+02
2.646474312746225337e+02
2.532766111111151304e+02
3.047742693483327798e+02
2.922505635337200829e+02
2.331100336234914323e+02
2.699612910060787954e+02
2.934764697742501198e+02
3.063804224364636184e+02
3.043277491936974570e+02
2.929848177974035366e+02
2.721072266854411623e+02
2.666905083824336771e+02
2.940873237399938489e+02
2.719237006044224358e+02
2.833537469133567583e+02
2.853647369449111579e+02
2.901746496516092293e+02
2.895425042614338054e+02
3.043904239501237612e+02
3.057575733020260600e+02
3.028997243606729057e+02
2.995134882383478612e+02
2.868329455930606287e+02
2.769127911434876523e+02
2.796857742663303270e+02
2.776352001780857108e+02
2.570555390685612451e+02
2.402711493338283901e+02
2.451932168678156359e+02
2.346467646728056025e+02
2.361511087666458195e+02
2.485739052246199776e+02
2.496039903362199937e+02
2.349557902062855419e+02
2.191789946418514319e+02
2.031188132170208860e+02
1.947535325094117127e+02
2.055244442986090121e+02
2.373746159734370735e+02
2.757919925686389888e+02
2.819024814409874580e+02
2.882270840745244413e+02
2.857610273306403315e+02
2.963488628576446899e+02
2.520676480463655196e+02
2.724963199699536744e+02
2.787927339570597383e+02
2.371009761876045729e+02
2.373024950216641855e+02
2.407445086784165937e+02
2.659217680087548956e+02
2.927092287966582376e+02
2.973900435002868221e+02
3.100869295629195221e+02
3.154882040862333383e+02
2.561026728554290344e+02
2.708023022711390695e+02
3.009100257535504852e+02
3.138750038364947841e+02
3.124166912025178817e+02
3.023447978689654292e+02
2.840110821577897013e+02
2.807521447632298077e+02
3.046199814910057171e+02
3.119376341527999443e+02
3.102698558855034889e+02
3.084456906063585393e+02
3.058694282500979398e+02
2.767949386110688010e+02
2.348416861640834838e+02
2.280303795607862867e+02
2.073060267288900036e+02
2.150833942308829592e+02
2.184775771524679726e+02
2.360651933708748516e+02
2.522355804080819155e+02
2.601979733871802409e+02
2.530361079787997198e+02
2.649123745631520706e+02
2.491693154106700092e+02
1.994108066944782820e+02
1.883257714251060122e+02
2.069142345314213287e+02
2.148950700823866953e+02
2.034662232903217500e+02
1.668119865535338135e+02
1.702821888567172834e+02
1.624028624208250449e+02
1.560083879296454086e+02
1.588750833079103302e+02
1.612417300912428288e+02
1.603890235367058494e+02
1.675685818189099621e+02
1.658355798218396444e+02
1.636795981886961044e+02
1.631360671072477828e+02
1.679666714799431020e+02
1.806608586296196393e+02
1.674025986721063077e+02
1.601746098962999838e+02
1.616900495211822033e+02
1.725512249548021941e+02
2.259358731671996736e+02
2.578475200815847188e+02
2.661625710202876007e+02
2.763443700869992199e+02
2.647636344713461654e+02
2.634459651903066515e+02
2.273517528919213362e+02
2.294672508307225769e+02
2.535865362822471241e+02
2.851903571800216355e+02
2.334138112706677646e+02
1.904144301739544289e+02
1.785831454722046772e+02
1.845853779470895972e+02
1.848236319852747442e+02
1.900503768040905186e+02
2.269034334619820186e+02
2.778773526460964263e+02
2.308721849640111259e+02
2.278717434548076426e+02
2.804150805229274965e+02
2.669340103069225165e+02
1.722350023201057070e+02
2.342960559281138444e+02
2.949173894136208105e+02
2.904066062262301671e+02
2.428839969546059478e+02
2.395848757449210780e+02
2.351911953919059215e+02
2.658298550286369277e+02
2.518022549390099698e+02
2.823343075139727034e+02
2.954231357136828819e+02
2.709964740643737855e+02
2.713980123364064525e+02
3.012766280967617263e+02
3.046396235797423628e+02
2.802074141649121088e+02
2.100604173402571462e+02
2.338879203132993609e+02
2.506909025595079186e+02
2.689970293826872876e+02
2.502962615094742205e+02
2.502172433357023920e+02
2.600813203716307385e+02
2.689538467753887971e+02
2.389650254026570053e+02
2.189341432608845821e+02
2.418111790545333974e+02
2.479158202821436419e+02
2.106999097712576372e+02
1.893864442168757591e+02
1.712154129811129053e+02
1.766931567048512193e+02
1.834911186829764915e+02
2.068343167199972470e+02
2.303785837722516874e+02
2.410973165776298970e+02
2.647048581447454012e+02
2.690333147679867238e+02
2.868704304952295274e+02
2.776773332081235708e+02
2.675851980273996560e+02
2.588281251223218078e+02
2.429391747305985234e+02
2.579965600526080607e+02
2.976911222345070769e+02
3.041050888748144416e+02
2.887847094791882796e+02
2.732287749583329628e+02
2.462376961818486336e+02
2.372180790219800031e+02
2.566286610026623976e+02
2.599696153631675770e+02
2.443163700362821089e+02
2.443856421354900021e+02
2.906112737920719837e+02
2.937492099224307935e+02
2.864958813527584311e+02
2.830436718026159610e+02
2.839989370494868695e+02
2.331677603728313670e+02
2.010192088767392704e+02
1.984180565454384180e+02
1.998061974425553728e+02
2.134304599848453847e+02
1.977590719653100564e+02
1.810520510686538387e+02
1.956215329040336428e+02
2.068622054872108720e+02
2.107762290320734735e+02
2.359885742308417491e+02
2.473220594317891141e+02
2.636828697720138734e+02
2.788156747171870506e+02
2.732425694023311848e+02
2.460370769854409048e+02
2.172309792459408015e+02
1.838124392643679528e+02
1.778160544342212859e+02
1.891820765302512939e+02
1.817099860715214845e+02
1.778478416312605077e+02
1.757320438132420009e+02
1.926999596289933834e+02
2.063486623274976353e+02
2.280981522639075365e+02
2.503007596977344917e+02
2.260000473197127064e+02
2.147020978060214986e+02
1.860309457143291070e+02
1.841151673342835124e+02
1.785458105096445536e+02
1.650819833486371238e+02
1.587578305339261249e+02
1.644651317985464800e+02
2.126035430430005420e+02
2.284812479640731624e+02
1.990747920314367150e+02
1.548850403814492438e+02
1.467253268773341119e+02
1.583994748691919767e+02
1.956236320585550743e+02
2.294000778860359731e+02
2.403213791027347099e+02
2.204650266654603286e+02
2.289559567651394616e+02
2.144398534304481529e+02
1.805343095998976537e+02
1.960653541457127744e+02
2.489373588360491567e+02
2.573086371280052163e+02
2.584978081644098893e+02
2.862002004444504450e+02
2.729134519612887289e+02
2.729314447143298707e+02
2.762810955721382697e+02
2.772882399236107744e+02
2.771408492882829364e+02
2.716272699980711423e+02
2.509546463311679361e+02
2.130203751551181313e+02
2.164511433412200176e+02
2.298355025096294924e+02
1.804530423319956185e+02
1.662245231667436371e+02
1.635557480719302248e+02
1.640487495052549889e+02
1.888375153095151973e+02
2.257052660490568883e+02
2.449023340269854714e+02
2.291300366508116610e+02
2.212168238633587691e+02
2.325440116007416975e+02
2.415708258618267621e+02
2.426204031225546203e+02
2.373044442365770124e+02
2.195003152232428931e+02
2.202023324710611121e+02
2.057169667561480821e+02
1.858930012743477960e+02
1.641420119418509955e+02
1.552430961669661542e+02
1.631497116116372865e+02
1.548250645379791308e+02
1.569341150736072166e+02
2.026784405863411394e+02
1.813892652485647545e+02
1.492506097666452263e+02
1.467710584579800468e+02
1.431680096615102968e+02
1.393883320060208746e+02
1.418534891122530723e+02
1.707981310501693031e+02
2.355963322145468624e+02
2.370604924932620747e+02
2.003242387905288524e+02
2.138090574967507678e+02
2.429790586665061198e+02
1.883344679224091749e+02
2.315296701480526735e+02
2.734517351564333580e+02
2.746944346331351312e+02
2.690201200824232615e+02
2.726204699659368771e+02
2.714211030361424832e+02
2.730699889127458846e+02
2.741796919565524604e+02
2.761449504074608967e+02
2.423640063917196699e+02
1.987401268248732151e+02
1.810950837363436960e+02
1.665452439897002535e+02
1.511927775178176034e+02
1.593902758033189571e+02
1.683736075778882082e+02
1.747526382893743175e+02
2.189197490584517141e+02
2.044913603948355671e+02
1.680906715363176147e+02
1.522423547785453763e+02
1.812714127161459601e+02
1.970988878683122891e+02
1.626381176668367914e+02
1.449996719210889466e+02
1.310942726125325066e+02
1.252563739487558223e+02
1.300337497603713928e+02
1.450332583934322770e+02
2.224256369884998890e+02
2.054382290236205506e+02
2.258529565636021061e+02
2.149156118087751963e+02
1.848155352464062844e+02
2.278183649541192892e+02
2.767700486360286050e+02
2.944423807333370746e+02
2.959359291753526691e+02
2.968427639286215367e+02
3.016984082159656850e+02
3.008647439917305064e+02
2.965590781890076642e+02
2.785630264765690640e+02
2.203342793266954232e+02
1.903868412859580417e+02
2.329164615886914191e+02
2.780051011926879596e+02
2.801047055329694899e+02
2.515010262651809967e+02
2.151213289518778140e+02
1.902857819897110119e+02
2.130164767252926481e+02
2.436936708414530983e+02
2.236116592931222442e+02
2.135205736896593294e+02
2.611063075365357804e+02
2.471728695211571392e+02
2.422023714935675116e+02
1.537907811173362518e+02
1.589146673646006604e+02
2.205810799225751282e+02
2.650744592801302133e+02
2.445028949094742359e+02
2.363686711388338608e+02
2.680719019971601256e+02
2.143530383970251307e+02
1.735690150184906884e+02
2.339693375208100861e+02
2.577331161601653662e+02
2.322279389056540424e+02
1.757518358415871944e+02
1.601278287383933332e+02
1.609382523232837627e+02
1.917635867728155858e+02
2.727347239477476251e+02
3.064946764182743095e+02
2.999625573663305431e+02
2.837384919492178028e+02
2.899956217588508025e+02
2.809626599738101618e+02
2.178362854461632026e+02
1.958779296348685364e+02
2.040467894551128722e+02
2.530097186076729940e+02
2.237155674419343825e+02
1.662402668256546008e+02
1.659901675583839733e+02
2.141278291047946709e+02
1.807599687109541264e+02
1.601045880990486125e+02
1.591892067880853006e+02
1.564995900876660926e+02
1.807155865867862019e+02
2.242934346937693704e+02
2.610601261370637189e+02
2.599484738783443163e+02
2.469902430777904101e+02
2.410811230998931194e+02
2.301211374641560496e+02
2.447406991288333984e+02
2.313034112785614411e+02
2.329906816949857955e+02
1.921889654426276763e+02
1.684292351727067114e+02
1.622032928016781455e+02
1.640920820521621124e+02
1.636226211373994488e+02
1.865750765542121314e+02
2.024950644449313302e+02
2.081767260364681533e+02
1.749639031979979507e+02
1.994794790352515861e+02
2.321414237514483716e+02
2.363037472882773784e+02
2.338231464023515684e+02
2.630522237779251213e+02
2.642553391979364505e+02
2.259361730464170819e+02
2.538345363949963769e+02
2.617329051611902742e+02
2.779878581376902389e+02
2.800313850643271962e+02
2.834473092291702301e+02
1.961697121133508688e+02
2.289920922108302932e+02
2.721986898467330889e+02
2.968052790264525811e+02
3.076184737852964872e+02
2.986330428562058614e+02
3.006635250368881316e+02
2.850683063385598643e+02
2.697926089463189783e+02
2.845694572604968471e+02
2.880793935599792803e+02
2.871853036734477200e+02
2.534100573628361701e+02
2.099379166799693337e+02
1.914389675200333159e+02
2.426431939430732143e+02
2.440409309751452440e+02
2.720057175703678354e+02
2.706854993159809624e+02
2.108306571100226279e+02
2.480620114006021026e+02
2.776863295846439996e+02
2.559899182697051856e+02
2.331800554207428604e+02
2.212166739237501076e+02
1.856773881170724678e+02
1.888772493058141606e+02
2.037478098754141627e+02
2.441370422643062454e+02
2.006370128142256419e+02
1.805684958306756300e+02
1.764689969898815320e+02
1.725789637824070724e+02
1.698059806595641987e+02
1.648092432004565637e+02
1.687403598607081108e+02
2.047179191435440373e+02
2.492997628702175632e+02
2.481494261924599414e+02
2.415825211513035242e+02
2.107630343465100395e+02
1.823092946873970277e+02
1.715410818111559763e+02
1.722925791298370370e+02
1.716857735335277653e+02
1.862432602002134274e+02
2.012550638811857198e+02
2.074196809522659919e+02
1.874462256806161804e+02
1.901427396030345278e+02
2.190965278570800194e+02
2.282160047963264162e+02
2.006448096738768072e+02
1.944127197788925514e+02
2.420639772347602161e+02
2.571687434731111921e+02
2.292615336876199308e+02
2.153502867343251808e+02
2.179658332680587876e+02
2.236927766214157032e+02
2.118268558700619906e+02
1.846123670766511395e+02
1.814206026267779066e+02
2.274384179857357822e+02
2.525408574513449764e+02
2.718974611729041726e+02
2.765350932692343235e+02
2.838212586132066235e+02
2.583201297281294160e+02
2.449062324568110114e+02
2.912756561981127561e+02
2.921568512782980633e+02
2.720934322414429971e+02
2.187729581815585220e+02
2.217530079039820237e+02
2.368927100711544540e+02
2.219183912923510604e+02
2.650239296320066842e+02
2.940462402872167331e+02
2.947683494425974118e+02
2.942922911850530454e+02
2.851320306722469695e+02
2.786201534674743243e+02
2.708991632583434352e+02
2.456407865997118449e+02
2.620768666234916964e+02
2.818652964180359959e+02
2.922517630505896022e+02
2.856010417681836202e+02
2.903959605140140638e+02
2.802239075218665221e+02
2.716656545378920100e+02
2.659051247121919914e+02
2.612865349461636697e+02
2.504427525071501464e+02
2.407971374810617249e+02
2.772369605774438810e+02
2.848597403428925077e+02
2.542324761164209406e+02
1.989209539929357788e+02
2.033200321718632892e+02
2.001125240630791495e+02
2.082002665550300549e+02
2.374527345095569331e+02
2.873659809019017075e+02
2.928971031263284885e+02
3.079180531234298996e+02
3.159287266565218033e+02
3.133145295792661500e+02
3.122675012918858215e+02
3.051648620289321343e+02
2.999851982472405894e+02
2.605573786291752185e+02
2.388917049340147116e+02
2.748388264762894551e+02
2.912530153172027099e+02
2.963128773515626904e+02
2.876151805315203092e+02
2.798342144789191934e+02
2.853849787920822791e+02
2.767108224906018563e+02
2.843529444655695784e+02
2.982088637032631482e+02
2.955825215177048904e+02
2.917746552157843780e+02
2.703718256546320617e+02
2.654918911506824770e+02
2.781688352453613788e+02
2.881254250198425666e+02
2.964256319372865960e+02
2.988963368090397239e+02
3.020513660547875929e+02
2.980412312207640753e+02
2.886523128047279556e+02
2.949751161629608873e+02
2.752117262830651043e+02
2.715578479592545591e+02
2.574848161681989609e+02
2.538777190022948389e+02
2.605771706575203552e+02
2.686773581369914154e+02
2.859139657314891565e+02
2.703757240844576017e+02
2.587096728314681400e+02
2.310602092332899531e+02
2.235064016878322093e+02
2.183001985954049644e+02
2.141492704688352831e+02
2.211713921619302141e+02
2.261874718305570013e+02
2.411718365631414827e+02
2.377650587144278802e+02
2.546298160794106025e+02
2.663598915453043787e+02
2.493678354525561929e+02
2.139108664910413893e+02
2.397703510408526313e+02
2.283067182595749784e+02
2.261232976780439401e+02
2.432673925339889820e+02
2.909873223306298655e+02
2.888122983671845532e+02
2.529971236805441777e+02
