2.291585251764599320e+02
2.371946884430266209e+02
2.465897543830183736e+02
3.006656241914095631e+02
3.153357155042106115e+02
3.147582980712015228e+02
3.148689535024038832e+02
3.151388447980195906e+02
3.135991149565320484e+02
3.073818690828064746e+02
3.078412840437880504e+02
3.133881499271256530e+02
3.115070075966842182e+02
3.076585076608128020e+02
2.922621088835880983e+02
2.722718603757667211e+02
2.869373035606987514e+02
2.978506579781376331e+02
2.927294706438293019e+02
2.897939529851824432e+02
2.918376298514281757e+02
2.881362206716671608e+02
2.790363858211572392e+02
2.503596859639438605e+02
2.214447320685454770e+02
2.287724306841209057e+02
2.389353373601393855e+02
2.574765694897217259e+02
2.909243476949861815e+02
2.914852717710408569e+02
2.557578117554756432e+02
2.364087050143502040e+02
2.441129019873094705e+02
2.698164493440983165e+02
2.846663182477011560e+02
2.752172740485861482e+02
2.527446253795347957e+02
2.331916007706108473e+02
2.107748795755954632e+02
2.179299977015854211e+02
2.359999696411010746e+02
2.482747757053124928e+02
2.564892171665943010e+02
2.518440880898304499e+02
2.561286124077299746e+02
2.418003834027089169e+02
2.849266134083616180e+02
3.108547702989462778e+02
3.095341022257334203e+02
3.007777790186987090e+02
3.141708346844113180e+02
3.144645663778065341e+02
3.110036603303611287e+02
3.084017583010167414e+02
3.088307355214370773e+02
2.985801141743432936e+02
2.696913997104630880e+02
2.090156381470069107e+02
2.096932152386110033e+02
2.207347680214674881e+02
2.192067334694563954e+02
2.162439268020305576e+02
2.200140083225647913e+02
2.486092909722673880e+02
2.686049373060011476e+02
2.821480825199977858e+02
2.962693948650468769e+02
3.051845041176686664e+02
3.046888037713879385e+02
3.031567208499427011e+02
3.124541761046866668e+02
3.121850345071143238e+02
3.099335413432444284e+02
3.056743568192111411e+02
3.035862978287976830e+02
2.923504233130979060e+02
2.819285709328970597e+02
2.798031769799232507e+02
2.729007070945513078e+02
2.715293594336062029e+02
2.554978164740325042e+02
2.304791932496728464e+02
2.077326049155715566e+02
2.203978537207737247e+02
2.138882256101313146e+02
2.134782907200128363e+02
2.011977869506716274e+02
2.055562314956481487e+02
2.149997279292420842e+02
2.053358202708953399e+02
2.059526718209858416e+02
2.171865971217727349e+02
2.529695347925479894e+02
2.705724448510397337e+02
3.053753772395124315e+02
3.079651341605539869e+02
3.050738486864662491e+02
3.072709137723869048e+02
3.095099619487364748e+02
3.001981124915596411e+02
2.921958355765535202e+02
2.896321681474216803e+02
2.778281724544509075e+02
2.655586142765430964e+02
2.538057479901306692e+02
2.384096490921234306e+02
2.263026254500196046e+02
2.311612685295372671e+02
2.381013732566867986e+02
2.367075346544402237e+02
2.464699526356867239e+02
2.417048718719825899e+02
2.392647546803991929e+02
2.694528457930604191e+02
2.783490626549892681e+02
2.842940181993602664e+02
2.834090746289579670e+02
2.555047136960315868e+02
2.245970624013369843e+02
2.269833512734059582e+02
2.325660527232171262e+02
2.184333449679087948e+02
2.231946772413960218e+02
2.178994100214156333e+02
2.288106652843330835e+02
2.187663608387768477e+02
2.255923615237242643e+02
2.497987618878892704e+02
2.657413906595184017e+02
2.593903986548544367e+02
2.446736761237555129e+02
2.006560551445274427e+02
1.925749099953582402e+02
1.991839480665523467e+02
2.104201224614693899e+02
2.099749517633120490e+02
2.108186619413285996e+02
2.044589734393615856e+02
2.091586805336832811e+02
2.102433436628410277e+02
1.963105054058970893e+02
2.019771730365664268e+02
2.110975496134647926e+02
2.081037054470431826e+02
2.078919907195935934e+02
1.948554914433110241e+02
2.058718543719098193e+02
2.471974596169797564e+02
2.350214637548853602e+02
2.162077913563397544e+02
1.810907354876919442e+02
1.871847310030862559e+02
2.098611476003275129e+02
2.565593889034543622e+02
2.661615214430267997e+02
2.367463690130871043e+02
2.622094132375606819e+02
2.752093272493264067e+02
2.761115138747262563e+02
2.475796556794933849e+02
2.328659319405679753e+02
2.214658735533687093e+02
2.303607409588193491e+02
2.732065838962490716e+02
2.954526738165919824e+02
2.802411505768641291e+02
2.987341021524530902e+02
3.067338300941115676e+02
2.969061883830913757e+02
2.859995812480427162e+02
2.726288665840228305e+02
2.838029659809481586e+02
2.441637315146504932e+02
2.232456567083456775e+02
2.099986422214828110e+02
2.422271115289990178e+02
2.752845969328815272e+02
2.824176739363962838e+02
2.735610411311577082e+02
2.655478186247183885e+02
2.452920270699328569e+02
2.150301656698031820e+02
2.016778935776502522e+02
1.841902870782299431e+02
1.816464116774430693e+02
1.876330504330257725e+02
1.972173401591658148e+02
1.761538239324458743e+02
2.048323230649633899e+02
2.179961210690111955e+02
1.932842742840015262e+02
1.991173748803004173e+02
1.777593772621420669e+02
1.858937509723910466e+02
2.652689309525821386e+02
2.371670995550303758e+02
1.555572196471411530e+02
1.840938759098515902e+02
2.673596888559519584e+02
2.911422099463915742e+02
2.808029742905708872e+02
2.227433590192830763e+02
2.479296147261419208e+02
2.201093699136823432e+02
1.686808338360639823e+02
1.588567906756518937e+02
1.802194364216793190e+02
1.973878214942297973e+02
1.893060765866258350e+02
2.092633383805387268e+02
2.285164837721118545e+02
2.506501189859482395e+02
2.662915190837483692e+02
2.566791906507859267e+02
2.270862098449573523e+02
2.325678519985212915e+02
2.315873968973927788e+02
2.242231130173005056e+02
2.277711339773865689e+02
2.154847825633070499e+02
1.783321465672821091e+02
1.750253784375549060e+02
1.704061889130917677e+02
1.663548206866825865e+02
1.575656607053480229e+02
1.502153212088627185e+02
1.462042867371870898e+02
1.457759092752014283e+02
1.527740406309083312e+02
1.516341997257579521e+02
1.457091861493409795e+02
1.388163123989241967e+02
1.439569918823602279e+02
1.457760592148101750e+02
1.564931426844929376e+02
2.170825390333520772e+02
2.235227451051777052e+02
1.987069901713559830e+02
1.520798202427412491e+02
1.676628938327667413e+02
2.040097543717700432e+02
2.076586846884945601e+02
1.770383176840221040e+02
1.742639851047012201e+02
2.561445060062495145e+02
2.912416199069433560e+02
3.081366650728785430e+02
2.453301117305363732e+02
2.045012564090080787e+02
1.846221131512150464e+02
1.661891374190962836e+02
1.468119919711485295e+02
1.811280704502522099e+02
2.254496190162653306e+02
2.397451611865951691e+02
2.209560788838722374e+02
2.267617405317837154e+02
2.367507172617387141e+02
2.311902068740116931e+02
1.998943619324563485e+02
1.945707561264363790e+02
2.160758445007054718e+02
2.060234433162807193e+02
1.824868231840686406e+02
2.130064307715113046e+02
2.754099464457341924e+02
2.788389153565317997e+02
2.835546659889817533e+02
2.772117707231864188e+02
2.765826241251843385e+02
2.770171491111257183e+02
2.739405382807152023e+02
2.656418307593579584e+02
2.321208820250597853e+02
2.370126617580947368e+02
2.440799152734008999e+02
2.021914367373634889e+02
1.790176704581460001e+02
1.749529576065646381e+02
1.885224921916882010e+02
1.847194239572453398e+02
1.991527606279479130e+02
1.960890446038835648e+02
2.063200238622405891e+02
2.101487317697668971e+02
1.930689610059435779e+02
2.253718003593627941e+02
2.162230851964245630e+02
2.234368297094067088e+02
2.543120940486274151e+02
2.615781674850373406e+02
2.404399813331968971e+02
2.272190563382437460e+02
1.820241095516963981e+02
1.866815336763716289e+02
1.844714238444962575e+02
1.671114159520586497e+02
1.709671129891465000e+02
1.744788485639330133e+02
1.531724301711588794e+02
1.496010186321195761e+02
1.459901729759986040e+02
1.479266430220414463e+02
1.451953431104103629e+02
1.496899328200641150e+02
1.918076690177661874e+02
2.591908290357075657e+02
2.333539853668062278e+02
2.306505742223889683e+02
2.259625624175439214e+02
1.796438182639744809e+02
1.919919447968282213e+02
2.593386694898615019e+02
2.687361344635920659e+02
2.679712925197388813e+02
2.486896586025173974e+02
2.271467854468621681e+02
2.290708105053847135e+02
2.413231256282950596e+02
2.434668122135271631e+02
2.626811232464535237e+02
2.488958255644459712e+02
2.207410654850317542e+02
1.942082021526593394e+02
1.756467281759056789e+02
1.847776005254114011e+02
2.501901042665320460e+02
2.903887634127978004e+02
3.017370926350038758e+02
2.690502579437671216e+02
2.106723208832614489e+02
2.067496008410956563e+02
2.603570593119848695e+02
2.254907024690423611e+02
2.893070990758134258e+02
3.103896576328350534e+02
3.055175199885367761e+02
2.890489030696743953e+02
2.371401104254688619e+02
2.903034477754615068e+02
2.804999463414377487e+02
2.880206172333784593e+02
2.862910638473078393e+02
2.692937598682559610e+02
2.336532648257223173e+02
2.429582170609002105e+02
2.642605870842402283e+02
2.594971556562314277e+02
2.484648991291129789e+02
2.135136764676601331e+02
2.286377849155303750e+02
2.597408075203289854e+02
2.412573021400865230e+02
2.273565509593989873e+02
2.195482958980190062e+02
2.167301809529648722e+02
1.899302751775414322e+02
2.207290703163377259e+02
2.986345422522925901e+02
3.105048112522978840e+02
3.003766905654920265e+02
2.491378280928481104e+02
1.830948282972474033e+02
2.098915853408886392e+02
2.640584684917457139e+02
2.049935081442893363e+02
2.148575851802178249e+02
2.767785951937232198e+02
2.982536956462571425e+02
3.081140241919686105e+02
2.987625906781013896e+02
3.070427056879828456e+02
3.090105131122387547e+02
2.636017524437203861e+02
1.721168499084694758e+02
1.957741714256651449e+02
2.925475938985061362e+02
3.058236966694519197e+02
2.860982415105511905e+02
2.752700527908398840e+02
3.061190776985424691e+02
2.901875444579553687e+02
2.560402979782201101e+02
2.455584697545490371e+02
2.511399716874906858e+02
2.612256594650414172e+02
1.911219951872935781e+02
1.893164224196244447e+02
2.483884299286885096e+02
2.343411877503251333e+02
1.697097194307945927e+02
1.626397670025322384e+02
1.622355298175433518e+02
1.620668477577834778e+02
1.588833299863874799e+02
1.891549374610809764e+02
2.197117300714751309e+02
2.103112663055710811e+02
1.381082975667589494e+02
1.439905783547035014e+02
1.760950476058451670e+02
2.197631593572507995e+02
2.349505423199818779e+02
2.761770374837174131e+02
2.867446311635508209e+02
2.827574370896546156e+02
2.785868668743484591e+02
2.507961601647981240e+02
1.943488455055968416e+02
1.838167875130194204e+02
2.304081218751608162e+02
2.689084150739602137e+02
2.851486739688098169e+02
2.491942053857100348e+02
2.626332925112860721e+02
2.456989631678778494e+02
1.671587968684000316e+02
1.835654887288795294e+02
2.375500453155872833e+02
2.270302823709213840e+02
2.178944620143293776e+02
2.271004541077814167e+02
2.236521429874646003e+02
2.237280124294543668e+02
2.449191272631571223e+02
2.286947619668269738e+02
1.765300224106125313e+02
1.526076076652786924e+02
1.531040577096029551e+02
1.613991666803520104e+02
1.612589731462404643e+02
1.556120975439162919e+02
1.949592496525143588e+02
2.512215388346101292e+02
2.803518060080666032e+02
2.477048552527373602e+02
2.381226646811187209e+02
2.729088038334198245e+02
2.693017066675156457e+02
2.906538566409358850e+02
2.906492085130669238e+02
2.802356028113431421e+02
2.602306602218714033e+02
2.494027713813776188e+02
2.688072058381042098e+02
2.971322973129737761e+02
2.962235133447921953e+02
2.723010985994583280e+02
2.503133546248632229e+02
2.867540773588972911e+02
3.050709998339013396e+02
3.063955663369399645e+02
3.069927757982940193e+02
2.960621783258574737e+02
2.834366635169542405e+02
2.356032294365459450e+02
1.913680460851299472e+02
1.870061529291539273e+02
2.227510059393254096e+02
2.475930003046654519e+02
2.084155798330879747e+02
2.803988870451906337e+02
2.935652340225860257e+02
3.039794394827445103e+02
2.986300440640322336e+02
2.190250066637417774e+02
2.357887047324774130e+02
2.938846053890646317e+02
3.031642178303763444e+02
3.079047084982578326e+02
3.017487879244806095e+02
2.859608968290045823e+02
2.709559903700313725e+02
2.749000018366291442e+02
2.976032576238231400e+02
2.945509370100180035e+02
2.818203145354333969e+02
2.609958020449419678e+02
2.473390026075693697e+02
1.863581139404587930e+02
1.819738797827901919e+02
1.778940230307325407e+02
2.034023490170260402e+02
2.068658040378190890e+02
1.593343483292829887e+02
1.522459533291535934e+02
1.604918821082571014e+02
1.516748333597090550e+02
1.430907907630424063e+02
1.471441082043644712e+02
1.401695173672196688e+02
1.589735936308100008e+02
1.995166640582030766e+02
1.657738047030653377e+02
1.321086140652216159e+02
1.319036466201623341e+02
1.551999135596676354e+02
2.315377668869211902e+02
1.980315122342732934e+02
2.186856933293093732e+02
2.598132283513190828e+02
2.701769041633540951e+02
2.567295703593009080e+02
2.284055284616921426e+02
2.202122284852336520e+02
1.763667381767649260e+02
1.559584580399564402e+02
1.698160266133454570e+02
2.071901234113839223e+02
2.260390316179683339e+02
2.381528025424624673e+02
2.504174127132841647e+02
2.527818104024863146e+02
2.238440656865691381e+02
1.913373084653514695e+02
1.850359464711591215e+02
1.877799912495276260e+02
1.920759109776864193e+02
2.420689252418464150e+02
2.856784106062601154e+02
3.015070852752958785e+02
2.370742869372602399e+02
2.430355858989767626e+02
2.733632707873148888e+02
2.504556473134962289e+02
2.002164322118912025e+02
2.197947966146813314e+02
2.745004127795090767e+02
2.824782495383010996e+02
1.988653263981171904e+02
2.116388316007830781e+02
2.039194907273475224e+02
2.661441284484205880e+02
2.737124801359199182e+02
2.462493914713252252e+02
2.554271949183464585e+02
2.940379936087395549e+02
3.151457420200187585e+02
3.016091941488038515e+02
2.695530054516557357e+02
2.497345877353762944e+02
2.917379200116589573e+02
3.031051416245582573e+02
3.050122235073006891e+02
2.882054927708751961e+02
2.379923671611796863e+02
2.256388428024135919e+02
2.633844899507497530e+02
2.868536372590578480e+02
2.685317667769675154e+02
2.192658096752745394e+02
2.647188025283522848e+02
2.663045638297031701e+02
2.263266157874077464e+02
2.007343236202560490e+02
2.013466769820863931e+02
2.100925044165136626e+02
1.635235110560650185e+02
1.714169318151726884e+02
2.317997113832771277e+02
2.112623332433990413e+02
1.879434254229838075e+02
2.562311711000637615e+02
2.964844082638873601e+02
3.087118334117574250e+02
3.124754675291186459e+02
3.137549022099457829e+02
3.140790716439019548e+02
3.066426668120369641e+02
2.968067784225394803e+02
2.510606536345014490e+02
2.155021755579133753e+02
1.662701048077809673e+02
1.644876227398478363e+02
1.733214647245675337e+02
1.900103429285741470e+02
2.403930502356815850e+02
2.722769583224617804e+02
2.672308907320999083e+02
2.552799542226271114e+02
2.662627306788827468e+02
2.733875610039203252e+02
2.703715257754147387e+02
2.458415557357282921e+02
2.681398246398900369e+02
2.767439591441191737e+02
2.682600762060476427e+02
2.670277225623445929e+02
2.546439104026261475e+02
2.930437440636129622e+02
2.898662238765640495e+02
2.323444419815948550e+02
2.005588942781058677e+02
2.271235448075174759e+02
2.728009972547821462e+02
2.370297548734836823e+02
2.207098780464272636e+02
2.169469936271095776e+02
2.107477405064251741e+02
1.922149049949285882e+02
1.762341915626958837e+02
1.809986725679653148e+02
1.783349954198469334e+02
1.799595910798448131e+02
2.457628374411737013e+02
2.766160606579189789e+02
2.602687448824750618e+02
2.245642256270370183e+02
1.859931609329428568e+02
1.870448373481921749e+02
1.825823347147948823e+02
2.503772288981589611e+02
2.760214001699123969e+02
2.499629457593888162e+02
2.052743450313383846e+02
1.917219035616037957e+02
1.801198765215189042e+02
2.237675964861446687e+02
2.638451044286005072e+02
2.711567595060478766e+02
2.799033366385183967e+02
2.529870777267629762e+02
2.263741466433578466e+02
2.234023435994114379e+02
2.906184708932885883e+02
2.980911611104529015e+02
2.701356707709683178e+02
2.476474283826146063e+02
2.623644507929310521e+02
2.781240033023675551e+02
2.773413185450819469e+02
2.436704302021084061e+02
2.321481710338387074e+02
2.424581684659677876e+02
2.497210931705954806e+02
1.985545015893331140e+02
1.788231987856939611e+02
1.791040356727429810e+02
2.061375473584826068e+02
2.524649880093552952e+02
2.534505410571785831e+02
2.633595999757096138e+02
2.468382043145934404e+02
2.378203864300291173e+02
2.666996546985628243e+02
3.007579869903534586e+02
3.080285586150237123e+02
3.096147697352006958e+02
2.762212696682766477e+02
2.585026062318875120e+02
2.395898237520073906e+02
2.226677894565106328e+02
2.109012786657087872e+02
2.134324091997581547e+02
2.422845383991217432e+02
2.830447213798765915e+02
2.922402177007216437e+02
2.784603178446263883e+02
2.615706705046035268e+02
2.879903294324259946e+02
3.011920621574689108e+02
3.058377909926674079e+02
3.035153763938942006e+02
3.032816205439692112e+02
3.058244463674953408e+02
3.032499832865386793e+02
3.047246393378612765e+02
3.050844943986822386e+02
3.020753563921756495e+02
2.754729210813778764e+02
2.327071458949806697e+02
2.437911315870920532e+02
2.216009691407851960e+02
2.157899096669614494e+02
2.226952284048982733e+02
2.264474671120000551e+02
2.332394315057782137e+02
2.119642005516086556e+02
2.053679073471518279e+02
2.064623165508735667e+02
2.251993698093860985e+02
2.258887921300756432e+02
2.244325786506200302e+02
2.302226465792292345e+02
2.280018910351378452e+02
2.343386387769776320e+02
2.191151203685557789e+02
2.518442380294390546e+02
2.985054442492229896e+02
3.016972086990961657e+02
2.792732904028644612e+02
2.567772511548597549e+02
2.241964237669562863e+02
2.450648685627896555e+02
2.272136585123313637e+02
2.254269781353552844e+02
2.166475642285848267e+02
2.195307529638039057e+02
2.191029752602530607e+02
2.080809146265245886e+02
2.036323563767340943e+02
2.183978092806526945e+02
2.560704358395638565e+02
2.717343268786653425e+02
2.673289512361735092e+02
2.652870736452318852e+02
2.445024450906482230e+02
2.689166617524372782e+02
2.341257245326586371e+02
2.290805565799487624e+02
2.690295662777699022e+02
2.905889327903793742e+02
2.624721074319600689e+02
2.547332744093966994e+02
2.452561915034594051e+02
2.630561222077507182e+02
2.525227147586953720e+02
2.907055858059287630e+02
3.011479799125182240e+02
2.977680412537575307e+02
2.671092897094640080e+02
2.665440173847578080e+02
2.676465233273480067e+02
2.852288916594512784e+02
2.928863074745038944e+02
2.885343103327004428e+02
2.870064257202981253e+02
2.617552461628828837e+02
2.295563149582758342e+02
2.362548669758492395e+02
