2.343158479564589527e+02
2.429129352990802886e+02
2.392416639806630769e+02
2.315293702688353505e+02
2.134643463364060949e+02
2.170054700744928766e+02
2.323901735622407898e+02
2.236971248700673129e+02
2.380542922195626261e+02
2.404585738446727419e+02
2.591407492064100211e+02
2.674163660280312911e+02
2.540197118117104935e+02
2.662730765118812428e+02
2.491688655918439679e+02
2.206553000288694193e+02
2.173983118492223809e+02
2.322729207882566982e+02
2.675525111927084367e+02
2.866251292954364658e+02
2.291823655742393839e+02
2.256177013175903880e+02
2.703054024079888222e+02
3.032400872723661678e+02
3.127167203594773923e+02
2.996811207208468772e+02
3.105689854048110305e+02
3.024972864509882129e+02
3.083486796795456257e+02
3.035458141344552701e+02
2.995994036341188007e+02
3.001012515043553321e+02
3.058296942537990617e+02
3.044279088522926600e+02
3.041092871838574183e+02
2.846627196970929958e+02
2.935746802179326096e+02
2.818613979882105696e+02
2.609055384005194469e+02
2.422887367081646630e+02
2.578185817371103781e+02
2.638939847410287598e+02
2.570742815196455808e+02
2.468807871634573701e+02
2.386898862207377476e+02
2.429894044995047295e+02
2.203518222609103816e+02
2.202114787871902877e+02
2.416976747707661559e+02
2.617018676621944451e+02
2.973039781649072211e+02
3.115041587441193656e+02
3.088769169209090251e+02
3.008205118071711581e+02
2.892850579533381392e+02
2.963125774723454242e+02
3.018550951070313886e+02
2.674061701346413429e+02
2.792698417918647920e+02
3.018958786805911814e+02
3.050246684948206166e+02
2.689613437558225542e+02
2.415148983877909359e+02
2.683462914810360189e+02
3.038854273481050541e+02
3.063315421240354226e+02
3.018988774727646387e+02
2.982707887616459743e+02
3.072179850905243370e+02
3.071269717480584518e+02
3.012712302708495145e+02
2.770693280949447512e+02
3.084728296755289421e+02
2.983567041574170844e+02
2.960141976510813606e+02
2.757338160004729275e+02
2.822773304626760478e+02
2.866270785103492926e+02
2.713236422905035283e+02
2.708720241891732030e+02
2.688875734683542760e+02
2.641142460261729639e+02
2.825301286429026959e+02
3.017558350860883252e+02
2.985721673750837226e+02
2.897159843886712451e+02
2.667570815686855212e+02
2.677898655932416432e+02
2.818477534838211227e+02
3.022654798159760503e+02
3.144549702428512319e+02
3.140261429620395006e+02
3.128906503055408734e+02
3.124022970000849568e+02
3.104015028619205054e+02
2.882324819004368806e+02
2.454969945149920250e+02
2.455434757936814947e+02
2.569808691434408843e+02
2.859358569143557247e+02
2.898770195283885869e+02
2.842548839614958069e+02
2.863606358257330839e+02
2.890240130946343129e+02
3.025302731648968688e+02
2.933761601760464259e+02
2.409113914628723592e+02
2.688946206299619348e+02
2.987900296264888880e+02
2.824840971830392959e+02
2.912419197861606222e+02
2.438509574909535615e+02
2.502673231649998797e+02
2.474072251295166325e+02
2.548215888389064219e+02
2.922598597894580621e+02
2.929945638719675571e+02
2.866563167340410700e+02
2.700490056771539571e+02
2.390474921874285599e+02
2.293300560887846018e+02
2.288542977104576153e+02
2.312362383338749794e+02
2.250932125664439525e+02
2.115244276793637539e+02
2.154353024924442082e+02
2.345277126235172886e+02
2.173137459099295086e+02
2.378923574421933438e+02
2.977926313495801764e+02
2.958236244084549753e+02
3.019449089326280387e+02
3.002387461255106018e+02
2.995688159539489561e+02
2.890372077801976047e+02
2.845375201238489353e+02
2.831090454719984564e+02
2.980895117747573977e+02
3.127359126293877694e+02
2.795842651512572274e+02
2.830501192057890307e+02
2.869293567614389531e+02
3.111531501202103982e+02
3.068194456106652979e+02
2.810068921583693395e+02
2.463843371191331357e+02
2.505700512349154678e+02
3.008941321550308317e+02
3.049988788821285084e+02
3.062030438794006955e+02
3.036966533807827204e+02
2.920749842519611548e+02
2.901038781563144084e+02
2.750796294878221602e+02
2.773582617208622310e+02
2.758200312754612469e+02
2.796022579042981988e+02
2.938870044228034999e+02
3.070866379933248140e+02
3.049083153584884940e+02
2.972165633730494392e+02
2.438508075513449569e+02
2.162514237824643146e+02
2.057093198361057205e+02
1.708255699985569436e+02
1.797843116773033501e+02
2.019089505146190504e+02
2.589428289229584266e+02
2.493804303796849240e+02
2.451437367969528225e+02
2.666083414768795592e+02
2.814000338123161669e+02
2.707058911027608588e+02
2.490445656562519900e+02
2.622388014008610071e+02
2.731452585963008346e+02
2.866335259135223623e+02
2.992524433796439780e+02
3.006312880210229537e+02
2.980928104461484622e+02
2.927873473327780971e+02
2.856926548690843788e+02
2.797265578398901198e+02
2.657340436186933630e+02
2.812398983102509078e+02
2.820398261225341798e+02
2.832463901535451782e+02
2.775392388285334846e+02
2.697300841295012788e+02
2.584768166191953469e+02
2.537999003453922739e+02
2.602032212734839050e+02
2.714576883006592993e+02
2.678451933088429655e+02
2.500713520964611121e+02
2.322361855841311922e+02
2.320027296134235542e+02
2.478480475790223636e+02
2.550420000636592022e+02
2.564713743531619343e+02
2.337610714043600240e+02
1.841196655225438406e+02
1.688274747733485697e+02
1.867677489513600051e+02
2.050995154476228208e+02
1.922252508279271410e+02
1.886605865712781736e+02
1.879905064601078095e+02
2.049555734232945383e+02
2.121151897375447106e+02
2.230649794798918037e+02
2.453190161994943708e+02
2.735809830991116200e+02
2.771579424036718819e+02
2.645795086318926792e+02
2.465111860280725296e+02
1.953793804360228989e+02
2.031574976360590767e+02
2.323897237434147200e+02
2.557996449062960664e+02
2.319968819686851873e+02
2.078296158423844986e+02
1.984152076928736221e+02
2.522261342127352748e+02
2.991774735753061805e+02
3.027515840273015328e+02
3.008071671819992616e+02
3.035870475268410473e+02
2.939022982628883369e+02
2.583673607048623353e+02
2.442006166583845754e+02
2.069920531883237516e+02
1.872367600472966842e+02
1.878687554978633898e+02
2.528647270060837968e+02
2.552211778960264041e+02
1.970823945113579327e+02
2.224883117449262500e+02
2.724027576541402027e+02
2.770873208479858931e+02
2.864182126354644993e+02
2.783246224987751702e+02
2.351556597046499633e+02
2.352912051108924345e+02
2.411863807051829838e+02
2.568787602699329113e+02
2.674015220067723817e+02
2.812135089391239831e+02
3.025154291436379594e+02
3.092607623191179869e+02
2.970319877147697980e+02
2.983838432265873735e+02
3.043180031191336070e+02
3.059620909282593288e+02
3.022818232333216883e+02
2.974314268322812609e+02
2.761268077148112070e+02
2.747993923592079000e+02
2.780428859740740108e+02
2.932956426061876414e+02
2.812184569462103809e+02
2.465516697224148572e+02
2.775465858693585801e+02
2.439514170287661727e+02
2.443668996844056949e+02
2.541249694170006137e+02
2.817417461804874961e+02
2.567748521211208299e+02
2.541113249126111100e+02
2.512804651008196117e+02
2.321688626998360121e+02
2.035366949063992195e+02
2.008352329768945594e+02
2.034708714181906828e+02
2.019330907916157685e+02
2.037178219536791346e+02
2.087482958247387899e+02
1.800928873919573618e+02
1.677716000490564738e+02
1.798390396344698274e+02
1.782900135372442207e+02
1.803920169112646761e+02
2.269065821937641090e+02
2.648525486592905622e+02
2.796689810301588182e+02
2.727764071589594437e+02
2.750283501416551530e+02
2.781085595226738860e+02
2.763220290853066103e+02
2.687206906838985105e+02
2.681936529594044600e+02
2.741919870044638401e+02
2.753057384177047311e+02
2.689991285372087759e+02
2.360349055699223584e+02
2.433365146935882706e+02
2.444876010693893420e+02
2.463828377230463502e+02
2.639740524920613325e+02
2.822022107187295319e+02
2.607005709554601935e+02
2.843727364939147151e+02
2.919280434354594149e+02
2.685617546987026003e+02
3.022471871837175854e+02
2.451968154184239950e+02
2.898017498448335800e+02
2.937075267112189749e+02
2.684440521058924674e+02
2.136253814761233514e+02
2.242345084275598310e+02
2.281662248462461946e+02
2.162644685284191439e+02
2.267142096758335867e+02
2.065836176942920019e+02
1.910570713367370672e+02
1.924645544433730606e+02
2.044219383560187850e+02
2.212756001899596185e+02
2.332397313849956788e+02
2.373005458067514439e+02
2.259429203288073325e+02
2.526608091382852876e+02
2.864444520669826488e+02
2.331110832007521196e+02
2.559960657936608754e+02
2.703578812710252350e+02
2.533532302511482897e+02
2.288106652843330551e+02
2.287475407090807380e+02
2.648784882115915025e+02
2.888899670844783145e+02
2.713347378215454455e+02
2.202344195473176285e+02
2.559834708665320875e+02
2.701938473391343223e+02
3.081533083694416746e+02
2.734640302043446809e+02
2.343735747057990295e+02
2.527105890883655093e+02
2.671943054675829785e+02
2.531646062234346175e+02
2.262439990630276441e+02
2.539717311369342667e+02
2.463167143556204621e+02
1.760061334179005996e+02
1.563232611078637149e+02
1.474813223842754155e+02
1.534983988804192450e+02
1.576710682502469183e+02
1.897782364143446046e+02
1.900133417207477180e+02
1.776248814331602546e+02
1.651831925844930140e+02
1.662140273941363091e+02
2.394526290100694155e+02
2.785520808851357515e+02
1.793322437571469834e+02
1.474897190023612836e+02
1.436352214821428390e+02
1.414245118918327648e+02
1.586360795716817336e+02
1.884136360357897502e+02
2.239418263114255296e+02
2.778661071754457907e+02
2.877199883179843596e+02
2.715493014015599442e+02
2.672625279895302697e+02
2.870212697415569210e+02
2.989680079419866843e+02
2.989279740664703695e+02
2.805588726076474018e+02
2.701062826076678789e+02
2.613285180365926976e+02
2.953250752096093379e+02
3.038888759591046664e+02
3.072982027811657986e+02
2.927507620682612810e+02
2.169580891581514663e+02
2.160849908168345337e+02
1.694783626146084998e+02
1.847729523975424399e+02
2.600366383682455194e+02
2.796102047035579972e+02
2.760830253490779000e+02
2.918610204303815294e+02
3.006434331293255013e+02
3.055398609902294425e+02
2.900248599825425799e+02
2.932503608443676626e+02
2.830541675752233459e+02
3.078981111554760446e+02
3.123174311815747046e+02
3.002132563920358734e+02
2.790947123289320189e+02
2.621914204845196537e+02
2.925924258414999599e+02
3.022278449741985469e+02
3.012929715141073075e+02
3.000849080870096941e+02
2.903008988021139203e+02
2.926494028927966724e+02
2.979197801377370070e+02
2.888229440794004859e+02
2.883344408343360215e+02
2.957059218156445581e+02
2.924367885276950005e+02
2.781574398351021387e+02
2.835023370655540589e+02
2.486094409118759643e+02
2.627180083901876628e+02
2.607301090583692371e+02
2.545194605274254798e+02
2.330406115846747355e+02
2.233512141928530639e+02
2.017868996731573077e+02
1.926026488229631184e+02
1.984765329928219444e+02
1.854890639685762608e+02
1.678476194306549019e+02
1.514395781136972801e+02
1.460715901835093860e+02
1.438826218364572753e+02
1.425043769535130025e+02
1.533267180284858853e+02
1.578039147435332836e+02
1.498884528619502703e+02
1.369696561784779760e+02
1.249170606143234181e+02
1.329535237601074300e+02
1.380270302988568858e+02
1.314259390269224923e+02
1.350325863740005445e+02
1.356091041693574368e+02
1.302250727010411993e+02
1.223030134766764832e+02
1.214011267304940134e+02
1.213552452102393318e+02
1.189746540433000348e+02
1.198248116244895414e+02
1.220185780390192747e+02
1.286385617016467791e+02
1.302808502354685061e+02
1.502811446970711984e+02
2.081061044807819371e+02
2.305583613630535353e+02
2.320427634889399258e+02
2.229720169225129780e+02
2.161355204649582049e+02
1.696065609800259324e+02
1.396412801258562411e+02
1.392180006105655821e+02
1.293399791910303804e+02
1.260907878710344363e+02
1.265464543417989489e+02
1.272859564917860808e+02
1.288274856085778026e+02
1.252082433343710761e+02
1.359908504130449671e+02
2.217171723375086003e+02
2.379922172215709963e+02
1.919087283140133593e+02
2.218827056654862417e+02
2.754592765769883158e+02
2.765208490064101738e+02
2.473108139611383081e+02
2.411757349929670511e+02
2.458180152171661632e+02
2.728275365655176756e+02
2.886035824319083645e+02
2.908403815141280120e+02
2.080840633583066506e+02
1.762427381203903565e+02
1.961629648309604192e+02
2.070320870638400379e+02
2.330119731194178030e+02
2.070865151417893060e+02
2.006281663773137325e+02
2.083873911866570268e+02
2.141545183551388618e+02
2.509709897485135741e+02
2.553909095330469654e+02
2.307949660655432922e+02
2.198775632786701522e+02
2.273970346537413718e+02
2.629709565100230861e+02
2.661942082777180758e+02
2.243950937484512451e+02
1.803219951140133048e+02
1.727728356964243233e+02
2.115517166881426476e+02
2.279297700833651845e+02
2.559987647066170666e+02
2.541713007560812230e+02
2.000123644044839750e+02
2.237677464257532733e+02
2.204971137417168165e+02
1.704820583550816195e+02
1.664828691124914144e+02
2.184114537850421414e+02
2.341752046035214505e+02
2.085239861701602990e+02
1.974797344743477368e+02
1.882029708856009336e+02
1.611286756263015434e+02
1.715004481772049019e+02
2.029072484291799583e+02
2.267358009794829456e+02
2.243462134360230209e+02
2.421603884031384268e+02
2.331664109163533567e+02
2.678970724134445049e+02
2.557717561390824415e+02
2.444882008278240448e+02
2.743150874231863554e+02
2.711288707388341095e+02
2.498798792161826157e+02
2.675763515904880023e+02
2.298944287758388327e+02
2.420624778386734022e+02
2.613782979866729193e+02
2.440581740301429647e+02
2.369447391153647970e+02
2.540213611474059121e+02
2.780502330148991064e+02
3.033607886573498149e+02
2.879781843241233901e+02
2.339264547927289470e+02
1.966510182571989276e+02
1.739443138590052058e+02
1.841157670927182437e+02
2.438518571286056726e+02
2.692616727919994446e+02
2.582363134868799648e+02
2.456901167309660252e+02
2.491172863664595809e+02
2.394097462819882480e+02
2.046008163091685503e+02
2.261337934506510976e+02
1.999201515451485704e+02
1.817228808778675386e+02
1.795730467686796885e+02
2.090552222036972694e+02
2.183934610320010563e+02
2.267464466916988215e+02
2.756925826080871502e+02
2.902931019424627834e+02
2.829105254301121590e+02
2.471971597377624903e+02
2.234686169064459591e+02
2.406801845862950415e+02
2.471424317805959561e+02
2.789236312354333904e+02
2.689539967149974586e+02
2.563656669290457444e+02
2.238906969048672693e+02
1.716460395372286882e+02
1.642625633872261233e+02
1.986149272516291830e+02
2.283704425932621120e+02
2.330460094105870894e+02
2.052493051166895555e+02
1.754504572281495882e+02
1.719129320406709098e+02
1.809220534279321555e+02
1.830386009439941972e+02
2.320007803985108410e+02
2.194715268183771286e+02
2.671703151301949219e+02
2.862699223624845786e+02
2.065540795913829015e+02
1.965511584778211045e+02
1.698954946059433837e+02
1.461724995401478964e+02
1.753384523404690469e+02
2.611395941296617025e+02
2.693501371611179138e+02
2.628892394232948959e+02
2.232081718061767504e+02
1.905214870545486292e+02
1.726426881160940923e+02
2.120790542918539643e+02
2.571552489083303499e+02
2.518890699724329636e+02
2.241162060763150237e+02
1.817483706113423807e+02
1.648270860138889304e+02
1.642022876645385736e+02
1.837280232646837135e+02
1.953676851465461084e+02
1.825021170241535913e+02
1.796837021998821626e+02
2.291828153930653116e+02
2.661909096063272386e+02
2.429360259988163193e+02
2.206076192333106576e+02
2.431429426587883711e+02
2.656485780417483511e+02
2.751067685569924492e+02
2.644708024156031456e+02
2.600246431995514627e+02
2.474280667351224565e+02
2.475598636511482198e+02
2.331791557830907777e+02
2.047681489124502434e+02
1.888916435082470002e+02
2.031425036751916480e+02
1.775637060728206222e+02
1.651989362434038924e+02
1.698532116362969475e+02
1.891820765302512370e+02
2.328735788606103085e+02
2.172393758640266412e+02
1.728233653445479092e+02
1.596807088253232223e+02
1.574687997181437424e+02
1.585387687656513549e+02
1.612102427734209869e+02
1.628877671152812638e+02
1.699346288438077579e+02
1.791325241983913372e+02
1.784936315258254353e+02
1.830531450860356699e+02
2.094185258755177301e+02
2.057492037720134022e+02
2.211938831032314567e+02
2.449530136147176904e+02
2.589804637647359300e+02
2.428360162798297779e+02
2.335850423037749977e+02
2.327696707117982271e+02
2.110242291448226695e+02
1.925126850577579489e+02
1.953450442656361190e+02
2.487968654227202023e+02
2.870659517449421969e+02
2.838416503999864062e+02
2.720228106857567809e+02
2.409623709298219865e+02
2.558189871158152471e+02
2.330343141211102989e+02
2.419953048939868836e+02
2.669827406797419940e+02
2.936150139726663042e+02
3.055619021127046722e+02
2.982190595966529827e+02
2.703515838074608837e+02
2.802291554081701292e+02
2.782880372342584110e+02
2.502661236481305309e+02
2.129460051092151218e+02
1.982714156081539443e+02
2.171131267135218081e+02
2.128437462960984874e+02
2.072481500399413505e+02
2.203998029356865516e+02
2.288752892556722429e+02
2.344873788687836793e+02
2.647053079635713857e+02
2.868489891311888869e+02
2.918640192225549299e+02
2.899638345618116091e+02
2.757186720999967520e+02
2.892573191257332041e+02
2.928437246256400499e+02
2.777929366464121586e+02
2.509925810521627909e+02
2.211941829824488082e+02
2.288712408862379277e+02
2.377623598014717174e+02
2.452184067220732118e+02
2.493424956586899555e+02
2.055422871120413504e+02
2.050662288544969272e+02
2.349202545190294984e+02
2.397639036376794763e+02
2.344569411282225531e+02
2.286718212066996330e+02
2.233846507255877611e+02
2.308179068256706330e+02
2.501607161032316924e+02
2.618363634911763711e+02
2.686437716646481704e+02
2.561750936864192454e+02
2.492375379326172151e+02
2.722496693136827730e+02
2.697743163140605702e+02
2.738493749986405419e+02
2.300463175994269989e+02
2.863062077477840148e+02
2.922079806848563521e+02
2.437098643191901033e+02
2.046556942059437745e+02
2.353507311355365346e+02
2.638169157821696444e+02
2.849624489748350697e+02
2.931167646530379329e+02
2.678829780902291304e+02
2.145758486555167792e+02
2.188093935064666482e+02
2.085788640669354663e+02
2.188422302807665005e+02
2.136034902932568116e+02
2.198184870728520650e+02
2.247804385427470208e+02
2.553309336895767103e+02
2.778977444328762090e+02
2.749637261703161357e+02
2.566474034537467901e+02
2.525889880657298079e+02
2.321840066003120739e+02
2.212974913728261583e+02
2.310997932899803118e+02
2.442599927434201277e+02
2.805147903626966581e+02
3.059835322922999694e+02
2.600511825102869921e+02
2.908318349564336245e+02
2.755259997028488783e+02
2.439793057959797977e+02
2.669698458733959114e+02
2.915563431455530576e+02
2.813611994536693715e+02
2.761427013133307469e+02
2.580286471288645203e+02
2.528861683701242953e+02
2.443391608568007030e+02
2.523889686277567534e+02
2.373764152487411536e+02
2.369146012540209938e+02
