2.678678341897528412e+02
2.978067256727956647e+02
2.695512061763516840e+02
2.429774093308106728e+02
2.530780910692288899e+02
2.604768610593164908e+02
2.370416001025690491e+02
2.418281222303137952e+02
2.316647657354692456e+02
2.359575367318459200e+02
2.319090173580014493e+02
2.435189911973463097e+02
2.262408503312453831e+02
2.283323579326585104e+02
2.195139597276322831e+02
2.353754711709679839e+02
2.275648170758491347e+02
2.826391347384097799e+02
2.920535428879205710e+02
2.829003295367223245e+02
2.918236854678212921e+02
2.734596819556932132e+02
2.487989645772417759e+02
2.368825141777644205e+02
2.431405436250495598e+02
2.409446780559983665e+02
2.431505895788308464e+02
2.532092882268199219e+02
2.464093770337819365e+02
2.430154939914142176e+02
2.417575006746277211e+02
2.525631984530376712e+02
2.834572052433427416e+02
3.112204730045055499e+02
3.123895521333475926e+02
2.822187040756839451e+02
2.386577991444811460e+02
2.787739915059753457e+02
3.115756799374574939e+02
3.173919872975849898e+02
3.144078892057270878e+02
3.108201342493421180e+02
3.048985692839247008e+02
3.045111253351075220e+02
3.006288889872840286e+02
3.137731948422042478e+02
3.132457072988842128e+02
3.107817497095212502e+02
3.021858618837693484e+02
2.936550478481825621e+02
2.743686158634834555e+02
2.541153732820452831e+02
2.516598123107683023e+02
2.625934085753783620e+02
2.607139155806323743e+02
2.686370243822576640e+02
2.770517851607296507e+02
2.856082388693999974e+02
2.970057482832517053e+02
2.937334662635197446e+02
2.859331580013995904e+02
2.852001032545855423e+02
2.792223109359148907e+02
2.514740371356194828e+02
2.248648545424312886e+02
2.122187980071394691e+02
2.069905537922369945e+02
2.093252634389215814e+02
2.178712213749847137e+02
2.166253731665007649e+02
2.217093754778575203e+02
2.059349789471622501e+02
2.030215024109905642e+02
2.136930042396359113e+02
2.133359980313798587e+02
2.070457315682295132e+02
2.006524565939192826e+02
1.993274402720547585e+02
2.131854586642697029e+02
2.513195993386839007e+02
2.333694291464997832e+02
2.145707507088217199e+02
2.091798220185065418e+02
2.119514556848712630e+02
2.155372614263434059e+02
2.445669191223785504e+02
2.673905764153390692e+02
2.366450098376225810e+02
2.408668593990958584e+02
2.414631692227978590e+02
2.258905914053796380e+02
2.306049925813515529e+02
2.416394982026001799e+02
2.281125464663403193e+02
2.238463147806992026e+02
2.168264421817343930e+02
2.311672661138842955e+02
2.112585847531822765e+02
1.960311679149347981e+02
2.275840093457595685e+02
2.738970557941993889e+02
2.622077639018652349e+02
2.010021157613503249e+02
2.084217273570437499e+02
1.991085284433887352e+02
1.941327825294956710e+02
1.907023142226111361e+02
1.930659622137700637e+02
2.314470534236725996e+02
2.405560345903117536e+02
2.232356107545643908e+02
2.209671744149142114e+02
2.118710880546212536e+02
2.210103570222127871e+02
2.421653364102248247e+02
2.428349667025689769e+02
2.567285207820401070e+02
2.669337104277050798e+02
2.722205810295996571e+02
2.854412061453356273e+02
2.900773388455788790e+02
2.881200271939303548e+02
2.972921329358217690e+02
3.046819065493887138e+02
3.111272105679095148e+02
3.039606970316600609e+02
3.059541441289994168e+02
3.057832129751096772e+02
3.049281073868338581e+02
2.970258401908143924e+02
2.862459320250964652e+02
2.406271059648237554e+02
2.457255024786135209e+02
2.439854533199354023e+02
2.351378168912175113e+02
2.462889755280155555e+02
2.374692278665112894e+02
2.146203807192933084e+02
2.038259284115339369e+02
2.148677810736077731e+02
2.922842999456720463e+02
3.169648093524687624e+02
3.151902740837953161e+02
3.120214503940494524e+02
3.076472621901620528e+02
2.920754340707873098e+02
3.064946764182743095e+02
3.050536068392950142e+02
2.750066088983972463e+02
2.568793600283676710e+02
2.363890629256137004e+02
2.385699345337974648e+02
2.204071499765117608e+02
2.133968735125020828e+02
2.221593442434923134e+02
2.087731857997788438e+02
1.938314039160580080e+02
1.948704854041784813e+02
2.513329439638558824e+02
2.963437649109498579e+02
2.700995353252774862e+02
2.397370644477266239e+02
2.380460455410855332e+02
2.474693001275083475e+02
2.491429260395430276e+02
2.276271919530580874e+02
2.323277986850318655e+02
2.208281803976722415e+02
2.263476073326222320e+02
2.208571187421464970e+02
2.302697276163532933e+02
2.588636608095778797e+02
2.906597042856743087e+02
2.747803500289060707e+02
2.509267575639543111e+02
2.887556211951052774e+02
3.106552006797992931e+02
3.114993606766417429e+02
3.106282115502376655e+02
3.073283406425094881e+02
3.049538969995259663e+02
2.999265718602485435e+02
3.009548576965443658e+02
3.006392348202826952e+02
3.091222181207020299e+02
3.045100757578468347e+02
2.983820439512832081e+02
2.910532957584470068e+02
2.827941722937800932e+02
2.732259261057682806e+02
2.667593306628156142e+02
2.598372186887072530e+02
2.541826961663404916e+02
2.523748743045413789e+02
2.497377364671584417e+02
2.440403312167106833e+02
2.499095672587004344e+02
2.597184665186363759e+02
2.661909096063272955e+02
2.567958436663353154e+02
2.214510295321098567e+02
2.081085035145208053e+02
2.017713059538550908e+02
2.117070541227302556e+02
2.223406212303808616e+02
2.256821753493209428e+02
2.249584168582446466e+02
2.051335517387921357e+02
1.817210816025634017e+02
1.835113605301476412e+02
1.929593551520019048e+02
1.899577141259291011e+02
1.878188256081744782e+02
1.977937080149140172e+02
2.382135280839759162e+02
2.159858807355001318e+02
1.811327185781211710e+02
2.529609882348534882e+02
2.142632245714285659e+02
2.130013328248163305e+02
2.407332632077661003e+02
2.599757628871233806e+02
1.783676822545382095e+02
2.273141180501438612e+02
2.618083247843539993e+02
2.547109334077040614e+02
2.324631941516656468e+02
2.675495124005350362e+02
2.871166313326745012e+02
2.768144307601964442e+02
2.696329232630797605e+02
2.717041890173215961e+02
2.757434121354281729e+02
2.890276116452424731e+02
3.001223929891784792e+02
2.978539566495284134e+02
2.887775123779720161e+02
2.801631819803528174e+02
2.808828921019947984e+02
2.916589018378871287e+02
3.067261831740690354e+02
3.050068256813884204e+02
2.739967656339684936e+02
2.248868956649065467e+02
1.980770938753105668e+02
1.774662453271815536e+02
1.852209719482645767e+02
2.255974594704192953e+02
2.737222262104837114e+02
2.606094076733855900e+02
2.198685669021496096e+02
2.066044592998977976e+02
1.862012771097843711e+02
2.172026406599010215e+02
2.807298037615373119e+02
2.953258249076525317e+02
2.293086147247440181e+02
1.890013993017974201e+02
1.931736188527991374e+02
2.696168797249513887e+02
2.923288320094487176e+02
2.141897541631776107e+02
1.819713308094426907e+02
1.942318926108300445e+02
2.018533229198004904e+02
2.086575823614901140e+02
1.652689580406553489e+02
1.566384341652994578e+02
1.882230627931634217e+02
1.685224976093028602e+02
1.722772852897521432e+02
1.825886321783593189e+02
1.921496812651548112e+02
2.263165698336264313e+02
2.299672994256550567e+02
2.219161421982208253e+02
1.927914227902854236e+02
2.035641338547867463e+02
2.400487888941628682e+02
1.829660301733952394e+02
1.552454952007049371e+02
1.506336527170670365e+02
1.774821389257012072e+02
2.281437339049449236e+02
1.933742380492068094e+02
2.214156437844623611e+02
2.860573079973828499e+02
2.261309445980862733e+02
2.535724419590316643e+02
2.294615531255929568e+02
1.726546832847880637e+02
2.383639175114773536e+02
2.891199744441864823e+02
2.699612910060787954e+02
2.385766818161877438e+02
2.738384294072073430e+02
2.897321778664081648e+02
2.887068908222857999e+02
2.893471329513296837e+02
2.548271366044273805e+02
2.740718853779148390e+02
2.843853314210435315e+02
2.212705022432646160e+02
2.224044955036765998e+02
2.876634610855136884e+02
2.158022047148728575e+02
2.303646393886449459e+02
2.119088728360074469e+02
2.505298674197905484e+02
3.002364970313804520e+02
2.970162440558590333e+02
3.069881276704250581e+02
2.989395194163383280e+02
2.810580215649277420e+02
3.057970074191076151e+02
2.722580659317686127e+02
3.023311533645759255e+02
3.128473177586337215e+02
3.063802724968550706e+02
3.117499097627383549e+02
3.123571651778736964e+02
3.128768558615427082e+02
3.115294985379855461e+02
3.103281823932782686e+02
2.981764767477892519e+02
2.565291011025020111e+02
2.925666362288078517e+02
2.771406993486742181e+02
2.832364941393726099e+02
3.040370162924757551e+02
3.066078808228242565e+02
2.846418780914871149e+02
2.764275865698139683e+02
2.249122354587725852e+02
1.854788680751862557e+02
1.733859387562980601e+02
1.774830385633532615e+02
1.807563701603458810e+02
1.933243081595178410e+02
2.302421387283570198e+02
2.350144165932776446e+02
2.394646241787635006e+02
1.967454802106643683e+02
1.647620122237238149e+02
1.596718623884113697e+02
1.749648028356499481e+02
1.702790401249350225e+02
1.834258949532028282e+02
2.065182440249095066e+02
1.909245247226680817e+02
2.014706770384609342e+02
2.737414184803943158e+02
2.811287930602225060e+02
1.834504850490255592e+02
1.809797801772723460e+02
1.672573071912997591e+02
1.667380663264568454e+02
1.661368084956685607e+02
1.624686859090335531e+02
1.779767896947213899e+02
1.878578099064301625e+02
2.319132156670443976e+02
2.619997976646324673e+02
2.582481587159654168e+02
2.294411613388131173e+02
1.729679071273110083e+02
1.745395741054464622e+02
1.697340096474000575e+02
1.695857193744200515e+02
1.602816667768942125e+02
1.767645279585807714e+02
2.223703092728987087e+02
2.582508576289214943e+02
2.100749614822985905e+02
1.629634866176624826e+02
1.701147063138268720e+02
1.817092363734781486e+02
1.841835397958394935e+02
1.668472223615725056e+02
1.473984057806779617e+02
1.424040673553091665e+02
1.635695425159283900e+02
2.415612297268714883e+02
2.870912915388083206e+02
2.846162384184035545e+02
2.351127769765687390e+02
1.913317606998303972e+02
2.016816420678671875e+02
2.142309875555632743e+02
2.181749990221609607e+02
2.427949328270527189e+02
2.203968041435130090e+02
2.807650395695759471e+02
2.851266328463345872e+02
2.340741453072741649e+02
2.036626441776865306e+02
2.101224923382487191e+02
2.324727902866210059e+02
2.324170127521938127e+02
2.533091480061976313e+02
2.555550934045464544e+02
2.479804442534827160e+02
2.180082661773139989e+02
2.003560259875679321e+02
1.994509905096033435e+02
2.130421163983760948e+02
2.092366491301945075e+02
2.335526553483011867e+02
2.243711034110632454e+02
2.064876563447396904e+02
2.603249722357282963e+02
2.864167132393777138e+02
2.985342326540888962e+02
3.056823036184709963e+02
3.055313144325348276e+02
2.803309644024607223e+02
2.001438614412923016e+02
2.092450457482803472e+02
2.290991490914244366e+02
2.353376863895817621e+02
2.493975234950738695e+02
2.596413975597770332e+02
2.355293092094690053e+02
1.609387021421098041e+02
1.369206259264411187e+02
1.481391074475344283e+02
2.031086173236308809e+02
1.945948964034330686e+02
1.653067428220415422e+02
1.474502848852797001e+02
1.435040243245518354e+02
1.443430863746993396e+02
2.100724125089511745e+02
1.887465019670493120e+02
1.543212674528298010e+02
1.473700671946382954e+02
1.709563173373218490e+02
1.866525953318972597e+02
1.669620761018179280e+02
1.513884487071390481e+02
1.581631700459195997e+02
1.659814710610808675e+02
1.935019865957981438e+02
1.890783183210478740e+02
2.048309736084852091e+02
2.226640409662937827e+02
2.295401214805388008e+02
1.966199807582031269e+02
2.102037596061507543e+02
2.123305030156026021e+02
1.938658900260533642e+02
1.724354715769046891e+02
1.595959929464216600e+02
1.474220962388486669e+02
1.431420701092094419e+02
1.564703518639742583e+02
1.709413233764543065e+02
1.462377232699216734e+02
1.347139647055652460e+02
1.367798326338949266e+02
1.381474318046232383e+02
1.373206648023870571e+02
1.432708682330616057e+02
1.577272956035001812e+02
1.731557814569813161e+02
1.435640001680220621e+02
1.368107201932820942e+02
1.423238496646677618e+02
1.394806948049648838e+02
1.411334791113937968e+02
1.638782681701909496e+02
1.446003827431863726e+02
1.465026665584510397e+02
1.959960820465046822e+02
2.230297436718530548e+02
1.975350621899490022e+02
2.210404948835565051e+02
2.086755751145311422e+02
1.946844103498123388e+02
1.491670934046129844e+02
1.758280051627942555e+02
1.747216007903784316e+02
1.333932966323523601e+02
1.516252033492374665e+02
1.649593327487405929e+02
1.386293377069060000e+02
1.213498473843270062e+02
1.285180102562717934e+02
1.303271815745491722e+02
1.405244244209543183e+02
1.564016795232009542e+02
1.646356131336103772e+02
2.060664759839706619e+02
1.933073649837374717e+02
1.522727925191065026e+02
2.132946146993854484e+02
2.588470175130148618e+02
2.703361400277672146e+02
2.231309529077090019e+02
2.144680420768791294e+02
2.501988007638352940e+02
2.690815953219802168e+02
2.738640690802907329e+02
2.336829528682399655e+02
2.310479141853787155e+02
2.779211350118296764e+02
2.937442619153445094e+02
2.994941460288286521e+02
3.019958883995777228e+02
2.989354710469039560e+02
2.582384126414013963e+02
2.823545493611437678e+02
2.995929562309456742e+02
2.763596639270840001e+02
2.372590125351483721e+02
2.006134722956635983e+02
1.842321202290503379e+02
2.276916659847885001e+02
2.787832877617131544e+02
2.816571802411946237e+02
2.470494692232171303e+02
2.593605606727281270e+02
2.813544521712789219e+02
2.872614729946549232e+02
2.870858937128960520e+02
2.570328981876512557e+02
1.952976633492947371e+02
1.765708059841721536e+02
1.790631021595746688e+02
2.354796791989973883e+02
1.847557093425448613e+02
1.342391059648903138e+02
1.653203873264311028e+02
2.166616585518001727e+02
2.062096683102554096e+02
1.891216508679551396e+02
1.737718833090284818e+02
1.523098276024493600e+02
1.456682526361725252e+02
1.927953212201109920e+02
2.415279431337457083e+02
2.181256688909068373e+02
2.093664968313073587e+02
1.897050658853110860e+02
1.683287756348942708e+02
1.561646250018851561e+02
1.532533975598436768e+02
1.543876906994730120e+02
1.755674101229164989e+02
2.240440851245420788e+02
2.825701625184191244e+02
2.971397942934074763e+02
3.062211865720503283e+02
3.049984290633025807e+02
2.941389029653781222e+02
2.788053288841884410e+02
2.757207712545182403e+02
2.852495833254484978e+02
2.848870293516712877e+02
2.998677955336477794e+02
3.047007989400818246e+02
3.004856966609990536e+02
3.013619437340980767e+02
2.921805417364687401e+02
2.278984327051519472e+02
2.161959461272544161e+02
2.252271086369910336e+02
2.013738160512565969e+02
2.258115732316076958e+02
2.131572700178387549e+02
2.001745990610707508e+02
2.344098600910983805e+02
2.565099088325914636e+02
2.544495886697828269e+02
2.317128963498539918e+02
2.051941273406970367e+02
2.445343822272960495e+02
2.610691225135843183e+02
2.405461385761390432e+02
1.824404918449879744e+02
1.707020197610083869e+02
1.983387384924490959e+02
2.672176960465363891e+02
2.871148320573703359e+02
2.942425112349727669e+02
2.788297690404025957e+02
2.615409824620857648e+02
2.564688253798143478e+02
2.495150761482754262e+02
2.125997945527836634e+02
1.908344110178541371e+02
2.006311651694873603e+02
2.385285512018028840e+02
2.282795791904048315e+02
2.286902637785667025e+02
2.340296132434976357e+02
2.550952286247390646e+02
2.473491985009593463e+02
2.215601855672254601e+02
2.072040677949907774e+02
1.947063015326790492e+02
1.980836912180923264e+02
2.482453875420120539e+02
2.657070544891316786e+02
2.533018009653726494e+02
2.129930861463391807e+02
1.839821709013884004e+02
1.783012590078948563e+02
1.905723165818895666e+02
2.065258909449519251e+02
2.215096559191019594e+02
2.759434315734010852e+02
2.900762892683181917e+02
2.949586228060065878e+02
2.775801723417018252e+02
2.266004055128489938e+02
2.335872913979052328e+02
2.520133699080249130e+02
1.973767259631878233e+02
1.782490800240759086e+02
2.216601952862118878e+02
2.591058132775886520e+02
2.717448226512727274e+02
2.642811288106286725e+02
2.601517919877081795e+02
2.684436022870664260e+02
2.790441826808084897e+02
2.723429317502788649e+02
2.660154802641770289e+02
2.611243002895769223e+02
2.608023799497507298e+02
2.281128463455577275e+02
1.971539157046961748e+02
1.731593800075894478e+02
1.851077675437146013e+02
2.243408156101107522e+02
2.335773953837326644e+02
2.061333490494397722e+02
2.179592359252771132e+02
2.065605269945559712e+02
2.121226867179785813e+02
2.600474340200701704e+02
2.326144832168192238e+02
2.094705549197281300e+02
2.019254438715733215e+02
1.894824055664280422e+02
1.858850544750879124e+02
1.819142038185373451e+02
1.837743546037643512e+02
1.937607823603719908e+02
2.291114441393359300e+02
2.264170293714390425e+02
2.197928473997685614e+02
2.431264493018340147e+02
2.609233812139516999e+02
2.612159133904775672e+02
2.530182651653673531e+02
2.613538578304588214e+02
2.527774621538347333e+02
2.258481584961245403e+02
2.613486099441552142e+02
2.431969209179114273e+02
2.511134323767550995e+02
2.633171670664545445e+02
2.844370605860363526e+02
2.914695281121300354e+02
2.585822241640941002e+02
2.882365302698710252e+02
2.791570872061410000e+02
2.582565553340511428e+02
2.503105057722984554e+02
2.362334256118085989e+02
2.220677311425916685e+02
2.290261285019996080e+02
2.080291854615313980e+02
2.149715392828111362e+02
2.363409323112289258e+02
2.682246904584004028e+02
2.904553365990495308e+02
2.550133615984023550e+02
2.484470563156805554e+02
2.566124675249253642e+02
2.375113608965490926e+02
2.252969804946338286e+02
2.175893349106749781e+02
2.255293868880806940e+02
2.182190812671115339e+02
2.075382831827282075e+02
2.025847283309190914e+02
2.284064280993440548e+02
2.365994281965852508e+02
2.153288453702846255e+02
2.153907704286675369e+02
2.080245373336624937e+02
2.271001542285641506e+02
2.709771318548545764e+02
3.043796282982991670e+02
3.044728907348952021e+02
2.998644968622568285e+02
3.075151653949191086e+02
3.091859424543890213e+02
3.134113905664704589e+02
3.089853232579814062e+02
2.952674983998778089e+02
3.063789230403769466e+02
3.183863867823200735e+02
3.152739403854362195e+02
3.173759437594566748e+02
3.146405954783912762e+02
3.099641290234144435e+02
3.083582758145009279e+02
2.984324236597981894e+02
2.824187235136569711e+02
2.795475299471316930e+02
2.700140697483325880e+02
2.704016636367584852e+02
2.405735775245266268e+02
2.351487624826507670e+02
2.335450084282587113e+02
2.530717936056645954e+02
2.371584030577270710e+02
2.438457096046499544e+02
2.412046733374414487e+02
2.426066086785564551e+02
2.436666817118914992e+02
2.739693266855809384e+02
2.811226455362667593e+02
2.842535345050177966e+02
2.695955883005193527e+02
2.510993380535398103e+02
