2.470568162640422543e+02
3.000567194405787177e+02
2.918233855886038555e+02
2.649185220871078172e+02
2.722961505923721006e+02
2.897594668751870586e+02
3.053710289908607365e+02
3.117743499189523959e+02
3.073042003655127132e+02
2.944414810956850488e+02
2.975018984483586451e+02
3.133307230570031265e+02
3.126586937309200493e+02
3.069127080472613898e+02
3.071742027247913143e+02
3.088805154715172989e+02
3.016873126849235973e+02
2.965761713043967234e+02
2.927327693152203096e+02
2.627478463723139726e+02
2.497387860444191858e+02
2.635645674207689808e+02
2.759630736621376741e+02
3.060400595247706406e+02
3.164028356991532291e+02
3.217706736897326891e+02
3.193509482849289043e+02
3.206732656938373225e+02
3.105108088366449124e+02
3.010533680194441217e+02
3.141346992387206001e+02
3.110898756053492207e+02
2.560645881948255465e+02
2.692561250264785144e+02
2.816358888167626446e+02
2.770781745318565754e+02
2.665327719141070588e+02
2.459363175684110843e+02
2.309775925089097939e+02
2.236719350158098507e+02
2.255883131542901481e+02
2.605158453575720614e+02
2.593745050563350105e+02
2.455950550190658248e+02
2.227472574491086732e+02
2.171116273174351079e+02
2.213022894403038094e+02
2.312536313284812763e+02
2.239238335583844162e+02
2.411413988225803848e+02
2.211691430677999790e+02
2.402814951668270282e+02
2.353381362084077182e+02
2.367121827823091564e+02
2.443016759546318895e+02
2.322835665004726025e+02
2.260508768470537007e+02
2.347628179299202884e+02
2.283599468206547556e+02
2.296794153769983211e+02
2.262200087256394738e+02
2.228634606458319922e+02
2.308558415466654594e+02
2.801582339732665901e+02
3.067614189821078980e+02
3.074664350220996312e+02
2.985343825936975009e+02
2.707516226834068220e+02
2.570574882834739583e+02
2.172086382442480783e+02
2.141327771118809551e+02
2.244042400645804491e+02
2.606692335772470983e+02
2.816091995664184537e+02
2.374252955611694347e+02
2.323751796013732758e+02
2.172800094979776020e+02
2.126006941904356324e+02
2.164974746803005985e+02
2.408212777580585282e+02
2.387468632720343180e+02
2.510916911334971928e+02
2.408553140492279283e+02
2.124084716121137717e+02
2.159581419078952251e+02
2.161367199818276390e+02
2.358200421106905935e+02
2.368096435279481398e+02
2.405726778868746862e+02
2.541423624116068538e+02
2.664428081489019746e+02
2.216730900925579988e+02
2.349021118263797803e+02
2.428429135018290310e+02
2.765482879547976722e+02
2.849699459552688836e+02
2.533869666631002531e+02
2.573527193729558462e+02
2.674731931397191715e+02
2.893670749192835387e+02
2.824454127640011052e+02
2.964703139406718719e+02
3.076060287977763892e+02
3.102894979742399073e+02
3.079024594041276259e+02
2.675583588374469173e+02
2.619576646345947211e+02
2.594701665266698001e+02
2.394925129459770119e+02
2.385122077844572459e+02
2.936021191663202217e+02
3.034050208419091632e+02
2.782382572841781894e+02
2.709769819152459718e+02
2.826878651112293142e+02
3.014839945755597910e+02
2.975129939794005054e+02
3.158077253923206626e+02
3.117819968389948713e+02
2.968489114525771697e+02
2.789941028515107746e+02
2.831844650951621816e+02
3.115590366408945897e+02
2.865077265818437127e+02
2.977403024261526525e+02
3.096506053016741475e+02
3.053827242803375839e+02
3.011571262286474280e+02
3.038265010818956853e+02
2.711963435627380932e+02
2.506097852312144596e+02
2.798994382086929136e+02
2.712729627027712809e+02
2.894957231035271548e+02
2.982195094154791946e+02
3.024046237728268238e+02
2.938705110658491435e+02
2.825370258649017501e+02
2.835750577757615929e+02
2.765560848144488091e+02
2.707906069816624495e+02
2.526828502607605174e+02
2.372410197821073155e+02
2.297476378989455270e+02
2.251369949321770889e+02
2.320830972436735351e+02
2.321292786431456250e+02
2.127722251027603591e+02
2.230023047234654427e+02
2.827515894449162488e+02
2.789110363083046309e+02
2.487073514763410174e+02
2.823505009917095663e+02
2.913432789616252876e+02
2.961864782614493379e+02
2.967006211795971922e+02
2.317667246693685001e+02
1.936907605631204774e+02
1.860871730675823130e+02
2.105190826031951019e+02
2.380943260950790261e+02
2.900313073857155928e+02
3.046364748479601872e+02
2.729231980358526357e+02
2.942850940838366114e+02
3.076637555471164660e+02
2.859866864416966905e+02
2.384540312162913267e+02
2.549830737974498618e+02
2.813469551908452218e+02
2.950075031184347267e+02
2.511288761564487402e+02
2.101619264553303310e+02
1.764574516400135167e+02
2.198574713711076640e+02
1.983219452562775302e+02
1.679438806594244511e+02
1.662813502784315745e+02
1.722567435633636137e+02
2.000949811288641058e+02
2.057487539531873040e+02
2.218150829019736818e+02
2.390299492532134877e+02
2.442944788534152849e+02
2.456124480136721786e+02
2.239394272776867183e+02
2.192749559914037434e+02
2.799231286668636471e+02
3.033691852754355978e+02
3.008496000912541604e+02
3.098188375426079801e+02
2.960563306811191069e+02
2.909057551835103936e+02
2.961127079739811734e+02
2.841332829388601340e+02
2.350676451543573364e+02
2.670800514857724011e+02
2.773924479516402926e+02
2.611626848293976764e+02
2.374297937494296207e+02
2.228075331717961376e+02
2.374965168752901548e+02
2.402059256040546416e+02
2.540852354207015935e+02
2.325530079772623822e+02
2.109512085553976419e+02
2.322637744721274373e+02
2.514980274730075678e+02
2.557152289066118271e+02
2.722649631537677237e+02
2.748416753288543646e+02
2.694383016510189464e+02
2.641313391415620231e+02
2.549599830977138026e+02
2.667146486594303951e+02
2.921451559888213296e+02
3.083269384362877190e+02
2.662087524197595485e+02
2.166944953261001388e+02
2.601312502613196784e+02
3.023320530022279513e+02
3.050918414395072773e+02
2.854425556018135808e+02
2.227648003833236316e+02
2.132458843265659993e+02
2.342591707843795916e+02
2.836038461806272721e+02
2.982049652734376082e+02
2.851393777130720082e+02
2.674123176585969759e+02
2.799865531213333156e+02
2.775942666649173134e+02
1.994141053658692329e+02
1.983682765953581395e+02
2.009385413672718528e+02
2.165664469002913677e+02
1.854929623984018008e+02
1.611693092602526178e+02
1.822449705952752197e+02
2.155218176466497653e+02
2.145719502256912108e+02
1.961052380816204277e+02
1.805301112908546486e+02
1.661621482895347128e+02
1.562105065221398661e+02
1.569826955068180894e+02
1.481517023746631878e+02
1.508518148476897238e+02
1.905991557718423905e+02
2.353390358460598577e+02
2.526590098629811507e+02
2.571294592956381280e+02
2.566610479581362938e+02
2.646439826636232056e+02
2.785243420575308164e+02
2.619000878248633626e+02
2.588668095413599985e+02
2.464254205719101662e+02
2.782183153162243343e+02
2.594445268535862965e+02
2.486152885566143027e+02
2.841143905481669094e+02
2.179620847778419090e+02
1.955710032559099432e+02
1.720604726156075230e+02
1.824713794043750568e+02
2.153068042478093389e+02
2.552810037998878272e+02
2.709141572192108924e+02
2.790753701194128666e+02
2.893856674307592129e+02
2.845112806923307858e+02
2.645960019888470356e+02
2.535432037353400290e+02
2.281272405479906524e+02
2.560378989444812419e+02
2.096758222440047348e+02
2.310614087501593588e+02
2.384349888859896112e+02
2.266016050297183142e+02
2.452468952477215396e+02
2.503178528131235510e+02
2.437959296545697612e+02
2.422842385199044202e+02
2.605227425795712293e+02
2.524391983966630448e+02
1.950672061707606701e+02
1.534919514772462037e+02
1.506889804326682736e+02
1.525957624361932972e+02
1.925422231606668788e+02
2.612638940652535666e+02
2.755370952338908523e+02
2.585241975355367003e+02
3.008756895831637621e+02
2.559825712288800048e+02
1.989202042948923008e+02
1.870838216464477171e+02
2.056565410938519847e+02
2.327743188396673020e+02
1.768783321215653643e+02
1.448126972290707499e+02
1.696471946139769784e+02
2.418897474094794404e+02
2.657983677108150005e+02
2.588870513885311766e+02
2.802603428467745630e+02
1.964033180236671114e+02
1.804542418488650526e+02
2.573869056037337941e+02
2.498470424418827633e+02
2.541195715910882029e+02
2.641724225943390252e+02
2.304163685536378523e+02
2.392983411527424948e+02
2.410991158529341192e+02
2.633197160398020173e+02
2.734123010393518598e+02
2.754643745236832615e+02
2.902581660136414712e+02
2.809821521229379755e+02
2.801813246730026208e+02
2.645522196231138423e+02
2.528192953046552702e+02
2.638792906593785688e+02
2.741904876083769409e+02
2.692981081169075424e+02
2.714344476613146071e+02
2.642634359368050241e+02
2.454535120284762115e+02
2.654866432643787562e+02
2.762116735333214592e+02
2.805567734531257997e+02
2.954981055180205090e+02
2.877762156712376509e+02
2.690919411549787128e+02
2.622031157739963305e+02
2.359980204261882761e+02
2.158924683592954352e+02
2.280684642213898883e+02
2.922321209618530702e+02
3.088548757984337385e+02
3.088101937950485762e+02
3.055269661838831325e+02
3.063226956871235984e+02
3.092198288059497031e+02
2.969832573419504342e+02
2.580589349298170418e+02
2.291405324234189322e+02
2.365340545272028123e+02
2.456869679991838211e+02
2.352862571038061219e+02
1.865638310835614675e+02
1.587941159192256180e+02
2.106601757749587591e+02
2.524083108372758488e+02
2.388141861563295265e+02
1.893065264054519048e+02
1.755143315014453265e+02
1.780645043657964379e+02
2.182153327768946554e+02
2.712716132462931000e+02
2.972655936250862396e+02
2.453217151124505051e+02
2.011340626169846075e+02
2.679005210244440605e+02
3.075814387019535729e+02
3.060385601286836277e+02
2.846306326208363657e+02
2.963541107439484676e+02
3.005509203907728306e+02
3.000979528329646087e+02
2.825371758045104684e+02
3.029303120408427503e+02
3.103335802191904804e+02
3.051603638406719483e+02
2.969861061945152869e+02
2.950161996157379463e+02
3.021519755322087804e+02
2.866971003076006923e+02
2.773177780265198749e+02
2.761611438851978733e+02
2.889580396668170579e+02
2.796087053074712685e+02
2.709071100576032336e+02
2.711096784689236756e+02
2.672680757550513135e+02
2.562499135511483246e+02
2.604249819547147240e+02
2.719736304941113190e+02
2.606587378046397134e+02
2.734499358811293064e+02
2.818954342793797991e+02
2.705552017960420699e+02
2.648529984781166604e+02
2.239506727483374107e+02
1.724630604649008774e+02
1.722643904834060322e+02
1.866728371790684946e+02
2.151132322130093257e+02
2.513699790471987683e+02
2.491169864872422579e+02
2.661859615992408976e+02
2.940402427028697048e+02
2.945710289175805769e+02
2.640311794829668770e+02
2.395628346224458198e+02
2.702689670830806676e+02
2.722811566315044729e+02
2.574971112161102269e+02
2.536697527650621282e+02
2.428340670649170079e+02
2.798094744434876020e+02
2.699074626865643154e+02
2.188851130088477532e+02
1.804803313407745406e+02
1.784239096077914155e+02
2.356533092658434612e+02
2.179805273497090354e+02
2.012604617070980169e+02
2.030822279525040130e+02
2.135836982649116464e+02
2.263549543734474128e+02
2.282957726681416943e+02
2.289121743994062683e+02
2.006238181286622364e+02
1.919991418980446554e+02
2.052112204560860675e+02
2.013813130316903823e+02
2.086151494522349026e+02
1.966081355291177601e+02
1.784715904033502341e+02
1.701162057099136575e+02
1.653923583385952156e+02
1.527698423218654398e+02
1.410549107564478675e+02
1.454225016175536211e+02
1.479381883719094049e+02
1.474832715991882992e+02
1.515353895236408732e+02
1.442579206769717644e+02
1.698019322901299688e+02
2.523121995481149895e+02
2.107691818704657010e+02
1.874183369134025838e+02
2.422653461292113377e+02
2.683993701025071346e+02
2.662131006684111867e+02
2.575759794502735645e+02
2.379743744081387433e+02
2.406116621851302853e+02
2.210772300876819543e+02
1.839021031503558277e+02
1.486184643764697171e+02
2.317272905522869166e+02
2.847430873273429484e+02
2.878361915147077070e+02
2.882828616089517482e+02
2.816237437084599833e+02
2.302048037657968678e+02
2.209547294273942271e+02
2.578146833072848381e+02
2.609758600769881696e+02
2.482998156199613220e+02
2.195082620225025778e+02
1.812846074017093372e+02
1.927836259306342868e+02
2.001036776261672401e+02
2.008895111152350239e+02
2.091204459334709895e+02
2.501169337374984138e+02
2.031071179275441523e+02
2.189155507494087658e+02
2.863976709090759982e+02
2.833437009595754716e+02
1.727731355756417315e+02
1.854005995994576779e+02
1.925764093914449688e+02
2.016395090378293276e+02
1.483919056277612185e+02
1.687686984467478624e+02
1.842322701686591131e+02
1.938588428644455632e+02
2.275249331399415382e+02
2.751453030364220922e+02
2.814211752971394276e+02
2.784717132548856853e+02
2.838181098814245047e+02
2.806150999609005794e+02
2.412345113195678721e+02
2.255574255949029521e+02
2.828241602155152350e+02
2.851677162991116461e+02
2.073805467144017030e+02
1.851629453197072337e+02
2.148198003988316032e+02
2.532650657612471150e+02
2.254275778937900157e+02
2.689111139869163480e+02
2.127446362147641423e+02
2.054388287820553671e+02
2.890307603770246487e+02
2.895790895259506783e+02
2.945148015643271719e+02
2.849600499410962016e+02
2.479027755361889263e+02
2.439547157001569531e+02
2.750442437401749203e+02
2.385634871306243667e+02
2.017585610871176129e+02
1.860909215577992768e+02
2.226749865577270384e+02
2.549154510339373303e+02
2.486529233983918914e+02
2.347868082673082881e+02
2.005482485658898213e+02
2.167019923065338958e+02
1.997417234108249033e+02
2.121205875634571782e+02
1.930872536382019575e+02
1.688888000732968067e+02
1.555843587163113284e+02
1.520573293014399496e+02
1.549814515498275966e+02
1.663126876566447550e+02
1.703384162099705463e+02
1.866420995592900454e+02
1.950324201815479341e+02
2.543680215226632981e+02
2.709784813113327573e+02
2.852771722134447714e+02
2.894263010647102874e+02
2.835647119427629832e+02
2.601207544887123504e+02
2.452743341961090948e+02
2.437657917932259579e+02
2.137268905911965646e+02
1.854881643309240928e+02
2.380766332212552925e+02
2.737759045903895867e+02
2.240866679734059232e+02
1.560371763345110878e+02
1.531562366934219881e+02
1.532343552295418476e+02
1.438896689980649626e+02
1.576931093727221764e+02
2.176539588820139670e+02
2.562410671142365004e+02
2.661129410098160974e+02
1.912725345544036202e+02
2.652155524518937000e+02
2.396249096204374212e+02
1.749177217985258608e+02
1.600048782592794225e+02
2.309144679336574484e+02
2.591890297604034572e+02
2.389059491968388613e+02
2.434567662597459332e+02
2.278233129612055450e+02
2.205310000932775836e+02
2.520510047498024733e+02
2.676942041229067968e+02
2.410341920023774662e+02
2.265716171079832861e+02
2.392446627728365627e+02
2.650833057170420943e+02
2.281363868641197712e+02
1.869922085455470722e+02
1.706243510437145403e+02
2.175962321326740039e+02
2.137678241043650189e+02
2.028772605074447597e+02
2.026551999469965040e+02
1.825703395461008540e+02
1.975436087476435318e+02
2.046831331543313013e+02
1.879120880447706838e+02
1.721420397627269381e+02
1.673255297132471071e+02
1.618654788633324699e+02
2.034633744377569258e+02
2.359351957301532252e+02
2.693110029232535680e+02
2.845471162588041807e+02
2.947043252296930973e+02
3.032448853398437336e+02
3.058021053658026744e+02
2.622058146869525785e+02
2.374804733371618113e+02
3.060920885689809552e+02
2.647441423222182948e+02
2.473358538757873362e+02
2.447778841517848605e+02
2.870182709493833499e+02
2.923606192064877973e+02
2.726602039622359825e+02
3.044006198435137094e+02
2.921955356973361972e+02
2.731969877612938831e+02
2.804922994213953871e+02
3.066174769577795018e+02
2.964085388218975936e+02
2.656065949513192095e+02
3.023599417694415479e+02
2.809373201799439812e+02
2.521718560743948672e+02
2.356309682641509369e+02
2.436225994669408976e+02
2.246654348628929085e+02
2.095363784079365814e+02
1.965585055186461716e+02
1.945086811284447776e+02
1.834690775605012618e+02
1.776623663353290681e+02
1.713514082061816168e+02
1.667476624614121476e+02
1.671478512769667475e+02
2.066064085148105960e+02
2.195931278410129437e+02
2.053089810809424023e+02
2.122349914848764172e+02
2.127515334367632533e+02
2.346101794082888432e+02
2.716584574366755760e+02
2.717676134717912646e+02
2.774678675748039609e+02
2.937396137874755482e+02
2.626323928736339894e+02
2.086592316971854757e+02
1.966079855895089565e+02
2.046592927565518210e+02
2.268263645031227611e+02
2.619258774375555276e+02
2.111818156735404557e+02
1.887420037787888987e+02
1.991893458924647007e+02
2.243472630132837935e+02
2.413064823317320133e+02
2.486374796186983360e+02
2.541587058289525771e+02
2.497824184705438029e+02
2.186428106012282058e+02
2.113720890369494612e+02
2.038791569726137709e+02
2.217411626748966853e+02
2.281284400648600013e+02
2.290201309176526365e+02
2.307885186623702509e+02
2.014151993832510641e+02
2.024030015252045587e+02
1.998162433963365459e+02
2.033192824738198112e+02
1.983954156645284002e+02
1.937454885202870116e+02
2.019809215267832485e+02
2.434344252580533521e+02
2.611111056040134031e+02
2.688619337952707156e+02
2.915576926020310111e+02
2.985574732934333611e+02
2.837923202687321691e+02
2.921589504328195517e+02
2.860553587824700799e+02
2.383525221012180282e+02
2.034884143524058118e+02
1.922682834956170268e+02
2.051250051810976629e+02
2.309744437771277319e+02
2.565246029142416546e+02
2.567965933643787366e+02
2.288096157070722825e+02
2.357693625229583176e+02
2.261675298626031747e+02
2.321267296697980669e+02
2.277990227446001654e+02
2.196767941426537902e+02
2.100397256742598699e+02
2.430831167549268343e+02
2.824578577515212032e+02
2.980941599026265294e+02
2.919559322026729546e+02
2.632774330701555527e+02
2.064594676983087425e+02
1.940012854926872592e+02
1.986050312374566715e+02
2.219540769192157370e+02
2.526380183177666652e+02
2.804732570910936715e+02
2.692115929627018431e+02
2.506198311849956610e+02
2.329145123737786207e+02
2.420558804958917278e+02
2.146596648967663157e+02
2.167823599367838199e+02
2.393403242431714659e+02
2.425544296947373937e+02
2.444567135100021744e+02
2.772810428223943404e+02
3.004465624231348784e+02
3.022398401428924899e+02
2.948445187638045581e+02
2.881967962735720903e+02
2.996110989235954776e+02
3.005606664653366238e+02
3.029757437422713906e+02
3.035120777225032498e+02
2.940796768199513167e+02
2.797841346496215351e+02
2.260565745521833207e+02
2.357684628853062918e+02
2.803563041963267892e+02
2.865267689121453714e+02
2.877687186908037802e+02
3.020990468503463262e+02
2.920343506180101372e+02
2.941579452956798377e+02
2.307238946910311768e+02
2.168072499118241012e+02
2.303103612503043678e+02
2.302734761065702571e+02
2.190864819032987043e+02
2.283209625223990713e+02
2.241265519093136902e+02
2.258907413449882995e+02
2.179935720956636942e+02
2.322510296053901584e+02
2.712752117969013170e+02
2.966817287889041381e+02
2.869611439584780896e+02
3.025644593956747599e+02
