2.186488081855752341e+02
2.096704244180923808e+02
2.090555220829146208e+02
2.103072179361369081e+02
2.446050037829820667e+02
2.720159134637577267e+02
2.748368772613767419e+02
2.776734347782978034e+02
2.706153275791210149e+02
2.780260927379024452e+02
2.788877956689599955e+02
2.759195911756218038e+02
2.412172682645702650e+02
2.482332424337094210e+02
2.559657779927083823e+02
2.508342448254015551e+02
2.633723448424470348e+02
2.595620795067879385e+02
2.675028811822370471e+02
2.475136822516763289e+02
2.350988325929618554e+02
2.657500871568215643e+02
2.631235950316545882e+02
2.343914175192313394e+02
2.357437228498747857e+02
2.735757352128079560e+02
3.019606525915388602e+02
3.130791243936457704e+02
3.115026593480326937e+02
3.103503734553621598e+02
3.150388350790333334e+02
3.153775486550309779e+02
3.103385282262767646e+02
3.009305674799388726e+02
2.986384406821181869e+02
2.943621630426958404e+02
2.950884705071194389e+02
2.767463581778580419e+02
2.676309296080457329e+02
2.776563416629089147e+02
2.855224734132376625e+02
2.773465664313853836e+02
2.723777177394915157e+02
2.586383015777387868e+02
2.210683836507701017e+02
2.168111483416496696e+02
2.309453554930446444e+02
2.527882578056593275e+02
2.627911789192212382e+02
2.703401883972014730e+02
2.797902821735771681e+02
2.854572496834638855e+02
2.998929853879052416e+02
3.082387739463866865e+02
3.086038768935110852e+02
2.906082749998985264e+02
2.425000016167881824e+02
2.402278167869212950e+02
2.465693625962385056e+02
2.589620211928689741e+02
2.677561291812896798e+02
2.442733373685922231e+02
2.602561499553463022e+02
2.531830487953016302e+02
2.441806746904308341e+02
2.477420402756888507e+02
2.482435882667080591e+02
2.544945705523854258e+02
2.686424222081701032e+02
2.985814636308214745e+02
3.099609802916320973e+02
3.103889079347917459e+02
3.052939600320017917e+02
3.089826243450252150e+02
3.089407911942048486e+02
3.098144892939562283e+02
3.103703154233160149e+02
2.909044057270324970e+02
2.905478493376024289e+02
2.990629197142782232e+02
3.052710192718744224e+02
3.094558337500047287e+02
3.120505386781324546e+02
3.096221167760258481e+02
3.058632807261421931e+02
3.055667001801822380e+02
3.034711442093349092e+02
3.058569832625776712e+02
3.097904989565682286e+02
3.066254237570391865e+02
2.965007516812329413e+02
3.031453254396834041e+02
2.943576648544355976e+02
2.601369479664493838e+02
2.475907512105354726e+02
2.670812510026416930e+02
2.786975223055509332e+02
2.837689296897789291e+02
2.904667320093088847e+02
2.903905626881018520e+02
2.887148376215455414e+02
2.687920619376280342e+02
2.589590224006954600e+02
2.747350682670860920e+02
2.710991826963163476e+02
2.672739233997895099e+02
2.456551808021446561e+02
2.231679879910518309e+02
2.375605410881946113e+02
2.650966503422142182e+02
2.910529958792297975e+02
2.977464499501081718e+02
2.994449658371831333e+02
3.062870100602588650e+02
3.040052290954367322e+02
2.945914207043604165e+02
2.897461222500149347e+02
2.391747909151938529e+02
2.642235520008973140e+02
3.084393931427943585e+02
3.155687216560920660e+02
3.144654660154586168e+02
3.121662920560298744e+02
3.115215517387256341e+02
3.069076101005662736e+02
3.075127663611802973e+02
3.054322043512004257e+02
2.978849941485242994e+02
2.972396540727854131e+02
2.839044750960215424e+02
2.707199854259762901e+02
2.815780121278140200e+02
2.445271851260796723e+02
2.215748796488756227e+02
1.978313428566916343e+02
2.050659289752795758e+02
2.284851463938988161e+02
2.392626555258776477e+02
2.325117745848765765e+02
2.326092353305156166e+02
2.515040250573546246e+02
2.511326246466657039e+02
2.708288415818747694e+02
2.690055759403817888e+02
2.593092813265611767e+02
2.540987299854823505e+02
2.349362980571578134e+02
2.310213748746431008e+02
2.063988920964038698e+02
2.155712977175126923e+02
2.585510367254896096e+02
2.391440532954155174e+02
2.266441878785822155e+02
2.202426662257947214e+02
2.165457552342941483e+02
2.281452333010315954e+02
2.059025919916882970e+02
2.043871523668060490e+02
2.487910177779820344e+02
2.757444617126889170e+02
2.759896129728731466e+02
2.737427679368723830e+02
2.650912525163018358e+02
2.458526512667701240e+02
2.462020105549838718e+02
2.385963239049243043e+02
2.560220053459617020e+02
2.452160076883345425e+02
2.103370559182632462e+02
2.045421899221764477e+02
2.111920115669303755e+02
2.090829610313022044e+02
2.047891404576648142e+02
1.870829220087956628e+02
1.907876298599474296e+02
2.473289566537882536e+02
2.758315766253292622e+02
2.719400440217681307e+02
2.651009985908657995e+02
2.526699554544144917e+02
2.803353126511123037e+02
2.751922341339375180e+02
2.471701706082008627e+02
2.298041651314161982e+02
2.477624320624687186e+02
2.487547323926825698e+02
2.370299048130923438e+02
2.468208113199872855e+02
2.359575367318458916e+02
2.566312099760098135e+02
2.479402604383577113e+02
2.396559471194332502e+02
2.175776396211982444e+02
1.890103956783179626e+02
1.977199377274457675e+02
2.087556428655637717e+02
2.047548042872780911e+02
1.860783266306704604e+02
1.828823638717543645e+02
2.218705605571836372e+02
2.460238822998773571e+02
2.793487100260280727e+02
2.786376964016893680e+02
2.000468505144791891e+02
1.854847157199246226e+02
2.128404476247077639e+02
2.192008858247181138e+02
2.143839259564122131e+02
2.105237307310641199e+02
2.308595900368823379e+02
2.287010594303913820e+02
2.118231073798450836e+02
2.205146566759318887e+02
2.350322594067100681e+02
1.820635436687780953e+02
1.747701812235893328e+02
2.016955864514739858e+02
2.656458791287922168e+02
2.843811331120005548e+02
2.109252690030968154e+02
2.089669077741874048e+02
1.824590843564637055e+02
1.747488897991573822e+02
1.861326047690108680e+02
1.721405403666401810e+02
1.541750763343713118e+02
1.479161472494341183e+02
1.486760411862010471e+02
1.513146784196706847e+02
1.651643001937999031e+02
2.021639977889759336e+02
2.449062324568109830e+02
2.503590862055092998e+02
2.568138364193765142e+02
2.680108765764292684e+02
2.795860644265613359e+02
2.872866628489124423e+02
2.906184708932885314e+02
2.899593363735513663e+02
2.866761087623860931e+02
2.862103963378403932e+02
2.894841777536589120e+02
2.862747204299621444e+02
2.780755728087652301e+02
2.873422904437310308e+02
2.940225498290459996e+02
2.883992147452838708e+02
2.864101158965959826e+02
3.013788869098783607e+02
3.021737167754666302e+02
2.946764364624794439e+02
2.898972613755597649e+02
2.951923786559314067e+02
2.947481075954262906e+02
2.996329901064619889e+02
2.856121372992255374e+02
2.620059451885882709e+02
2.430579269006693437e+02
2.229438282760820300e+02
2.031789390000997173e+02
1.916067499421411071e+02
1.876636381131954465e+02
1.890603255680068457e+02
1.879023419702067201e+02
1.993188937143602573e+02
2.263804441069222833e+02
2.029124963154835370e+02
2.145217204567849194e+02
2.256799262551907930e+02
1.824575849603770052e+02
1.363923886850776910e+02
1.379682539722561501e+02
1.401900590936082267e+02
1.475447468387451693e+02
1.654004550774636755e+02
2.008517263338487453e+02
2.042285162608275755e+02
1.793652304710555825e+02
1.589314606007722546e+02
1.655955265083503036e+02
1.569582553506040483e+02
1.598612361141684346e+02
1.571825650051824539e+02
2.044954087642696834e+02
2.855248724469764170e+02
2.806636803941113385e+02
2.699668387715997824e+02
2.817198549976208710e+02
2.888362887045726666e+02
2.619330745387719617e+02
2.006996875706520882e+02
2.572942429255724619e+02
2.676459235689133038e+02
2.869507981254795936e+02
2.768427693462361958e+02
2.675753020132271445e+02
2.344933764531306508e+02
2.173381860661434928e+02
2.549344933642390458e+02
2.615507285366497285e+02
2.435350347354744827e+02
1.714709100742958015e+02
1.694755137620435619e+02
1.867199182161925535e+02
2.410655293805907888e+02
2.476208890718790769e+02
2.836224386921030600e+02
2.927717536134757665e+02
2.853681855559107134e+02
2.731043250831325508e+02
2.666894588051729329e+02
2.456653766955345475e+02
2.359650337122796770e+02
2.249198823788151742e+02
2.345176666697360588e+02
2.184396424314730893e+02
2.187933499683382763e+02
2.828616451176841338e+02
2.943009876823562081e+02
2.578158828241541300e+02
2.442174098945563117e+02
2.489474047898304150e+02
2.747920453183828045e+02
2.525822407833392731e+02
2.627772345356144683e+02
2.558872096377625667e+02
2.148520374146968948e+02
2.069728609184132324e+02
1.915955044714904716e+02
1.904763552323372835e+02
1.952807201735144247e+02
2.474046761561692165e+02
2.758531679289786211e+02
2.868647327900997652e+02
2.947530556025125179e+02
3.048457905416709650e+02
3.102182766601190451e+02
3.098743151978179071e+02
3.014271674638718537e+02
2.742656073523233999e+02
1.996842965407022064e+02
1.893179218157112587e+02
2.069691124281964960e+02
2.182015383328965470e+02
2.257640423756576240e+02
2.340512045471469094e+02
2.435969597938575077e+02
2.734060035757875085e+02
2.957042724799493385e+02
2.932653548052351766e+02
2.831438314612112208e+02
2.259160811388543948e+02
2.340948369732713843e+02
2.217357648489843598e+02
1.883691039720133062e+02
2.483983259428611063e+02
2.922823507307592195e+02
2.812703360508119772e+02
2.714839277321774489e+02
2.875039253418830754e+02
2.839433094546683947e+02
2.750581881237815765e+02
2.959776123865646014e+02
2.941456502477686286e+02
2.992313018948206604e+02
2.761999782438447824e+02
2.169117578190708286e+02
2.195631399192778304e+02
2.074291271476125189e+02
2.535249111030816209e+02
2.458544505420743462e+02
2.238749532459562488e+02
2.128911272124399829e+02
1.984168570285689839e+02
2.352538701483322257e+02
2.693709787667237379e+02
2.678210530318461906e+02
2.578751089695809355e+02
2.321772593179217381e+02
1.977070429210997986e+02
1.845789305439165560e+02
1.539102829854505217e+02
1.467032857548588254e+02
1.711441916669921284e+02
2.277849284213846204e+02
2.616312461065083994e+02
2.179733302484926014e+02
2.242007720156079245e+02
2.277861279382540260e+02
1.689036440945556876e+02
1.548222156854143066e+02
1.474385895958029948e+02
1.806061306724531619e+02
2.178962612896334861e+02
2.377876995953377559e+02
2.395139543100176809e+02
2.260454790211413183e+02
2.732050845001623998e+02
2.699836320077715186e+02
2.591695376112757003e+02
2.344702857533947054e+02
1.807566700395633177e+02
1.707158142050065521e+02
2.147601244345787848e+02
2.698647298980918663e+02
2.519637398975532960e+02
1.953741325497191497e+02
1.624680861505988787e+02
1.895470295377672301e+02
1.763410985036813656e+02
2.044615224127089732e+02
2.504328564929775212e+02
2.519400494393826477e+02
2.595539827679193650e+02
2.324978302012697782e+02
2.560792822764756806e+02
2.696345725987750939e+02
2.712660654807721698e+02
2.457649365956950476e+02
2.777821409945875644e+02
2.940261483796541597e+02
2.786179043733443450e+02
2.141110358686229347e+02
2.476792155796538282e+02
1.930433213328600459e+02
1.700230932129262271e+02
1.719133818594968943e+02
2.093646975560032786e+02
2.681717617765379487e+02
2.916494556425404312e+02
3.086870933763261178e+02
3.102055317933818515e+02
3.057556240871132331e+02
3.039368566338807796e+02
2.990626198350609002e+02
2.811359901614388264e+02
2.856634166453924877e+02
2.967692935203705247e+02
3.039741915964409031e+02
3.079712816845096768e+02
2.943471690818282127e+02
2.695904903538245776e+02
2.829222207195889496e+02
2.752736513414481578e+02
2.408614615731834760e+02
2.406167601318252878e+02
2.250524289928841313e+02
2.368547753501595139e+02
2.745459944205464922e+02
2.722595653278552845e+02
2.872958091650415895e+02
2.935874250846699738e+02
2.858691337884952191e+02
2.833164119507965779e+02
2.812109599657765671e+02
2.772576522434410435e+02
2.772189678244028528e+02
2.785012513577947857e+02
2.846546229582244223e+02
2.588902001203134660e+02
2.861982512295377319e+02
2.883669777294186929e+02
2.743989036644359203e+02
2.653377532329643600e+02
2.846105407132738492e+02
2.839115222576291444e+02
2.612424527012130966e+02
2.020025128304325222e+02
1.743641447632963946e+02
1.722849322097945901e+02
1.679836146557234713e+02
1.599345565828106146e+02
2.110275278162133930e+02
2.436804761558896928e+02
2.407415098862431648e+02
2.857671748545959076e+02
2.878026050423644620e+02
2.852357888814502189e+02
2.821791200189936717e+02
2.751983816578931510e+02
2.712227329338649611e+02
2.623854423381455376e+02
2.726665014258003339e+02
2.675645063614025503e+02
2.591008652705023678e+02
2.603593084061149625e+02
2.667109001692135735e+02
2.565739330454957781e+02
2.514969778957469657e+02
2.571546491498956470e+02
2.565698846760615766e+02
2.627448475801405152e+02
2.179199517478042196e+02
1.914296712642954503e+02
2.050101514408523826e+02
2.040583348049808592e+02
1.937747267439787606e+02
1.685725774386004332e+02
2.069544183465462197e+02
2.669313113939663253e+02
2.823287597484517164e+02
2.347877079049604561e+02
2.788726517684837631e+02
2.111326354818948516e+02
2.030558385813772020e+02
2.145956406838618875e+02
2.795154428708751198e+02
2.873763267349003172e+02
2.372543644072794677e+02
2.100766108179939806e+02
2.150538561279738872e+02
2.015377000435388766e+02
1.691381496425239845e+02
1.955978424458628808e+02
2.390139057150852295e+02
2.417299117866313622e+02
2.353540298069274570e+02
1.983810214620955890e+02
1.744962415585393387e+02
1.649195987524417149e+02
1.899644614083194085e+02
2.387993421350706740e+02
2.285040387845918133e+02
1.936268862898247960e+02
1.682260670029515097e+02
1.467542652218084243e+02
1.422281881943329154e+02
1.429450494634099300e+02
1.375430252420526926e+02
1.502740975354634827e+02
1.576787151702893368e+02
1.640865342866412391e+02
1.833576724312554518e+02
1.934495077327617878e+02
1.859390327342111391e+02
1.978175484126934691e+02
1.982493744856786009e+02
1.893444611264467596e+02
1.907862804034693056e+02
2.045922697514739355e+02
2.220611337998101078e+02
2.474330147422088544e+02
2.842598319685821480e+02
2.762601040269236137e+02
2.819874971991065422e+02
2.770610814164675730e+02
2.779385280064360018e+02
2.735992757313699713e+02
2.743495735331815126e+02
2.644462123197803294e+02
2.041013674726707734e+02
1.549816014894362297e+02
1.544028345999492160e+02
1.622730147197122221e+02
1.828174400211979389e+02
2.160816921454437534e+02
2.417192660744154011e+02
2.320028795530322441e+02
2.429480211675103476e+02
2.442590931057679597e+02
2.586149109987853763e+02
2.427920839744879231e+02
2.281687738195936390e+02
2.685041778889712987e+02
2.800169908618943850e+02
2.555868806015857047e+02
2.415756239293042995e+02
2.565135073831996237e+02
2.379697262802696969e+02
2.109431118165291821e+02
2.397267186147280995e+02
2.572837471529651339e+02
2.495506118355314413e+02
2.637842289474784252e+02
2.777335605613767484e+02
2.879411492407804758e+02
2.883309922233366365e+02
2.798474091644824284e+02
2.751373562371622938e+02
2.818708441835570397e+02
2.958915470511847730e+02
2.924484838171716206e+02
2.629579117640682853e+02
2.267169085887898348e+02
2.380824808659936593e+02
2.726473091558899000e+02
2.723891131497507558e+02
2.553012456470590337e+02
2.812985246972430673e+02
2.990198870465883942e+02
3.064597404894528268e+02
3.085296567872168794e+02
3.088173908962650103e+02
2.966452934639960404e+02
2.236299519253807375e+02
1.953823792281963279e+02
1.975067236039093928e+02
2.025467936099241797e+02
2.055356897692596192e+02
2.075738188699843647e+02
1.897293561019164656e+02
2.026851878687315889e+02
2.150103736414580737e+02
2.178251899151213422e+02
2.149865332436786787e+02
2.249053382367735878e+02
2.248492608231289864e+02
2.416005139043445809e+02
2.295630622406661416e+02
2.032841966053899228e+02
1.851641448365765825e+02
1.794853320976045552e+02
1.846143162915639095e+02
1.972269362941211455e+02
2.019392383155715152e+02
2.143223007772465962e+02
2.170075692290143081e+02
2.164049619417479846e+02
2.043265767649011480e+02
1.989656359963209695e+02
1.843697647898143828e+02
1.715395824150692192e+02
1.757311441755899750e+02
2.497474825417222917e+02
2.672238435704919652e+02
2.738123399152977413e+02
2.705183166523079308e+02
2.659264161366239136e+02
2.523310919388080720e+02
2.181270183473848761e+02
2.178757195632448713e+02
2.134070694058920026e+02
2.383313806163948811e+02
2.158165989173056971e+02
2.182534174374982285e+02
2.328101544061406400e+02
2.244714130092670530e+02
2.099743520048774315e+02
2.046429493392063250e+02
1.850512403112441007e+02
1.893294671655791319e+02
1.927570866198987858e+02
2.026175651052189437e+02
1.989214038117617633e+02
1.936268862898247676e+02
1.851749404884012620e+02
1.746154435474363140e+02
2.099804995288331497e+02
2.625149901600411795e+02
2.963208241508224319e+02
2.905712399165556690e+02
2.669134685805340155e+02
2.488337505664544551e+02
2.624757059825681722e+02
2.877904599340616869e+02
2.953279240621740769e+02
2.859613466478305668e+02
2.956156581712222078e+02
2.969975016047745839e+02
3.051078849776355923e+02
3.068282920475771789e+02
2.956987247144281810e+02
2.933415241264423230e+02
2.863361956695190997e+02
2.907601638234867210e+02
2.873292456977762868e+02
2.869666917239990767e+02
2.827250501341807194e+02
2.947713482347708691e+02
2.844405091970359649e+02
2.907582146085738941e+02
3.065628989402217144e+02
3.078127955181398079e+02
2.993630988108463953e+02
3.054734377435861461e+02
2.866444715049556748e+02
2.626943179320169861e+02
2.565147069000690863e+02
2.454107792400037624e+02
2.335673494299513493e+02
2.100635660720392082e+02
2.214393342426330946e+02
2.296648712349567631e+02
2.221972789644871682e+02
2.117515861865069837e+02
2.142146441382176647e+02
2.057722944717494045e+02
2.293603438897369529e+02
2.681905042276222844e+02
2.725017177958661136e+02
2.523451862620235886e+02
2.608948926883035142e+02
2.544019078742240652e+02
2.484780938146764413e+02
2.269680574333211496e+02
2.311963543979672693e+02
2.268329618459045207e+02
2.233942468605429497e+02
2.209514307560033615e+02
2.186855433897007117e+02
2.125516639383989457e+02
2.164487443074810926e+02
2.149159116879924625e+02
2.193416791172643343e+02
2.198049925080712228e+02
2.181103750508218866e+02
2.167975038372601091e+02
2.352748616935469101e+02
2.852971141813985128e+02
2.901025286998363981e+02
2.987918289017931102e+02
3.012326957914199284e+02
2.928741623662011193e+02
2.464790989518159279e+02
2.145676019770396579e+02
2.291493788603307848e+02
2.414612200078850321e+02
2.508630332302672628e+02
2.421028115934071252e+02
2.395628346224458483e+02
2.394736205552839863e+02
2.541440117473024145e+02
2.528996629349052228e+02
2.795944610446470620e+02
2.843655393926982811e+02
2.644366161848250272e+02
2.490177264662991092e+02
2.445073930977345356e+02
2.391672939347602096e+02
2.423467633367219776e+02
