2.262730873471105610e+02
2.278479030570283044e+02
2.270277333975738543e+02
2.370119120600512872e+02
2.405501869455734152e+02
2.599976540699898919e+02
2.742056315088532870e+02
2.929629266145369115e+02
2.745395470173734225e+02
2.599949551570337576e+02
2.814666069985681816e+02
2.933019400697521064e+02
3.033981236199099953e+02
2.894574885033148348e+02
2.702752645466450758e+02
2.734842720515158589e+02
2.527239337135376331e+02
2.470679117950843704e+02
2.356035293157633248e+02
2.286050980808390989e+02
2.412180179626136010e+02
2.651402827683386363e+02
2.787486517121093357e+02
2.740928769231293813e+02
2.542474700772883409e+02
2.452765832902392731e+02
2.335582031138221737e+02
2.396776883626911001e+02
2.856938543859537276e+02
3.020125316961405701e+02
2.828974806841574150e+02
2.473862335843020617e+02
2.319632954963419422e+02
2.568571689662836661e+02
2.589774649725624727e+02
2.541063769055248542e+02
2.318592374079212277e+02
2.166583598804093924e+02
2.270698664276116574e+02
2.424043401464533076e+02
2.326299269965126939e+02
2.325660527232170125e+02
2.434416223592697577e+02
2.625524750622099646e+02
2.578688115060165273e+02
2.788491112499216911e+02
3.011323861932160639e+02
3.116094163494095142e+02
3.125176005591565058e+02
3.000649661190558390e+02
2.957000741709063618e+02
2.861822076914093600e+02
2.808954870291234442e+02
2.789068379992618247e+02
2.796319459468159607e+02
2.540697916410079529e+02
2.271214456529959307e+02
2.601042611317581077e+02
2.612619448503409103e+02
2.475472687240194318e+02
2.350830889340509771e+02
2.281281401856425930e+02
2.372221273914142046e+02
2.461129464274306144e+02
2.485418181483634328e+02
2.445370811402522406e+02
2.341638091932621535e+02
2.506393233341235884e+02
2.443817437056644906e+02
2.606417946288594294e+02
2.582760474831789566e+02
2.591581422010164033e+02
2.521928476196094664e+02
2.332794653812946422e+02
2.170699441062233177e+02
2.152195393955601901e+02
2.131344791973201325e+02
2.295509171323635087e+02
2.338532842636954001e+02
2.431137044350966505e+02
2.559216957477578660e+02
2.869642926902603790e+02
3.027148488231761689e+02
3.083375841485037085e+02
3.046789077572152564e+02
2.873782759498129735e+02
2.499834874857773457e+02
2.160088214956275294e+02
2.427496510652327402e+02
2.376134697700569518e+02
2.494967835160169614e+02
2.631262939446107225e+02
2.689670414609522595e+02
2.452705857058923016e+02
2.360549974774850455e+02
2.161239751150902464e+02
2.278203141690319740e+02
2.222067251598337236e+02
2.174942731987746356e+02
2.393736108362975301e+02
2.469016287690631657e+02
2.526392178346360140e+02
2.504486001518885132e+02
2.722925520417639405e+02
2.778278725752335845e+02
2.550751367171766333e+02
2.184240487121709009e+02
2.499049191308314448e+02
2.634922965293873744e+02
2.542321762372035039e+02
2.712432746602533484e+02
2.931651951466400305e+02
2.797295566320635771e+02
2.784154859016323940e+02
2.580316459210379776e+02
2.625635705932520523e+02
2.442384014397707688e+02
2.969427736476080781e+02
3.015649619642447306e+02
2.740807318148266631e+02
2.545962296070673290e+02
2.683593362269908198e+02
2.504874345105353370e+02
2.390381959316905522e+02
2.405392413541400458e+02
2.533298396721948507e+02
2.636981636120987673e+02
2.496213833308263190e+02
2.510027769455526823e+02
2.410676285351121351e+02
2.218708604364008181e+02
2.085487262055917199e+02
2.083431590020977922e+02
2.170651460387457234e+02
2.637473438037442861e+02
2.688078055965389126e+02
2.726847940580587988e+02
2.681810580322757005e+02
2.202341196681001634e+02
1.932542863622664129e+02
2.014987157452832207e+02
2.063835982563189759e+02
2.002858542507078710e+02
2.107063571744307353e+02
2.041626927726189251e+02
2.087535437110423686e+02
2.210551889652067530e+02
2.108969304170572059e+02
1.986636576244487742e+02
1.899406210105400703e+02
1.855272985687883818e+02
2.059448749613347900e+02
2.439301256043341652e+02
2.842991161460550416e+02
2.935721312445851368e+02
3.064961758143610950e+02
3.127527058655593919e+02
3.121324057044691926e+02
3.117771987715172486e+02
3.091994370191698636e+02
3.039630960653988723e+02
2.935623851700211731e+02
2.915221569147749960e+02
2.914537844532191002e+02
2.764326845165089708e+02
2.649504592237557290e+02
2.713657753205411609e+02
2.614103850629293788e+02
2.563127382471833471e+02
2.399508783296978152e+02
2.363301366594043316e+02
2.456676257896647257e+02
2.660786048394293744e+02
2.663681382237815001e+02
2.261048551061768137e+02
2.411910288330520302e+02
2.557329217804355608e+02
2.263591526824902189e+02
2.489037723637057979e+02
2.625241364761702698e+02
2.517599719693635620e+02
2.522430773885155872e+02
2.699053635320428270e+02
2.820666653124869185e+02
2.712191343832566872e+02
2.761065658676399153e+02
2.811953662464742933e+02
2.812631389495955432e+02
2.622581436103802162e+02
2.514740371356195965e+02
2.665564623722778492e+02
2.540371048063167905e+02
2.355398049820762481e+02
2.224754169385801106e+02
2.257974789083922076e+02
2.179557873142775009e+02
2.419149372637367037e+02
2.516352222149455429e+02
2.586586933645186832e+02
2.631466857313906189e+02
2.748523210410702973e+02
2.626692780173681854e+02
2.119046745269645271e+02
1.773591884465874386e+02
1.703586580571417812e+02
1.770641072967142406e+02
2.105387246919315771e+02
2.234260340575821999e+02
2.468516988793743963e+02
2.470677618554755952e+02
1.921442834392424288e+02
1.829516359709624851e+02
2.248663539385179888e+02
2.789173337718690391e+02
2.987442980458430384e+02
3.006428333708909690e+02
2.979637124430789186e+02
2.897351766585816790e+02
2.778355194952760030e+02
2.678475923425817200e+02
2.776384988494765480e+02
2.947074739614752161e+02
2.823927839613560309e+02
2.774848107505842449e+02
2.610232409933296935e+02
2.344013135334039362e+02
2.221887324067927523e+02
2.391076179705073343e+02
2.323639341307225834e+02
1.781469711505679641e+02
1.624157572271711558e+02
1.555060902405828358e+02
1.523779001847879329e+02
1.602554273453760345e+02
1.818039982061608555e+02
2.415682768884792608e+02
1.744581568979357939e+02
1.499233887907716678e+02
1.422995594480623254e+02
1.588148075852228089e+02
2.095450749052397157e+02
2.572446129151010155e+02
2.667711758919010094e+02
2.426643354278964466e+02
2.165638979269437812e+02
2.120718571906375587e+02
2.406579935242109514e+02
2.562846995403609753e+02
2.446987160384043420e+02
2.441463385200441110e+02
2.345353595435598208e+02
2.089132293942816432e+02
1.978605810803832981e+02
1.791707587986036003e+02
1.753652915304219846e+02
1.729781030207008712e+02
1.728089711421149843e+02
1.800170179499675669e+02
1.740105871660397554e+02
1.671085670994937971e+02
1.668020905393612736e+02
1.655304527181852450e+02
1.554873477894983864e+02
1.560535197518566406e+02
1.569294669457383691e+02
1.558813890810973533e+02
1.639287978183146492e+02
2.391873858423226693e+02
2.169149065508530043e+02
1.843729135215965300e+02
1.874222353432281238e+02
1.977325326545745270e+02
1.845900260749585016e+02
1.816656039473535316e+02
2.309567509033040551e+02
2.462346973896751194e+02
1.973599327270160870e+02
1.774307096399256238e+02
1.843034914827798048e+02
2.566736428852649397e+02
2.965838182244390850e+02
2.856770611497819345e+02
2.699984760290303143e+02
2.725784868755078492e+02
2.366430606227098963e+02
1.998754695417633229e+02
2.000285578822209516e+02
1.991274208340817609e+02
1.862072746941313142e+02
1.877777421553974193e+02
2.345713450496418773e+02
2.456793210791413458e+02
2.538055980505220077e+02
2.765232480401489852e+02
2.892433747421264911e+02
2.808073225392225254e+02
2.873691296336838832e+02
2.861876055173216855e+02
2.779140878502219607e+02
2.533709231249719380e+02
2.487085509932104230e+02
2.485727057077505151e+02
2.356888449530996468e+02
2.269257744636746565e+02
1.973632313984070663e+02
2.290783074858186126e+02
2.616408422414635311e+02
2.611269992025329429e+02
2.707259830103232616e+02
2.761572454553722196e+02
2.831903127399004916e+02
2.778974445536589428e+02
2.503248999747313235e+02
2.427787393493157708e+02
2.525790920515571827e+02
2.475816048944062118e+02
2.397399133002915050e+02
2.346277223425038301e+02
2.604249819547147808e+02
2.798144224505739430e+02
2.829923924564490108e+02
2.778407673815796670e+02
2.437972791110477715e+02
2.087484457643473661e+02
2.252788378019840536e+02
2.790752201798042620e+02
3.057064438954677712e+02
3.095015653306508057e+02
3.098356307787795458e+02
3.099605304728061697e+02
3.069100091343051417e+02
2.928414755315099569e+02
2.841808137948101489e+02
2.868645828504911606e+02
2.777881385789345359e+02
2.778683562695758269e+02
2.699325026012131730e+02
2.659387111845351797e+02
2.719196522349882343e+02
2.721582061523906759e+02
2.758219804903740169e+02
2.746804902495283613e+02
2.737603108710873130e+02
2.794788576063584173e+02
2.759681716088326198e+02
2.900478007426698923e+02
2.927886967892562211e+02
2.923727643147906292e+02
2.629508646024606264e+02
2.764008973194697774e+02
2.651909623560709974e+02
2.411601412736649479e+02
2.197947966146813314e+02
2.257635925568315258e+02
2.075286870477729622e+02
1.861374028364886328e+02
1.610298654241844929e+02
1.517733436826087257e+02
1.531009089778207510e+02
1.600084768098876680e+02
1.748485996389265438e+02
2.162496245071601777e+02
2.097756820233825863e+02
1.488703629190443110e+02
1.417645749243085334e+02
1.393830841197171537e+02
1.411145867207006859e+02
1.514482746110004996e+02
1.527110659952646756e+02
1.716703297538341531e+02
1.777676239406191598e+02
1.576194890248625882e+02
1.706027597400652951e+02
1.593237026170671413e+02
1.809389966037125248e+02
2.282396952544972066e+02
2.435530274885155393e+02
2.847334911923876462e+02
2.865234702407546479e+02
2.925847789214576551e+02
2.723585254695810818e+02
2.983186194968135965e+02
2.131439253926666595e+02
2.350082690693218694e+02
2.847390389579087469e+02
2.724279475083977786e+02
2.720309074246253545e+02
2.669746439408735341e+02
2.452085107079006718e+02
2.689244586120884719e+02
2.773297731952138179e+02
2.687799168293253729e+02
2.496936542222078685e+02
2.592538036713511929e+02
2.393530691099088870e+02
2.385771316350138704e+02
2.274935957617283293e+02
2.294745978715476440e+02
2.218084855591917801e+02
2.403311251772985599e+02
2.586529956593888642e+02
2.951977764818437890e+02
2.876273256398230274e+02
2.296330840379175697e+02
2.533191939599790601e+02
2.965505316313131630e+02
2.928252820537729235e+02
2.753688629929571334e+02
1.888067776897367480e+02
1.877700952353550292e+02
2.017053325260378642e+02
2.026793402239933357e+02
1.902785848884944642e+02
1.874571712720495213e+02
1.920112870063474020e+02
1.916491828513962332e+02
1.912912770054880696e+02
1.938338029497968193e+02
1.862636519869933522e+02
1.904156296908237493e+02
2.093240639220522326e+02
2.361479600348637007e+02
2.514373019314940336e+02
2.495961934765688568e+02
2.499647450346929816e+02
2.587123717444243880e+02
2.557602107892144545e+02
2.663189580321360950e+02
2.964490225162398929e+02
2.758500191971963318e+02
2.348181456455215255e+02
2.403138821223008676e+02
2.696988966908967882e+02
2.421614379803992279e+02
2.521369201455734128e+02
2.707028923105874014e+02
2.951007655550307618e+02
2.846474258570080451e+02
2.264824030408213673e+02
2.367064850771794795e+02
2.643334577340563669e+02
2.758521183517179907e+02
2.568606175772831648e+02
2.421962239696119354e+02
2.312491331402210051e+02
1.927046077568624298e+02
1.865522857336934806e+02
2.403976983635505462e+02
2.787873361311474127e+02
2.649876442467071342e+02
2.830655629854825861e+02
2.952967366235695863e+02
2.974906529777080664e+02
3.001307896072644326e+02
2.865389140204481464e+02
2.692081443517022876e+02
2.558561721387666807e+02
2.745993729212348740e+02
3.001052998737896473e+02
2.961287515121093179e+02
2.887488739127148847e+02
2.873514367598602348e+02
2.856479728656989892e+02
2.922910472280625527e+02
2.877972072164521364e+02
2.904238492812278309e+02
2.861118860149408079e+02
2.669668470812223973e+02
2.622491472338596736e+02
2.315241223825317434e+02
2.380496440916938070e+02
2.259139819843329633e+02
1.981669077009071316e+02
1.850224519063783077e+02
2.039485790114305246e+02
2.649215208792813883e+02
2.995385281529966619e+02
3.067749135468886834e+02
3.087188805733651975e+02
3.014983887779926590e+02
3.015129329200341886e+02
2.876672095757305669e+02
2.768000365577637467e+02
2.713465830506307270e+02
2.597745439322808920e+02
2.797381031897582488e+02
2.608553086316131839e+02
2.884576911926673120e+02
3.011239895751303948e+02
3.047141435652539485e+02
3.058236966694519765e+02
2.966166549987390795e+02
2.678726322572304639e+02
2.472722794817088072e+02
2.435083454851302065e+02
2.611246001687941884e+02
2.662804235527064520e+02
2.793638539265043050e+02
2.864257096158982563e+02
2.768789047919269706e+02
2.565024118521577066e+02
2.458830890073311366e+02
2.452349000790275113e+02
2.369155008916731049e+02
2.243739522636279560e+02
1.722053142775879451e+02
1.779686929558528448e+02
2.074660122913466864e+02
2.604626167964922843e+02
2.680105766972118886e+02
2.498641355572717089e+02
2.213441225911242043e+02
2.143191520454644206e+02
2.608034295270114740e+02
2.726927408573184834e+02
2.597653976161518017e+02
2.649683020371879820e+02
2.629205768015081617e+02
2.378902582876717702e+02
2.050896194334503662e+02
1.955494119522606979e+02
2.044375320753210588e+02
2.263093727324100826e+02
1.789359533714178951e+02
1.481481038240549708e+02
1.462906519517841843e+02
1.590541112006687285e+02
1.626553607218344553e+02
1.724138802732554154e+02
1.905447276938932646e+02
1.844550804271506479e+02
1.485132067711795685e+02
1.422470805850259694e+02
1.507185185355772603e+02
1.396052946197741562e+02
1.459170024469650571e+02
1.881707338697356420e+02
2.028394757260585664e+02
1.776865066123257861e+02
2.633936362668790139e+02
2.872985080779977238e+02
2.223926502745913467e+02
1.745755596115286039e+02
2.395530885478820267e+02
2.616573355984178306e+02
1.757422397066319775e+02
1.354979989193289214e+02
1.150415881681356609e+02
1.161479925405514280e+02
1.348498099910252392e+02
2.084969970405987283e+02
2.111059462315506323e+02
1.485937243410382393e+02
1.879081896149449733e+02
2.620512269504081360e+02
2.728893116842920108e+02
1.882794400860254029e+02
2.385367978802801474e+02
2.813577508426698728e+02
2.984739569314013465e+02
3.001259915397867530e+02
2.995766128136000930e+02
3.061768044478824322e+02
3.063168480423854021e+02
3.010284780444039257e+02
3.107160761609214319e+02
3.063309423656008903e+02
2.996322404084187383e+02
2.999808499985890080e+02
2.963430152129064936e+02
3.019102728830241062e+02
2.945749273474061738e+02
2.674294107739860351e+02
2.559827211684887800e+02
2.408898001592231424e+02
1.963099056474623580e+02
1.957506309071030728e+02
1.790046257121911992e+02
1.695150978187339774e+02
1.649809240523898666e+02
1.601555675659981830e+02
1.628639267175019256e+02
2.036245595170829290e+02
2.490237240506461092e+02
2.459757516854926109e+02
2.286745201196557957e+02
2.226737870408576043e+02
2.231667884741823968e+02
2.318108069143191301e+02
2.407762958754558440e+02
2.616916717688045537e+02
2.513176501237711307e+02
2.378661180106750805e+02
2.433440116740220844e+02
2.474150219891679114e+02
2.478260064565470202e+02
2.329888824196816017e+02
2.177860556772569964e+02
1.990591983121344981e+02
2.336876009961090688e+02
2.487217456787738570e+02
2.535204129148214065e+02
2.429012400096036970e+02
2.472103544233258958e+02
2.466267894663612026e+02
2.052680475677740617e+02
1.912617389025790828e+02
2.213091866623028068e+02
2.515744966734320371e+02
2.707942055322706665e+02
2.448751949578152960e+02
2.492498329805286517e+02
2.436651823158047421e+02
2.357225813650515818e+02
2.426304490763358501e+02
2.706531123605071230e+02
2.717400245837950479e+02
2.539540382631105899e+02
2.407945885077143089e+02
2.593037335610400760e+02
2.465519696016322087e+02
2.077633425353499774e+02
2.056496438718529873e+02
2.308318512092774313e+02
2.475439700526286515e+02
2.416165574424727822e+02
2.506934515328554482e+02
2.738928574851564122e+02
2.513603829122435798e+02
1.969330546611173247e+02
1.807842589275595913e+02
1.797928582349977944e+02
1.956270806695546014e+02
2.053208263100277975e+02
2.033162836816463539e+02
1.998660233464166822e+02
1.929914422282584496e+02
1.842160766909220797e+02
2.321369255631880719e+02
2.565202546655900733e+02
2.551827933562053943e+02
2.609916037358989911e+02
1.940946978688919842e+02
1.886045091576336006e+02
2.098137666839861026e+02
2.514169101447142225e+02
2.309197158199612261e+02
1.929505087150899953e+02
2.044421802031899631e+02
1.969717390801555439e+02
2.031592969113632421e+02
2.040940204318457063e+02
2.155567535754712196e+02
2.231306530284915652e+02
2.028313789871900212e+02
2.188944092645856188e+02
2.700094216204635131e+02
2.988464069193509545e+02
3.048039573908505417e+02
2.998559503045624410e+02
2.934742206801200837e+02
2.856956536612577793e+02
2.684463012000226172e+02
2.958297719324107220e+02
2.989578120485967361e+02
2.499818381500819555e+02
2.362476698746327770e+02
2.680510603915541878e+02
2.717359762143607895e+02
2.616762279891109415e+02
2.591555932276688168e+02
2.451010040084804302e+02
2.292601842311419205e+02
2.426085578934692535e+02
2.408820032995720339e+02
2.564034517104319661e+02
2.761224594661596825e+02
3.027466360202153624e+02
3.113363763220115743e+02
2.944245379199048784e+02
2.961803307374937049e+02
2.813129188996758216e+02
2.863018594991323198e+02
2.676654157180410607e+02
2.776525931726920362e+02
2.819263218387669667e+02
2.518535342851770338e+02
2.599667665106026675e+02
2.470025381257017330e+02
2.658539953056335889e+02
2.921955356973363678e+02
3.015715593070262912e+02
3.058700280085325858e+02
2.954202868611181998e+02
2.751788895087652236e+02
2.932389654341084224e+02
2.811134992201375553e+02
2.711883967634781811e+02
2.386885367642595952e+02
2.340192674104990829e+02
2.188705688668061669e+02
2.347160367720136662e+02
2.342332312320788219e+02
2.450551224882257770e+02
2.474490582803371410e+02
2.467266492457390541e+02
2.263697983947061516e+02
2.285929529725364091e+02
2.263882409665733633e+02
2.224250372300651861e+02
2.100215829816101234e+02
2.205845285335747121e+02
2.198705161170623512e+02
2.254011885226631478e+02
2.160941371329638230e+02
2.229346819599527976e+02
2.083413597267935984e+02
2.148745283559982227e+02
2.055863693569918951e+02
2.121276347250648087e+02
2.394496302178959866e+02
2.912925993738930401e+02
2.963218737280831192e+02
3.069428459086051930e+02
3.035669556192785876e+02
3.159051861379597312e+02
3.173501541467643392e+02
3.183791896811037532e+02
3.136141089173996193e+02
2.756315571873562931e+02
