2.818563000415155102e+02
2.866570664320844912e+02
2.981620825453563270e+02
3.098645691232538866e+02
3.136470956313082183e+02
3.152701918952193978e+02
3.106517520687997944e+02
3.072899561026886772e+02
3.008112155514332926e+02
2.960860187236368688e+02
3.062039435170526644e+02
3.111831380419453694e+02
3.140790716439020116e+02
3.165232372049197238e+02
3.169941975157691445e+02
3.096867407473649791e+02
3.039855870067002570e+02
3.112224222194184335e+02
3.145150960259301769e+02
3.011199412056960227e+02
3.031270328074249392e+02
3.091399109945257919e+02
3.006225915237196773e+02
2.857998616892871269e+02
2.600675259276325733e+02
2.629001850147283790e+02
2.747211238834792653e+02
2.878982665126994220e+02
2.843593918687426481e+02
2.857992619308525377e+02
2.888000033192731735e+02
2.821503316141279356e+02
2.646345364682765080e+02
2.438887422723397549e+02
2.260003471989300863e+02
2.282500410874957879e+02
2.261029058912640437e+02
2.312759723301740848e+02
2.395374948285796677e+02
2.549773760923202133e+02
2.566072196386217001e+02
2.854563500458118597e+02
2.938739596768485853e+02
2.976954704831586582e+02
2.878059037137552991e+02
2.910306548775371311e+02
2.954772639124147418e+02
3.025656589125441087e+02
2.974227303349779845e+02
2.982838335076008889e+02
3.092133814027765766e+02
3.063086013639081671e+02
3.012625337735464655e+02
2.866429721088689462e+02
2.662652796522302197e+02
2.522622696584260211e+02
2.379217456054936122e+02
2.092808813147537421e+02
2.121637701707556403e+02
2.437824350897888337e+02
2.764448296248116890e+02
3.033263025473545440e+02
3.132298137003646161e+02
3.140594295551654227e+02
3.121953803401130472e+02
2.946662405690895525e+02
2.867663724068088413e+02
2.703548824788517777e+02
2.691522168776664330e+02
2.586783354532549311e+02
2.732182791857258053e+02
2.783169755787327517e+02
2.737358707148732719e+02
2.664384599002503364e+02
2.793454113546372355e+02
2.870071754183414328e+02
2.861087372831585185e+02
2.802475979800371420e+02
2.592644493835672392e+02
2.669962352445228362e+02
2.828899837037237717e+02
2.815075405117365790e+02
2.395680825087494838e+02
2.137300393229788256e+02
2.137081481401122289e+02
2.212175735614021903e+02
2.189576837794465973e+02
2.051253050603149859e+02
2.071201016141326079e+02
2.063668050201473534e+02
2.292844744477473569e+02
2.440892115291387654e+02
2.534560888226996269e+02
2.458097685386890419e+02
2.426730319251997514e+02
2.339096615565573529e+02
2.182489192492380425e+02
2.312429856162653721e+02
2.440263868331036576e+02
2.301601217624116487e+02
2.223169307722101564e+02
2.201589999241538465e+02
2.358977108279842980e+02
2.164082606131388502e+02
2.226575935631207415e+02
2.428372157966992404e+02
2.720535483055353438e+02
2.544825753836913691e+02
2.506138336006487464e+02
2.835642621239369419e+02
2.913380310753216804e+02
2.547529164981330609e+02
2.742003836225496798e+02
2.369768261916212850e+02
2.465579671859792654e+02
2.715980317743794217e+02
3.056286252385653484e+02
3.155265886260542629e+02
3.162510968151737529e+02
3.152156138776615535e+02
3.084017583010166277e+02
2.923345297145783661e+02
3.031534221785516365e+02
2.823511007501443828e+02
2.848222554407234952e+02
2.726117734686337144e+02
2.869445006619150149e+02
3.015247781491195838e+02
3.078964618197806544e+02
2.783998921823302339e+02
2.236452457654656882e+02
2.845201271292426668e+02
2.978650521805703875e+02
2.861142850486795055e+02
2.526182262894215285e+02
2.424365771623186276e+02
2.437615934841830665e+02
2.834149222736962770e+02
2.986454878437258458e+02
2.801945193585660832e+02
2.386778910520437762e+02
2.376178180187086468e+02
2.302953672894367685e+02
2.198642186534980851e+02
2.881476160819265715e+02
2.923991536859174971e+02
3.064234551041534473e+02
3.052125428244909813e+02
2.897251307048005060e+02
2.903008988021139203e+02
3.082485200209505365e+02
3.082636639214268257e+02
2.995346297231710651e+02
2.948281753464588633e+02
2.883477854595081453e+02
2.677622767052454833e+02
2.678573384171455700e+02
2.875330136259660776e+02
3.089622325582454323e+02
3.069140575037393432e+02
2.843649396342635782e+02
2.617597443511431266e+02
2.171594580526025027e+02
2.471887631196766222e+02
2.872215890587472700e+02
2.893853675515419468e+02
3.061591115740587270e+02
2.992960758057685098e+02
2.996938655875841278e+02
3.054251571895926531e+02
3.029635986339687292e+02
2.949331330725316320e+02
2.911696488947791863e+02
2.803524057665011355e+02
2.719284986718998880e+02
2.527105890883655093e+02
2.492138474744465952e+02
2.510042763416394678e+02
2.368022964871231579e+02
2.471515780967251033e+02
2.905661419698606664e+02
2.860141253900843026e+02
2.973050277421677947e+02
2.860902947112913353e+02
2.968021302946705191e+02
3.015850538718070766e+02
3.037648759027301821e+02
2.786943735737686438e+02
2.875429096401385891e+02
2.745911262427576958e+02
2.861340770770245285e+02
2.549394413713254153e+02
2.607518503016271438e+02
2.650708607295219963e+02
2.770559834697725705e+02
2.838818342151114393e+02
2.899644343202463688e+02
2.573561679839552880e+02
2.488650879446676356e+02
2.267549932493933795e+02
2.160864902129214329e+02
2.427881855446622978e+02
2.834681508347760541e+02
2.855791505853169951e+02
2.558639689984178176e+02
2.465107362092465166e+02
2.386688946755232053e+02
2.090841605481716101e+02
2.438625028408216338e+02
2.228295742942713957e+02
2.142282886426071684e+02
2.134016715799797339e+02
2.292504381565779852e+02
2.399328855766568154e+02
1.943194573422964595e+02
1.834407389744615386e+02
2.208458732714959183e+02
2.452449460328088549e+02
2.059973538243712596e+02
1.886800787204059873e+02
1.835963762882666117e+02
2.399168420385284719e+02
2.572900446165294852e+02
1.929839452478247210e+02
1.826642017411317056e+02
1.948259533404019805e+02
2.211917839487099684e+02
2.180614947383937192e+02
2.520307629026311247e+02
2.621197493515728070e+02
2.697986065306660066e+02
2.590788241480271381e+02
2.270664178166120735e+02
1.766544722858129717e+02
1.650801840733329868e+02
1.772255922552575953e+02
1.746128945740888412e+02
1.645147618090180970e+02
1.561691231901453989e+02
1.984768328720392105e+02
2.635453751508584901e+02
2.653065657943597557e+02
2.605410352118294668e+02
2.467881244852958957e+02
2.558294828884224614e+02
2.184357440016476062e+02
2.638497525564694683e+02
2.797952301806634523e+02
2.899503399970308806e+02
2.831219402783445389e+02
2.770852216934642911e+02
2.592088217887485371e+02
2.563193355899650214e+02
2.299146706230099539e+02
2.041604436784889174e+02
1.783669325564947883e+02
1.861104137069270337e+02
1.953310998820294060e+02
1.881587387010416421e+02
1.764265640806264628e+02
1.857523579214102369e+02
1.961458717155714169e+02
2.043553651697668272e+02
2.061621374543053662e+02
2.317532301045877148e+02
2.560611395838260478e+02
2.702442270476492467e+02
2.894110072246254504e+02
2.913324833098007502e+02
2.848285529042880171e+02
2.818170158640424461e+02
2.627373505997068150e+02
2.043474183705071425e+02
1.685559341420374722e+02
1.776910048005861142e+02
1.799111605862426870e+02
1.795523551026824691e+02
1.846861373641194746e+02
1.986269224203232682e+02
1.748003190849330792e+02
1.725791137220157623e+02
1.924991904929770783e+02
2.486106404287453984e+02
2.902068866674745209e+02
3.029950859517905997e+02
2.981673304316601048e+02
2.958351697583228770e+02
3.013192109456256276e+02
2.851681661179376874e+02
2.418449154664854461e+02
2.314722432779300902e+02
2.439701594798505369e+02
2.413855005055039271e+02
2.259289759452006763e+02
2.568229827355056614e+02
2.575944220221405203e+02
2.715058189150441308e+02
2.609824574197699008e+02
2.473115636591818713e+02
1.943833316155921409e+02
1.766640684207683023e+02
1.879258824887687638e+02
2.238998432209963880e+02
2.505994393982159352e+02
2.094767024436838199e+02
2.182388732954565853e+02
2.741750438286834992e+02
2.869431512054371751e+02
2.924969143107737182e+02
2.435477796022119890e+02
2.150761971296665536e+02
2.514292051926256022e+02
2.282591874036249067e+02
1.934018269372029408e+02
1.749061764486579023e+02
1.828091933427208460e+02
1.836517040038679056e+02
1.784583957177867433e+02
1.741543792507594333e+02
1.631285701268141111e+02
1.599359060392887386e+02
1.505399404616449317e+02
1.479620287696887999e+02
1.479176466455208185e+02
1.559460130524364274e+02
1.680446400764543000e+02
1.792220381447706075e+02
1.587428365730585824e+02
1.429273565895862248e+02
1.432012962546362473e+02
1.436131803596675525e+02
1.459114546814440700e+02
1.511092611557854468e+02
1.530977602460385185e+02
1.547769339235943278e+02
1.679380330146860274e+02
1.989058100924595180e+02
1.976749558448431969e+02
1.850983213483681027e+02
1.778617860148673344e+02
1.768825304306082558e+02
1.857943410118393786e+02
1.835681876418356921e+02
2.109218203920972883e+02
2.425577283661282877e+02
2.226467979112961189e+02
2.015198572301064246e+02
1.897480985530008581e+02
1.707276594340919189e+02
1.642870035434401075e+02
1.803981644352204228e+02
2.015074122425863834e+02
2.054767635030501651e+02
1.961110857263587945e+02
1.940038344660347036e+02
1.964697412703102657e+02
2.029726220985623684e+02
1.941269348847571905e+02
1.980907383797000136e+02
1.738152158559357190e+02
2.042899915003844171e+02
2.367898514996029462e+02
2.435890129945977094e+02
2.203789613300806991e+02
1.727681875685553052e+02
1.682440597559925948e+02
1.737444443606408697e+02
1.763544431288535748e+02
1.701766313722097834e+02
1.827264266787319968e+02
1.897251577928735173e+02
1.897561952918694033e+02
1.983616792525764367e+02
2.079659109466705047e+02
2.045303446930910525e+02
2.014327423174660794e+02
2.002504685030605174e+02
1.846200139966936149e+02
1.819540877544449700e+02
1.912402975385384423e+02
2.158396896170416994e+02
2.215903234285691781e+02
2.174299491066529697e+02
1.846419051795602968e+02
1.692126696280356555e+02
1.839752736793893462e+02
2.138487914930497880e+02
2.369822240175335253e+02
2.260955588504389766e+02
2.120063335816464019e+02
1.796114313085005563e+02
1.614406999519551107e+02
1.676571961276370928e+02
1.859720194481196529e+02
1.900256367686590124e+02
1.871355508114407087e+02
1.697460048160940005e+02
1.765748543536063266e+02
1.617510749419132026e+02
1.475017141710553688e+02
1.397072535536734108e+02
1.398987264339518788e+02
1.413834284390557343e+02
1.426856539404015223e+02
1.446564601568310025e+02
1.516340497861493191e+02
1.513496143484920822e+02
1.478723648837008966e+02
1.552186560107520279e+02
2.155446084671684162e+02
2.513302450508997481e+02
2.386574992652637093e+02
2.073423121141894683e+02
1.845916754106539770e+02
1.889178829397652635e+02
1.938285550634932122e+02
2.699085122638251164e+02
2.968884955092675568e+02
2.737805527182586047e+02
1.916133472849228099e+02
1.785311164279943625e+02
2.154718877569609390e+02
2.636749229727540751e+02
2.547383723560916451e+02
2.294071250476437740e+02
2.173839176467896550e+02
1.975329630354275423e+02
1.531319464768164949e+02
1.474826718407535395e+02
1.743948823830747585e+02
2.227688487527578047e+02
2.294706994417220756e+02
2.529599386575927156e+02
2.295720586171867126e+02
1.947559315431504672e+02
1.813694732202196178e+02
2.095080398218969151e+02
1.761031443447136269e+02
1.607815654322180023e+02
1.533285173037899369e+02
2.075804162127660391e+02
2.339558429560293291e+02
2.189375918718841376e+02
2.059009426559928500e+02
2.648516490216385932e+02
1.732336001138838526e+02
2.008983575521469618e+02
2.064135861780540893e+02
1.353507582236096880e+02
1.420307177297073622e+02
1.281230693270208008e+02
1.259603404114868681e+02
1.225525129855124078e+02
1.342807891761020187e+02
1.281085251849792428e+02
1.231738627238632517e+02
1.492728008287291175e+02
1.432774655758433369e+02
1.341447939510334777e+02
1.321744375534300957e+02
1.376931147903367787e+02
1.337084696897881031e+02
1.426303262248003136e+02
1.467905506071079174e+02
1.453443830814336764e+02
1.454941727505004110e+02
1.574905409614016492e+02
1.586806116354583764e+02
1.621236748694715288e+02
1.787611237877024166e+02
1.761997054527005275e+02
1.481864883638758954e+02
1.454395947329425667e+02
1.559347675817857919e+02
1.674969106859630870e+02
1.709548179412351203e+02
1.804497436606047529e+02
2.032239208827023162e+02
2.197499646716873656e+02
2.264527149983036907e+02
2.328341447435285829e+02
2.709898767215920543e+02
2.888227941397918244e+02
3.001688742678680342e+02
2.778191760779303650e+02
2.821939640402524674e+02
2.970925633166747275e+02
2.984721576560970675e+02
2.734364413163485779e+02
2.004043065415614819e+02
1.889306278065025140e+02
2.083019256097121001e+02
1.848006912251474887e+02
1.948208553937069212e+02
1.993320883999236912e+02
2.600187955548131526e+02
2.838584436361580856e+02
2.842031547965027585e+02
2.889205547646482160e+02
2.738874596592440298e+02
2.948721076518007749e+02
2.652082054110687181e+02
2.261005068575251471e+02
2.497759710673706195e+02
2.490190759227772332e+02
2.184048564422603818e+02
2.119525052621319503e+02
2.031056185314573952e+02
1.774085185778416189e+02
1.602849654482851918e+02
1.647791053391127889e+02
1.788092544020871912e+02
1.617554231905647555e+02
1.449046102091887462e+02
1.641441110963725123e+02
1.340740224557387137e+02
1.320475886444907019e+02
1.419686427317157325e+02
1.781757595554336433e+02
1.912029625759782618e+02
2.189047550975841716e+02
2.363649226486169539e+02
2.711602081170473184e+02
2.291262881605947541e+02
2.531326690867868194e+02
2.891036310268409011e+02
2.960684757894218251e+02
2.999667556753734061e+02
2.804910999045260382e+02
2.653501982204843443e+02
2.796227996306867567e+02
2.856052400772264264e+02
2.814637581460032720e+02
2.544044568475715664e+02
2.462651351302361604e+02
2.563820103463914393e+02
2.210030099813876348e+02
1.773025112745081344e+02
1.885979118148518978e+02
1.842947949854766136e+02
1.822211301974959099e+02
1.998372349415510882e+02
2.437019175199301628e+02
2.600522320875477362e+02
2.470394232694358152e+02
2.393275793764341586e+02
2.330065752935054775e+02
2.306852102719929007e+02
2.293918312075588801e+02
2.307474352095930783e+02
2.336067835470330749e+02
2.127575310211101396e+02
1.801141788163891704e+02
1.670797786946282031e+02
1.815344067897625564e+02
2.255628234208152492e+02
2.632930267894577128e+02
2.843151596841832998e+02
2.864351558112448402e+02
2.872224886963992958e+02
2.944491280157275241e+02
2.732433191003745492e+02
2.601039612525407847e+02
2.329792862847264132e+02
2.550574438433528428e+02
2.910176101315824440e+02
3.033972239822579127e+02
3.044673429693741582e+02
2.559524333675362868e+02
2.505639037109598064e+02
2.757354653361684313e+02
2.953412686873462007e+02
2.808882899279071239e+02
2.781352487730180769e+02
2.610226412348949907e+02
2.451014538273065000e+02
2.547350736847007227e+02
2.653314557693998950e+02
2.769630209123939721e+02
2.639257719380678964e+02
2.483028144121347225e+02
2.607561985502787820e+02
2.740373992679195112e+02
2.689544465338235000e+02
2.602852382394292476e+02
2.129857391055141136e+02
1.841797913056226434e+02
1.924879450223264996e+02
2.103258104476125538e+02
1.872734952514222186e+02
1.592565296723804806e+02
1.538315646908959309e+02
1.741386355918485549e+02
2.117440892060731414e+02
2.180276083868331511e+02
2.726339645307178330e+02
2.801207490710978618e+02
2.794152832122799737e+02
2.558600705685922492e+02
2.295830042086199398e+02
2.020723846880752603e+02
2.609928032527685104e+02
2.820729627760514973e+02
2.817406966032267519e+02
2.584340838307228410e+02
2.746493028109238708e+02
2.805431289487362960e+02
2.795065964339633524e+02
2.371410100631208309e+02
1.765453162506973399e+02
1.908766939875006585e+02
1.699680653765422846e+02
1.552314008774895626e+02
1.511076118200899714e+02
1.549555119975267132e+02
1.577280453015435171e+02
1.746797676395580083e+02
1.900673199798708595e+02
1.774314593379690166e+02
1.817042883663917507e+02
1.856691414385952896e+02
1.925158337895401246e+02
1.820594952993438085e+02
1.805113688397703982e+02
1.943476459887274075e+02
2.070962612163532128e+02
2.072904330095877867e+02
2.028471226461010701e+02
2.035055074677947289e+02
1.936739673269488549e+02
1.903399101884426727e+02
1.812381261230199527e+02
1.864294851941882598e+02
1.836780933749947167e+02
1.664336889208458672e+02
1.704007910871795559e+02
1.929948908392579483e+02
2.073289674890174297e+02
2.682842164830444176e+02
2.875141212352729099e+02
2.834309658118245352e+02
2.938151833502479917e+02
2.778616089871856047e+02
2.794406230061462111e+02
2.824494611334355341e+02
2.469022285274978969e+02
2.185972289601909893e+02
2.335363119309555486e+02
2.823299592653211221e+02
2.742725045743225110e+02
2.583736581684266866e+02
2.299235170599218065e+02
2.292553861636643830e+02
2.141332269307069396e+02
2.127779228078900360e+02
2.262747366828059512e+02
2.156107318345943327e+02
2.252197615961659665e+02
2.152072443476488672e+02
2.034888641712317394e+02
1.973897707091425673e+02
1.957408848325391943e+02
2.181682517397706533e+02
2.618751978498232802e+02
2.757501594178186224e+02
2.725263078916888162e+02
2.589915592957779609e+02
2.632011138093396880e+02
2.408508158609675718e+02
2.057931360773552854e+02
2.282285997234550621e+02
2.650720602463913451e+02
2.499494511946080593e+02
2.437467494629242424e+02
2.084277249413907498e+02
2.095660664504542865e+02
2.176172236778886315e+02
2.251903734328655560e+02
2.215940719187860850e+02
2.295564648978845241e+02
1.962086964116064394e+02
1.985712948255046513e+02
1.993266905740113941e+02
2.064722125650461066e+02
1.951382775452728140e+02
2.093892876518261517e+02
1.985961848005448189e+02
2.305070820168865566e+02
2.699155594254327752e+02
2.758266286182430349e+02
2.713941139065809125e+02
2.548155912545595356e+02
2.990566222507138718e+02
3.025421183939822072e+02
2.989719063718122811e+02
2.888682258412205215e+02
2.861015401819420845e+02
2.657998671069017860e+02
2.879886800967307749e+02
3.110700835770041408e+02
3.128276756698972463e+02
3.111137160031286726e+02
2.960230440879931280e+02
2.968884955092675000e+02
2.797079653284143319e+02
2.971837265987494447e+02
2.635857089055921278e+02
2.408454180350552178e+02
2.591474964888004138e+02
2.763470689999553542e+02
2.668029630889402597e+02
2.658565442789810049e+02
2.673018121670032770e+02
2.805780648775576651e+02
2.872230884548340555e+02
2.792163133515678624e+02
2.535775399057266384e+02
2.431504396392220997e+02
2.459570092344081900e+02
2.612625446087755563e+02
2.462699331977138115e+02
2.592884397209551821e+02
2.891884968453509828e+02
2.868741789854464059e+02
2.808876901694723642e+02
2.593271241399935434e+02
2.456974637717910923e+02
2.701193273536226229e+02
2.651420820436428016e+02
2.788164244152305855e+02
