2.653786867461326437e+02
2.786369467036459469e+02
2.801042557141435623e+02
2.577962407354177117e+02
2.274024324796536689e+02
2.210787294837687682e+02
2.337642201361421428e+02
2.477874719771174625e+02
2.623819937271461527e+02
2.573480712450869419e+02
2.512098435451334808e+02
2.487502342044222416e+02
2.356228715252824202e+02
2.844271645718638410e+02
3.063477356017723991e+02
2.937555073859950880e+02
2.792920328539487400e+02
2.633408575246252781e+02
2.788793990508740990e+02
2.494023215625515206e+02
2.314175153207635844e+02
2.339717365545488974e+02
2.383889574261262112e+02
2.464885451471623981e+02
2.463541992577894177e+02
2.398042373924131994e+02
2.320546087180252925e+02
2.342140389621684449e+02
2.368931598899804385e+02
2.586263064090446733e+02
2.826665736867973919e+02
2.990365303431512984e+02
2.976199009203862147e+02
2.926396568182327655e+02
2.728338340290820270e+02
2.407806441241074538e+02
2.470886034610814477e+02
2.351902957542538104e+02
2.300497662104264407e+02
2.269587611775832272e+02
2.814819008386530754e+02
2.809569622686804564e+02
2.929441841634525758e+02
3.085385032241287604e+02
3.139441259960943285e+02
3.130942682941220028e+02
3.134674679801149750e+02
3.049062162039672330e+02
2.911724977473439822e+02
2.809844012170680116e+02
2.803789450772368355e+02
2.825227816020777141e+02
2.764767667614595439e+02
2.892177350690428170e+02
2.988369607240043706e+02
3.020213781330525080e+02
2.832640830273688266e+02
2.670296717772574198e+02
2.550100629270114041e+02
2.614633137447918330e+02
2.536190731773297671e+02
2.460027408150542101e+02
2.519045137521266327e+02
2.515689489079111354e+02
2.784046902498077998e+02
2.640895059907414861e+02
2.450990547935676318e+02
2.661873110557190785e+02
2.885034227733132752e+02
2.843961270728680688e+02
3.034233134741674007e+02
3.148819982483587410e+02
3.155022984094488834e+02
3.124327347406460831e+02
3.061070825298484692e+02
3.082701113245996680e+02
3.072362777227827451e+02
2.936064674149716893e+02
2.796343449805548289e+02
2.815630181669463923e+02
2.823909846860519224e+02
2.770457875763827360e+02
2.686754089220785886e+02
2.562554613166693684e+02
2.366586543420120279e+02
2.378385291226788638e+02
2.445247860923409462e+02
2.505319665743118662e+02
2.423596581430680885e+02
2.269416680621941964e+02
2.362554667342839139e+02
2.182054367627220870e+02
2.432928822674637388e+02
2.592166186483998445e+02
2.554108515010007068e+02
2.206906857765168866e+02
2.090175873619197375e+02
2.207355177195108524e+02
2.249008400485134302e+02
2.310090798267317496e+02
2.520471063199768480e+02
2.720390041634938143e+02
2.655826046139310961e+02
2.594016441255051291e+02
2.279811993691406826e+02
2.260855128966576899e+02
2.306696165526906270e+02
2.315897959311315617e+02
2.143148037968129529e+02
2.057504032888827794e+02
2.080119424065338762e+02
2.354131060127455726e+02
2.604134366048468223e+02
2.018267836090649610e+02
2.480987466047275802e+02
2.871148320573703927e+02
2.751988314767190786e+02
2.408166296301895102e+02
2.012532646058816113e+02
2.012063335083661570e+02
2.074415721351326169e+02
2.177161838196142583e+02
2.143878243862377531e+02
2.044997570129212363e+02
2.210703328656829854e+02
2.208560691648857812e+02
2.189251468843640112e+02
2.050098515616349744e+02
2.065329381065595840e+02
2.128473448467067328e+02
2.382390178174507582e+02
2.304823419814550789e+02
2.363040471674947582e+02
2.336049842717288527e+02
2.159278541069427888e+02
2.007787057444238883e+02
1.963502394021959674e+02
2.129278624165654605e+02
2.182015383328965470e+02
2.123236057936036616e+02
2.141464216162704872e+02
2.073953907356606123e+02
2.608614561555688169e+02
2.656191898784479690e+02
2.734329927053489087e+02
2.916323625271514288e+02
2.977353544190662546e+02
2.909615327179377005e+02
2.816907667135377551e+02
2.728468787750367710e+02
2.702695668415154842e+02
2.847640788725574907e+02
2.579166422411840927e+02
2.233182274789444932e+02
2.896572080620703673e+02
3.112865963719312390e+02
2.950541343367328864e+02
2.504548976154528077e+02
2.852290415990598831e+02
3.001238923852652647e+02
2.859499512375711561e+02
2.830274783248790982e+02
2.650582658023931799e+02
2.617921313066170228e+02
2.526725044277619077e+02
2.514382015691460595e+02
2.202981438810046484e+02
2.382477143147539778e+02
2.292583849558377267e+02
2.451540826299515459e+02
2.392926434476128463e+02
2.212399145630947999e+02
2.029009509656155217e+02
1.980246150122741824e+02
2.150124727959795052e+02
2.156720571345425697e+02
2.395871248390512278e+02
2.168282414570385868e+02
1.892849351018025459e+02
1.845487926825728096e+02
2.000948311892554443e+02
2.138246512160529846e+02
2.120418692689025306e+02
2.175893349106748644e+02
2.362293772423743405e+02
2.666450766810049799e+02
2.712993520738980351e+02
2.717979012727437862e+02
2.644700527175596676e+02
2.598487640385752115e+02
2.470730097417792877e+02
2.202853990142671705e+02
2.079006872168965572e+02
2.462673842243663671e+02
2.628363107414325555e+02
2.624242766967926173e+02
1.995427535501125362e+02
1.755309747980082591e+02
1.977827624234807899e+02
2.807522947028384692e+02
2.996709248274570427e+02
2.861987010483637732e+02
2.550189093639231714e+02
2.664189677511225227e+02
2.483678882022999517e+02
2.292315457658849027e+02
2.632582408002450620e+02
2.423320692550717581e+02
2.667890187053333761e+02
2.803669499085427219e+02
2.959032423406615635e+02
2.971844762967928091e+02
2.593484155644254088e+02
2.547892018834326961e+02
2.448477560094276271e+02
2.134935845600976734e+02
2.283014703732713997e+02
2.471200907789032613e+02
2.448510546808185495e+02
2.476456291073106399e+02
2.396817367321254721e+02
2.421477934760097810e+02
2.485377697789291460e+02
1.964408029258359534e+02
1.920853571730330316e+02
2.067173638252304499e+02
1.955089282579183703e+02
1.862587039799069544e+02
1.907993251494240496e+02
2.232477558628670806e+02
2.499274100721328011e+02
2.222346139270473770e+02
1.960945923694044666e+02
1.936672200445585474e+02
2.062849379938105585e+02
2.345076207159547721e+02
2.701863503587006221e+02
2.756318570665736161e+02
2.114538061236776230e+02
1.735568699101879702e+02
2.373557235827439342e+02
2.671623683309351804e+02
2.798273172569200824e+02
2.843521947675261003e+02
2.663269048313957796e+02
2.583504175290818807e+02
2.517004459447194051e+02
2.356186732162395003e+02
1.963737799207581531e+02
1.709797079162752027e+02
1.646138718903524989e+02
1.783159530895450757e+02
2.198024435347238068e+02
2.648171629116432086e+02
2.212325675222697896e+02
2.074529675453920277e+02
2.754328872058615048e+02
2.968811484684425182e+02
2.919835210906692282e+02
2.454101794815691164e+02
2.143411931679397071e+02
2.277373975654344918e+02
2.599286818499991796e+02
2.673075098721330392e+02
2.771829823183206827e+02
2.811199466233106250e+02
2.947608524621637116e+02
2.884648882938836891e+02
2.851758130379802196e+02
2.877190886803322769e+02
2.886482644352935836e+02
2.803933392796696467e+02
2.711135768987492725e+02
2.760169019816520972e+02
2.475525166103231527e+02
2.412668982750418820e+02
2.462472923168037653e+02
2.604363773649741347e+02
2.428411142265247520e+02
2.121634702915382888e+02
1.881690845340402234e+02
2.053344708144172728e+02
1.860807256644092718e+02
2.118415499517121248e+02
2.683471911186881584e+02
2.816277920778941279e+02
2.837566346418674357e+02
2.913747662794472717e+02
2.546676008607967958e+02
2.413249249035990829e+02
2.166076802926770881e+02
2.349488929842864877e+02
2.891052803625362912e+02
2.774699667293254493e+02
2.299629511770034469e+02
2.083613016947474819e+02
1.822665618989244649e+02
1.840440959597714539e+02
2.071994196671218447e+02
2.359309974211103622e+02
2.333007568057265075e+02
2.028634660634465945e+02
1.856869842520277416e+02
1.844315399085886327e+02
1.904941980457696502e+02
1.842214745168344336e+02
1.856586456659880469e+02
1.862305153334760632e+02
1.952148966853058880e+02
1.942290437582651634e+02
1.786581152765423610e+02
1.903192185224454533e+02
2.433976900539278745e+02
2.463497010695291749e+02
2.714621864889195990e+02
2.792029687263956816e+02
2.111924613857564168e+02
1.580216270553299864e+02
1.486177146784263243e+02
1.632500212098410941e+02
1.642810059590930791e+02
1.650205081090802253e+02
1.561845669698389827e+02
2.005248579869364676e+02
2.441016565166588350e+02
2.316247318599528455e+02
2.379250442768845346e+02
1.958623359155662058e+02
2.512939596656003118e+02
1.873126294892863655e+02
2.053220258268972032e+02
2.623574036313232796e+02
2.770651297859018882e+02
2.500902444871542798e+02
2.016621499187394306e+02
2.837125523969169194e+02
2.816268924402421590e+02
2.648558473306813426e+02
2.682651741527425884e+02
2.699346017557344908e+02
2.293777368843434203e+02
2.340464064796693151e+02
2.589602219175646951e+02
2.464558583124712641e+02
2.006416609420946600e+02
1.891889737522502912e+02
2.025913256737008510e+02
2.719727308564593500e+02
2.966694337409929290e+02
3.100828811934853775e+02
3.136553423097855102e+02
3.153752995609008849e+02
3.105255029182951603e+02
2.996595294171976320e+02
2.991326416323123567e+02
3.049083153584886645e+02
2.939097952433221508e+02
2.771829823183206258e+02
2.078252675937328888e+02
1.891361950099966407e+02
2.028655652179681113e+02
2.604848078585761755e+02
2.639846982042773789e+02
2.537615158055714062e+02
2.754957119018965273e+02
2.987955773920099887e+02
2.953139796785671365e+02
2.955909181357906732e+02
2.693967683794159598e+02
2.764139420654245782e+02
2.705787423146041419e+02
2.595151484092725127e+02
2.686185818103906513e+02
2.891555101314426111e+02
3.045776985213594799e+02
2.967487517939820236e+02
2.820572191171406757e+02
2.888104990918804447e+02
2.898324874646120293e+02
2.324006693348481463e+02
1.968110038196554683e+02
2.389545296300498762e+02
2.278993323428040014e+02
1.854002997202403265e+02
1.583420479990693082e+02
1.744053781556820297e+02
2.222343140478300256e+02
2.547685102174353915e+02
2.465723613884120482e+02
2.648517989612471979e+02
2.930525905005248433e+02
2.911693490155619202e+02
2.814980943163899383e+02
2.663766847814761149e+02
2.602108681935263235e+02
2.730926297936558740e+02
2.690517573398539071e+02
2.626541341168920098e+02
2.368144415954257909e+02
1.951462243445326123e+02
2.182977995616661246e+02
2.658466482648084934e+02
2.713306894521111872e+02
2.569550795307488329e+02
2.434994990482184392e+02
2.871035865867196435e+02
2.884359499494092347e+02
2.860150250277364421e+02
2.760590350116899003e+02
3.025863505785414986e+02
2.653765875916111554e+02
2.368609228741151753e+02
2.348524818159082201e+02
2.280200337277876486e+02
2.257952298142620009e+02
2.253425621356711872e+02
2.076562856547558056e+02
2.307355899805078820e+02
2.749445339004057018e+02
2.729942694103646659e+02
2.438490082760409052e+02
2.506936014724641382e+02
2.834951399643376249e+02
2.834852439501650565e+02
3.037878166628572671e+02
2.531595082767397002e+02
2.437146623866676123e+02
2.060831192805334808e+02
2.488353999021497884e+02
2.500996906825008637e+02
1.850235014836390803e+02
2.421672856251375947e+02
2.803425097523286809e+02
2.888256429923567339e+02
2.805447782844318567e+02
2.507421819056748973e+02
2.087616404499108285e+02
1.880102984884529747e+02
2.154994766449571841e+02
2.139270599687782806e+02
2.007476682454280876e+02
1.991133265108663295e+02
1.777193433866257521e+02
1.649506362514374302e+02
2.355485014793793823e+02
2.774267841220269020e+02
2.493888269977707637e+02
2.702155885823922858e+02
2.567211737412150683e+02
2.211148649294594861e+02
1.999111551686280848e+02
1.805580000580683873e+02
1.644081547472498528e+02
1.591617678396976601e+02
1.488072383437920223e+02
1.723467073285688116e+02
1.675946713108194785e+02
1.999495397084489809e+02
2.388609673142362340e+02
2.507624237528459901e+02
2.262266060684212050e+02
2.244732122845710762e+02
1.914223242234704117e+02
1.800312622127916313e+02
1.723074231510958612e+02
1.610779960385692675e+02
1.530113950314415092e+02
1.579319631693420547e+02
1.977827624234807331e+02
2.599709648196456442e+02
2.695386112492228108e+02
2.825361262272497811e+02
2.913728170645344449e+02
3.079340966615581010e+02
3.078415839230053734e+02
2.800732182151476763e+02
2.471688211517228240e+02
2.502205420070931439e+02
2.620330842577584463e+02
2.819918454477581236e+02
2.714342977217058888e+02
2.400129533276893028e+02
2.851903571800216355e+02
2.453705954248787577e+02
1.727080617854765876e+02
1.642378233517946455e+02
2.375298034684161905e+02
2.871722589274930897e+02
3.050467096172959600e+02
2.809995451175441872e+02
2.598765028661800898e+02
2.539125049915074896e+02
2.460595679267421758e+02
1.938846324771377283e+02
2.659184693373639448e+02
2.816136977546787534e+02
2.680635053790743996e+02
2.309453554930446728e+02
1.999927223157475282e+02
2.399711201768689932e+02
2.422173654544351109e+02
2.910786355523133011e+02
2.736154692091069478e+02
2.422206641258259765e+02
2.193368810497866264e+02
2.785912151229999836e+02
2.441824739657349426e+02
1.907631897037333033e+02
2.312807703976515086e+02
2.805489765934747197e+02
2.789639649901670282e+02
2.666333813915283599e+02
2.748155858369447628e+02
2.597463552858499156e+02
2.698498858768330138e+02
2.857674747338132306e+02
2.497975623710198647e+02
2.376956366756111265e+02
2.851429762636802252e+02
2.887848594187969979e+02
3.117767489526913209e+02
3.113575178068347782e+02
3.080222611514593609e+02
3.026146891645812502e+02
2.871908514389688776e+02
2.993275631235903802e+02
2.751608967557241954e+02
2.512072945717859511e+02
2.584367827436789185e+02
2.599562707379954531e+02
2.532640161839863993e+02
2.281072985800367690e+02
2.223787058909844347e+02
2.642314988001569986e+02
2.836576745001416384e+02
2.849787923921806509e+02
2.896240714085532204e+02
2.971708317924033054e+02
2.579398828805286712e+02
2.001997889153281278e+02
2.081759763384247606e+02
2.473626930657401601e+02
2.861954023769728792e+02
2.871917510766209034e+02
2.876355723183001487e+02
2.673875776231655550e+02
2.495692043470073145e+02
2.289040776605377516e+02
2.124156687133302057e+02
2.228858016475247155e+02
2.544211001441344422e+02
2.628367605602585968e+02
2.574014497457753805e+02
2.430318374087597988e+02
2.673809802803838238e+02
2.522340810119951300e+02
2.389420846425297498e+02
2.764509771487673788e+02
2.939070963303659028e+02
2.798028771007058140e+02
2.917179780437051022e+02
2.779391277648707614e+02
2.483431481668685592e+02
2.869328053724384517e+02
2.901473606428302787e+02
2.757573565190349996e+02
2.702304326036510815e+02
2.592467565097434772e+02
2.429957019630691661e+02
2.290217802533479983e+02
2.138375460223991240e+02
1.921673741389784595e+02
1.591206843869206011e+02
1.869497756362919176e+02
2.580763279244233672e+02
2.155332130569092044e+02
1.908729454972837516e+02
2.517767652055352414e+02
2.336667593905032732e+02
1.867121213565414735e+02
1.822037372028895277e+02
2.158171986757403431e+02
2.700933878013218532e+02
2.769699181343929695e+02
2.817826796936558935e+02
2.841868113791571773e+02
2.495945441408733814e+02
2.458339088156857599e+02
2.305567120273580599e+02
2.044210387183667308e+02
2.324679922191433548e+02
2.377847008031642986e+02
2.254500688350913435e+02
2.309886880399518532e+02
2.380775328589074036e+02
2.354732317958244323e+02
2.736665986156652934e+02
2.841229371058614674e+02
2.830906029001313868e+02
2.644301687816520143e+02
2.803128217098109758e+02
2.932085276935472393e+02
2.947181196736912625e+02
2.812172574293409184e+02
2.818180654413033039e+02
2.484875400100229399e+02
2.378229354033765333e+02
2.570591376191694621e+02
2.651135935179945591e+02
2.711084789520542699e+02
2.924856688401231963e+02
2.621854229001725116e+02
2.781433455118865936e+02
2.998105186031338576e+02
2.851635179900687831e+02
2.287466410714286269e+02
2.733512756186208890e+02
2.935073573336372874e+02
2.802945290775525677e+02
2.682215417266181134e+02
2.857401857250343369e+02
2.636743232143193723e+02
2.390633857859481282e+02
2.518568329565678425e+02
2.493030615416083720e+02
2.612550476283417993e+02
2.885215654659630218e+02
3.041641650806326425e+02
2.881895991723555994e+02
2.654671511152511698e+02
3.055053748802341147e+02
3.157888330016274949e+02
3.149917540419090187e+02
3.010029883109292541e+02
2.826812677684475261e+02
2.631445865768691306e+02
2.930950234097799694e+02
2.904976195686961660e+02
2.751635956686803866e+02
3.016520768768849052e+02
2.857088483468212416e+02
2.551148707134755114e+02
2.497230423855082222e+02
2.382445655829717452e+02
2.070503796960984744e+02
2.611823269181341516e+02
2.929581285470593457e+02
2.699037141963473800e+02
2.847136991640425663e+02
2.934554782290355774e+02
3.093046946244600122e+02
3.052171909523599425e+02
2.823350572120160109e+02
2.311183858014560428e+02
1.819609849764440526e+02
1.835662384269229221e+02
1.870682279271455570e+02
2.077475988764390138e+02
2.467229007555221187e+02
2.285305780953273711e+02
2.207884464013732213e+02
2.245360369806060987e+02
2.245969124617282660e+02
2.355814881932880382e+02
2.285335768875009137e+02
2.544261980908293310e+02
2.657506869152562103e+02
2.796069060321672737e+02
3.008530487022537159e+02
3.088569749529552269e+02
3.073971629228914821e+02
2.847169978354334035e+02
2.584886618482805716e+02
2.272887782562777375e+02
2.448006749723035114e+02
2.496071390680020556e+02
2.227111220034178984e+02
2.363394329151421402e+02
2.041674908400966046e+02
1.992704632207581881e+02
1.877831399813097732e+02
1.837677572609825916e+02
1.880542307937949715e+02
1.914023822555165566e+02
1.904222270336054805e+02
2.027303196909429346e+02
2.271566814610346796e+02
2.548373324978173855e+02
2.947373119436015827e+02
3.098735654997743154e+02
3.146435942705649040e+02
2.996070505541612761e+02
2.863723311152098745e+02
2.943795560373020521e+02
3.004102770378352716e+02
2.881776040036615996e+02
2.696531651102508249e+02
2.777274130374210586e+02
2.529602385368101523e+02
2.452431467575046611e+02
2.225135015991836553e+02
2.049077426881270299e+02
2.397190716946855957e+02
2.535507007157737007e+02
2.524925768973514835e+02
2.526548115539382877e+02
2.564479837742085238e+02
2.660213279089153389e+02
2.504650935088427275e+02
2.458376573059026384e+02
2.429570175440309185e+02
2.360669926461789316e+02
2.371900403151576313e+02
2.830504190850062969e+02
3.029905877635302431e+02
3.157284073393313406e+02
3.163791452409825524e+02
3.172637889321674720e+02
3.149290792854827714e+02
3.151886247480999828e+02
3.120277478576137469e+02
3.105523421082480127e+02
3.095817830212920398e+02
3.121532473100751872e+02
3.099954664016274819e+02
3.100052124761913319e+02
2.963266717955608556e+02
2.867098451743381702e+02
2.404042957063322774e+02
2.370402506460909819e+02
