2.187360730378243545e+02
2.277059102476126782e+02
2.201817907446725542e+02
2.298902304667959413e+02
2.198777132182788421e+02
2.298199087903271618e+02
2.231630399839655468e+02
2.336705078807200380e+02
2.254127338725311915e+02
2.314582988943232067e+02
2.269175277851975068e+02
2.230967666769309687e+02
2.126956059627272850e+02
2.240272918883703994e+02
2.290093352658278434e+02
2.539011095812482779e+02
2.824254707960473638e+02
2.801255471385753140e+02
2.730753867386580964e+02
2.800204394728939405e+02
2.839584533551445134e+02
2.784534206226273341e+02
2.676916551495592671e+02
2.599622683223424815e+02
2.645232812786395016e+02
2.635201852966010847e+02
2.388914050547974171e+02
2.408596622978793960e+02
2.152223882481250143e+02
2.151748573921749141e+02
2.189489872821434631e+02
2.324519486810150681e+02
2.396761889666045136e+02
2.343326411926306321e+02
2.336250761792914830e+02
2.444177292117465470e+02
2.493405464437772423e+02
2.626394400352417051e+02
2.234413278976670654e+02
2.189038554599322026e+02
2.169952741811029568e+02
2.241379473195729020e+02
2.420191452917662218e+02
2.789002406564799799e+02
2.873595334987286947e+02
2.982072143675677580e+02
2.944768668433325729e+02
2.869845345374315002e+02
2.867935114759789599e+02
2.826178433139779145e+02
2.823761406647930698e+02
2.664718964329848632e+02
2.680744509705075416e+02
2.668462956358473548e+02
2.686314766167367338e+02
2.593193272803422929e+02
2.393052383747416343e+02
2.336355719518988110e+02
2.381760431818071595e+02
2.712660654807720562e+02
2.901368648702230075e+02
2.907210295856224320e+02
2.824466122808706814e+02
2.853043112826148331e+02
2.976230496521682767e+02
2.782742427902601889e+02
2.803621518410652129e+02
2.959614189088276817e+02
2.904388432420954018e+02
2.686889034868593171e+02
2.776531929311267390e+02
3.031912069599379151e+02
2.664144695628622230e+02
2.616295967708128956e+02
2.880276643949861750e+02
2.995376285153445792e+02
2.718551782032577648e+02
2.629697569931536805e+02
2.567859476521627471e+02
2.783976430882001409e+02
2.762340145350140688e+02
2.768015359538504185e+02
2.884325013384097360e+02
3.007867753952193652e+02
3.010032881901464634e+02
2.936659934396159315e+02
2.666707163540884835e+02
2.507856643921906823e+02
2.370859822267369736e+02
2.459256718561950379e+02
2.190226076300029945e+02
2.236881284935467136e+02
2.116304349826972100e+02
2.235642783767808339e+02
2.603855478376332258e+02
2.812809817630280804e+02
2.739448865293668405e+02
2.777897879146300397e+02
2.516436188330312973e+02
2.270875593014352773e+02
2.632453459938990363e+02
2.860255208003435428e+02
2.888069005412722845e+02
2.905033172738257008e+02
2.977872335236678509e+02
2.911092232324830889e+02
2.699377504875167801e+02
2.569379864153596600e+02
2.646157940171921155e+02
2.856562195441761673e+02
2.959989038109963531e+02
2.850195759657403300e+02
2.763655115718224238e+02
2.624806539896545132e+02
2.452591902956329477e+02
2.272754336311055852e+02
2.707451752802337523e+02
2.754637747652485587e+02
2.585813245264419606e+02
2.296026462973564151e+02
2.459696041615369495e+02
2.706271728082061827e+02
2.776289027145213595e+02
2.442725876705486883e+02
2.056165072183356699e+02
2.346852991522351886e+02
2.474271670974705444e+02
2.407125715417688525e+02
2.196033237344028350e+02
2.185838843350187517e+02
2.297329438172954497e+02
2.392262202009696352e+02
2.233666579725466477e+02
2.448105709864760797e+02
2.626754255413238184e+02
2.564689753194230661e+02
2.583391720584313020e+02
2.667732750464224978e+02
2.399390331006124768e+02
2.572795488439222709e+02
2.681935030197958554e+02
2.699393998232121703e+02
3.015769571329387304e+02
2.980419809188074396e+02
2.710885369841004717e+02
2.700623503023259673e+02
2.625760155807720366e+02
2.985235869418729067e+02
2.969742609654298917e+02
2.681017399792864921e+02
2.595250444234450242e+02
2.801925701436532563e+02
3.041383754679405342e+02
3.137255140466453440e+02
3.114512300622569114e+02
3.078996105515627733e+02
3.123231288867043531e+02
3.096790938273223901e+02
3.059553436458688793e+02
3.104902671102563545e+02
3.115456920157224658e+02
3.110703834562214070e+02
3.079327472050800907e+02
3.049012681968808351e+02
2.979520171536022417e+02
2.931969823436793945e+02
2.677802694582864547e+02
2.485725557681418820e+02
2.632417474432908193e+02
2.805812136093399545e+02
2.842707775600154037e+02
2.558971056519349645e+02
2.542113346315975946e+02
2.874369023368051899e+02
3.003171645408478980e+02
2.808256151714807629e+02
2.390271004006486635e+02
2.115939996577891122e+02
2.257234087417066348e+02
2.013106914760042798e+02
1.864168902670595003e+02
1.854259393933238584e+02
1.898869426306343371e+02
1.956698134580269368e+02
2.169979730940591480e+02
2.732821534590214014e+02
2.979724089403819676e+02
2.955409882461017901e+02
2.802585435714703976e+02
2.025359979580995855e+02
1.833846615608169373e+02
1.809021114599783573e+02
1.856553469945971528e+02
1.773879768514530326e+02
1.744613056297180265e+02
1.967858139653980061e+02
2.312246929840069924e+02
2.473643424014355219e+02
2.399715699956949493e+02
2.279600578843175072e+02
2.336201281722051419e+02
2.827860755549116334e+02
2.771939279097539952e+02
2.672802208633539749e+02
2.922168271217682332e+02
2.508508881219645161e+02
2.016910882632137429e+02
1.865605324121706303e+02
2.080819642037852759e+02
2.814582103804823419e+02
2.855575592816677499e+02
2.691925506324000708e+02
2.995098896877395305e+02
3.031168369140349910e+02
3.037075989722159761e+02
2.776863295846439996e+02
2.398772579818381416e+02
2.292826751724431915e+02
2.157353316494036619e+02
1.975284648471672426e+02
1.945031333629238475e+02
2.015412985941469799e+02
1.910192865553509023e+02
2.043093337099034841e+02
2.196668981284811935e+02
2.195641894965386314e+02
2.052867900188585111e+02
2.226184593252563957e+02
2.327176416675878841e+02
2.476822143718273992e+02
2.549123023021550978e+02
2.495440144927498523e+02
2.520288136877184968e+02
2.538036488356092946e+02
2.868872237314011500e+02
2.696657600373795276e+02
2.581220595050693873e+02
2.627443977613145307e+02
2.615963101776869735e+02
2.679519503102198428e+02
2.783824991877239086e+02
2.622926297203754871e+02
2.695318639668323613e+02
2.747188747893491154e+02
2.480407199761702657e+02
2.479762459444398530e+02
2.509825350983815895e+02
2.195328521183253656e+02
1.964340556434455607e+02
1.806340194396668153e+02
1.733802410511683831e+02
1.792125919494240804e+02
2.162610199174195600e+02
2.160127199254531547e+02
2.036722403126417760e+02
2.130205250947268212e+02
2.551839928730748852e+02
2.973984401183726618e+02
3.003174644200652779e+02
2.696531651102508249e+02
2.553622710677899477e+02
2.904233994624016759e+02
2.876775554087291198e+02
3.042838168883556591e+02
3.084359445317946893e+02
2.990435775047591278e+02
2.759357846533586667e+02
2.595571314997015975e+02
2.082217079190706670e+02
2.248426634803472837e+02
2.450351805202718651e+02
2.740891284329125028e+02
2.893883663437154610e+02
2.818360581943442753e+02
2.914124011212246046e+02
3.056520158175186452e+02
2.944980083281557768e+02
3.065524031676142727e+02
3.113545190146613777e+02
2.894439939385339358e+02
3.018891313982007318e+02
2.974674123383633173e+02
2.666818118851304575e+02
2.379598302660971569e+02
2.665970960062288668e+02
2.443346626685403749e+02
2.235912675063424047e+02
2.138162545979671449e+02
2.605330884125697253e+02
2.663777343587368023e+02
2.370191091612677496e+02
2.308077109322806564e+02
2.894042599422351145e+02
3.107507122105255348e+02
2.909053053646844091e+02
1.982136888588138959e+02
1.963461910327617375e+02
2.410584822189829310e+02
2.786351474283418952e+02
2.940727795979522057e+02
2.426250512504235246e+02
2.112240986431868350e+02
1.785209205346043575e+02
1.842667562786543272e+02
2.203440254012593300e+02
2.180713907525662876e+02
1.786177815218086948e+02
1.797685680183924148e+02
1.858033373883598358e+02
2.076975190471414976e+02
2.349189050625514881e+02
1.866337029412042057e+02
1.925666633168810620e+02
2.064698135313073522e+02
2.047258659428038357e+02
2.597725947173680652e+02
2.738030436595598758e+02
2.814403675670499752e+02
2.616322956837690867e+02
2.292063559116274121e+02
2.262754863808494292e+02
2.117853225984589187e+02
1.996697523986607052e+02
1.909545126444030814e+02
1.999642337900991436e+02
2.015934775779660697e+02
2.114070249657708018e+02
2.595992645297393437e+02
2.985339327748714027e+02
2.982541454650830701e+02
3.074931242724436515e+02
3.025989455056701445e+02
2.972648439270428753e+02
2.859974820935212847e+02
2.355913842074605782e+02
1.941669687602735621e+02
2.083380610554027896e+02
1.965498090213430373e+02
2.059201349259032838e+02
2.097507920483424186e+02
1.870857708613604586e+02
1.704822082946902810e+02
1.822562160659258552e+02
2.083687986751813241e+02
2.331893516764807259e+02
2.220626331958967512e+02
2.337013954401072056e+02
2.675444144538400337e+02
2.854734431612007484e+02
2.883106004365566832e+02
2.916152694117625401e+02
2.864192622127253003e+02
2.746553003952708991e+02
2.934463319129064303e+02
2.932951927873617137e+02
2.724732292702177574e+02
2.602987328042100899e+02
2.676988522507756443e+02
2.687745190034129905e+02
2.445727667671169456e+02
1.908542030461992738e+02
1.794986767227767075e+02
1.686985267098877159e+02
1.914563605146397265e+02
2.313546906247284767e+02
2.369997669517486543e+02
2.431462413301792367e+02
2.245624263517331087e+02
2.197643588741202905e+02
2.431990200724330009e+02
1.964634438067459428e+02
2.113600938682554329e+02
2.130631079435906656e+02
1.714248786144325152e+02
1.468376316442320046e+02
2.308642381647513560e+02
2.395168031625824483e+02
2.482046039684524033e+02
2.195986756065339591e+02
1.858961500061299716e+02
1.791152811433936733e+02
2.329212596561690418e+02
1.840853293521571175e+02
2.419189856331710757e+02
2.964859076599740888e+02
2.811712259694775184e+02
1.809772312039247879e+02
1.618476360499001316e+02
2.301824627641042582e+02
2.772032241654918607e+02
2.439948995152819293e+02
1.967526773118807739e+02
1.688691579845603599e+02
1.599637948065023636e+02
1.372416466286151433e+02
1.306817887490664418e+02
1.300814305559302113e+02
1.265848388816199019e+02
1.418738808990329403e+02
1.410079796589324985e+02
1.452428739663604347e+02
1.514947558896898556e+02
1.607620732830901318e+02
1.669556286986449152e+02
1.763838312921539853e+02
1.770850988419286978e+02
1.619833313957513212e+02
1.649618817220881226e+02
1.816927430165237638e+02
1.988362381140341597e+02
1.903090226290555904e+02
2.171335185003016761e+02
2.507751686195834395e+02
2.669800417667858028e+02
2.406235074142156520e+02
2.120006358765167818e+02
2.649783479909692687e+02
2.725942305344188412e+02
2.595542826471368016e+02
2.551767957718585080e+02
2.721291178683076737e+02
2.687338853694620298e+02
2.385373976387148502e+02
2.536721517988007975e+02
2.529281514605535222e+02
2.300398701962539008e+02
2.570069586353504292e+02
2.484920381982831827e+02
2.460930044594768447e+02
2.432123646976050964e+02
2.212498105772674251e+02
1.995049687687263713e+02
1.989419455381502360e+02
1.990992321876508129e+02
2.062687445160736672e+02
2.003144927159647466e+02
2.098073192808130045e+02
2.070778186444860864e+02
2.238764526420429775e+02
2.278176152560759249e+02
1.730295323064766251e+02
2.387847979930294002e+02
2.506855047335955646e+02
2.093119188137495712e+02
1.756653206873814383e+02
1.481317604067093328e+02
1.459915224324767280e+02
1.754709989545380893e+02
1.615305137775516187e+02
1.714610140601232331e+02
1.811318189404691168e+02
1.840237041729915006e+02
1.744106260419856653e+02
2.137768204808855899e+02
2.143473406918954822e+02
2.710327594496732786e+02
2.848622893162397531e+02
3.031439759832052232e+02
2.892685645963838965e+02
3.031727643880708456e+02
2.941994785672829948e+02
1.794419995506974317e+02
2.030751807908963826e+02
2.762571052347499858e+02
2.997757326139211500e+02
3.007957717717399078e+02
2.391932334870609793e+02
1.643144424918278048e+02
1.565027388194481546e+02
1.936085936575663595e+02
2.443166699154993751e+02
1.974489968545694296e+02
1.730530728250386403e+02
2.449753546164103852e+02
2.703358401485498916e+02
2.543023479740635366e+02
2.265903595590677639e+02
2.438613033239521144e+02
2.340585515879720049e+02
2.306984049575563347e+02
2.577329662205567615e+02
2.823576980929260571e+02
2.573978511951671635e+02
2.032249704599631457e+02
2.348551807288643545e+02
2.619767069648965503e+02
2.786958729698553725e+02
2.845339215732407183e+02
2.827111057505739495e+02
2.821165952021759722e+02
2.742107294555482326e+02
2.946926299402164204e+02
2.870142225799492621e+02
2.795920620109083075e+02
2.886361193269909791e+02
2.890782912329747205e+02
2.885977347871699976e+02
2.817167062658386385e+02
2.613451613331556018e+02
2.435497288171247305e+02
2.765212988252361015e+02
2.943531666661751842e+02
2.991632293124820876e+02
3.076267204637737223e+02
3.012658324449371889e+02
2.949209879642290275e+02
2.920442466321828192e+02
2.746716438126164235e+02
2.832478895496318501e+02
2.810932573729664341e+02
2.972519491206966222e+02
3.096660490813676461e+02
3.019891411171872733e+02
3.028373494834640383e+02
3.010151334192319155e+02
2.920923772465675938e+02
2.927203243277000411e+02
2.804734070307023330e+02
2.739823714315355687e+02
2.951815830041069262e+02
2.964428749922843167e+02
3.002544897844215939e+02
2.882657684935626321e+02
2.850594599016480402e+02
2.827958216294755402e+02
2.875577536613975553e+02
2.654475090265145241e+02
2.739202964335440242e+02
3.015967491612837534e+02
3.054290556194183637e+02
2.680437133507292060e+02
2.849219652804927136e+02
2.876009362686960458e+02
3.011356848646069011e+02
3.008939822154221702e+02
3.052876625684373266e+02
3.047787675365930227e+02
2.925805806124147352e+02
2.960633778427269363e+02
3.038002616503774220e+02
2.993490044876308502e+02
2.924861186589491808e+02
2.764838139230672596e+02
2.808326623330886491e+02
2.834195704015652382e+02
2.790116457857258183e+02
2.719413934782459705e+02
2.748404758119849021e+02
2.659908901683543263e+02
2.507499787653260341e+02
2.454619086465619944e+02
2.528860184305158043e+02
2.763194801119591375e+02
2.881323222418416776e+02
2.777674469129372596e+02
2.728500275068188898e+02
2.892010917724799697e+02
2.524561415724433289e+02
2.379575811719670355e+02
2.421939748754817856e+02
2.379574312323584024e+02
2.103211623197435927e+02
2.250989102715734873e+02
2.361770483189467029e+02
2.602856880582552890e+02
2.777600998721123347e+02
2.754556780263800988e+02
2.921797920384254326e+02
2.907664612870512428e+02
2.831078459551288802e+02
2.597764931471937189e+02
2.096686251427883008e+02
1.804414969821275179e+02
1.819602352784007451e+02
1.878767022971232450e+02
1.809153061455418765e+02
1.713655025293969913e+02
1.722233070306290301e+02
1.763084116689902885e+02
1.824851738483732220e+02
1.994493411739078965e+02
2.020375986988625243e+02
1.949139678906943800e+02
1.976903996245367807e+02
1.927441918135527317e+02
1.853503698305514718e+02
1.765048325563550122e+02
1.799786334101465854e+02
1.778371959190446603e+02
1.770296211867188845e+02
1.801093807489115761e+02
1.832740061296145484e+02
1.775173747337399845e+02
1.680405917070200985e+02
1.713020780749274081e+02
1.732758830835302888e+02
1.716512874235322954e+02
1.734492132711590671e+02
2.019816712248266697e+02
2.234815117127919848e+02
2.106414333238743097e+02
2.628531039776041780e+02
2.679840373864764160e+02
2.666105905710096522e+02
2.799700597643789024e+02
2.640926547225236618e+02
2.136030404744306850e+02
1.718226683962482468e+02
2.002218300378034428e+02
1.907471461656051304e+02
1.803281426379689663e+02
1.798867204300286460e+02
2.154216579880546192e+02
1.901634312690317472e+02
1.860241984319386859e+02
2.152964584148106724e+02
2.381037722904255816e+02
2.657953689186414294e+02
2.684759892425402654e+02
2.065794193852491105e+02
2.164563912275235680e+02
2.163427370041476365e+02
2.249720613626341219e+02
2.084520151579961862e+02
2.029037998181804028e+02
1.925444722547971139e+02
1.873471155992818069e+02
1.842382677530059709e+02
1.805813906370218263e+02
1.842610585735247355e+02
2.116802149327774885e+02
2.446546337934538258e+02
2.768808540068397974e+02
2.878568831807049264e+02
3.018697891886816933e+02
2.987733863299259269e+02
2.931734418251173224e+02
2.729213987605485841e+02
2.377613102242110017e+02
2.368675202168969065e+02
2.726582547473232694e+02
2.635450752716410534e+02
2.239551709365976535e+02
1.995016700973355341e+02
1.911695260432436498e+02
1.905447276938932077e+02
1.930383733257738186e+02
2.105262797044115644e+02
2.374593318523386927e+02
2.185612434541087907e+02
1.991484123792963317e+02
2.156374210849385236e+02
2.652473396489328934e+02
2.725469995576860356e+02
2.758582658756735668e+02
2.932518602404543913e+02
2.733653699418363772e+02
2.587242169735097264e+02
2.586772858759943006e+02
2.673150068525667393e+02
2.858896755148837201e+02
2.879345518979987446e+02
2.786101075136930376e+02
2.737360206544819903e+02
2.486115400663975663e+02
2.429885048618525616e+02
2.512974082765998389e+02
2.754757699339426722e+02
2.977677413745400372e+02
3.025662586709789252e+02
3.007416435730079911e+02
3.032354391444972634e+02
3.032892674640116866e+02
2.948175296342430443e+02
2.854070199145576794e+02
2.727696598765689942e+02
2.837371424927396788e+02
2.985973572293410712e+02
2.740200062733132427e+02
2.778601095910988192e+02
2.811163480727022943e+02
2.870553060327263211e+02
2.625818632255104035e+02
2.554558333836033910e+02
2.476924102652172053e+02
2.472410920431043166e+02
2.344872289291749325e+02
2.459499620728004174e+02
2.503721309514640154e+02
2.939058968134964971e+02
2.938507190375040068e+02
2.872587740816987321e+02
2.925182057352056972e+02
2.681507702313234631e+02
2.358882646326377994e+02
2.409722669439946117e+02
2.591353513804976387e+02
2.565704844344963931e+02
2.354673841510859802e+02
2.599858088409045536e+02
2.437403020597511727e+02
2.528561804483894093e+02
2.370669398964352013e+02
2.336283748506822633e+02
2.453842399292682614e+02
2.494474533847628663e+02
2.468909830568473183e+02
2.925083097210330720e+02
2.938406730837226633e+02
2.750772304540834057e+02
2.477715783785978658e+02
2.345929363532910656e+02
2.551238670899961107e+02
2.211471019453247493e+02
2.230193978388544735e+02
2.354706828224768742e+02
2.503595360243353412e+02
2.308412974046240436e+02
2.274609089270370816e+02
2.278651461120259683e+02
2.197673576662936910e+02
2.354837275684316182e+02
2.201843397180200554e+02
2.190554444043029889e+02
2.253454109882358978e+02
2.184140027583895289e+02
2.380193562907413138e+02
2.454313209663923203e+02
2.506096352916058265e+02
2.783525112659888237e+02
