5.272222865111482548e+01
4.044621123613929967e+02
8.802990797906028320e+01
2.686905537549147880e+02
5.920666299338606819e+01
3.402023051572381860e+02
8.769378852360631527e+01
3.873291465555408877e+02
8.882724565418351403e+01
3.890698446625938232e+02
1.583734773269318055e+02
6.210788586398533653e+02
1.821297771705538935e+02
5.850114603043156194e+02
1.835385851398043542e+02
6.150925933977848672e+02
1.784847731420380796e+02
5.509681243584749382e+02
1.488207843263973018e+02
5.413913910260273497e+02
1.690469395050892842e+02
5.995807918264172258e+02
1.778103082744716232e+02
5.936352615912014699e+02
1.718745722485540739e+02
5.698373363580627711e+02
1.637972433213631973e+02
5.811946124217531633e+02
1.633409222063428956e+02
5.568506600202513255e+02
1.225260035092671984e+02
5.140381678177160438e+02
1.340150562071486888e+02
5.070731494328454687e+02
1.261970512306889844e+02
3.253028642626611031e+02
5.306947788986197878e+01
2.753842280230976485e+02
4.678226330754583273e+01
2.278193183543755822e+02
4.054869428070283277e+01
1.987781522118209807e+02
6.775522694521006883e+01
3.735865353364566772e+02
9.127223644802882063e+01
4.203565558823800075e+02
8.499459347934485720e+01
2.727967760030997511e+02
4.003739203621424281e+01
1.242522328980390682e+02
2.139188868081937400e+01
2.224135826088791248e+02
4.977951394839860910e+01
3.535671715313520167e+02
9.546170947524682049e+01
4.621760488194980212e+02
9.860609585123539489e+01
3.869567440065512187e+02
7.403376029655748880e+01
3.469716619518147809e+02
9.083216481661658293e+01
4.438553125405980495e+02
9.901967859840986819e+01
4.485963776278258024e+02
1.003971005787735749e+02
4.883724423523164546e+02
9.877482336595997481e+01
4.360922886936065765e+02
6.952886921081085347e+01
2.301394329796714260e+02
2.235172119202301744e+01
1.313147481845580273e+02
2.508519596882750591e+01
3.196800977429477371e+02
7.045687054179603592e+01
2.326747976138573222e+02
3.195026889972540829e+01
2.098291366392830923e+02
3.366202957021616271e+01
2.889084728939699289e+02
2.817526900234535958e+01
3.473100073639274115e+02
6.754376106263964630e+01
1.400787847409378912e+02
2.289173827740801315e+01
1.863021103315004439e+02
1.541452726538531159e+01
1.026007976708227289e+02
1.308662179178426044e+01
2.281318426692480443e+02
3.400482689564602623e+01
2.330365155708855980e+02
2.879653350577055448e+01
8.873063913519878554e+01
9.778627601385952772e+00
1.972184243811150566e+02
2.958051544094199414e+01
2.208754465577620181e+02
2.672661640890534329e+01
2.065066737306036373e+02
2.170708414368217021e+01
2.299638049993050970e+02
2.192767644855295117e+01
2.902451598674804245e+02
4.584068364094301273e+01
1.991443220821664966e+02
6.678537762904213082e+00
8.616878561677508230e+01
9.672226873103166866e+00
8.233947237692439103e+01
1.559482975473480160e+01
1.800520692253834625e+02
1.534329665230898243e+01
2.096279101573423986e+02
2.614029942502074988e+01
2.167603204829423760e+02
2.200291378361483297e+01
2.864456744468553779e+02
2.923526956318762515e+01
2.889563309621304938e+02
3.068970964394008760e+01
2.897026942297709411e+02
2.744671338797395421e+01
2.358207421595070059e+02
1.558792928909302233e+01
2.437858828711026149e+02
1.928190436409873953e+01
2.342964070396733121e+02
2.321739573656639521e+01
1.624472006079006974e+02
9.301159898108629420e+00
1.921634994050195928e+02
2.163028863895923593e+01
2.524437412948655890e+02
2.057184624777803705e+01
2.721176366265501088e+02
2.114102336539114901e+01
1.695179519340565548e+02
1.019755264454116350e+01
2.049420487952486951e+02
1.488675294162282725e+01
1.671045697247639055e+02
8.912062674179129118e+00
1.547148949627984109e+02
6.652716665664036633e+00
1.394354832665922004e+02
6.747319823656050097e+00
1.634088138844313391e+02
9.465880690847658485e+00
2.007474560677157456e+02
1.020066898386325427e+01
1.954011533650049159e+02
9.211899036097339177e+00
2.113928711919745353e+02
1.034468837967697752e+01
1.799995366482397117e+02
8.010327631765868261e+00
1.181404237004234261e+02
2.963861290973198059e+00
1.823499242840929924e+02
7.529520993500580239e+00
6.338233508932049887e+01
1.555498513054477838e+00
3.884472445851731237e+01
1.136573469899273769e+00
4.110518344536171043e+01
8.024573754380780466e-01
1.480920061163600394e+02
3.553072018514034980e+00
1.990161069786287484e+01
5.222094321158615715e-01
5.925118212655875283e+01
1.098954802368331096e+00
4.753686261482329911e+01
1.330231699200563389e+00
9.152822146377192780e+01
1.393448868305811050e+00
6.417388527713131907e+01
9.747464208164654531e-01
8.460905778606917238e+01
1.114091307647053553e+00
7.839218343416590074e+01
8.910504504517697821e-01
1.072612831270079994e+02
1.232067010554739550e+00
1.242255214181354290e+02
1.333793229854374429e+00
8.061279779682072899e+01
5.400170853849356467e-01
8.956848922150919634e+01
5.275517280965811295e-01
1.007632704491191475e+02
7.245488923858238728e-01
9.862034197385067102e+01
3.561530653816313285e-01
1.548798383512029275e+01
3.405713687706381915e-02
3.631203097232177868e+01
1.388996954987965493e-01
7.275227704818102836e+01
8.057963104253848541e-02
6.083405990651451134e+01
5.809746879031776889e-02
3.820787825848167074e+01
2.960522355978054132e-02
6.110562661886805103e+01
4.451913317263948150e-02
4.157218915234346213e+01
2.448552324491072227e-02
1.534396443930656773e+01
1.780765326825270965e-03
1.971507552986920686e+01
1.112978329232699190e-03
1.790759872305713785e+01
-8.623357172365546432e-14
2.499593510681619790e+01
-8.623357172365546432e-14
2.998118763949639032e+01
-8.623357172365546432e-14
2.018475238484131040e+01
-8.623357172365546432e-14
2.605304192400222618e+01
-8.623357172365546432e-14
3.481841405437732107e+01
-8.623357172365546432e-14
1.500472864453050903e+01
-8.623357172365546432e-14
1.416042328391004723e+01
-8.623357172365546432e-14
8.854632992386337165e+00
-8.623357172365546432e-14
1.089872899201136924e+01
-8.623357172365546432e-14
7.130406964607233000e+00
-8.623357172365546432e-14
9.266657569899770408e+00
-8.623357172365546432e-14
4.881745548053594064e+00
-8.623357172365546432e-14
6.964573193538886819e+00
-8.623357172365546432e-14
6.688777163533942804e+00
-8.623357172365546432e-14
4.802056299674435813e+00
-8.623357172365546432e-14
2.072365649189661596e+00
-8.623357172365546432e-14
6.533405388761174493e+00
-8.623357172365546432e-14
3.474718344130056646e+00
-8.623357172365546432e-14
4.089972764576923936e+00
-8.623357172365546432e-14
6.670301723267259675e+00
-8.623357172365546432e-14
3.117897491750782457e+00
-8.623357172365546432e-14
2.111542486381644768e+00
-8.623357172365546432e-14
1.911651578436172505e+00
-8.623357172365546432e-14
1.619160873491456876e+00
-8.623357172365546432e-14
1.339135525835105422e+00
-8.623357172365546432e-14
9.026254250766750920e-01
-8.623357172365546432e-14
4.801388512676313391e-01
-8.623357172365546432e-14
4.563211150202328703e-01
-8.623357172365546432e-14
2.737926690121175177e-01
-8.623357172365546432e-14
2.094625215775321181e-01
-8.623357172365546432e-14
2.933810876080980568e-01
-8.623357172365546432e-14
1.215372335614290228e-01
-8.623357172365546432e-14
-8.623357172365546432e-14
-8.623357172365546432e-14
-8.623357172365546432e-14
-8.623357172365546432e-14
-8.623357172365546432e-14
-8.623357172365546432e-14
-8.623357172365546432e-14
-8.623357172365546432e-14
-8.623357172365546432e-14
-8.623357172365546432e-14
-8.623357172365546432e-14
-8.623357172365546432e-14
-8.623357172365546432e-14
-8.623357172365546432e-14
-8.623357172365546432e-14
-8.623357172365546432e-14
-8.623357172365546432e-14
-8.623357172365546432e-14
-8.623357172365546432e-14
-8.623357172365546432e-14
-8.623357172365546432e-14
-8.623357172365546432e-14
-8.623357172365546432e-14
-8.623357172365546432e-14
-8.623357172365546432e-14
-8.623357172365546432e-14
-8.623357172365546432e-14
-8.623357172365546432e-14
-8.623357172365546432e-14
-8.623357172365546432e-14
-8.623357172365546432e-14
-8.623357172365546432e-14
-8.623357172365546432e-14
-8.623357172365546432e-14
-8.623357172365546432e-14
-8.623357172365546432e-14
-8.623357172365546432e-14
-8.623357172365546432e-14
-8.623357172365546432e-14
-8.623357172365546432e-14
-8.623357172365546432e-14
-8.623357172365546432e-14
-8.623357172365546432e-14
-8.623357172365546432e-14
-8.623357172365546432e-14
-8.623357172365546432e-14
-8.623357172365546432e-14
-8.623357172365546432e-14
-8.623357172365546432e-14
-8.623357172365546432e-14
-8.623357172365546432e-14
-8.623357172365546432e-14
-8.623357172365546432e-14
-8.623357172365546432e-14
-8.623357172365546432e-14
-8.623357172365546432e-14
-8.623357172365546432e-14
-8.623357172365546432e-14
-8.623357172365546432e-14
-8.623357172365546432e-14
-8.623357172365546432e-14
-8.623357172365546432e-14
-8.623357172365546432e-14
-8.623357172365546432e-14
-8.623357172365546432e-14
-8.623357172365546432e-14
-8.623357172365546432e-14
-8.623357172365546432e-14
-8.623357172365546432e-14
-8.623357172365546432e-14
-8.623357172365546432e-14
-8.623357172365546432e-14
-8.623357172365546432e-14
-8.623357172365546432e-14
-8.623357172365546432e-14
-8.623357172365546432e-14
-8.623357172365546432e-14
-8.623357172365546432e-14
-8.623357172365546432e-14
-8.623357172365546432e-14
-8.623357172365546432e-14
-8.623357172365546432e-14
-8.623357172365546432e-14
-8.623357172365546432e-14
-8.623357172365546432e-14
-8.623357172365546432e-14
-8.623357172365546432e-14
-8.623357172365546432e-14
-8.623357172365546432e-14
-8.623357172365546432e-14
-8.623357172365546432e-14
-8.623357172365546432e-14
-8.623357172365546432e-14
-8.623357172365546432e-14
-8.623357172365546432e-14
-8.623357172365546432e-14
-8.623357172365546432e-14
-8.623357172365546432e-14
-8.623357172365546432e-14
-8.623357172365546432e-14
-8.623357172365546432e-14
-8.623357172365546432e-14
-8.623357172365546432e-14
-8.623357172365546432e-14
-8.623357172365546432e-14
-8.623357172365546432e-14
-8.623357172365546432e-14
-8.623357172365546432e-14
-8.623357172365546432e-14
-8.623357172365546432e-14
-8.623357172365546432e-14
-8.623357172365546432e-14
-8.623357172365546432e-14
-8.623357172365546432e-14
-8.623357172365546432e-14
-8.623357172365546432e-14
-8.623357172365546432e-14
-8.623357172365546432e-14
-8.623357172365546432e-14
-8.623357172365546432e-14
-8.623357172365546432e-14
-8.623357172365546432e-14
-8.623357172365546432e-14
-8.623357172365546432e-14
-8.623357172365546432e-14
-8.623357172365546432e-14
-8.623357172365546432e-14
-8.623357172365546432e-14
-8.623357172365546432e-14
-8.623357172365546432e-14
-8.623357172365546432e-14
-8.623357172365546432e-14
-8.623357172365546432e-14
-8.623357172365546432e-14
-8.623357172365546432e-14
-8.623357172365546432e-14
-8.623357172365546432e-14
-8.623357172365546432e-14
-8.623357172365546432e-14
-8.623357172365546432e-14
-8.623357172365546432e-14
-8.623357172365546432e-14
-8.623357172365546432e-14
-8.623357172365546432e-14
-8.623357172365546432e-14
-8.623357172365546432e-14
-8.623357172365546432e-14
-8.623357172365546432e-14
-8.623357172365546432e-14
-8.623357172365546432e-14
5.253257714372160797e-02
-8.623357172365546432e-14
1.324444211887431111e-01
-8.623357172365546432e-14
3.661698703454781545e-01
-8.623357172365546432e-14
2.234860485269491992e-01
-8.623357172365546432e-14
3.810837799583458585e-01
-8.623357172365546432e-14
3.401261774394522264e-01
-8.623357172365546432e-14
9.193201000164377135e-01
-8.623357172365546432e-14
6.217096947568646614e-01
-8.623357172365546432e-14
6.811427375424353725e-01
-8.623357172365546432e-14
1.414150265231120418e+00
-8.623357172365546432e-14
1.482709730317103070e+00
-8.623357172365546432e-14
9.696267205016014801e-01
-8.623357172365546432e-14
3.685516439702849034e+00
-8.623357172365546432e-14
4.579238038145017953e+00
-8.623357172365546432e-14
4.269384871262951187e+00
-8.623357172365546432e-14
7.464300463402571140e+00
-8.623357172365546432e-14
3.511669224663409583e+00
-8.623357172365546432e-14
3.982904249296560284e+00
-8.623357172365546432e-14
1.350910836559328665e+01
-8.623357172365546432e-14
1.031352498645607341e+01
-8.623357172365546432e-14
1.090429388365795482e+01
-8.623357172365546432e-14
3.315562443037609164e+00
-8.623357172365546432e-14
7.108592589352602964e+00
-8.623357172365546432e-14
4.346402971651738056e+00
-8.623357172365546432e-14
1.049939236745214544e+01
-8.623357172365546432e-14
6.627340759755598221e+00
-8.623357172365546432e-14
7.048269163903583490e+00
-8.623357172365546432e-14
2.050195120869687315e+01
-8.623357172365546432e-14
1.126089214037137332e+01
-8.623357172365546432e-14
1.416465260156145689e+01
-8.623357172365546432e-14
2.661287002364907295e+01
-8.623357172365546432e-14
3.611837274302047973e+01
-8.623357172365546432e-14
2.837849884527878430e+01
-8.623357172365546432e-14
2.298166692641689224e+01
1.112978329232699190e-03
2.503822828333028383e+01
2.448552324416329411e-03
3.494373541425850505e+01
2.225956658627588000e-02
6.443409961052579149e+01
3.316675421358995096e-02
5.453571554090520834e+01
2.270475791800825871e-02
2.858328685787326151e+01
4.986142915336339715e-02
6.542220177129414083e+01
2.096851172434016086e-01
8.929825808315082725e+01
2.481941674377986240e-01
9.778716639652333242e+01
3.067368275599171579e-01
8.646617342636879755e+01
2.916003222812025841e-01
1.061783552125818346e+02
3.701765923310418316e-01
3.517545750242247493e+01
2.579883767358151503e-01
4.000800940832023400e+01
2.846998566394379204e-01
5.309529898710213303e+01
2.070139692530602871e-01
5.974556710044169705e+01
3.218733328386557124e-01
2.677536485972946423e+01
2.277153661783679894e-01
1.352736121019409765e+01
1.422386304867639117e-01
3.449320178655067792e+01
2.510879110940428260e-01
2.883927187361635447e+01
2.626628857189480248e-01
6.810848626693551466e+01
8.881567067955454808e-01
6.966442997132173787e+01
7.281104230396482357e-01
6.984228390834672950e+01
1.025275636967491133e+00
7.317164728266794782e+01
1.510756784215910864e+00
9.000789306592380967e+01
1.598014285234419463e+00
1.291711519222919549e+02
2.880387916274364635e+00
1.761386148238362921e+02
3.835323322829018000e+00
3.867221281747306705e+01
7.672872602316334056e-01
7.789267875996809209e+01
1.093835102053472008e+00
6.439136124267999151e+01
2.180547142799346361e+00
1.099230820994044109e+02
1.955725520277153517e+00
6.090150639327116977e+01
1.734242832742912244e+00
7.768610998204673024e+01
1.380983511017455312e+00
7.270108004503238419e+01
4.142950533052456308e+00
1.629649581266993437e+02
4.185466305232390383e+00
1.477903889891149447e+02
6.139633655848539817e+00
2.406199047155252799e+02
1.173190456933865100e+01
2.248652512727004193e+02
9.437611041282982782e+00
2.422820265525284356e+02
1.216885986142880860e+01
2.742376377482345333e+02
1.190219025372427275e+01
9.302584510370191140e+01
3.746730247815325487e+00
1.322581086164877036e+02
4.018964747166452689e+00
1.995999754101892449e+02
9.003326897183185906e+00
2.366082856253322291e+02
1.740408732687377480e+01
7.942302396278006427e+01
2.304755524351209672e+00
2.105975368778440213e+02
1.498224648227829547e+01
1.778020722348346396e+02
7.947555653992353975e+00
2.696125450029215358e+02
1.804738880121944433e+01
2.650190608421612524e+02
1.940633534131645987e+01
3.323778449064683400e+02
2.544847209551682354e+01
3.416745528912597933e+02
2.772518056596926073e+01
3.779903679899013014e+02
3.060467809958020879e+01
3.407062617447533057e+02
2.743157688269522509e+01
3.827160739761846457e+02
3.410276898862599637e+01
3.811490004885052372e+02
3.589666745982038520e+01
4.169546263209874155e+02
4.290286604287578598e+01
4.353581681875886034e+02
4.876670366871942974e+01
4.210267914322951697e+02
4.334494103528081865e+01
4.285153548232770504e+02
5.011496561685499529e+01
4.445956657252603463e+02
5.555765224288480653e+01
4.522362619560267945e+02
5.655332265629247246e+01
4.592337793081135260e+02
5.747086199098205128e+01
4.398163141835037209e+02
5.132922497414070051e+01
3.905988542914106461e+02
2.133735274268279980e+01
1.965472984485363952e+02
2.115615987066988168e+01
3.502723104852396432e+02
2.388273418183256069e+01
2.917982098282104744e+02
3.288806444000857709e+01
2.251341468370634971e+02
1.315762980919473080e+01
3.114534071239624495e+02
4.802145337940823566e+01
2.088893377380071001e+02
3.673117861114285176e+01
4.224111138783007959e+02
6.527996314080729690e+01
4.657807630324922457e+02
8.364633153120928455e+01
5.250958301151541718e+02
9.846474760341206434e+01
5.360675704855686945e+02
8.999275656064510542e+01
2.193473273116086375e+02
1.650591381511432942e+01
3.446729165104418371e+02
5.224097682151783317e+01
3.116588629235544659e+02
3.941078523680834422e+01
3.879648797772472335e+02
6.267336789354506976e+01
3.785608806815095591e+02
6.679450405134296886e+01
4.249823164146907857e+02
8.609132232505456273e+01
5.174908491909255872e+02
1.098554130169819274e+02
5.165410334846858404e+02
8.920632607314915674e+01
4.823211791758155300e+02
6.193613104820497739e+01
3.520495142814942824e+02
7.561196356753009695e+01
5.303145855013251548e+02
1.344228514670108439e+02
5.962042381709326264e+02
1.487698099189145182e+02
5.983108835526653593e+02
1.480214432902812689e+02
5.794454556793972415e+02
1.262611587824576560e+02
5.501033401965952407e+02
1.149873560934661896e+02
5.359326775120553066e+02
1.238653616307682483e+02
5.674081498564939920e+02
1.326630101326935574e+02
5.842098933115410091e+02
1.469427446935065404e+02
5.542523008126260038e+02
1.295368766013057780e+02
5.698569247766588433e+02
1.517886523393561333e+02
5.000823099507346114e+02
8.296407581533746622e+01
4.701209333255000615e+02
1.111097395941230417e+02
5.137209689938605379e+02
1.331861099474728576e+02
5.505652262032622275e+02
1.313410144731298601e+02
5.548212553345732658e+02
1.387545631247156166e+02
5.012585054491577239e+02
1.472163147668527756e+02
5.902791867369764987e+02
1.611946547960864962e+02
6.239826191010436105e+02
1.677287279718453021e+02
4.215607984347019510e+02
8.933921568566968574e+01
5.154926078984685773e+02
1.679286188797908324e+02
5.774532244699187231e+02
1.000983771951846819e+02
4.006966840776449317e+02
1.340112720808290874e+02
6.179304655418791299e+02
1.889347492716687213e+02
6.303780151769692566e+02
1.745724317188203543e+02
5.825571204925040547e+02
1.799881842692806231e+02
5.964713529699690753e+02
1.756310967056674599e+02
5.821978510878002453e+02
1.644372058607209226e+02
5.487112269022845794e+02
1.701955331409452299e+02
5.801446286658747340e+02
1.620124712724691278e+02
5.710239938527814729e+02
1.521018444412261488e+02
5.288091710130897809e+02
1.374374645698009374e+02
5.352682294494527468e+02
1.634560041655943792e+02
5.838664281991135567e+02
1.733851064371041275e+02
5.542556397476141683e+02
1.612251504023097652e+02
5.583554067214888619e+02
