1.113788577541521363e+02
4.408133201709065361e+02
1.201348808665608914e+02
4.682275345916646643e+02
9.091163146932989036e+01
4.476596950658719720e+02
1.004035558530836028e+02
3.875468451167555486e+02
1.095304233448211306e+02
4.170574655186163682e+02
9.247113670436993971e+01
4.750763580389544245e+02
1.393791665631287913e+02
4.933966491265227319e+02
1.172153161130945449e+02
3.828100093471788341e+02
8.418033853361595220e+01
4.138859224713922913e+02
1.199648177778411338e+02
4.847445781900721613e+02
1.249456183972041003e+02
2.420836938142439294e+02
2.250353143614197293e+01
3.067394987079699717e+02
8.071942112076938258e+01
5.304040689590024158e+02
1.569475294914098527e+02
5.819294007147686898e+02
1.417622757618639469e+02
5.457860972571716047e+02
1.169475335270606848e+02
4.218165608547789702e+02
9.036026200498587002e+01
4.166708168470111673e+02
1.029400334655988587e+02
4.629822903212559595e+02
1.202297066202187779e+02
4.942104588809198162e+02
1.370541548331838442e+02
5.397976060584444440e+02
1.268554892103133938e+02
4.697712355344283992e+02
9.218176233874731906e+01
4.674693737537331799e+02
1.111642755322596372e+02
5.003216002915377771e+02
9.091563819131539503e+01
3.989829200461614391e+02
6.105064548939974145e+01
2.480287788581278789e+02
2.996204441223212456e+01
2.706990344480017257e+02
4.126678789877865938e+01
1.911386689593836934e+02
3.017529106012941398e+01
1.964631572868400156e+02
2.758561308347280772e+01
2.916973739915742954e+02
4.896370083300867293e+01
3.690090780636384693e+02
6.455185271776763045e+01
3.489360687030606982e+02
5.693218047959226169e+01
3.236494236566265386e+02
5.720285680928233774e+01
4.103377475575269955e+02
6.921078000429183419e+01
3.467083312790982177e+02
4.991151317825571709e+01
1.976139768793545386e+02
1.770058475380403351e+01
1.762427895954604651e+02
3.943749671671196921e+01
4.215988622935645935e+02
7.886809296778218936e+01
3.901647927429767151e+02
4.012131060224480450e+01
2.314908112671290610e+02
2.658526816108198076e+01
1.998546248519371602e+02
2.674553704050375202e+01
2.993956224997994582e+02
5.946776770944402557e+01
3.825680478583852278e+02
5.989047687891889638e+01
3.969083284403131984e+02
5.708577148903811604e+01
3.863348117161283426e+02
5.441751724233166954e+01
3.809515581328842018e+02
4.823625819696658112e+01
3.644983994905793452e+02
4.472058225031756962e+01
3.656336373864834854e+02
4.742422920789633167e+01
3.600090901014431779e+02
4.152989597582939041e+01
3.192233314365956289e+02
3.318745561059505889e+01
2.521127415397264429e+02
2.292312426629478139e+01
2.041360298891567311e+02
2.374383448633369653e+01
1.946915183822319193e+02
1.516165858896431473e+01
1.981980679065805191e+02
1.599884088827715622e+01
1.724951689649816444e+02
1.747598572694771590e+01
2.264249791034061730e+02
1.925942220184651532e+01
2.466268713545191247e+02
2.044318595290890528e+01
2.441912295786399909e+02
1.685004671453939196e+01
6.255850852995947520e+01
5.479414910897243196e+00
1.920786904563255177e+02
1.686451543282051801e+01
1.794811113424434268e+02
1.110396219593756406e+01
2.077167037702378707e+02
1.311978854599792044e+01
3.592337893972401019e+01
2.426515353578576839e+00
1.223252222186582827e+02
7.181158776424120482e+00
1.898378198880770356e+02
1.491546778251922767e+01
2.155039905448084596e+02
1.433182194662498254e+01
1.952669281784892235e+02
1.066300018186186094e+01
1.847506185404314465e+02
6.660062322637536170e+00
8.714642578124785643e+01
6.724392470072109163e+00
2.297285213804873081e+02
1.493861773176903540e+01
2.188442611067570169e+02
1.306458482086375739e+01
1.740337502074305007e+02
7.200524599354259259e+00
1.462449072810242683e+02
5.554429650293259080e+00
1.350596976670464642e+02
5.360103633994377503e+00
1.305875281441817322e+02
3.724025489897242469e+00
7.509865796204874755e+01
2.266469069822680371e+00
1.277389714081258489e+02
2.806931346539390137e+00
5.800242044106420991e+01
3.385680077784638531e+00
1.809081721562946541e+02
5.592716104821792378e+00
3.598481534350235478e+01
1.881601163544590172e+00
4.044785844406661823e+01
1.371634493051185899e+00
1.280441500660247129e+02
3.912564018883671224e+00
7.330208834286398201e+01
2.000244653449866572e+00
1.596295846693998328e+02
3.307771594732395126e+00
8.911572963714267814e+01
2.055893569915753893e+00
1.329666306209313973e+02
2.221282149652374915e+00
7.997172227913367237e+01
5.415752550459855819e-01
1.328517712573454723e+01
2.869258132980788134e-01
2.987634508087464624e+01
2.530912720868190857e-01
7.990561136637224138e+01
1.034402059267896412e+00
7.408851883035993069e+01
7.728521518782158761e-01
3.009626959874785967e+01
2.764638170024850128e-01
5.748933743124871398e+01
2.148048175582776831e-01
5.009893872891282030e+01
2.232634528610892011e-01
3.621453407067353680e+01
1.086266849413568408e-01
6.009170336085956166e+01
1.360059518425676406e-01
3.864461095490597131e+01
6.900465641763486868e-02
4.186534764428576239e+01
8.080222670839561083e-02
3.234203727164526043e+01
4.207058084813691118e-02
2.606906881194440473e+01
1.291054862000705523e-02
3.733752920495517458e+01
4.897104648917400063e-03
3.036382958911584495e+01
1.780765326823758070e-03
3.821411093712586649e+01
-8.623357172365546432e-14
5.458869330938073716e+01
-8.623357172365546432e-14
5.028903542756027889e+01
-8.623357172365546432e-14
4.105176048555447466e+01
-8.623357172365546432e-14
1.393315310906335114e+01
-8.623357172365546432e-14
3.239790878377701944e+01
-8.623357172365546432e-14
2.991574451373251975e+01
-8.623357172365546432e-14
2.825807459004661126e+01
-8.623357172365546432e-14
1.731994616517735608e+01
-8.623357172365546432e-14
2.161648770767569516e+01
-8.623357172365546432e-14
2.124965005033255494e+01
-8.623357172365546432e-14
9.498824849395457903e+00
-8.623357172365546432e-14
1.143451675974494108e+01
-8.623357172365546432e-14
1.403532451969472916e+01
-8.623357172365546432e-14
1.162082933207273250e+01
-8.623357172365546432e-14
1.228416441634613676e+01
-8.623357172365546432e-14
1.041836754507781215e+01
-8.623357172365546432e-14
1.045465063861356292e+01
-8.623357172365546432e-14
1.017484788662308404e+01
-8.623357172365546432e-14
8.329307220948345858e+00
-8.623357172365546432e-14
6.111364006283881878e+00
-8.623357172365546432e-14
2.327682877935163042e+00
-8.623357172365546432e-14
1.809257572138938563e+00
-8.623357172365546432e-14
1.111197563990827142e+00
-8.623357172365546432e-14
8.454183389497385015e-01
-8.623357172365546432e-14
3.262139483230362291e+00
-8.623357172365546432e-14
3.911005849222217168e-01
-8.623357172365546432e-14
2.675599903679469205e-01
-8.623357172365546432e-14
1.734020237076500104e-01
-8.623357172365546432e-14
1.596010924241098861e-01
-8.623357172365546432e-14
1.518102441188710905e-01
-8.623357172365546432e-14
1.642756014072320192e-01
-8.623357172365546432e-14
1.880933376546318481e-01
-8.623357172365546432e-14
-8.623357172365546432e-14
-8.623357172365546432e-14
-8.623357172365546432e-14
-8.623357172365546432e-14
-8.623357172365546432e-14
-8.623357172365546432e-14
-8.623357172365546432e-14
-8.623357172365546432e-14
-8.623357172365546432e-14
-8.623357172365546432e-14
-8.623357172365546432e-14
-8.623357172365546432e-14
-8.623357172365546432e-14
-8.623357172365546432e-14
-8.623357172365546432e-14
-8.623357172365546432e-14
-8.623357172365546432e-14
-8.623357172365546432e-14
-8.623357172365546432e-14
-8.623357172365546432e-14
-8.623357172365546432e-14
-8.623357172365546432e-14
-8.623357172365546432e-14
-8.623357172365546432e-14
-8.623357172365546432e-14
-8.623357172365546432e-14
-8.623357172365546432e-14
-8.623357172365546432e-14
-8.623357172365546432e-14
-8.623357172365546432e-14
-8.623357172365546432e-14
-8.623357172365546432e-14
-8.623357172365546432e-14
-8.623357172365546432e-14
-8.623357172365546432e-14
-8.623357172365546432e-14
-8.623357172365546432e-14
-8.623357172365546432e-14
-8.623357172365546432e-14
-8.623357172365546432e-14
-8.623357172365546432e-14
-8.623357172365546432e-14
-8.623357172365546432e-14
-8.623357172365546432e-14
-8.623357172365546432e-14
-8.623357172365546432e-14
-8.623357172365546432e-14
-8.623357172365546432e-14
-8.623357172365546432e-14
-8.623357172365546432e-14
-8.623357172365546432e-14
-8.623357172365546432e-14
-8.623357172365546432e-14
-8.623357172365546432e-14
-8.623357172365546432e-14
-8.623357172365546432e-14
-8.623357172365546432e-14
-8.623357172365546432e-14
-8.623357172365546432e-14
-8.623357172365546432e-14
-8.623357172365546432e-14
-8.623357172365546432e-14
-8.623357172365546432e-14
-8.623357172365546432e-14
-8.623357172365546432e-14
-8.623357172365546432e-14
-8.623357172365546432e-14
-8.623357172365546432e-14
-8.623357172365546432e-14
-8.623357172365546432e-14
-8.623357172365546432e-14
-8.623357172365546432e-14
-8.623357172365546432e-14
-8.623357172365546432e-14
-8.623357172365546432e-14
-8.623357172365546432e-14
-8.623357172365546432e-14
-8.623357172365546432e-14
-8.623357172365546432e-14
-8.623357172365546432e-14
-8.623357172365546432e-14
-8.623357172365546432e-14
-8.623357172365546432e-14
-8.623357172365546432e-14
-8.623357172365546432e-14
-8.623357172365546432e-14
-8.623357172365546432e-14
-8.623357172365546432e-14
-8.623357172365546432e-14
-8.623357172365546432e-14
-8.623357172365546432e-14
-8.623357172365546432e-14
-8.623357172365546432e-14
-8.623357172365546432e-14
-8.623357172365546432e-14
-8.623357172365546432e-14
-8.623357172365546432e-14
-8.623357172365546432e-14
-8.623357172365546432e-14
-8.623357172365546432e-14
-8.623357172365546432e-14
-8.623357172365546432e-14
-8.623357172365546432e-14
-8.623357172365546432e-14
-8.623357172365546432e-14
-8.623357172365546432e-14
-8.623357172365546432e-14
-8.623357172365546432e-14
-8.623357172365546432e-14
-8.623357172365546432e-14
-8.623357172365546432e-14
-8.623357172365546432e-14
-8.623357172365546432e-14
-8.623357172365546432e-14
-8.623357172365546432e-14
-8.623357172365546432e-14
-8.623357172365546432e-14
-8.623357172365546432e-14
-8.623357172365546432e-14
-8.623357172365546432e-14
-8.623357172365546432e-14
-8.623357172365546432e-14
-8.623357172365546432e-14
-8.623357172365546432e-14
-8.623357172365546432e-14
-8.623357172365546432e-14
-8.623357172365546432e-14
-8.623357172365546432e-14
-8.623357172365546432e-14
-8.623357172365546432e-14
-8.623357172365546432e-14
-8.623357172365546432e-14
-8.623357172365546432e-14
-8.623357172365546432e-14
-8.623357172365546432e-14
-8.623357172365546432e-14
-8.623357172365546432e-14
-8.623357172365546432e-14
-8.623357172365546432e-14
-8.623357172365546432e-14
-8.623357172365546432e-14
-8.623357172365546432e-14
-8.623357172365546432e-14
-8.623357172365546432e-14
-8.623357172365546432e-14
-8.623357172365546432e-14
-8.623357172365546432e-14
-8.623357172365546432e-14
-8.623357172365546432e-14
-8.623357172365546432e-14
2.493071457664315302e-02
-8.623357172365546432e-14
8.035703537667077123e-02
-8.623357172365546432e-14
1.311088471935625277e-01
-8.623357172365546432e-14
2.771316040000667558e-01
-8.623357172365546432e-14
7.790848305223928572e-01
-8.623357172365546432e-14
3.695088053334452116e-01
-8.623357172365546432e-14
1.424612261526709611e+00
-8.623357172365546432e-14
9.840954387827340888e-01
-8.623357172365546432e-14
2.863693241334602568e+00
-8.623357172365546432e-14
1.582877779955699893e+00
-8.623357172365546432e-14
1.825952247078703961e+00
-8.623357172365546432e-14
5.115025805878604892e+00
-8.623357172365546432e-14
6.197731124638927724e+00
-8.623357172365546432e-14
2.477267165395472759e+00
-8.623357172365546432e-14
7.179823202428936568e+00
-8.623357172365546432e-14
1.091497847561940659e+01
-8.623357172365546432e-14
1.169740224112980798e+01
-8.623357172365546432e-14
5.876748174463684471e+00
-8.623357172365546432e-14
4.371111090562598278e+00
-8.623357172365546432e-14
9.718304175936930633e+00
-8.623357172365546432e-14
5.094992195950880820e+00
-8.623357172365546432e-14
4.015848407844361923e+00
-8.623357172365546432e-14
6.271632885705635374e+00
-8.623357172365546432e-14
5.790158460442759392e+00
-8.623357172365546432e-14
2.384845444928958003e+01
-8.623357172365546432e-14
2.588564998327281685e+01
-8.623357172365546432e-14
5.959108570833199003e+00
-8.623357172365546432e-14
2.796269014144565901e+01
-8.623357172365546432e-14
1.310643280604610617e+01
-8.623357172365546432e-14
2.508519596882747749e+01
-8.623357172365546432e-14
1.147102244894655954e+01
-8.623357172365546432e-14
1.883315150171780417e+01
-8.623357172365546432e-14
3.016193532017758727e+01
-8.623357172365546432e-14
5.242795718084320100e+01
-8.623357172365546432e-14
2.845996885898485118e+01
3.784126319595421378e-03
6.313414092188264704e+01
3.606049786981588290e-02
6.016360176093347434e+01
1.491390961278023577e-02
2.825851978137835019e+01
4.028981552122994081e-02
4.773564054443944826e+01
1.050651542875263300e-01
3.409097141833520794e+01
3.205377588427855973e-02
4.437511377689734360e+01
1.030617932947591880e-01
4.532426169613954414e+01
1.883159333205075003e-01
8.851004683032795128e+01
2.495297414329868957e-01
7.786040238841785310e+01
4.863715299118091528e-01
8.315840183163635402e+01
2.987233835888395972e-01
4.058052546092132218e+01
2.432970627888164650e-01
3.248227254113930940e+01
3.379002207808306513e-01
3.242172652002440003e+01
2.510879110940384407e-01
7.985129802390153486e+01
9.807565037947789666e-01
1.104991596826592826e+02
5.680641392837452175e-01
4.506783148906474423e+01
6.183707597689105384e-01
1.061153606391424091e+02
1.886943459525312949e+00
1.071524338464007400e+02
5.364555547311248285e-01
3.535687297010126429e+01
6.241582470813669126e-01
9.876413877399851060e+01
8.060189060918877546e-01
4.569777722345860127e+01
6.021212761608771835e-01
1.040401012462965014e+02
1.686162168916385262e+00
5.272334162944413549e+01
8.402986386348813008e-01
1.054580356378473454e+02
1.629622869787042072e+00
2.435931150244643106e+01
6.375139870331834047e-01
1.619009508438715557e+02
5.111909466556516790e+00
7.736267847954698595e+01
1.549933621407894258e+00
1.859766754680078975e+02
3.136372932017455373e+00
8.530934375087589672e+01
3.678393378395208746e+00
1.916648851134851839e+02
2.452336450818749736e+00
1.215343398178450229e+02
6.208638312266252512e+00
6.284743770425038178e+01
1.466015055377333898e+00
1.695175067427248052e+02
5.725605717342335588e+00
2.602096588855131358e+02
1.124597823075851188e+01
1.497917466208941164e+02
1.538803838114712663e+00
1.890073154587401518e+02
9.590311668065377049e+00
2.483065782491254936e+02
1.179245059045354260e+01
2.633079679586682005e+02
1.528542177918445333e+01
2.908007586494758812e+02
1.620407409220335282e+01
3.001773784783122778e+02
1.824505375250629768e+01
2.766191887773088638e+02
1.426081392921451396e+01
2.866152923442433575e+02
1.818473032705726311e+01
2.609751653804179909e+02
1.785395316758402373e+01
2.883880442271807851e+02
7.681553833285396315e+00
2.742158233729799690e+02
2.026733537687668729e+01
1.631975705975267772e+02
3.666150616772715587e+00
7.200724935453570197e+01
3.144163780322683621e+00
1.370430250498907583e+02
8.311499567679257794e+00
2.379578831474630363e+02
1.115449141208858741e+01
2.006504043573992817e+02
1.328718048672731378e+01
1.954665964907688362e+02
1.004930393107603059e+01
1.625829839640775845e+02
1.064074061527550796e+01
2.991701330902797622e+02
2.518536401846608896e+01
2.308205757172139556e+02
7.185165498409668672e+00
3.109685937637115671e+02
3.476699445556285184e+01
3.223536942856349015e+02
1.394361510535894588e+01
2.175407408874601174e+02
2.818083389399195582e+01
3.895499835138614912e+02
5.501362843551427062e+01
4.619501142186464335e+02
5.445135178354291838e+01
2.268654959261502597e+02
2.030116991808795035e+01
2.335266712271171627e+02
1.567118006812600051e+01
3.495691307767766034e+02
4.663891169872970011e+01
4.628694343186627975e+02
5.879040909822119687e+01
4.316234581057298101e+02
4.857170986542296731e+01
4.005179397579565261e+02
4.477177925346620668e+01
4.343611622001854471e+02
6.600562501152251116e+01
3.828879178302311175e+02
5.457177603877511274e+01
1.902200166463647975e+02
3.136551008550184250e+01
4.312868934589442347e+02
8.179144184756827940e+01
5.079737714969293165e+02
5.478991979132140955e+01
3.781127956061262125e+02
3.089160391287833463e+01
1.534607909813231572e+02
2.496989141391016531e+01
1.816289369223609071e+02
2.295206170285704061e+01
3.144348534725388618e+02
6.799073315969370412e+01
2.343843323276894637e+02
4.226223571652048605e+01
4.742681131762039968e+02
9.441217091070016920e+01
4.626401607828234432e+02
4.655009602805014168e+01
3.193303999518760747e+02
5.072999744163600866e+01
4.347794194563432484e+02
1.135415972436823751e+02
5.547437920428526468e+02
1.165666723427681148e+02
5.592048317824242076e+02
1.086522834429894004e+02
3.630426238358319893e+02
4.090929925940177725e+01
4.379761158138099404e+02
6.822334563052110923e+01
3.547863279932867613e+02
1.060590439356789147e+02
4.745984451443455896e+02
9.164374861435511832e+01
4.931918611139282689e+02
1.205148516681899764e+02
4.649061846613147964e+02
7.839797092147836111e+01
4.303546628103076159e+02
9.998285004460147718e+01
3.667953641666254612e+02
6.735410955532393018e+01
4.267806667992022653e+02
1.246613637318963157e+02
5.775954631004053681e+02
1.551507372765592834e+02
5.857533716586390256e+02
1.602058848483205793e+02
6.180602388150778097e+02
1.215686195503880782e+02
2.834642280982789657e+02
1.475771423412176375e+02
5.295762356776558590e+02
1.522618907249820097e+02
6.125941796441325096e+02
1.779006821148122413e+02
6.273449266339125643e+02
1.805947574587588065e+02
5.757893218675883418e+02
1.542661421004174542e+02
5.315241703496276386e+02
1.226068057359756693e+02
4.601604450651033176e+02
6.277353594318368124e+01
3.355220086867910254e+02
6.317264997207703914e+01
3.548257274261444536e+02
7.235872791093423473e+01
4.285393951551902774e+02
9.916570135521641305e+01
3.571569718347335538e+02
4.690424573243907247e+01
1.752028226445459040e+02
6.413292767461241795e+01
4.265605196856632801e+02
6.717803638362585161e+01
4.285015538919935238e+02
1.202041081186444842e+02
3.727241997269012472e+02
7.694353084072591287e+01
3.575233643007449587e+02
9.674497348895020821e+01
5.728363677642424818e+02
1.835806557206525440e+02
6.194298699471362397e+02
1.883319602085102247e+02
6.071181036682226022e+02
1.619739622222748210e+02
3.894860985577586234e+02
9.042080802610074386e+01
5.285507374450222642e+02
1.879517668112152649e+02
6.316223249491464458e+02
1.846760489923671571e+02
5.255256623459365528e+02
1.769522019825676296e+02
6.268783661182624201e+02
1.970385670830972629e+02
6.091555217978718701e+02
1.743119947897599218e+02
5.667995733060230350e+02
1.263201466339115058e+02
5.050152525019369705e+02
1.140428826832071394e+02
2.822390615533659002e+02
