9.163796112704265795e+01
3.759945752497685589e+02
9.763468836540683071e+01
4.101516575808652192e+02
4.482765076559794437e+01
2.617393363013277394e+02
3.638815869004711345e+01
3.479225906363840295e+02
9.082860328596275679e+01
2.510202420116681878e+02
1.996683122796088483e+01
2.057814570512201158e+02
4.411890616548838295e+01
3.698400276843072447e+02
7.884516561419826530e+01
1.376021853625399842e+02
2.811138404624252018e+01
2.582485910692553261e+02
4.015581293045365641e+01
4.222072162483697753e+02
7.582832655474950911e+01
4.576720481164147145e+02
7.205087810504495849e+01
4.045224357868418110e+02
6.404366681260111704e+01
3.967429398605765982e+02
6.552815730824517004e+01
3.954984074927333495e+02
5.572571197061179049e+01
4.200985675056442119e+02
6.070584480297710428e+01
3.443265576543580551e+02
3.708555091119762892e+01
3.266740535643806993e+02
4.628565237700424007e+01
4.097736901402291210e+02
6.469898845290343559e+01
4.183396165539903109e+02
5.717970686003252467e+01
4.100813173504524229e+02
5.922024132900375548e+01
4.012556217946283255e+02
5.597880324269865326e+01
3.887775765533149865e+02
4.390321096526660938e+01
2.853520619404678200e+02
3.401350812661470258e+01
2.708483961397961366e+02
2.550857292529997977e+01
1.145791156422723986e+02
9.075447892922984039e+00
2.475978336490159961e+02
3.472692723570741435e+01
2.692092016563767629e+02
1.502298148913132181e+01
5.636545191430364099e+01
5.416197741791992648e+00
1.491108264790174758e+02
1.555209138688899273e+01
2.717888628280696821e+02
2.832685665079844739e+01
2.754899609643829308e+02
2.195483311978830798e+01
1.163349502546041521e+02
1.013967777141664151e+01
3.121296527568558759e+02
2.634041292863207673e+01
2.626453006613921843e+02
1.939609594068674525e+01
2.504029842302285260e+02
1.835034150245975226e+01
2.349301369003868558e+02
1.720219305793553843e+01
2.539556110574107208e+02
1.845985857006462538e+01
2.630170354233844705e+02
2.092132144318381748e+01
2.791049145780070262e+02
2.030762519239799246e+01
2.459261401983806934e+02
1.452703834558732154e+01
1.282053093281099905e+02
7.866308235952150341e+00
1.425382442530643061e+02
7.592070375608241051e+00
1.179977398786048894e+02
4.976793897377334019e+00
4.700040706009211533e+01
1.399458951284134001e+00
5.924828838290255106e+01
1.292835627335483295e+00
1.750505672090952487e+02
2.466582573434010328e+00
1.543226813995468376e+02
6.232010857181915497e+00
1.788658569219965955e+02
7.868089001279054528e+00
1.510714491039436780e+02
7.779273330599497882e+00
1.724381844745205399e+02
6.111809197615597711e+00
1.490302468479749223e+02
5.452258239661887274e+00
1.257696675522309704e+02
3.562643632146166084e+00
1.325301205201730284e+02
3.693307288008077283e+00
1.722823675084160584e+02
5.416642933123724468e+00
1.018973953666939423e+02
1.350487904794146043e+00
4.874221814547443188e+01
9.204330783457536080e-01
1.076314597193391052e+02
1.894066520832954126e+00
1.030125996526703176e+02
1.454885272084158077e+00
1.997951918091511203e+01
1.787443196883816698e-01
2.559471744798917214e+01
8.467539129449181967e-01
1.069418583464938450e+02
1.299736092977258783e+00
7.068347292964512008e+01
6.566572142974516080e-01
5.788911924713968205e+01
4.271610827921163422e-01
6.767175357051121409e+01
5.429108290411662763e-01
4.653473692710556264e+01
2.882613872932610066e-01
4.385713366243286515e+01
1.253213598811302731e-01
4.233725045591652503e+01
1.184208942393611824e-01
3.767832316939228576e+01
9.415796666022434314e-02
1.647653118722034549e+01
5.097440748269591038e-02
1.276096433262587126e+01
6.455274310036669683e-02
3.406893444741473331e+01
4.385134617504991145e-02
4.410532782987070988e+01
3.405713687704872011e-02
3.255773247186704822e+01
2.826964956459540601e-02
2.095604636705853707e+01
9.794209297916462234e-03
1.508041117092412442e+01
5.342295980643764486e-03
3.014657621923300468e+01
1.335573995095881185e-03
2.911083858596989415e+01
-8.623357172365546432e-14
3.826352717494756916e+01
-8.623357172365546432e-14
3.337065184360075420e+01
-8.623357172365546432e-14
1.081792676530289476e+01
-8.623357172365546432e-14
1.947801114572452974e+01
-8.623357172365546432e-14
1.124486525242919654e+01
-8.623357172365546432e-14
1.079299605072617396e+01
-8.623357172365546432e-14
8.093801006464698133e+00
-8.623357172365546432e-14
5.122594058517959681e+00
-8.623357172365546432e-14
7.518391210207409081e+00
-8.623357172365546432e-14
1.909047209145607837e+01
-8.623357172365546432e-14
3.785684489341445413e+00
-8.623357172365546432e-14
1.568542619074127131e+01
-8.623357172365546432e-14
7.951117184646162350e+00
-8.623357172365546432e-14
8.858194523040143764e+00
-8.623357172365546432e-14
9.567829505813163493e+00
-8.623357172365546432e-14
2.482164270044466381e+00
-8.623357172365546432e-14
9.373058298182558090e+00
-8.623357172365546432e-14
2.456120577138424466e+00
-8.623357172365546432e-14
7.222784165940612233e+00
-8.623357172365546432e-14
2.895969612884811806e+00
-8.623357172365546432e-14
1.100290376363507461e+00
-8.623357172365546432e-14
2.202806709385705108e+00
-8.623357172365546432e-14
7.704035995537269477e-01
-8.623357172365546432e-14
5.656155869592545127e-01
-8.623357172365546432e-14
1.321773063897750511e+00
-8.623357172365546432e-14
7.744103215392641459e-01
-8.623357172365546432e-14
1.324221616222244213e+00
-8.623357172365546432e-14
2.517556980916201836e-01
-8.623357172365546432e-14
2.297187271711257917e-01
-8.623357172365546432e-14
1.520328397847388324e-01
-8.623357172365546432e-14
1.974423556208991237e-01
-8.623357172365546432e-14
1.095170676047975272e-01
-8.623357172365546432e-14
-8.623357172365546432e-14
-8.623357172365546432e-14
-8.623357172365546432e-14
-8.623357172365546432e-14
-8.623357172365546432e-14
-8.623357172365546432e-14
-8.623357172365546432e-14
-8.623357172365546432e-14
-8.623357172365546432e-14
-8.623357172365546432e-14
-8.623357172365546432e-14
-8.623357172365546432e-14
-8.623357172365546432e-14
-8.623357172365546432e-14
-8.623357172365546432e-14
-8.623357172365546432e-14
-8.623357172365546432e-14
-8.623357172365546432e-14
-8.623357172365546432e-14
-8.623357172365546432e-14
-8.623357172365546432e-14
-8.623357172365546432e-14
-8.623357172365546432e-14
-8.623357172365546432e-14
-8.623357172365546432e-14
-8.623357172365546432e-14
-8.623357172365546432e-14
-8.623357172365546432e-14
-8.623357172365546432e-14
-8.623357172365546432e-14
-8.623357172365546432e-14
-8.623357172365546432e-14
-8.623357172365546432e-14
-8.623357172365546432e-14
-8.623357172365546432e-14
-8.623357172365546432e-14
-8.623357172365546432e-14
-8.623357172365546432e-14
-8.623357172365546432e-14
-8.623357172365546432e-14
-8.623357172365546432e-14
-8.623357172365546432e-14
-8.623357172365546432e-14
-8.623357172365546432e-14
-8.623357172365546432e-14
-8.623357172365546432e-14
-8.623357172365546432e-14
-8.623357172365546432e-14
-8.623357172365546432e-14
-8.623357172365546432e-14
-8.623357172365546432e-14
-8.623357172365546432e-14
-8.623357172365546432e-14
-8.623357172365546432e-14
-8.623357172365546432e-14
-8.623357172365546432e-14
-8.623357172365546432e-14
-8.623357172365546432e-14
-8.623357172365546432e-14
-8.623357172365546432e-14
-8.623357172365546432e-14
-8.623357172365546432e-14
-8.623357172365546432e-14
-8.623357172365546432e-14
-8.623357172365546432e-14
-8.623357172365546432e-14
-8.623357172365546432e-14
-8.623357172365546432e-14
-8.623357172365546432e-14
-8.623357172365546432e-14
-8.623357172365546432e-14
-8.623357172365546432e-14
-8.623357172365546432e-14
-8.623357172365546432e-14
-8.623357172365546432e-14
-8.623357172365546432e-14
-8.623357172365546432e-14
-8.623357172365546432e-14
-8.623357172365546432e-14
-8.623357172365546432e-14
-8.623357172365546432e-14
-8.623357172365546432e-14
-8.623357172365546432e-14
-8.623357172365546432e-14
-8.623357172365546432e-14
-8.623357172365546432e-14
-8.623357172365546432e-14
-8.623357172365546432e-14
-8.623357172365546432e-14
-8.623357172365546432e-14
-8.623357172365546432e-14
-8.623357172365546432e-14
-8.623357172365546432e-14
-8.623357172365546432e-14
-8.623357172365546432e-14
-8.623357172365546432e-14
-8.623357172365546432e-14
-8.623357172365546432e-14
-8.623357172365546432e-14
-8.623357172365546432e-14
-8.623357172365546432e-14
-8.623357172365546432e-14
-8.623357172365546432e-14
-8.623357172365546432e-14
-8.623357172365546432e-14
-8.623357172365546432e-14
-8.623357172365546432e-14
-8.623357172365546432e-14
-8.623357172365546432e-14
-8.623357172365546432e-14
-8.623357172365546432e-14
-8.623357172365546432e-14
-8.623357172365546432e-14
-8.623357172365546432e-14
-8.623357172365546432e-14
-8.623357172365546432e-14
-8.623357172365546432e-14
-8.623357172365546432e-14
-8.623357172365546432e-14
-8.623357172365546432e-14
-8.623357172365546432e-14
-8.623357172365546432e-14
-8.623357172365546432e-14
-8.623357172365546432e-14
-8.623357172365546432e-14
-8.623357172365546432e-14
-8.623357172365546432e-14
-8.623357172365546432e-14
-8.623357172365546432e-14
-8.623357172365546432e-14
-8.623357172365546432e-14
-8.623357172365546432e-14
-8.623357172365546432e-14
-8.623357172365546432e-14
-8.623357172365546432e-14
-8.623357172365546432e-14
-8.623357172365546432e-14
-8.623357172365546432e-14
-8.623357172365546432e-14
-8.623357172365546432e-14
-8.623357172365546432e-14
-8.623357172365546432e-14
-8.623357172365546432e-14
-8.623357172365546432e-14
-8.623357172365546432e-14
-8.623357172365546432e-14
-8.623357172365546432e-14
-8.623357172365546432e-14
-8.623357172365546432e-14
-8.623357172365546432e-14
6.789167808831439443e-02
-8.623357172365546432e-14
1.665015580658683603e-01
-8.623357172365546432e-14
2.092399259116718979e-01
-8.623357172365546432e-14
3.247670764948713540e-01
-8.623357172365546432e-14
7.828689568420680311e-01
-8.623357172365546432e-14
1.015926619001208620e+00
-8.623357172365546432e-14
5.938852365239244424e-01
-8.623357172365546432e-14
8.191520503778426665e-01
-8.623357172365546432e-14
2.649333615107997364e+00
-8.623357172365546432e-14
2.165188041854756662e+00
-8.623357172365546432e-14
4.482186327828512340e+00
-8.623357172365546432e-14
1.267904912758769376e+00
-8.623357172365546432e-14
3.156183946279313535e+00
-8.623357172365546432e-14
5.477634145570328350e+00
-8.623357172365546432e-14
5.885874596764095301e+00
-8.623357172365546432e-14
2.852340862375550401e+00
-8.623357172365546432e-14
2.608821203920821397e+00
-8.623357172365546432e-14
3.961535065373657627e+00
-8.623357172365546432e-14
4.518024230032542832e+00
-8.623357172365546432e-14
4.282072824217178386e+00
-8.623357172365546432e-14
7.559348812726299549e+00
-8.623357172365546432e-14
1.156607079827030304e+01
-8.623357172365546432e-14
1.981145945318813162e+01
-8.623357172365546432e-14
2.541730870229591233e+01
-8.623357172365546432e-14
2.308317055005067431e+01
-8.623357172365546432e-14
5.904572632696635459e+00
-8.623357172365546432e-14
6.578592308931472843e+00
-8.623357172365546432e-14
1.650702679344365364e+01
-8.623357172365546432e-14
6.658504152976482793e+00
-8.623357172365546432e-14
9.878127864026968297e+00
-8.623357172365546432e-14
1.110440738726928167e+01
-8.623357172365546432e-14
1.211788545394606409e+01
-8.623357172365546432e-14
2.555709878045822236e+01
-8.623357172365546432e-14
3.196985731832140942e+01
1.335573995095881185e-03
2.085031342577334001e+01
4.006721985460116701e-03
3.929703885155206677e+01
1.469131394691249558e-02
2.781288325831949493e+01
4.451913317192540513e-03
1.220447516796698473e+01
1.001680496378418335e-02
1.012854798812346147e+01
3.873164586018462002e-02
4.588564796544744695e+01
4.808066382645792558e-02
8.393236696184395385e+01
1.271021252080236918e-01
6.968557655957877728e+01
1.642756014072445370e-01
5.522576210508221806e+01
9.816468864576002873e-02
2.664292043854065284e+01
1.188660855710783198e-01
7.292189494556905061e+01
4.231543608065716500e-01
6.783402581092573769e+01
2.163629872193245374e-01
3.058531227665009666e+01
2.297187271711335355e-01
4.365857832848256947e+01
2.615499073896216387e-01
4.646083516603887631e+01
3.125243148723885755e-01
8.009481768235625054e+01
1.072243322464700777e+00
1.303072802008595090e+02
1.507417849227952855e+00
1.062702872225834341e+02
6.951662644918398248e-01
1.908401681714602915e+01
4.888200822363209519e-01
1.098115616708067961e+02
1.363398453414234490e+00
1.320508720515687457e+02
2.183218290789716409e+00
1.581791513106329319e+02
2.931584919422981717e+00
1.722004523033782561e+02
2.792907819589990570e+00
1.754076106571403670e+02
2.979665583249508476e+00
1.541178933869523178e+02
2.949837764023791831e+00
1.431294583415979105e+02
2.592794315978653508e+00
8.796090332264257938e+01
9.852084171120533140e-01
1.370681783601333166e+02
4.653139799211722050e+00
1.349688786353740966e+02
4.798272173354765968e+00
2.070446874549958807e+02
3.468040474154148178e+00
1.271377405146283479e+02
4.814744252628659460e+00
2.157539654775732458e+02
8.635153665844869764e+00
2.492381411107645022e+02
1.144943066935780074e+01
1.185048128054420431e+02
1.753608655673047689e+00
8.073611579570918195e+01
2.991908344872006964e+00
1.591912938033145224e+02
5.066277355054486620e+00
2.163997155042434599e+02
1.308328285679629488e+01
2.413135128103560305e+02
6.084207335048525067e+00
8.021769048991292550e+01
3.112332600104183999e+00
1.877999565670962170e+02
1.130563386920994873e+01
2.323509209200258283e+02
1.032665813074202354e+01
1.812845814272699556e+02
9.740563742523287161e+00
3.003191719174674290e+02
1.445914666749893129e+01
3.446965116510233997e+02
2.218700039928399548e+01
1.031343594818977039e+02
8.948345767714885213e+00
2.436696879335218284e+02
1.987957372694237890e+01
3.197493249950313157e+02
1.710825768694110849e+01
2.161495179758128415e+02
2.772829690529134439e+01
3.356473300466723231e+02
1.952898555320726359e+01
1.217607196100282749e+02
6.740864549346009760e+00
1.751062161255612182e+02
8.813007602869850743e+00
1.567808053376780606e+02
9.129761235393692331e+00
3.574251996120991066e+02
4.142816975652975486e+01
4.172275286073361258e+02
4.347070758649373090e+01
3.162797263512160271e+02
2.607307553392995203e+01
2.571436261839086228e+02
2.577568772433623678e+01
4.239813037053021958e+02
4.509721411695874593e+01
4.521487818593423071e+02
5.424545079261912406e+01
4.537472413359085408e+02
5.724448219879880639e+01
4.302756413489259444e+02
4.100078607807172659e+01
2.860018186891234109e+02
1.996638603662916722e+01
2.761145644027960202e+02
3.281149153095149984e+01
3.729031666422554281e+02
5.445046140087949738e+01
4.473258015670767804e+02
5.845584781242827432e+01
4.387992745861732260e+02
5.889057714785982967e+01
3.520653185737704689e+02
2.334805939242830419e+01
2.405537938027637779e+02
2.578147521164868294e+01
4.830101127616632652e+02
7.745372010688515729e+01
5.022089889423949103e+02
8.171798527783329291e+01
5.044318292617085149e+02
7.845473281627356243e+01
4.538576487861768101e+02
8.293513837877520700e+01
5.068797137992100943e+02
7.711893622542638127e+01
5.272625763266700005e+02
1.044336503835432666e+02
5.518636267222442484e+02
1.107800754129790874e+02
5.453591587700453829e+02
9.766540656729601722e+01
4.792375614166075479e+02
8.012776184090401443e+01
5.146244848016006017e+02
1.116800296900654672e+02
5.676565666195976974e+02
1.175774792614545277e+02
5.363113127396893560e+02
1.112619950295737539e+02
5.731635833930619128e+02
1.154203046635707608e+02
3.650557790379019139e+02
4.650446391654811862e+01
5.038835761366863153e+02
7.810881915152160104e+01
4.937036085497484237e+02
6.619505392317239512e+01
4.523960856441168517e+02
8.586694589386411280e+01
2.716693289555009301e+02
3.291677928090495442e+01
2.873672205035305183e+02
5.974868343976381624e+01
5.050622201874340931e+02
9.995791933002475105e+01
5.027365406704917064e+02
6.997005382055240830e+01
4.994459089420307123e+02
1.129310173322186586e+02
4.413653574222482234e+02
9.182360591237285519e+01
4.994287690757591918e+02
1.217322273647977511e+02
5.324399289189904039e+02
9.901544928075847452e+01
4.244556550692574319e+02
9.049337421317224539e+01
4.872035925108667698e+02
1.018185965009782308e+02
2.232961744240281519e+02
2.688554971433192620e+01
1.020636743290939989e+02
3.280548144797317889e+01
4.017902965840328307e+02
1.552691581707986188e+02
6.221433111140130450e+02
1.670331165160217211e+02
6.057524792581501742e+02
1.386655248583701621e+02
5.207171507719521060e+02
1.064917699101176964e+02
5.039329923745082169e+02
1.409275420148756552e+02
5.851585960394513677e+02
1.620759110372403029e+02
5.577835584558855544e+02
1.260757365927933336e+02
5.166367496210071977e+02
8.637824813835270277e+01
4.568021442542199111e+02
9.224631508184774020e+01
3.506231212546406937e+02
6.622376876406876534e+01
3.501734780095960673e+02
9.419024303183419988e+01
5.011086985660314213e+02
1.569878193069312147e+02
5.839808423713674301e+02
1.842183923033516919e+02
5.382401041843970688e+02
9.289362327817894993e+01
2.026900484437070702e+02
4.122916923124772381e+01
1.525249988020327123e+02
5.183318156165577761e+01
4.266297469377466314e+02
1.278872201215909570e+02
4.947266582300574100e+02
1.363020040782309366e+02
4.814359162126763181e+02
6.415785838918912987e+01
2.269943788166852698e+02
5.234849052812992909e+01
2.236229448615158049e+02
3.850615645073884252e+01
3.205842813376854679e+02
9.804559996459097704e+01
4.203823769796202896e+02
8.209795607946239215e+01
2.589998514415448767e+02
2.854232925535436749e+01
1.600694337051462810e+02
3.351177749575824549e+01
3.882598190345161697e+02
9.090027909037083020e+01
3.476252028267902006e+02
7.522442451326163848e+01
4.097616699742724791e+02
9.061891816871927574e+01
2.754389865569001472e+02
7.084329661773513465e+01
4.917118225316013422e+02
1.369749107761364826e+02
5.425695898854430652e+02
1.326687976200060177e+02
4.427116160093910366e+02
1.002699984535654920e+02
4.312156628458677687e+02
1.010809144643064030e+02
4.367887905320935715e+02
1.304475154703535793e+02
5.703724563387986564e+02
1.707667136195511262e+02
5.934890162387291639e+02
1.689973006716017494e+02
5.886288624702642664e+02
1.546766085082698510e+02
5.203411866923086109e+02
1.323925563986693703e+02
4.937496858525822176e+02
1.059777965176386942e+02
4.519284121501374329e+02
1.098489577426718711e+02
4.611394208035715110e+02
9.890860336114394613e+01
4.259325773122620831e+02
9.443042375530096422e+01
4.093788054289870502e+02
7.186745927637338127e+01
3.658551200740179183e+02
8.127991700741382886e+01
4.015806114667892643e+02
9.934021635725339650e+01
4.908152071895030417e+02
1.205348852781177129e+02
5.588582503306748777e+02
1.376834327805801763e+02
5.021551207912559676e+02
9.210251828169987220e+01
1.680873295895514161e+02
3.793074665448153837e+01
1.592015332039442228e+02
4.238488592841131464e+01
3.638437456372747079e+02
7.604402175497125427e+01
4.164898465706640422e+02
