6.366926090261863891e+01
3.225867519477940277e+02
6.406058408320673436e+01
4.204538301883623603e+02
1.183369756733809339e+02
4.472409926183827338e+02
1.094193481075551659e+02
4.732826821634257044e+02
1.337321371158362240e+02
2.713109499334605061e+02
5.429419924344323789e+01
2.535883282087359589e+02
7.277743035842360086e+01
4.446715708473197992e+02
1.069371838375107160e+02
3.783340556979945291e+02
7.854532925228004103e+01
3.901469850897074707e+02
7.731459781572046097e+01
2.553820040842645653e+02
2.843704150540091291e+01
1.464356717666692873e+02
5.583500644255076395e+01
3.759195605103725484e+02
5.608186503599346651e+01
4.173904686347481174e+02
7.647674772941002175e+01
3.219859662456283331e+02
7.302384376053453252e+01
3.464254121877857528e+02
9.018151768529737922e+01
3.115095012317599981e+02
6.270007937344870896e+01
3.215387715529083721e+02
8.479114104074552927e+01
5.360811488211865026e+02
1.604093372869198788e+02
5.628271310530219580e+02
1.588602940481754047e+02
5.354220430545643694e+02
1.340544556400066369e+02
4.948668934995514519e+02
9.962135468323909038e+01
4.902649507034882959e+02
1.425050774988506532e+02
5.334981487145058736e+02
1.349069970402640593e+02
5.113002411275945178e+02
9.125108985977179543e+01
3.934656638720673527e+02
7.437811579164841191e+01
2.741802080664418213e+02
7.153979845622220068e+01
4.397749113896532549e+02
1.076848826791463551e+02
5.186919754039255395e+02
1.309739542201208451e+02
5.105676787912374266e+02
1.142961965509598201e+02
5.230410495235673807e+02
1.246862944464729992e+02
5.154000081014690977e+02
1.151062221790373457e+02
3.811265183262529490e+02
6.465380153273312658e+01
3.227036146723722254e+02
4.723346472225127712e+01
2.011530253709192095e+02
2.201448875823973950e+01
2.806374857374776184e+02
5.397677782392181456e+01
9.798260539115159418e+01
1.355429528576358145e+01
1.119297820271643786e+02
1.823770809553278482e+01
2.746202796978539595e+02
5.279056552053494045e+01
3.074905364845935765e+02
4.767976903230768215e+01
3.418239145830542043e+02
5.990316483187310581e+01
3.456002500544292388e+02
5.574530038920777031e+01
3.725881937750585848e+02
5.344967128715690308e+01
2.739950084724432600e+02
3.365802284823060120e+01
1.972783026152322634e+02
3.383543159392385746e+01
3.919279730122819387e+02
6.731760386612229752e+01
4.068754945706855324e+02
6.516421339455826001e+01
4.130291517534835748e+02
6.614786364200931246e+01
3.824416135201747693e+02
5.199567639773618311e+01
3.418915836654767304e+02
4.795044536199777951e+01
3.058246305212706488e+02
3.024028899456157049e+01
2.566305431740931340e+02
3.608364781914576014e+01
2.465031081642989648e+02
3.150062565468102349e+01
3.768969780791795188e+02
5.149439095821144718e+01
2.928165849995361896e+02
2.587452019997966346e+01
1.194535155333525580e+02
1.265389581734550006e+01
2.694507179538388186e+02
2.924306041149283075e+01
2.447699783098853743e+02
2.657881288677194931e+01
2.581070202257662345e+02
3.260113862671045126e+01
2.583367389529373668e+02
2.342908421480263925e+01
3.003672525812939398e+02
3.447695230294262103e+01
3.116261413606726478e+02
2.600229011218534936e+01
2.110338243829366149e+02
1.854021560544135738e+01
2.535769758297768988e+02
2.446059253041433834e+01
2.164273173668105414e+02
1.593784967583053458e+01
1.691807195002732556e+02
1.580117593699030998e+01
2.873656623338695795e+02
2.554619159283091179e+01
2.242775987148205559e+02
2.156529070452708297e+01
2.477166997345870243e+02
1.699295313202378566e+01
2.204625315975850697e+02
1.485046984808706938e+01
2.042724810323311146e+02
1.271844856044593008e+01
1.899342038113960314e+02
1.116250485605967491e+01
1.696052094350750679e+02
1.007868655897002519e+01
1.803850723415153539e+02
1.061803585735741962e+01
1.772139744856232824e+02
1.133145496645012251e+01
2.121819728274608678e+02
1.285423191662269460e+01
2.212015492082521462e+02
1.249496251191892426e+01
2.139720871723355344e+02
1.092165634559531462e+01
2.176673978213364364e+02
1.140535672751681595e+01
1.900920241384932581e+02
8.884683407277913503e+00
1.932241677528593868e+02
6.653384452661628146e+00
4.302418068077142266e+01
1.209139656970789511e+00
8.206278596425596561e+01
3.817515669559530811e-01
7.046733253809161113e+01
4.587251482116109003e+00
8.951417587903844719e+01
1.314427406924248309e+00
1.852886322648232564e+01
7.503699896259997670e-01
7.799551795759704476e+01
2.026733537687633646e+00
6.395106701560187190e+01
7.913275921448993389e-01
9.823725483289949523e+01
1.313537024260803543e+00
6.998007062551627655e+01
8.561029309111866104e-01
5.442263694264651974e+01
5.124152228178586732e-01
1.510133516351529082e+01
2.401807234667304169e-01
2.975324967765211781e+01
6.764682285593024424e-01
4.928179003952770643e+01
5.433560203728970972e-01
4.516799953870334150e+01
5.242127931086255632e-01
7.585637360864826917e+01
6.611091276147125217e-01
7.673540389314345589e+01
4.685638766427333013e-01
5.959687319564487495e+01
2.274927705125032729e-01
6.168682390243779423e+01
2.290509401735424388e-01
6.979286767052504104e+01
2.593239507309896275e-01
6.818060726267529503e+01
1.818606590104631104e-01
1.108904828632470263e+01
2.938262789392491470e-02
1.859831307423175772e+01
8.057963104253547393e-02
1.462965494755042073e+01
5.409074680477141822e-02
1.983260604144516392e+01
4.629989849954341957e-02
4.361161064298534740e+01
1.825284460073555923e-02
3.814443849371057382e+01
1.780765326825270965e-03
9.295149815130304916e+00
1.335573995095881185e-03
2.255116690863635309e+00
-8.623357172365546432e-14
3.963783281598916375e+01
-8.623357172365546432e-14
1.431668544134626586e+01
-8.623357172365546432e-14
8.188626760122573955e+00
-8.623357172365546432e-14
1.301539117870790818e+01
-8.623357172365546432e-14
3.590022899047378591e+00
-8.623357172365546432e-14
3.042437561023031201e+00
-8.623357172365546432e-14
4.444790255963432912e+00
-8.623357172365546432e-14
1.695756042115147721e+01
-8.623357172365546432e-14
2.285122586622085450e+01
-8.623357172365546432e-14
1.351890257489128189e+01
-8.623357172365546432e-14
5.414862167796806958e+00
-8.623357172365546432e-14
8.945674619724531595e+00
-8.623357172365546432e-14
6.283430455996398933e+00
-8.623357172365546432e-14
1.105677191477449028e+01
-8.623357172365546432e-14
6.547874107042303216e+00
-8.623357172365546432e-14
8.914511226503631036e+00
-8.623357172365546432e-14
7.320726258920577045e+00
-8.623357172365546432e-14
6.407638837548269350e+00
-8.623357172365546432e-14
5.351422403025699381e+00
-8.623357172365546432e-14
4.777793372095312741e+00
-8.623357172365546432e-14
4.329930892377839236e+00
-8.623357172365546432e-14
2.742601199104821585e+00
-8.623357172365546432e-14
2.989014601215776779e+00
-8.623357172365546432e-14
2.579883767358565727e+00
-8.623357172365546432e-14
6.613317232805724366e-01
-8.623357172365546432e-14
1.248761685494055446e-01
-8.623357172365546432e-14
5.929948538604548069e-01
-8.623357172365546432e-14
7.588286249288036522e-01
-8.623357172365546432e-14
1.673919407293290584e-01
-8.623357172365546432e-14
3.265478418217681034e-01
-8.623357172365546432e-14
2.043428212626712814e-01
-8.623357172365546432e-14
1.179757029076090452e-01
-8.623357172365546432e-14
-8.623357172365546432e-14
-8.623357172365546432e-14
-8.623357172365546432e-14
-8.623357172365546432e-14
-8.623357172365546432e-14
-8.623357172365546432e-14
-8.623357172365546432e-14
-8.623357172365546432e-14
-8.623357172365546432e-14
-8.623357172365546432e-14
-8.623357172365546432e-14
-8.623357172365546432e-14
-8.623357172365546432e-14
-8.623357172365546432e-14
-8.623357172365546432e-14
-8.623357172365546432e-14
-8.623357172365546432e-14
-8.623357172365546432e-14
-8.623357172365546432e-14
-8.623357172365546432e-14
-8.623357172365546432e-14
-8.623357172365546432e-14
-8.623357172365546432e-14
-8.623357172365546432e-14
-8.623357172365546432e-14
-8.623357172365546432e-14
-8.623357172365546432e-14
-8.623357172365546432e-14
-8.623357172365546432e-14
-8.623357172365546432e-14
-8.623357172365546432e-14
-8.623357172365546432e-14
-8.623357172365546432e-14
-8.623357172365546432e-14
-8.623357172365546432e-14
-8.623357172365546432e-14
-8.623357172365546432e-14
-8.623357172365546432e-14
-8.623357172365546432e-14
-8.623357172365546432e-14
-8.623357172365546432e-14
-8.623357172365546432e-14
-8.623357172365546432e-14
-8.623357172365546432e-14
-8.623357172365546432e-14
-8.623357172365546432e-14
-8.623357172365546432e-14
-8.623357172365546432e-14
-8.623357172365546432e-14
-8.623357172365546432e-14
-8.623357172365546432e-14
-8.623357172365546432e-14
-8.623357172365546432e-14
-8.623357172365546432e-14
-8.623357172365546432e-14
-8.623357172365546432e-14
-8.623357172365546432e-14
-8.623357172365546432e-14
-8.623357172365546432e-14
-8.623357172365546432e-14
-8.623357172365546432e-14
-8.623357172365546432e-14
-8.623357172365546432e-14
-8.623357172365546432e-14
-8.623357172365546432e-14
-8.623357172365546432e-14
-8.623357172365546432e-14
-8.623357172365546432e-14
-8.623357172365546432e-14
-8.623357172365546432e-14
-8.623357172365546432e-14
-8.623357172365546432e-14
-8.623357172365546432e-14
-8.623357172365546432e-14
-8.623357172365546432e-14
-8.623357172365546432e-14
-8.623357172365546432e-14
-8.623357172365546432e-14
-8.623357172365546432e-14
-8.623357172365546432e-14
-8.623357172365546432e-14
-8.623357172365546432e-14
-8.623357172365546432e-14
-8.623357172365546432e-14
-8.623357172365546432e-14
-8.623357172365546432e-14
-8.623357172365546432e-14
-8.623357172365546432e-14
-8.623357172365546432e-14
-8.623357172365546432e-14
-8.623357172365546432e-14
-8.623357172365546432e-14
-8.623357172365546432e-14
-8.623357172365546432e-14
-8.623357172365546432e-14
-8.623357172365546432e-14
-8.623357172365546432e-14
-8.623357172365546432e-14
-8.623357172365546432e-14
-8.623357172365546432e-14
-8.623357172365546432e-14
-8.623357172365546432e-14
-8.623357172365546432e-14
-8.623357172365546432e-14
-8.623357172365546432e-14
-8.623357172365546432e-14
-8.623357172365546432e-14
-8.623357172365546432e-14
-8.623357172365546432e-14
-8.623357172365546432e-14
-8.623357172365546432e-14
-8.623357172365546432e-14
-8.623357172365546432e-14
-8.623357172365546432e-14
-8.623357172365546432e-14
-8.623357172365546432e-14
-8.623357172365546432e-14
-8.623357172365546432e-14
-8.623357172365546432e-14
-8.623357172365546432e-14
-8.623357172365546432e-14
-8.623357172365546432e-14
-8.623357172365546432e-14
-8.623357172365546432e-14
-8.623357172365546432e-14
-8.623357172365546432e-14
-8.623357172365546432e-14
-8.623357172365546432e-14
-8.623357172365546432e-14
-8.623357172365546432e-14
-8.623357172365546432e-14
-8.623357172365546432e-14
-8.623357172365546432e-14
-8.623357172365546432e-14
-8.623357172365546432e-14
-8.623357172365546432e-14
-8.623357172365546432e-14
-8.623357172365546432e-14
-8.623357172365546432e-14
-8.623357172365546432e-14
-8.623357172365546432e-14
-8.623357172365546432e-14
-8.623357172365546432e-14
-8.623357172365546432e-14
-8.623357172365546432e-14
-8.623357172365546432e-14
-8.623357172365546432e-14
-8.623357172365546432e-14
-8.623357172365546432e-14
-8.623357172365546432e-14
1.046199629557969524e-01
-8.623357172365546432e-14
2.829190913125104179e-01
-8.623357172365546432e-14
4.507562233736279178e-01
-8.623357172365546432e-14
3.069594232257865651e-01
-8.623357172365546432e-14
4.066822815326602836e-01
-8.623357172365546432e-14
2.913777266153365630e-01
-8.623357172365546432e-14
1.502075553247224970e+00
-8.623357172365546432e-14
6.279423734010425306e-01
-8.623357172365546432e-14
5.573795473222987740e-01
-8.623357172365546432e-14
1.402575290606219882e+00
-8.623357172365546432e-14
1.405246438596591707e+00
-8.623357172365546432e-14
2.180547142799344584e+00
-8.623357172365546432e-14
4.158754825328761839e+00
-8.623357172365546432e-14
6.988613525452144870e+00
-8.623357172365546432e-14
4.579238038145012624e+00
-8.623357172365546432e-14
3.038876030369213499e+00
-8.623357172365546432e-14
8.458857898480934168e+00
-8.623357172365546432e-14
6.553661594354757369e+00
-8.623357172365546432e-14
9.523755563972182259e+00
-8.623357172365546432e-14
1.720597718425521094e+01
-8.623357172365546432e-14
2.002314793142437210e+01
-8.623357172365546432e-14
5.262606732346138294e+00
-8.623357172365546432e-14
4.817637996284894086e+00
-8.623357172365546432e-14
1.783369696199043730e+01
-8.623357172365546432e-14
4.462597909232513871e+00
-8.623357172365546432e-14
3.325579248001480526e+00
-8.623357172365546432e-14
3.281505306160491742e+00
-8.623357172365546432e-14
5.723379760683699580e+00
-8.623357172365546432e-14
2.158910844077447777e+01
-8.623357172365546432e-14
1.075626776585869138e+01
-8.623357172365546432e-14
1.301249743505168510e+01
-8.623357172365546432e-14
3.751916726829986004e+01
-8.623357172365546432e-14
2.228894921424950581e+01
-8.623357172365546432e-14
3.236073530757780503e+01
2.225956658550121842e-03
1.352446746653786569e+01
1.558169660962088971e-03
2.884483676526294005e+01
1.780765326900312848e-02
6.421417509265259582e+01
9.349017966190097811e-03
1.453015468490941231e+01
3.227637155014174974e-02
2.536588910348143955e+01
1.513650527864795516e-02
5.393114571241979860e+01
1.357833561767028963e-01
2.181103631964045064e+01
5.097440748268232402e-02
3.866219601250920590e+01
2.230408571952243180e-01
8.769334333227460831e+01
2.501975284305764657e-01
5.873386979909186323e+01
1.155271505831246270e-01
1.278077534688772943e+01
6.855946508591298505e-02
2.957294718830263847e+01
2.880387916273930982e-01
4.007478810807931069e+01
4.788032772724594710e-01
8.626338877476712241e+01
7.252166793834161629e-01
3.556010281303468190e+01
3.606049786989008465e-01
1.264410160804753644e+02
1.276808739393309855e+00
6.715644460403709104e+01
6.944984774942488670e-01
1.387116021612038992e+02
1.786107622889127278e+00
1.460750667879703428e+02
1.680819872935658488e+00
4.513327461482862191e+01
5.636122259664815282e-01
5.870560014952717864e+01
8.162583067216165889e-01
9.235939368010645012e+01
1.353159052784514094e+00
8.440449236914054154e+01
1.474696286346009133e+00
1.079568945828316373e+02
2.510879110940863690e+00
2.008322650164097922e+02
5.681976966833070186e+00
2.071032301151179240e+02
6.002069534344872892e+00
1.624975072283858992e+02
3.663256873116489842e+00
1.624990653980469801e+02
5.789268077779311739e+00
1.664169717129113337e+02
2.194570669748749481e+00
1.345800040071104888e+02
3.533038408586311796e+00
1.026493235259809751e+02
2.955402655670389844e+00
1.851486195909955086e+02
3.474940939795924777e+00
1.580150983048914668e+02
4.504445894414863538e+00
7.761621494296555568e+01
2.043873403959119983e+00
2.674616030836820073e+02
1.304944831558504070e+01
1.225945629743531669e+02
2.111765082047509789e+00
8.875156312778989331e+01
3.281727901826350546e+00
1.157424005920753700e+02
3.698649583988800948e+00
1.830844899814427151e+02
4.708788715677610703e+00
1.113180891373713308e+02
2.808266920534576716e+00
2.110409474442442388e+02
1.211654987995087929e+01
2.830170334055590047e+02
9.357921792903836078e+00
2.055786723996184264e+02
8.371822993128288815e+00
1.660690546871666129e+02
1.123685180845810549e+01
1.842520042488970944e+02
3.417288662337260252e+00
1.591848385290045087e+02
1.115983370806931596e+01
2.346305231341345348e+02
1.946287464044580062e+01
3.052823874792271113e+02
2.561742220590725694e+01
2.156954228174511456e+02
1.644336443300667483e+01
3.506614077091691115e+02
2.822891455781848080e+01
3.696501535813256396e+02
3.118298163949373603e+01
3.847955626866818761e+02
3.388128630109175532e+01
2.834079113948154713e+02
1.370365697755802969e+01
2.323368973930764412e+02
1.746218479566416448e+01
3.434639994491368498e+02
3.831650494342309798e+01
4.233397829962834749e+02
4.597602180578804365e+01
4.333817412703860441e+02
4.692516972503023709e+01
3.845473685192440030e+02
3.867844549611723437e+01
4.317169482853925615e+02
4.983516286486452884e+01
3.688042900510439495e+02
3.311355384952833703e+01
4.075103374097284359e+02
4.632416142719864638e+01
2.491524417794069848e+02
1.710870287827284031e+01
3.903054732038024213e+02
5.755233200468810395e+01
4.314665281612961394e+02
5.586884098376205543e+01
4.424409396797009890e+02
7.148748847474428203e+01
4.876011483700991676e+02
5.814376868888758310e+01
3.298778729831547594e+02
3.994345666521981286e+01
2.761875757811993140e+02
3.016104493751413074e+01
3.791716831886392356e+02
5.085865773650514399e+01
1.598156746460617512e+02
2.669033331536958542e+01
3.168885254973527594e+02
7.477255531155864787e+01
4.725630303756892090e+02
6.813809149049535563e+01
4.580146228461787246e+02
4.454183793062915697e+01
2.053774459176777043e+02
2.691938425554317504e+01
3.112737724216105448e+02
4.196929982024403927e+01
3.509581277317653871e+02
5.221048121529452857e+01
4.676953083545848813e+02
6.209929367128297883e+01
2.413453439905744915e+02
2.510879110940902947e+01
3.115348771376685022e+02
3.229373401215287487e+01
3.171732253539923931e+02
4.849914367835143736e+01
3.763545124414699785e+02
7.023249411060554337e+01
4.557686325776154490e+02
9.327671041913012573e+01
3.305287427101398521e+02
3.443554950909201295e+01
4.383418404928235077e+02
1.392362601456443372e+02
5.788250815586358158e+02
1.458918705549646404e+02
5.789871312033842514e+02
9.784726722630654194e+01
2.123286633712648950e+02
4.389030041664651804e+01
1.582875553999084559e+02
3.958930696083091050e+01
3.159137790765362865e+02
4.586917588617352237e+01
3.855138789004236628e+02
8.812094960639846875e+01
5.350478597402476453e+02
1.460301024634658802e+02
5.373824430838247963e+02
1.120842634192736966e+02
4.388164144524448034e+02
1.021972317286121239e+02
4.841738429027979009e+02
9.969970835762302386e+01
4.625838440793601762e+02
9.426881930188402237e+01
3.416004285345272820e+02
7.503366002761663367e+01
4.331106197493643322e+02
1.251864669076684464e+02
5.162407519314360798e+02
1.101298734729916902e+02
4.128546367514464350e+02
7.143362032360531089e+01
3.533632739014209392e+02
7.128893314079400056e+01
4.013945214901272607e+02
8.287659571865312103e+01
4.152335166325304954e+02
1.135867841638526841e+02
5.372364203270183225e+02
1.503132882660124778e+02
5.679862308007418505e+02
1.396360419615352839e+02
5.253818655457888553e+02
1.071827068569582480e+02
5.241711677191568697e+02
1.533118744808603537e+02
6.112165350681024165e+02
1.838738142125948514e+02
6.327121533292146296e+02
1.926115844804028541e+02
6.222492666509640458e+02
1.733739766538109848e+02
5.517979610008144391e+02
1.519963340956067839e+02
5.166294039640337132e+02
1.221242183323835064e+02
5.466043589248861281e+02
1.846008116573052575e+02
5.395498570823381215e+02
1.583162702408048688e+02
5.832260204684238261e+02
1.434239524075353813e+02
2.767943715663433863e+02
7.127602259217390213e+01
5.478455523577410986e+02
