5.837059367240256336e+01
5.462188232316104859e+02
1.337904571802924352e+02
5.133303136002698466e+02
1.440336419363356981e+02
5.893496272363304342e+02
1.532778173439832301e+02
4.146449736919871611e+02
6.670301723267303373e+01
3.799690208637622959e+02
1.093663703390796655e+02
4.690600423819941511e+02
1.234885071684612114e+02
4.404542733618687862e+02
1.005311031696234494e+02
4.077195773356401105e+02
1.241200110725161494e+02
3.815719322536457412e+02
7.725004507262002562e+01
2.447831114541712907e+02
5.313380803729654644e+01
1.815815240455319781e+02
4.758472068298397772e+01
2.321781866833157437e+02
7.073845405911340833e+01
2.724110177141581630e+02
6.108025071295960373e+01
3.624736693138845567e+02
1.474611699993027401e+02
5.596081751289690374e+02
1.477209391413654771e+02
4.817595703108418661e+02
1.371879348283679008e+02
5.156689036658324312e+02
1.620298337344065374e+02
5.553804156472224349e+02
1.307141850780580796e+02
4.273979245806419272e+02
9.173568062435676040e+01
4.703444193740271544e+02
1.256089534814774566e+02
5.241920917117480485e+02
1.375536595073816954e+02
4.832520742504570421e+02
1.256191928821071997e+02
5.267514966778472854e+02
1.420057954203186910e+02
5.534456141195365717e+02
1.467893762797265254e+02
5.520833286444515124e+02
1.328275083297666868e+02
4.441500292022013809e+02
1.241776633499748073e+02
3.655644101344000205e+02
3.070529134055053078e+01
1.622987292987697856e+02
4.201159299675812520e+01
4.013569028225963393e+02
1.011447994204092140e+02
2.594906748847739664e+02
1.792919050264590197e+01
5.935669247217810351e+01
1.019755264454116706e+01
1.761154648745864222e+02
4.875357052443347783e+01
3.078137453914274602e+02
6.332757655551807829e+01
4.594134140104652602e+02
1.104880298993661825e+02
3.120223616459097116e+02
6.572070255921715898e+01
3.549140979054922127e+02
2.131798691975268056e+01
2.026306154009214424e+02
6.427026920045022962e+01
2.079070230645511970e+02
9.033599907740631707e+00
2.840340730028896701e+02
8.629121323300009294e+01
2.290898944151247747e+02
1.207091776844884734e+01
1.041963634037327324e+02
2.074636124981505958e+01
1.417092979933884465e+02
3.455040887267759331e+01
3.146961807842627081e+02
2.957205680563918548e+01
1.435857794566181838e+02
2.381417471674658870e+01
4.130576439987140702e+02
6.759095134380274317e+01
1.533957930468909296e+02
1.074335721723860182e+01
1.303858564709093741e+02
2.351478354616010336e+01
2.634657882857653135e+02
4.412780999212291277e+01
3.835882037950378844e+02
6.639939674443513695e+01
3.482095164496820985e+02
4.793375068705802278e+01
3.313984239766687097e+02
4.585604274188758467e+01
3.446807073587472132e+02
4.505447574911293174e+01
3.567169002033212450e+02
4.719718162871552636e+01
3.774899729330399509e+02
4.952620008064587864e+01
3.075350556177663748e+02
3.567941408993753782e+01
3.193068048112945689e+02
4.289707855556333271e+01
2.392280140168803939e+02
1.790982467971577918e+01
9.079410095775391198e+01
6.584602391909795571e+00
9.772684297107436180e+01
7.440927918486894832e+00
2.281057989763419585e+02
1.065187039856868445e+01
1.676948934306340959e+02
1.188171145246482396e+01
4.237242057112294447e+01
1.793008088530898325e+00
5.822301274593500864e+01
7.659516862364904810e+00
9.973732702515398785e+01
3.600039704011244179e+00
1.889489953942839122e+02
2.467161322165299353e+01
2.778405711959020437e+02
2.445146610811394439e+01
2.627864263135498391e+02
2.403209587362701427e+01
2.339237818950178394e+02
1.945998089678957044e+01
7.234381400132137685e+01
9.295817602127895540e+00
2.064423435831690483e+02
1.663835823630315147e+01
1.574643966275450566e+02
1.202150153062714111e+01
1.632407541567042983e+02
1.102093401257045002e+01
2.242553391482341851e+02
1.371857088717088935e+01
1.678133143248734598e+02
1.481863866786858530e+01
2.333775321309885555e+02
1.439125498941055703e+01
1.458916479592987230e+02
5.725605717342335588e+00
2.154231883181000740e+02
1.310309387105815304e+01
2.156791733338431243e+02
1.159278227817392271e+01
2.024189269226852161e+02
6.488218468590873478e+00
1.097556901586750371e+02
4.921590172243168304e+00
1.126452044972498356e+02
4.635554741608499008e+00
8.085921119893168907e+01
2.345490531204238227e+00
7.258288174645886670e+01
4.095982847555239559e+00
4.412758739645707351e+01
1.285712566027855663e+00
5.862479792281872193e+01
3.378334420811138994e+00
9.199277861842915627e+01
1.674809789957348194e+00
9.641085739448904235e+01
2.050996465266754942e+00
9.525514069732540179e+01
1.928568849041803812e+00
5.819986279668520268e+01
1.328673529539520892e+00
4.878584689598370261e+01
9.547128108887443787e-01
3.214103338537046994e+01
7.354560800131394460e-01
8.028046246768644778e+01
1.929014040373530303e+00
1.052819624661492952e+02
1.879152611220097580e+00
1.163398473592531701e+02
6.288327560645012859e-01
2.448708141465210630e+01
1.135237895903649236e-01
4.562721439737983076e+01
8.699038621947293715e-01
5.788889665147380015e+01
1.513650527871724938e-01
1.919620503274125412e+01
2.733474776804019624e-01
3.769479524866618902e+01
1.066233239485852302e-01
5.513828200839785865e+01
2.221504745317793295e-01
6.412068491298991546e+01
1.903192943132853421e-01
8.241604528598092116e+00
2.938262789392945273e-02
5.516209974464525345e+01
1.796347023518282682e-01
1.606406141837517865e+01
6.366236043690638724e-02
3.048247307902111203e+01
6.210419077585806885e-02
4.789835797618570012e+01
6.143640377826703469e-02
3.182183120052213710e+01
1.914322726418827073e-02
5.407716846922630083e+01
2.003360992764099957e-02
1.227637356804091517e+01
3.338934987870570501e-03
2.710146751021957456e+01
1.558169660960576075e-03
1.979832630890218681e+01
-8.623357172365546432e-14
4.126055522013449917e+01
-8.623357172365546432e-14
2.017228702755295089e+01
-8.623357172365546432e-14
3.400415910864843028e+01
-8.623357172365546432e-14
2.816814594103774994e+01
-8.623357172365546432e-14
8.883793024614453415e+00
-8.623357172365546432e-14
1.194648679123111989e+01
-8.623357172365546432e-14
1.469843700830226396e+01
-8.623357172365546432e-14
1.873120268675229738e+01
-8.623357172365546432e-14
4.109561183172925070e+00
-8.623357172365546432e-14
7.278655678072363244e+00
-8.623357172365546432e-14
5.823770405988164534e+00
-8.623357172365546432e-14
5.705794703080476538e+00
-8.623357172365546432e-14
3.253903443593410216e+00
-8.623357172365546432e-14
9.375952041838775841e+00
-8.623357172365546432e-14
7.765917590647680946e+00
-8.623357172365546432e-14
6.867298887556510856e+00
-8.623357172365546432e-14
3.490745232072234749e+00
-8.623357172365546432e-14
3.379892590472181713e+00
-8.623357172365546432e-14
3.322240313013526958e+00
-8.623357172365546432e-14
4.457478208917653006e+00
-8.623357172365546432e-14
2.184553864784888777e+00
-8.623357172365546432e-14
1.165956097793269919e+00
-8.623357172365546432e-14
1.043973672900032623e+00
-8.623357172365546432e-14
8.928312157786765235e-01
-8.623357172365546432e-14
1.016371810332949766e+00
-8.623357172365546432e-14
7.995636317818509697e-01
-8.623357172365546432e-14
1.037963589921699903e+00
-8.623357172365546432e-14
7.835367438396594331e-01
-8.623357172365546432e-14
4.296096351165997196e-01
-8.623357172365546432e-14
1.360059518425600911e-01
-8.623357172365546432e-14
7.568252639353638400e-02
-8.623357172365546432e-14
2.916003222804663605e-02
-8.623357172365546432e-14
-8.623357172365546432e-14
-8.623357172365546432e-14
-8.623357172365546432e-14
-8.623357172365546432e-14
-8.623357172365546432e-14
-8.623357172365546432e-14
-8.623357172365546432e-14
-8.623357172365546432e-14
-8.623357172365546432e-14
-8.623357172365546432e-14
-8.623357172365546432e-14
-8.623357172365546432e-14
-8.623357172365546432e-14
-8.623357172365546432e-14
-8.623357172365546432e-14
-8.623357172365546432e-14
-8.623357172365546432e-14
-8.623357172365546432e-14
-8.623357172365546432e-14
-8.623357172365546432e-14
-8.623357172365546432e-14
-8.623357172365546432e-14
-8.623357172365546432e-14
-8.623357172365546432e-14
-8.623357172365546432e-14
-8.623357172365546432e-14
-8.623357172365546432e-14
-8.623357172365546432e-14
-8.623357172365546432e-14
-8.623357172365546432e-14
-8.623357172365546432e-14
-8.623357172365546432e-14
-8.623357172365546432e-14
-8.623357172365546432e-14
-8.623357172365546432e-14
-8.623357172365546432e-14
-8.623357172365546432e-14
-8.623357172365546432e-14
-8.623357172365546432e-14
-8.623357172365546432e-14
-8.623357172365546432e-14
-8.623357172365546432e-14
-8.623357172365546432e-14
-8.623357172365546432e-14
-8.623357172365546432e-14
-8.623357172365546432e-14
-8.623357172365546432e-14
-8.623357172365546432e-14
-8.623357172365546432e-14
-8.623357172365546432e-14
-8.623357172365546432e-14
-8.623357172365546432e-14
-8.623357172365546432e-14
-8.623357172365546432e-14
-8.623357172365546432e-14
-8.623357172365546432e-14
-8.623357172365546432e-14
-8.623357172365546432e-14
-8.623357172365546432e-14
-8.623357172365546432e-14
-8.623357172365546432e-14
-8.623357172365546432e-14
-8.623357172365546432e-14
-8.623357172365546432e-14
-8.623357172365546432e-14
-8.623357172365546432e-14
-8.623357172365546432e-14
-8.623357172365546432e-14
-8.623357172365546432e-14
-8.623357172365546432e-14
-8.623357172365546432e-14
-8.623357172365546432e-14
-8.623357172365546432e-14
-8.623357172365546432e-14
-8.623357172365546432e-14
-8.623357172365546432e-14
-8.623357172365546432e-14
-8.623357172365546432e-14
-8.623357172365546432e-14
-8.623357172365546432e-14
-8.623357172365546432e-14
-8.623357172365546432e-14
-8.623357172365546432e-14
-8.623357172365546432e-14
-8.623357172365546432e-14
-8.623357172365546432e-14
-8.623357172365546432e-14
-8.623357172365546432e-14
-8.623357172365546432e-14
-8.623357172365546432e-14
-8.623357172365546432e-14
-8.623357172365546432e-14
-8.623357172365546432e-14
-8.623357172365546432e-14
-8.623357172365546432e-14
-8.623357172365546432e-14
-8.623357172365546432e-14
-8.623357172365546432e-14
-8.623357172365546432e-14
-8.623357172365546432e-14
-8.623357172365546432e-14
-8.623357172365546432e-14
-8.623357172365546432e-14
-8.623357172365546432e-14
-8.623357172365546432e-14
-8.623357172365546432e-14
-8.623357172365546432e-14
-8.623357172365546432e-14
-8.623357172365546432e-14
-8.623357172365546432e-14
-8.623357172365546432e-14
-8.623357172365546432e-14
-8.623357172365546432e-14
-8.623357172365546432e-14
-8.623357172365546432e-14
-8.623357172365546432e-14
-8.623357172365546432e-14
-8.623357172365546432e-14
-8.623357172365546432e-14
-8.623357172365546432e-14
-8.623357172365546432e-14
-8.623357172365546432e-14
-8.623357172365546432e-14
-8.623357172365546432e-14
-8.623357172365546432e-14
-8.623357172365546432e-14
-8.623357172365546432e-14
-8.623357172365546432e-14
-8.623357172365546432e-14
-8.623357172365546432e-14
-8.623357172365546432e-14
-8.623357172365546432e-14
-8.623357172365546432e-14
-8.623357172365546432e-14
-8.623357172365546432e-14
-8.623357172365546432e-14
-8.623357172365546432e-14
-8.623357172365546432e-14
-8.623357172365546432e-14
-8.623357172365546432e-14
-8.623357172365546432e-14
-8.623357172365546432e-14
-8.623357172365546432e-14
-8.623357172365546432e-14
-8.623357172365546432e-14
-8.623357172365546432e-14
-8.623357172365546432e-14
-8.623357172365546432e-14
-8.623357172365546432e-14
-8.623357172365546432e-14
1.765183630297296746e-01
-8.623357172365546432e-14
1.789669153542231828e-01
-8.623357172365546432e-14
4.536499670298553832e-01
-8.623357172365546432e-14
8.469765086107752250e-01
-8.623357172365546432e-14
1.055993838856649880e+00
-8.623357172365546432e-14
8.331755773272441212e-01
-8.623357172365546432e-14
1.137018661230997374e+00
-8.623357172365546432e-14
1.026833806628539403e+00
-8.623357172365546432e-14
3.083395163541925665e+00
-8.623357172365546432e-14
3.615621400621693127e+00
-8.623357172365546432e-14
2.403365404328761556e+00
-8.623357172365546432e-14
1.352046074455192537e+00
-8.623357172365546432e-14
2.287393062413857869e+00
-8.623357172365546432e-14
2.448552324499063015e+00
-8.623357172365546432e-14
4.057251201694980658e+00
-8.623357172365546432e-14
1.053411729132686503e+01
-8.623357172365546432e-14
1.243063236448434772e+01
-8.623357172365546432e-14
3.004596297826223950e+00
-8.623357172365546432e-14
3.823303156872387643e+00
-8.623357172365546432e-14
3.363420511198276674e+00
-8.623357172365546432e-14
7.253947559161504799e+00
-8.623357172365546432e-14
3.637213180210454588e+00
-8.623357172365546432e-14
2.385112559727955883e+00
-8.623357172365546432e-14
9.732550298552194334e+00
-8.623357172365546432e-14
4.984139554350828227e+00
-8.623357172365546432e-14
1.906287022888899685e+01
-8.623357172365546432e-14
1.514496391402454734e+01
-8.623357172365546432e-14
2.810203502827625854e+01
-8.623357172365546432e-14
4.220636420438830250e+00
-8.623357172365546432e-14
6.953666005911570913e+00
-8.623357172365546432e-14
5.787264716786534535e+00
-8.623357172365546432e-14
1.154603718834258075e+01
-8.623357172365546432e-14
8.971495716964701828e+00
-8.623357172365546432e-14
3.006844514051489980e+01
2.225956658550121842e-03
1.452458979326281963e+01
1.335573995098906976e-03
3.573417262373997971e+01
1.424612261518764557e-02
2.831483648484182680e+01
8.681230968602082071e-03
3.581653302010951023e+01
2.893743656218796673e-02
4.952798084597277750e+01
5.832006445617943929e-02
4.666361981764054434e+01
4.118019818468567766e-02
3.087379625960924656e+01
7.479214373009120120e-02
5.861611669185008111e+01
9.326758399676852995e-02
2.217230908533699463e+01
1.030617932947697213e-01
1.066878766917431776e+01
1.397900781622568034e-01
5.713296177020119870e+01
2.090173302458318283e-01
4.997027843404367076e+01
2.043428212626945406e-01
5.517701365425812554e+01
6.159222074444109518e-01
8.191854397277636224e+01
8.118063934043423524e-01
1.341092141738090504e+02
1.436632427483344632e+00
1.411047281649030083e+02
1.433738683827119775e+00
1.385499977077869573e+02
1.116985051303277965e+00
4.079533027847965343e+01
5.760775832548299391e-01
7.782500967754553756e+01
8.285010683441140777e-01
5.488875226696484333e+01
5.573795473222944441e-01
1.043248011029360072e+02
9.707396988309218155e-01
1.135131049984518086e+02
1.886275672527723879e+00
1.739293528401405240e+02
3.338044605289836042e+00
7.702455566310023016e+01
9.591647242060123979e-01
8.048124375829537769e+01
1.170185415444673138e+00
1.008044506473038666e+02
2.006922523425769267e+00
7.162238144825761310e+01
7.089671957753815867e-01
9.059754898479640417e+01
1.346481182808605626e+00
5.271733154646581454e+01
8.098030324115799150e-01
4.070473384247321036e+01
1.660341071676212588e+00
9.047289541191278772e+01
2.796024158912075563e+00
2.606835650581367645e+02
1.126757001034727956e+01
2.641522733192886108e+02
1.196518482716366094e+01
2.691604532055527557e+02
1.166646144357476977e+01
1.197537970866025177e+02
4.070384345980937013e+00
1.215519248754483357e+02
7.049159546567027590e+00
6.573628425582761281e+01
3.202706440444796243e+00
2.334296195168006136e+02
1.588865603367468893e+01
3.036906058726367519e+02
1.536466583623188242e+01
1.227227780778905810e+02
1.084819977586034589e+01
3.169481811358043615e+02
1.730525485123035878e+01
2.663069993648478544e+02
9.855645701774745859e+00
7.904616950047304158e+01
5.475630784577559140e+00
3.295751428775802765e+02
1.616979435966035794e+01
1.535251211287577462e+02
1.781210518240166607e+01
2.251670909956113746e+02
1.323197676159315961e+01
8.924260916668492882e+01
5.925051433956077140e+00
2.036583395902136147e+02
2.106645381732685962e+01
3.416843471005576589e+02
2.483700180138962210e+01
2.358283104121463225e+02
1.938251760506905796e+01
3.041954528428153139e+02
2.379213774582609986e+01
3.423694965600858495e+02
2.774899830221664843e+01
3.299729213324785064e+02
2.051063243966555305e+01
3.228042279133426291e+02
3.342207144241523054e+01
3.818125581684443546e+02
3.109127222515794386e+01
4.231935376438111689e+02
4.995336116343805344e+01
4.310215594252347842e+02
3.812841160576839883e+01
3.649458167789652521e+02
4.055804329866910507e+01
2.233734151200827966e+02
9.118186260768782248e+00
1.368869854881203878e+02
1.506772321796990077e+01
2.685285041101660681e+02
3.273157968690649255e+01
4.468986404842845559e+02
6.689266873998876406e+01
4.748855935533094907e+02
6.705672174573021493e+01
4.644173645790780824e+02
6.308917659737821282e+01
4.153586153967456198e+02
3.462631399473708171e+01
3.858290743632862245e+02
6.180324143568441997e+01
4.593608814333216515e+02
6.198755064701943951e+01
4.906489282271028287e+02
5.759662854219494221e+01
2.632618906558343497e+02
2.984162015699994441e+01
4.005802665443983415e+02
5.603489735049630127e+01
3.664340914009288781e+02
5.167491604322677290e+01
4.271982562683621154e+02
8.336652877921876836e+01
5.019892870201878168e+02
8.078174790721118370e+01
3.470226363592976213e+02
5.896203035660201408e+01
4.090135259413050903e+02
5.413571112934838681e+01
3.038139238715251622e+02
3.430666661855701705e+01
4.336893684806095735e+02
9.468507319704883685e+01
5.641063883447397984e+02
7.105142356531757741e+01
2.980435764253440993e+02
8.102170603501208745e+01
5.296419013990856683e+02
1.121628396893234907e+02
5.714369088129582224e+02
1.052679389391998797e+02
5.012936755643640936e+02
6.157485828250843696e+01
4.577196835889096178e+02
9.162438279142499198e+01
3.678607070234483558e+02
5.817159314712052520e+01
3.581359475732014062e+02
7.005508536491231553e+01
4.182403388870153549e+02
1.003804059038338323e+02
4.870097116858998447e+02
1.038130536671156960e+02
4.779954776010891351e+02
8.564857954565195541e+01
4.561835508987851995e+02
7.936960100297278586e+01
4.143854271455902563e+02
9.157518914926913567e+01
5.300701754602071105e+02
1.395596916481440815e+02
4.972680329472216272e+02
7.169205389167288445e+01
3.255256825241905858e+02
6.137229622657259398e+01
4.307511056912106255e+02
9.935423988420276942e+01
5.654628863325123120e+02
1.407628212221365800e+02
5.579213451730549878e+02
1.187832799834373816e+02
4.593691174729585214e+02
8.547807126560047664e+01
4.819026993239922945e+02
1.448263051024757146e+02
5.787284750396509025e+02
1.433780977003674764e+02
5.571518319561647559e+02
1.463156927027688710e+02
5.875693071007535764e+02
1.710327154402581016e+02
5.943279793033686929e+02
1.045231338412204138e+02
3.576157415020783787e+02
1.052381111199741497e+02
5.854967188558981661e+02
1.815432375910033898e+02
5.765098640379886774e+02
1.658079499711086555e+02
5.842003216979086346e+02
1.725067439396065367e+02
5.914836518849643880e+02
1.459357219011398001e+02
5.713721334741918554e+02
1.743905710598098437e+02
6.126386987773048531e+02
1.321290031302868613e+02
2.926153585175955527e+02
3.876770635812854238e+01
4.449226587584137178e+02
1.246609185405645093e+02
5.072668076621467890e+02
1.314585449847058669e+02
5.587609760246920132e+02
