5.614107548311317686e+01
4.205804871222387646e+02
6.861778515043133098e+01
3.869992597787310160e+02
8.760853438358063272e+01
4.972232912183831672e+02
9.889146349487249665e+01
4.318974733704079085e+02
7.294682566014574832e+01
3.583371740551420999e+02
6.046455110118100151e+01
4.041754091437605325e+02
7.883871033988819477e+01
4.497674534259340930e+02
7.690435400353389639e+01
2.038477685018634418e+02
3.786663910271284550e+01
3.019276481989973604e+02
5.810281108636867486e+01
1.664187524782383036e+02
2.267070078120550036e+01
2.573052306373255647e+02
5.169762080114487190e+01
3.370726100951967510e+02
5.700697262332239745e+01
3.448854953713415625e+02
6.587095463367505488e+01
1.648035983267322990e+02
2.773208103161103111e+01
3.117861876444284803e+02
4.658170461260279183e+01
2.254925258591038926e+02
1.586862242374695953e+01
8.503688665585892181e+01
1.434718104756956514e+01
2.234715798087285634e+02
4.483744497489594494e+01
4.072463389500141488e+02
6.961078441584865573e+01
3.609471082373923991e+02
4.716601823549461869e+01
3.402969083152301550e+02
4.528708821994034395e+01
3.039258894914544840e+02
3.866219601250920590e+01
3.405978576554778101e+02
4.272501210585080855e+01
3.388288898988600977e+02
3.913832814179134800e+01
1.000738916719396769e+02
9.336107417649209594e+00
2.599761560320224021e+02
3.438813663226306971e+01
3.267132304015726731e+02
4.852630034958679772e+01
3.752653518483996891e+02
4.729200738237339152e+01
3.599529959936456862e+02
4.390988883524251918e+01
3.513300850894231644e+02
4.240914885599043771e+01
3.459254623222561236e+02
3.983238142795392633e+01
3.314956982826511762e+02
3.237987853484207079e+01
2.416494096701441663e+02
2.576411274971132670e+01
2.005052719832562502e+02
1.271911634744351716e+01
1.924468636876637788e+02
9.486359492107107272e+00
4.493182553722212447e+01
3.062025979619029226e+00
1.151002120960590105e+02
8.153901836247861468e+00
1.012184785858100327e+02
8.648954597128401645e+00
4.670836154647913929e+01
2.425847566580976888e+00
3.595387454594732191e+01
2.420282674934394862e+00
1.094896883379680474e+02
8.866430562677109606e+00
2.078540452960756966e+02
1.197631461045683743e+01
1.208369475966945430e+02
4.984807341348424181e+00
9.342584951525871872e+01
1.007134090199653365e+01
1.531680776807126279e+02
9.114624730114968543e+00
1.220917193651674211e+02
4.375340408214007937e+00
4.787565321826762954e+01
4.608175474707286057e+00
6.198465690336323064e+01
1.975313938873149322e+00
5.161770895709984330e+01
2.459459512126383363e+00
2.022811402055157259e+02
1.119188748395366773e+01
2.084016306341000586e+02
9.232377837356787964e+00
1.948206238684328753e+02
8.941890493404846652e+00
1.843548434465260470e+02
7.147769426544583027e+00
1.694796654795280233e+02
4.850804750498558526e+00
3.571881352279540778e+01
1.671693450635254763e+00
4.826296967687022033e+01
6.588831709560821759e-01
2.933721837815312838e+01
7.744103215392672546e-01
3.334416295936300401e+01
9.667329768453820638e-01
5.350198126863485726e+01
9.475897495811123061e-01
4.786118449998649993e+01
7.187614050733779347e-01
4.853698494154824772e+01
5.389041070556243040e-01
4.212244563835815114e+01
4.605504326716467478e-01
5.187213580318191930e+01
5.515920600098469517e-01
2.674197550984993299e+01
3.479170257446888570e-01
4.627585816770626082e+01
4.313904004435213380e-01
4.443610498934397413e+01
3.521463433961017353e-01
3.654998573912990878e+01
2.036750342651034995e-01
2.548853931537225037e+01
1.671693450634780531e-01
9.604602309813861893e+01
6.660062322637100296e-01
5.704659465184612088e+01
2.079043519165069687e-01
7.166890394242307138e+01
2.904873439518837475e-01
7.276051308781795512e+01
2.116884782361824757e-01
6.100434559090010822e+01
1.228728075566201949e-01
4.803881584134561678e+01
3.338934987946219624e-02
6.493694321971156569e+01
1.181982985734782721e-01
5.853108514749015967e+01
1.936582293005298036e-02
3.507617983544730578e+01
9.794209297919489327e-03
1.249718846857755317e+01
7.790848305141799372e-03
1.185321920723428590e+01
6.677869975063352014e-04
6.487550681593287294e+00
-8.623357172365546432e-14
8.482453039062475497e+00
-8.623357172365546432e-14
3.356698122089240854e+01
-8.623357172365546432e-14
2.293737038891003976e+01
-8.623357172365546432e-14
1.448162882975115906e+01
-8.623357172365546432e-14
1.329497133503254425e+01
-8.623357172365546432e-14
1.185366439856601950e+01
-8.623357172365546432e-14
2.771538635667126371e+01
-8.623357172365546432e-14
2.766930905383750172e+01
-8.623357172365546432e-14
5.697781259109393481e+00
-8.623357172365546432e-14
4.216184507121564451e+00
-8.623357172365546432e-14
1.404934804664413228e+01
-8.623357172365546432e-14
1.295217400960266652e+01
-8.623357172365546432e-14
2.720786823850195546e+00
-8.623357172365546432e-14
3.911896231886081488e+00
-8.623357172365546432e-14
4.000711902565632805e+00
-8.623357172365546432e-14
3.492525997399142934e+00
-8.623357172365546432e-14
5.160657917380629733e+00
-8.623357172365546432e-14
3.953521621402571462e+00
-8.623357172365546432e-14
4.019632534164045978e+00
-8.623357172365546432e-14
2.038976299310126361e+00
-8.623357172365546432e-14
1.151487379512129650e+00
-8.623357172365546432e-14
1.791672514535719740e+00
-8.623357172365546432e-14
1.359836922760413014e+00
-8.623357172365546432e-14
9.535998325594295943e-01
-8.623357172365546432e-14
1.511201975547632470e+00
-8.623357172365546432e-14
1.423276687531535023e+00
-8.623357172365546432e-14
1.232957393218186093e+00
-8.623357172365546432e-14
1.009248749025304370e+00
-8.623357172365546432e-14
6.259390124082662155e-01
-8.623357172365546432e-14
5.070729268371066967e-01
-8.623357172365546432e-14
1.048425586216601146e-01
-8.623357172365546432e-14
1.745150020369565236e-01
-8.623357172365546432e-14
-8.623357172365546432e-14
-8.623357172365546432e-14
-8.623357172365546432e-14
-8.623357172365546432e-14
-8.623357172365546432e-14
-8.623357172365546432e-14
-8.623357172365546432e-14
-8.623357172365546432e-14
-8.623357172365546432e-14
-8.623357172365546432e-14
-8.623357172365546432e-14
-8.623357172365546432e-14
-8.623357172365546432e-14
-8.623357172365546432e-14
-8.623357172365546432e-14
-8.623357172365546432e-14
-8.623357172365546432e-14
-8.623357172365546432e-14
-8.623357172365546432e-14
-8.623357172365546432e-14
-8.623357172365546432e-14
-8.623357172365546432e-14
-8.623357172365546432e-14
-8.623357172365546432e-14
-8.623357172365546432e-14
-8.623357172365546432e-14
-8.623357172365546432e-14
-8.623357172365546432e-14
-8.623357172365546432e-14
-8.623357172365546432e-14
-8.623357172365546432e-14
-8.623357172365546432e-14
-8.623357172365546432e-14
-8.623357172365546432e-14
-8.623357172365546432e-14
-8.623357172365546432e-14
-8.623357172365546432e-14
-8.623357172365546432e-14
-8.623357172365546432e-14
-8.623357172365546432e-14
-8.623357172365546432e-14
-8.623357172365546432e-14
-8.623357172365546432e-14
-8.623357172365546432e-14
-8.623357172365546432e-14
-8.623357172365546432e-14
-8.623357172365546432e-14
-8.623357172365546432e-14
-8.623357172365546432e-14
-8.623357172365546432e-14
-8.623357172365546432e-14
-8.623357172365546432e-14
-8.623357172365546432e-14
-8.623357172365546432e-14
-8.623357172365546432e-14
-8.623357172365546432e-14
-8.623357172365546432e-14
-8.623357172365546432e-14
-8.623357172365546432e-14
-8.623357172365546432e-14
-8.623357172365546432e-14
-8.623357172365546432e-14
-8.623357172365546432e-14
-8.623357172365546432e-14
-8.623357172365546432e-14
-8.623357172365546432e-14
-8.623357172365546432e-14
-8.623357172365546432e-14
-8.623357172365546432e-14
-8.623357172365546432e-14
-8.623357172365546432e-14
-8.623357172365546432e-14
-8.623357172365546432e-14
-8.623357172365546432e-14
-8.623357172365546432e-14
-8.623357172365546432e-14
-8.623357172365546432e-14
-8.623357172365546432e-14
-8.623357172365546432e-14
-8.623357172365546432e-14
-8.623357172365546432e-14
-8.623357172365546432e-14
-8.623357172365546432e-14
-8.623357172365546432e-14
-8.623357172365546432e-14
-8.623357172365546432e-14
-8.623357172365546432e-14
-8.623357172365546432e-14
-8.623357172365546432e-14
-8.623357172365546432e-14
-8.623357172365546432e-14
-8.623357172365546432e-14
-8.623357172365546432e-14
-8.623357172365546432e-14
-8.623357172365546432e-14
-8.623357172365546432e-14
-8.623357172365546432e-14
-8.623357172365546432e-14
-8.623357172365546432e-14
-8.623357172365546432e-14
-8.623357172365546432e-14
-8.623357172365546432e-14
-8.623357172365546432e-14
-8.623357172365546432e-14
-8.623357172365546432e-14
-8.623357172365546432e-14
-8.623357172365546432e-14
-8.623357172365546432e-14
-8.623357172365546432e-14
-8.623357172365546432e-14
-8.623357172365546432e-14
-8.623357172365546432e-14
-8.623357172365546432e-14
-8.623357172365546432e-14
-8.623357172365546432e-14
-8.623357172365546432e-14
-8.623357172365546432e-14
-8.623357172365546432e-14
-8.623357172365546432e-14
-8.623357172365546432e-14
-8.623357172365546432e-14
-8.623357172365546432e-14
-8.623357172365546432e-14
-8.623357172365546432e-14
-8.623357172365546432e-14
-8.623357172365546432e-14
-8.623357172365546432e-14
-8.623357172365546432e-14
-8.623357172365546432e-14
-8.623357172365546432e-14
-8.623357172365546432e-14
-8.623357172365546432e-14
-8.623357172365546432e-14
-8.623357172365546432e-14
-8.623357172365546432e-14
-8.623357172365546432e-14
-8.623357172365546432e-14
-8.623357172365546432e-14
-8.623357172365546432e-14
-8.623357172365546432e-14
-8.623357172365546432e-14
-8.623357172365546432e-14
-8.623357172365546432e-14
-8.623357172365546432e-14
-8.623357172365546432e-14
-8.623357172365546432e-14
-8.623357172365546432e-14
-8.623357172365546432e-14
-8.623357172365546432e-14
-8.623357172365546432e-14
2.025620559351179115e-02
-8.623357172365546432e-14
1.061781326168407119e-01
-8.623357172365546432e-14
1.498068831261009926e-01
-8.623357172365546432e-14
3.243218851631405331e-01
-8.623357172365546432e-14
4.162538951647890006e-01
-8.623357172365546432e-14
9.373503489513754783e-01
-8.623357172365546432e-14
1.811706124463438705e+00
-8.623357172365546432e-14
1.374305641041548176e+00
-8.623357172365546432e-14
2.495297414330416075e+00
-8.623357172365546432e-14
1.349374926464833147e+00
-8.623357172365546432e-14
2.133802052967999519e+00
-8.623357172365546432e-14
1.460672759396612674e+00
-8.623357172365546432e-14
5.213413090190295307e+00
-8.623357172365546432e-14
3.143273397659223978e+00
-8.623357172365546432e-14
1.735801002403970728e+00
-8.623357172365546432e-14
8.217119005353108463e+00
-8.623357172365546432e-14
1.180647411740294750e+01
-8.623357172365546432e-14
1.133368092310874964e+01
-8.623357172365546432e-14
1.465569864045646042e+01
-8.623357172365546432e-14
9.078119040913344762e+00
-8.623357172365546432e-14
2.708098870895971455e+00
-8.623357172365546432e-14
1.880332368249208841e+01
-8.623357172365546432e-14
1.801355426000818483e+01
-8.623357172365546432e-14
2.836692387065388843e+01
-8.623357172365546432e-14
2.935791977507844308e+01
-8.623357172365546432e-14
3.227748452854483219e+01
-8.623357172365546432e-14
7.375484792723015381e+00
-8.623357172365546432e-14
1.744326416406576286e+01
-8.623357172365546432e-14
6.546983724378848457e+00
-8.623357172365546432e-14
7.305589753641846151e+00
-8.623357172365546432e-14
1.091854000627321675e+01
-8.623357172365546432e-14
5.004974508675697820e+01
-8.623357172365546432e-14
5.006844312268913022e+00
-8.623357172365546432e-14
1.751805630779591283e+01
3.116339322004362932e-03
5.867577233030147710e+01
6.677869975822856019e-03
8.662532932746085379e+00
8.236039636872700964e-03
1.757526339392285308e+01
2.092399259109526885e-02
1.915880896087618979e+01
4.207058084813691118e-02
4.967823292043069472e+01
3.917683719190946656e-02
1.792473858932862996e+01
3.116339322082432514e-02
2.927021708272819467e+01
5.943304278549836617e-02
5.306903269853025051e+01
1.001680496385378150e-01
2.201560173656905661e+01
6.900465641763788016e-02
2.620707812477981236e+01
5.854266012205468217e-02
4.079800142647001593e+01
1.760731716980204475e-01
5.953254304821029308e+01
1.776313413590673018e-01
3.466037113161419825e+01
2.248216225221389974e-01
7.022781960162242854e+01
4.739061726234662930e-01
8.571357748008412614e+01
5.693997132789287985e-01
4.692650529902541479e+01
5.653929912933839397e-01
6.248727791688315136e+01
3.338934987952859590e-01
2.621130744243122734e+01
2.321672794956391728e-01
5.766541060294679966e+01
7.866530831617647435e-01
5.231643675224554357e+01
6.319490953865858351e-01
1.097274205091103738e+02
8.752461581754612530e-01
5.639594752052695981e+01
5.925496625287481889e-01
5.358612243033130085e+01
1.078698596774745333e+00
1.240986418885932778e+02
9.540450238911576397e-01
5.163885554535691114e+01
1.360282114092149941e+00
1.459030003382578684e+02
1.889837203181544911e+00
1.156874194626070818e+02
1.701743865526835098e+00
1.075337402220250311e+02
2.614386095567412749e+00
1.155469615974471793e+02
1.444200680122705194e+00
7.065653885407563450e+01
2.788678501938581800e+00
1.611238693743419219e+02
5.568230581576801619e+00
6.512570434436385369e+01
1.363843644745957651e+00
8.723435106926393701e+01
3.333592691972564914e+00
1.671257163130209449e+02
9.446292272251660904e+00
2.696138805769168130e+02
1.224565536615174111e+01
1.961390579973426895e+02
2.656234080749766413e+00
1.127364687202538533e+02
6.920721847363755508e+00
1.188649725928092664e+02
4.012509472856414128e+00
1.228160456618874434e+02
2.614831286899147234e+00
1.117497021334807528e+02
2.454562407477379082e+00
2.071234863207114643e+02
1.396743284160634424e+01
1.111823057811945574e+02
4.161871164650854382e+00
6.877471509486511536e+01
2.440984071859706450e+00
1.913252041273772761e+02
7.474094672700560160e+00
1.207318824424069419e+02
5.106344574909922329e+00
1.076677428128749199e+02
6.531847219100134438e+00
1.812062277528859795e+02
1.121169849821552233e+01
2.720466286091395887e+02
2.142705879602581831e+01
3.612525094909572090e+02
3.123774017329616370e+01
3.562136114028035649e+02
2.761855724202061069e+01
1.979739140710559582e+02
9.960710856062345187e+00
1.169998435085385751e+02
7.186055881073121654e+00
2.805874017126583340e+02
2.519248707977372348e+01
3.502847758425279494e+02
4.094780830959619067e+01
3.087766942419530665e+02
1.458402283604839234e+01
2.774156360697685955e+02
2.286524939317024518e+01
2.766686050151304812e+02
1.922380689530833919e+01
2.184573898394861544e+02
6.408751815877581137e+00
2.317701688277878418e+02
2.438602298235004895e+01
3.337984504460095536e+02
4.811627913306612925e+01
4.463379220019742775e+02
5.323620204359377084e+01
4.713093715855453638e+02
6.433348636955545885e+01
4.514752073744393215e+02
6.071608420360681890e+01
4.729710482312170257e+02
7.144141117191051649e+01
5.064216119188628795e+02
7.526404654178540454e+01
4.921438807190426701e+02
6.856502997762163432e+01
4.653556053106930221e+02
6.067824294041002986e+01
4.733372181015625415e+02
6.143039369536297301e+01
3.416732173172645730e+02
4.693674469965513651e+01
3.525116228838269876e+02
4.038642204028830918e+01
3.629509144214960088e+02
6.345133974573820268e+01
4.931308699014817307e+02
7.825706786498673750e+01
5.154340652383465340e+02
9.784748982197244516e+01
5.330614160180811041e+02
8.452313585904579440e+01
3.075337200437710408e+02
4.237865324976713310e+01
3.695517662970138417e+02
5.101581027660483159e+01
4.624932476433534703e+02
8.577234273587211533e+01
5.204304475543198123e+02
1.049538564546664361e+02
4.655169871684441318e+02
8.282183718485065071e+01
5.370249544444478715e+02
9.886430682363710787e+01
4.198497055512087854e+02
5.335328736383799964e+01
3.708873402921951765e+02
5.975313535308107760e+01
4.423158409154856940e+02
1.202559729087906817e+02
5.393125701025276157e+02
9.801888848468735205e+01
4.544063471025306740e+02
7.310909790056030033e+01
4.313122693648525114e+02
5.101469729827547894e+01
4.247432486695530542e+02
9.434895374159489734e+01
4.868365322578579821e+02
5.634920243069561252e+01
3.182966656796057805e+02
1.110598781649695752e+02
4.992900919759262024e+02
9.598903860767757124e+01
4.377953681331285907e+02
6.506938764090040195e+01
3.887145819798755610e+02
7.071463632286599932e+01
4.006695274064096566e+02
6.270787022175395009e+01
4.999543174428629300e+02
1.314367306094511889e+02
4.077155706136546200e+02
1.131852215826348100e+02
5.836404935982618554e+02
1.728223845938009902e+02
6.290626973873814904e+02
1.710868061870629333e+02
4.243054029947994650e+02
6.765350072591041908e+01
4.824088818681657358e+02
1.313510312780937284e+02
5.719680220717089014e+02
1.536085945034564588e+02
5.870651279175726813e+02
1.715809685652799885e+02
5.861956692467097128e+02
1.434101514762518548e+02
4.260276256615856596e+02
6.765906561755700466e+01
4.750066855955394090e+02
1.564629387268248877e+02
5.561258885321994967e+02
1.613989976173492380e+02
5.954327215930495640e+02
1.780829879651544161e+02
5.669117615216183594e+02
1.068875450040230959e+02
4.710622903964368788e+02
1.199982071277206614e+02
5.537939763366130137e+02
1.725802005093414948e+02
5.827102663106184082e+02
1.633041939214753597e+02
6.020502681435071963e+02
1.675308404248926593e+02
5.827218412852429310e+02
1.605237514591738091e+02
5.890504586614098343e+02
1.707019382807847876e+02
5.908935507747602287e+02
1.740564549653486495e+02
6.192553549450990431e+02
1.745938009027432543e+02
4.915493276955209012e+02
1.402161262667756887e+02
5.433324252323575365e+02
1.630052479422206488e+02
5.842441730440839365e+02
1.846506730864585677e+02
6.220785357752466780e+02
1.831728604607905311e+02
5.604415733019621939e+02
1.362857545946228583e+02
4.262945178649563331e+02
8.042982415948090136e+01
5.100252131535277726e+02
1.327580584820172760e+02
5.057351268853396391e+02
1.409048372569575633e+02
5.609076886262804464e+02
1.645821156391980935e+02
5.645351075971929049e+02
1.760377789872000278e+02
5.989782253589244192e+02
1.826254977184320296e+02
5.602523669859781421e+02
1.466709553854871331e+02
5.083820119481231927e+02
1.244888520908520633e+02
4.661168824879463841e+02
1.211468007635766071e+02
5.155424693276220296e+02
1.429204410113520680e+02
5.174944107215795839e+02
1.346890758833836230e+02
5.241380009649432168e+02
1.282507188439461459e+02
4.393263811229382441e+02
8.697547230986461386e+01
4.366768249121643066e+02
8.459748281144423743e+01
4.043617217160887094e+02
1.001520227506577925e+02
5.066804906782620037e+02
1.460051717488892393e+02
5.673919003728857433e+02
1.529450368235173130e+02
5.446310483470057306e+02
1.282019703931220249e+02
4.545839784438898050e+02
1.154993261249523471e+02
4.858424200141111555e+02
1.228999642279179767e+02
4.948962761274453896e+02
1.193110543071999103e+02
4.896069579151956077e+02
1.266195378044980515e+02
5.330551833394371215e+02
1.359870312110339796e+02
3.813037044762802452e+02
2.075303911979097293e+01
1.369012316107355787e+02
