1.739885632872602059e+02
6.191605291914413556e+02
1.770334494006077932e+02
5.843358824584196327e+02
1.641934636066003463e+02
6.071940087902821688e+02
1.853369355243160044e+02
6.063991196674834327e+02
1.691827228612660292e+02
5.907940505121190427e+02
1.745628601051882072e+02
5.875766527577271745e+02
1.722926069090458157e+02
5.925685831603832412e+02
1.734262866352888750e+02
5.970367459612624543e+02
1.722349546315870725e+02
6.142422779541860791e+02
1.821462492498278323e+02
6.171242240401212484e+02
1.791973018684673775e+02
5.691403893282439412e+02
1.312891496829836626e+02
4.784816265353350673e+02
1.361871447146453704e+02
5.441738368493215603e+02
1.632118167201419965e+02
5.418675231553095273e+02
1.357637677581728894e+02
4.159542813985966063e+02
7.418712871033748968e+01
4.109207256064239573e+02
1.015334514530069896e+02
4.821593521267327560e+02
1.397090533399385777e+02
5.676282969700329204e+02
1.525051877877708648e+02
5.165356911887053002e+02
1.013620527902920969e+02
3.473970422692801208e+02
8.378678939636917278e+01
4.989027755173234482e+02
1.466524799452204206e+02
5.653636086655371855e+02
1.293096064264590552e+02
4.215659181350166591e+02
8.165654887405494833e+01
2.306901346570178362e+02
2.122761307941206610e+01
3.210975869431668457e+02
5.089694419103364709e+01
4.599754680667707589e+02
1.123725248065669859e+02
3.521013790716405083e+02
6.916336712746289095e+01
2.903969701115992734e+02
6.757470186019467917e+01
4.057765397683172068e+02
9.277742834059819188e+01
4.990129603719261127e+02
1.179485462364490473e+02
4.887989356481109553e+02
1.061761292559231720e+02
4.499835938174875309e+02
8.384266090850091757e+01
4.212295760838969727e+02
8.464556347527081925e+01
4.500997887550684027e+02
9.749423050024691406e+01
4.267261308610655419e+02
7.483265614134177213e+01
4.202826541213132145e+02
7.681331237619572505e+01
4.179654332396737573e+02
6.772428614765500754e+01
3.273482958362814088e+02
5.506660620398977812e+01
2.354768318557477471e+02
2.324099087714792589e+01
1.558436775843924806e+02
2.583289481046316993e+01
2.310810126462742460e+02
3.550334091823947347e+01
3.451285698384646139e+02
6.272634566202060569e+01
3.764564612564354888e+02
5.625949637735258335e+01
3.769025429708260049e+02
6.208949946198494985e+01
1.927743019121491557e+02
1.654642622630149518e+01
1.455740039441114959e+02
2.249151127018534169e+01
2.250693714982972438e+02
1.697559067008643297e+01
2.342055880080010581e+02
2.742022450373619336e+01
2.292178869229962856e+02
3.691437484414855419e+01
3.882351109156055600e+02
4.280937586321311272e+01
3.066667099252325670e+02
3.711048162577435505e+01
3.040046883571702665e+02
3.293636769950095555e+01
3.311943037510718000e+02
4.362786012659338297e+01
3.383877052891185713e+02
2.859063251484676371e+01
1.388202288461453691e+02
1.887232833890978512e+01
2.484597240672396765e+02
2.389030243447193058e+01
2.120428505362960721e+02
1.410076764545861749e+01
1.685156036506729720e+02
1.439125498941054992e+01
1.262066228443211315e+02
8.096249558789194722e+00
1.468737400370887656e+02
1.873810315239406066e+01
1.779734708975496460e+02
1.290030921945644948e+01
1.751502900674021248e+02
1.393248532206575874e+01
1.952520142688763087e+02
1.385034752136211544e+01
1.482008553969672846e+02
1.197497903646166328e+01
9.967010313406318289e+01
8.188626760122579284e+00
1.424832631235960037e+02
1.218911606702240213e+01
2.024278307493198668e+02
1.460272087198093338e+01
2.218125743110475128e+02
1.794165585993426504e+01
2.079711306163199538e+02
1.205377790217735345e+01
2.351202335990344068e+02
7.950671993314433195e+00
2.036714727344994458e+02
1.212523111091955563e+01
1.127756455574458840e+02
3.805495503603299579e+00
3.597168219921638865e+01
1.208471869973201329e+00
9.583945432021725708e+01
5.591380530826607576e+00
7.805717695704126413e+01
4.120023179468506491e+00
9.666661981456620367e+01
2.607485629925651249e+00
9.709066455803632323e+01
4.626428319308097947e+00
1.188240149902904648e+02
3.767209049074771610e+00
1.608367209653778218e+02
6.911818020729216805e+00
1.612282667416319555e+02
6.377143231324956751e+00
1.172106416041113874e+02
2.354839549170514079e+00
5.098998917936464181e+01
9.932218610831397010e-01
4.311744826476827797e+01
1.175972902757117744e+00
4.597045691414145807e+01
1.481374156321913160e+00
7.028569447474694698e+01
1.957506285604069030e+00
7.315406222506470613e+01
1.189328642708932904e+00
4.331511321605510290e+01
4.162538951647976604e-01
2.099299724759187669e+01
4.262707001286605291e-01
2.900399266635539064e+01
3.131921018699733716e-01
2.030072472675623274e+01
3.423521340981094396e-01
3.163507343686261208e+01
3.788578232997241724e-01
4.279735569725647082e+01
6.399625393576755528e-01
9.933131253061885957e+01
9.248849916630293988e-01
8.631592135191088744e+01
6.163673987761386641e-01
7.554763342009556482e+01
4.026755595471240290e-01
4.991618768723886745e+01
3.207603545093338782e-01
5.856514228436727620e+01
1.887611246522415409e-01
2.597023633630099226e+01
9.549354065540044401e-02
1.932197158395416636e+01
1.086266849413523305e-01
2.875023360727092481e+01
6.833686942004832399e-02
2.519983273674722923e+01
7.145320874212987561e-02
3.690168689119433765e+01
8.658971402085499647e-02
7.334527190204151736e+01
6.076861678067748546e-02
2.493427610737198918e+01
6.455274309965724523e-03
2.889291742908946503e+01
1.112978329309857219e-02
2.475820293567393904e+01
2.893743656142693400e-03
1.986287905200261150e+01
-8.623357172365546432e-14
1.606161286605067673e+01
-8.623357172365546432e-14
2.231477031148968493e+01
-8.623357172365546432e-14
2.067245948874836969e+01
-8.623357172365546432e-14
1.326247236781646421e+01
-8.623357172365546432e-14
2.179745798402278112e+01
-8.623357172365546432e-14
2.372202011107907182e+01
-8.623357172365546432e-14
1.281794882308693850e+01
-8.623357172365546432e-14
2.843837707939607995e+01
-8.623357172365546432e-14
1.068503715278235511e+01
-8.623357172365546432e-14
7.516387849214634542e+00
-8.623357172365546432e-14
2.059455100569573371e+00
-8.623357172365546432e-14
2.640429788473449779e+00
-8.623357172365546432e-14
2.308984842002624660e+00
-8.623357172365546432e-14
4.361539476930465398e+00
-8.623357172365546432e-14
3.439325633257752646e+00
-8.623357172365546432e-14
1.161481924909442753e+01
-8.623357172365546432e-14
1.894289116498810932e+00
-8.623357172365546432e-14
3.471379409142103967e+00
-8.623357172365546432e-14
1.938585654005665404e+00
-8.623357172365546432e-14
2.316107903310257399e+00
-8.623357172365546432e-14
1.971307216887601355e+00
-8.623357172365546432e-14
1.908980430445807785e+00
-8.623357172365546432e-14
1.185989707720972675e+00
-8.623357172365546432e-14
1.461340546394199524e+00
-8.623357172365546432e-14
6.326168823841828992e-01
-8.623357172365546432e-14
1.049983755878349578e+00
-8.623357172365546432e-14
2.519782937575003046e-01
-8.623357172365546432e-14
8.169260937185440774e-02
-8.623357172365546432e-14
2.101303085751356214e-01
-8.623357172365546432e-14
1.055103456192633127e-01
-8.623357172365546432e-14
6.655610409312928688e-02
-8.623357172365546432e-14
1.669467493975977379e-01
-8.623357172365546432e-14
-8.623357172365546432e-14
-8.623357172365546432e-14
-8.623357172365546432e-14
-8.623357172365546432e-14
-8.623357172365546432e-14
-8.623357172365546432e-14
-8.623357172365546432e-14
-8.623357172365546432e-14
-8.623357172365546432e-14
-8.623357172365546432e-14
-8.623357172365546432e-14
-8.623357172365546432e-14
-8.623357172365546432e-14
-8.623357172365546432e-14
-8.623357172365546432e-14
-8.623357172365546432e-14
-8.623357172365546432e-14
-8.623357172365546432e-14
-8.623357172365546432e-14
-8.623357172365546432e-14
-8.623357172365546432e-14
-8.623357172365546432e-14
-8.623357172365546432e-14
-8.623357172365546432e-14
-8.623357172365546432e-14
-8.623357172365546432e-14
-8.623357172365546432e-14
-8.623357172365546432e-14
-8.623357172365546432e-14
-8.623357172365546432e-14
-8.623357172365546432e-14
-8.623357172365546432e-14
-8.623357172365546432e-14
-8.623357172365546432e-14
-8.623357172365546432e-14
-8.623357172365546432e-14
-8.623357172365546432e-14
-8.623357172365546432e-14
-8.623357172365546432e-14
-8.623357172365546432e-14
-8.623357172365546432e-14
-8.623357172365546432e-14
-8.623357172365546432e-14
-8.623357172365546432e-14
-8.623357172365546432e-14
-8.623357172365546432e-14
-8.623357172365546432e-14
-8.623357172365546432e-14
-8.623357172365546432e-14
-8.623357172365546432e-14
-8.623357172365546432e-14
-8.623357172365546432e-14
-8.623357172365546432e-14
-8.623357172365546432e-14
-8.623357172365546432e-14
-8.623357172365546432e-14
-8.623357172365546432e-14
-8.623357172365546432e-14
-8.623357172365546432e-14
-8.623357172365546432e-14
-8.623357172365546432e-14
-8.623357172365546432e-14
-8.623357172365546432e-14
-8.623357172365546432e-14
-8.623357172365546432e-14
-8.623357172365546432e-14
-8.623357172365546432e-14
-8.623357172365546432e-14
-8.623357172365546432e-14
-8.623357172365546432e-14
-8.623357172365546432e-14
-8.623357172365546432e-14
-8.623357172365546432e-14
-8.623357172365546432e-14
-8.623357172365546432e-14
-8.623357172365546432e-14
-8.623357172365546432e-14
-8.623357172365546432e-14
-8.623357172365546432e-14
-8.623357172365546432e-14
-8.623357172365546432e-14
-8.623357172365546432e-14
-8.623357172365546432e-14
-8.623357172365546432e-14
-8.623357172365546432e-14
-8.623357172365546432e-14
-8.623357172365546432e-14
-8.623357172365546432e-14
-8.623357172365546432e-14
-8.623357172365546432e-14
-8.623357172365546432e-14
-8.623357172365546432e-14
-8.623357172365546432e-14
-8.623357172365546432e-14
-8.623357172365546432e-14
-8.623357172365546432e-14
-8.623357172365546432e-14
-8.623357172365546432e-14
-8.623357172365546432e-14
-8.623357172365546432e-14
-8.623357172365546432e-14
-8.623357172365546432e-14
-8.623357172365546432e-14
-8.623357172365546432e-14
-8.623357172365546432e-14
-8.623357172365546432e-14
-8.623357172365546432e-14
-8.623357172365546432e-14
-8.623357172365546432e-14
-8.623357172365546432e-14
-8.623357172365546432e-14
-8.623357172365546432e-14
-8.623357172365546432e-14
-8.623357172365546432e-14
-8.623357172365546432e-14
-8.623357172365546432e-14
-8.623357172365546432e-14
-8.623357172365546432e-14
-8.623357172365546432e-14
-8.623357172365546432e-14
-8.623357172365546432e-14
-8.623357172365546432e-14
-8.623357172365546432e-14
-8.623357172365546432e-14
-8.623357172365546432e-14
-8.623357172365546432e-14
-8.623357172365546432e-14
-8.623357172365546432e-14
-8.623357172365546432e-14
-8.623357172365546432e-14
-8.623357172365546432e-14
-8.623357172365546432e-14
-8.623357172365546432e-14
-8.623357172365546432e-14
-8.623357172365546432e-14
-8.623357172365546432e-14
-8.623357172365546432e-14
-8.623357172365546432e-14
-8.623357172365546432e-14
-8.623357172365546432e-14
-8.623357172365546432e-14
-8.623357172365546432e-14
-8.623357172365546432e-14
-8.623357172365546432e-14
-8.623357172365546432e-14
-8.623357172365546432e-14
-8.623357172365546432e-14
-8.623357172365546432e-14
-8.623357172365546432e-14
-8.623357172365546432e-14
-8.623357172365546432e-14
-8.623357172365546432e-14
4.540951583609221381e-02
-8.623357172365546432e-14
1.600462837558239704e-01
-8.623357172365546432e-14
2.559850157430157980e-01
-8.623357172365546432e-14
5.818650705672776535e-01
-8.623357172365546432e-14
2.176985612144942128e-01
-8.623357172365546432e-14
9.282239266509817455e-01
-8.623357172365546432e-14
1.292835627335485293e+00
-8.623357172365546432e-14
1.887833842188770594e+00
-8.623357172365546432e-14
1.059110178178750639e+00
-8.623357172365546432e-14
7.156450657512872793e-01
-8.623357172365546432e-14
9.967833917369600671e-01
-8.623357172365546432e-14
3.023739525090491043e+00
-8.623357172365546432e-14
4.275840145572996853e+00
-8.623357172365546432e-14
5.113912827549278894e+00
-8.623357172365546432e-14
6.231788261516057581e+00
-8.623357172365546432e-14
8.852184440061831694e+00
-8.623357172365546432e-14
1.041569639708744788e+01
-8.623357172365546432e-14
1.207692785142717362e+01
-8.623357172365546432e-14
1.174926703127600547e+01
-8.623357172365546432e-14
1.134169436707983536e+01
-8.623357172365546432e-14
1.863326059377233079e+01
-8.623357172365546432e-14
2.154614747726281010e+01
-8.623357172365546432e-14
2.390588413108236665e+01
-8.623357172365546432e-14
2.012932606404128322e+01
-8.623357172365546432e-14
9.266657569899781066e+00
-8.623357172365546432e-14
1.264721794736959559e+01
-8.623357172365546432e-14
1.871651137280531074e+01
-8.623357172365546432e-14
2.089483255894606017e+01
-8.623357172365546432e-14
1.635410357099539169e+01
-8.623357172365546432e-14
3.824126760836121974e+01
-8.623357172365546432e-14
1.304922571991919256e+01
-8.623357172365546432e-14
3.800064169356269872e+01
-8.623357172365546432e-14
5.012876654813855737e+01
-8.623357172365546432e-14
3.819363213586641592e+01
1.780765326823758070e-03
5.283842358869561195e+01
4.451913317186497604e-03
1.435430410887719788e+01
3.561530653739804295e-03
3.159834515199512239e+01
9.571613632059335075e-03
2.076706264674038493e+01
1.580429227623749919e-02
3.250297393806461344e+01
5.008402481922809291e-02
4.545136382134764119e+01
8.124741804012955426e-02
4.939308787245948906e+01
8.347337469876889293e-02
7.209005494223693233e+01
2.639984597141209477e-01
5.352357304822361783e+01
1.533684137799320168e-01
8.915757762232503580e+01
3.928813502491198539e-01
2.365590919831761241e+01
1.943260162988316719e-01
7.266991665181151916e+01
3.403487731053209120e-01
1.778517110683218760e+01
1.720664497124787251e-01
5.022982498044060407e+01
3.301093724756024583e-01
9.040856526447821295e+01
4.253803174652080465e-01
5.985219042439035775e+01
4.569889020178357630e-01
8.704892887959960035e+01
8.647841618798737251e-01
1.043675394707818356e+02
1.182428177067165631e+00
1.299181829769300123e+02
1.587329693272970577e+00
1.431201093236316808e+02
1.961735603255472693e+00
8.087612846953733481e+01
5.473627423584389584e-01
8.710747153972171475e+01
1.089828380067922486e+00
1.144050458315671506e+02
9.947800307441790890e-01
6.612805262774746495e+01
2.455452790140837838e+00
3.229195324682596180e+01
6.631124886074886149e-01
1.237306912529207636e+02
1.859341596958231424e+00
1.006722288217808909e+02
2.701866192251791698e+00
1.840280730090383656e+02
4.733942025920191199e+00
1.347554093918109857e+02
2.315217520646799976e+00
1.494992559159494192e+02
7.362574244102913390e+00
1.902291430686652518e+02
2.038085916646667162e+00
6.238065459293446935e+01
1.219156461934647773e+00
6.831082572720544022e+01
2.599026994622835929e+00
2.267933749304104367e+02
9.546905513221991768e+00
7.146033180350893588e+01
3.161971433591764136e+00
1.095709357560082964e+02
4.802501491006169410e+00
1.774265533465228089e+02
8.408106086664039580e+00
2.139801006163065438e+02
8.981067330596834708e+00
2.366176346432984872e+02
1.111575976622832940e+01
2.407886322302498456e+02
5.566895007581619481e+00
1.755919198684754008e+02
6.325723632510475980e+00
2.951736505053654014e+02
1.987779296161547293e+01
3.116241379996797605e+02
1.912630999366010442e+01
2.998254547305819528e+02
2.088392537131874604e+01
3.442114756951066852e+02
2.282896629963447666e+01
2.523827500824189940e+02
1.908156826482153079e+01
3.356905136058499011e+02
1.545459448524075796e+01
2.807512321227339385e+02
2.204387138613373054e+01
3.810328055509243654e+02
3.384322244222909148e+01
2.413653776005023701e+02
1.187369800849373291e+01
3.665251330282671347e+02
3.167847959170600447e+01
3.332014488701635742e+02
3.525603713346507107e+01
3.539694018995674014e+02
1.344589119648802900e+01
2.525717338027370715e+02
2.202138922388150988e+01
2.773067867891612650e+02
2.230853763284548918e+01
4.262517794971105900e+02
4.777103325531176381e+01
3.776598134260939901e+02
3.831873090008171800e+01
4.422152276745155177e+02
5.055904397025280161e+01
4.370690384754157094e+02
5.115315180244260773e+01
4.619265190780648709e+02
5.316140989986361376e+01
4.510878909158367378e+02
5.552181434068074140e+01
4.688570351347266296e+02
6.484590159237336593e+01
4.637469064334970881e+02
6.626250040992904644e+01
4.735733921030437159e+02
5.767030770759579639e+01
2.845026368795324174e+02
1.471936100089343213e+01
1.145136725165085352e+02
1.352313189254268089e+01
1.571574372043191374e+02
8.467539129449614066e+00
2.634085811996386042e+02
4.054580053704659548e+01
4.329479023176180021e+02
4.707275065149779181e+01
3.433558179555272432e+02
4.287949349796013365e+01
4.396402410118056991e+02
8.385534886145514122e+01
5.296307716157923551e+02
8.655899581903389617e+01
4.407164910562559612e+02
5.861433592652313251e+01
3.764330887115197015e+02
5.362418628919393626e+01
4.648966130476822514e+02
9.014456680476403960e+01
5.202563777436146211e+02
8.360092201537308654e+01
4.838219191550679170e+02
1.020258330658971744e+02
5.287886922118302664e+02
1.148822909391785743e+02
5.301483065389252261e+02
1.051617608065829472e+02
5.329494503981519529e+02
1.119280012618374656e+02
5.732047635912466603e+02
1.032665813074206511e+02
2.972549199811896301e+02
7.250675402873351061e+01
3.960511125310725333e+02
3.662945239184320201e+01
3.652850525737413250e+02
5.936938042513230585e+01
4.118781095653030206e+02
6.926576113376010824e+01
4.479341555218817348e+02
8.412869633913557266e+01
4.513392014225966591e+02
1.023212175144981302e+02
4.991721162730185029e+02
1.129514961334780878e+02
5.719753677286823859e+02
1.600908028890691526e+02
5.983413791588887989e+02
1.622410770213111277e+02
6.155689481227327633e+02
1.678093076028879125e+02
6.176816035874435329e+02
1.305396700760210820e+02
5.393593151923589630e+02
1.371086907713204539e+02
5.589684351852771442e+02
1.449106688598380686e+02
5.871888911077930970e+02
1.590074297833111530e+02
5.966725794519096553e+02
1.036300800297758542e+02
2.945677451028848850e+02
3.105365355762699053e+01
3.834348353812579830e+02
1.368978926757476984e+02
5.586076076109122823e+02
1.714943788512590856e+02
5.809584384202719320e+02
1.490269079129869567e+02
5.523206156242621319e+02
1.593825034802912910e+02
5.717681311637633144e+02
1.739146615261934983e+02
6.148889183635196787e+02
1.880011830490368823e+02
6.160729047102481672e+02
1.875023461618366980e+02
6.197782321642125680e+02
1.528174895069774095e+02
5.414828778446974411e+02
1.367854818644866270e+02
5.395536412086578366e+02
1.313051765709258518e+02
4.945163053258163472e+02
1.288566242464267191e+02
5.168660231568468362e+02
1.443118865186650908e+02
5.530830057798447115e+02
1.531562801104217613e+02
5.334727728085972558e+02
1.591705924063892041e+02
5.639657078839140922e+02
1.562826362374754581e+02
5.850953788703460532e+02
1.760745072720676205e+02
6.042459517915851848e+02
1.646778317755193939e+02
5.713478705466128531e+02
1.744448844022805361e+02
5.811603326892102359e+02
