5.604736270778460749e+01
3.521463433961448573e+02
8.100879548639201744e+01
4.148323992426443283e+02
1.138002534074158092e+02
4.763431499733840155e+02
1.342897392588243690e+02
4.981989280218631393e+02
1.638580119381439886e+02
5.658433023254731324e+02
1.621538195202925010e+02
5.305906041269959132e+02
1.189651406424479063e+02
3.643176518098983365e+02
8.445969609427470459e+01
5.258722437976859965e+02
1.570639470246565850e+02
5.128755506549108532e+02
1.512426251709927953e+02
5.344027775005750982e+02
1.474088600178248214e+02
5.356223791538415071e+02
1.543678683197170756e+02
5.234314823214922399e+02
1.601546878451719635e+02
5.388956484203650916e+02
1.485291840041160469e+02
5.167144355083935352e+02
1.484027496659055885e+02
5.498805219350657580e+02
1.462486914073439266e+02
5.370191669571352122e+02
1.500626455462500815e+02
5.247278794794818850e+02
1.162835306557896615e+02
4.247619467054857409e+02
9.718504512036243170e+01
3.803794872716147211e+02
9.419959204980045797e+01
1.834573377217641621e+02
2.636334028221602921e+01
3.509205090642342384e+02
1.098705495222606459e+02
4.288398993041060407e+02
7.560817944121042444e+01
3.281905978359091023e+02
1.016547660909026405e+02
4.571801116948562935e+02
1.294008706494631440e+02
5.254847047434177512e+02
1.309338870002654573e+02
4.720370368172536359e+02
8.945963994090188010e+01
3.842764695938878958e+02
1.154352185731836329e+02
5.107989556880696682e+02
1.181186093251687907e+02
5.200391243737316245e+02
1.188371481345763669e+02
4.961359113906396487e+02
1.050433399123435407e+02
4.353336826643436552e+02
7.179177674997976055e+01
3.986683923702962602e+02
8.782756851879030080e+01
4.265231236137980773e+02
8.728866441173465773e+01
3.872044929826571433e+02
7.231064724710770975e+01
4.096594985636409660e+02
8.650512766789493924e+01
4.647931060630556885e+02
9.265411034170980997e+01
4.088988891733852711e+02
5.304744091894147573e+01
2.034310694153668919e+02
1.391400988179908715e+01
1.359255948072557203e+02
1.396810062860394197e+01
1.794029802637253965e+02
3.149394778470512080e+01
2.823770708662013362e+02
4.811249500674647095e+01
3.460772725663749156e+02
6.495118934232681340e+01
3.807808272571668908e+02
5.165532762463079308e+01
2.888822066053978688e+02
3.949603937683406230e+01
3.511252970768287014e+02
4.798962219918976757e+01
3.133819759730042733e+02
4.740508598063206591e+01
3.489037923315104308e+02
5.155337880966529696e+01
3.650758126478295935e+02
4.700374599508007378e+01
3.261053216380992126e+02
5.048224846552986378e+01
3.404382565630535282e+02
3.137931101678539392e+01
2.415719463784236609e+02
3.267548557910887297e+01
2.845703059619548867e+02
3.022849142427082114e+01
2.737254451210826574e+02
3.009048211143540286e+01
1.903119486563664680e+02
2.437489319905688490e+01
3.194167670702311739e+02
3.738828101677206917e+01
3.449006318766203094e+02
4.247971168206916559e+01
3.490500376839828505e+02
3.955458203695619090e+01
3.007581305705502928e+02
2.452670344317583329e+01
1.756960946400995454e+02
1.325111998885742004e+01
9.101469326262470361e+01
5.086756156313930077e+00
1.116989503216639150e+02
9.819140012573120302e+00
1.599819536084618221e+02
1.789669153542982016e+01
1.981544391560712199e+02
1.702166797292018074e+01
1.194034315085332878e+02
5.506126390800867298e+00
1.541388173795435534e+02
1.448185142541701609e+01
2.724493041686868082e+02
2.286858832815820364e+01
1.472416906727612798e+02
7.508819596575279753e+00
5.972241715119191952e+01
1.447695432076802291e+01
1.557007711669081118e+02
8.662532932746081826e+00
2.027209892412620889e+02
1.437033099681937998e+01
8.460838999907156222e+01
2.424511992585807629e+00
8.550945725448721646e+01
7.342318038509340283e+00
1.509327720041107455e+02
1.239679782327309532e+01
9.486381751673731344e+01
9.266657569899436897e-01
5.979921265591485735e+01
2.658237441742535179e+00
7.458624273923086889e+01
3.059577427294524643e+00
1.717416826360334596e+02
8.260525160196500849e+00
6.132020884076050748e+01
1.033511676604446761e+00
4.652761386579794589e+01
2.895301825887227842e+00
1.313764071840021757e+02
6.241805066479920505e+00
6.106555939901262064e+01
3.726696637887596975e+00
1.672614996691977751e+02
5.864950604172918247e+00
1.644151688898003840e+02
5.381695413583136300e+00
1.522260528227779730e+02
4.399380740127267764e+00
1.450858516488726764e+02
3.131253231702587403e+00
1.188106592503386452e+02
2.489509927017963697e+00
7.405824581980247956e+01
1.316875959248758443e+00
5.965118653811557436e+01
1.268127508424629069e+00
9.342852066324904570e+01
2.035414768656310436e+00
8.623422874253898840e+01
4.890426779021854187e-01
2.401273005069687372e+01
1.765183630297499640e-01
4.086589310455840263e+01
3.040656795695694248e-01
5.986109425102492310e+01
6.136962507857808280e-01
6.395663190724848590e+01
3.332257117977008298e-01
3.393248330424037107e+01
1.535910094458072250e-01
3.188059645631011207e+01
1.139689809220884448e-01
2.994379156763132244e+01
1.064007282827205275e-01
9.752361312814045391e+00
5.275517280959990396e-02
6.471568312784319232e+01
1.553717747726975906e-01
3.898763087600171673e+01
9.794209297989391050e-02
3.651681898491624167e+01
8.770269235016940612e-02
2.521430145502835529e+01
2.248216225214509992e-02
3.816447210363830322e+01
2.782445823286449835e-02
4.721254072966008408e+01
6.677869975827402729e-03
2.060746155431620252e+01
3.116339322005875611e-03
1.392625264342157898e+01
-8.623357172365546432e-14
3.431935457151122648e+01
-8.623357172365546432e-14
2.096584057635653053e+01
-8.623357172365546432e-14
3.432402908049436263e+01
-8.623357172365546432e-14
3.923604763910543625e+01
-8.623357172365546432e-14
3.283887079785272078e+01
-8.623357172365546432e-14
2.972698338908021398e+01
-8.623357172365546432e-14
3.003305242964260557e+01
-8.623357172365546432e-14
1.889926241447927424e+01
-8.623357172365546432e-14
2.128504276120487049e+01
-8.623357172365546432e-14
1.719084067897649248e+01
-8.623357172365546432e-14
1.721465841522389084e+01
-8.623357172365546432e-14
1.694687582919003432e+01
-8.623357172365546432e-14
1.222027946024329559e+01
-8.623357172365546432e-14
8.891138681587950288e+00
-8.623357172365546432e-14
3.399926200399906673e+00
-8.623357172365546432e-14
8.141213883293641373e+00
-8.623357172365546432e-14
1.204465147987657136e+00
-8.623357172365546432e-14
3.078943250224658978e+00
-8.623357172365546432e-14
2.681387390992346464e+00
-8.623357172365546432e-14
6.442808952754703888e+00
-8.623357172365546432e-14
2.239089802921460759e+00
-8.623357172365546432e-14
8.881567067955435935e-01
-8.623357172365546432e-14
1.540584603441623512e+00
-8.623357172365546432e-14
1.354494626779694011e+00
-8.623357172365546432e-14
1.382764276344364385e+00
-8.623357172365546432e-14
1.568409061674562288e+00
-8.623357172365546432e-14
6.234904600837759547e-01
-8.623357172365546432e-14
4.545403496933229648e-01
-8.623357172365546432e-14
5.981145541753160044e-01
-8.623357172365546432e-14
2.633306727165252714e-01
-8.623357172365546432e-14
2.648888423775597190e-01
-8.623357172365546432e-14
1.807476806811331993e-01
-8.623357172365546432e-14
-8.623357172365546432e-14
-8.623357172365546432e-14
-8.623357172365546432e-14
-8.623357172365546432e-14
-8.623357172365546432e-14
-8.623357172365546432e-14
-8.623357172365546432e-14
-8.623357172365546432e-14
-8.623357172365546432e-14
-8.623357172365546432e-14
-8.623357172365546432e-14
-8.623357172365546432e-14
-8.623357172365546432e-14
-8.623357172365546432e-14
-8.623357172365546432e-14
-8.623357172365546432e-14
-8.623357172365546432e-14
-8.623357172365546432e-14
-8.623357172365546432e-14
-8.623357172365546432e-14
-8.623357172365546432e-14
-8.623357172365546432e-14
-8.623357172365546432e-14
-8.623357172365546432e-14
-8.623357172365546432e-14
-8.623357172365546432e-14
-8.623357172365546432e-14
-8.623357172365546432e-14
-8.623357172365546432e-14
-8.623357172365546432e-14
-8.623357172365546432e-14
-8.623357172365546432e-14
-8.623357172365546432e-14
-8.623357172365546432e-14
-8.623357172365546432e-14
-8.623357172365546432e-14
-8.623357172365546432e-14
-8.623357172365546432e-14
-8.623357172365546432e-14
-8.623357172365546432e-14
-8.623357172365546432e-14
-8.623357172365546432e-14
-8.623357172365546432e-14
-8.623357172365546432e-14
-8.623357172365546432e-14
-8.623357172365546432e-14
-8.623357172365546432e-14
-8.623357172365546432e-14
-8.623357172365546432e-14
-8.623357172365546432e-14
-8.623357172365546432e-14
-8.623357172365546432e-14
-8.623357172365546432e-14
-8.623357172365546432e-14
-8.623357172365546432e-14
-8.623357172365546432e-14
-8.623357172365546432e-14
-8.623357172365546432e-14
-8.623357172365546432e-14
-8.623357172365546432e-14
-8.623357172365546432e-14
-8.623357172365546432e-14
-8.623357172365546432e-14
-8.623357172365546432e-14
-8.623357172365546432e-14
-8.623357172365546432e-14
-8.623357172365546432e-14
-8.623357172365546432e-14
-8.623357172365546432e-14
-8.623357172365546432e-14
-8.623357172365546432e-14
-8.623357172365546432e-14
-8.623357172365546432e-14
-8.623357172365546432e-14
-8.623357172365546432e-14
-8.623357172365546432e-14
-8.623357172365546432e-14
-8.623357172365546432e-14
-8.623357172365546432e-14
-8.623357172365546432e-14
-8.623357172365546432e-14
-8.623357172365546432e-14
-8.623357172365546432e-14
-8.623357172365546432e-14
-8.623357172365546432e-14
-8.623357172365546432e-14
-8.623357172365546432e-14
-8.623357172365546432e-14
-8.623357172365546432e-14
-8.623357172365546432e-14
-8.623357172365546432e-14
-8.623357172365546432e-14
-8.623357172365546432e-14
-8.623357172365546432e-14
-8.623357172365546432e-14
-8.623357172365546432e-14
-8.623357172365546432e-14
-8.623357172365546432e-14
-8.623357172365546432e-14
-8.623357172365546432e-14
-8.623357172365546432e-14
-8.623357172365546432e-14
-8.623357172365546432e-14
-8.623357172365546432e-14
-8.623357172365546432e-14
-8.623357172365546432e-14
-8.623357172365546432e-14
-8.623357172365546432e-14
-8.623357172365546432e-14
-8.623357172365546432e-14
-8.623357172365546432e-14
-8.623357172365546432e-14
-8.623357172365546432e-14
-8.623357172365546432e-14
-8.623357172365546432e-14
-8.623357172365546432e-14
-8.623357172365546432e-14
-8.623357172365546432e-14
-8.623357172365546432e-14
-8.623357172365546432e-14
-8.623357172365546432e-14
-8.623357172365546432e-14
-8.623357172365546432e-14
-8.623357172365546432e-14
-8.623357172365546432e-14
-8.623357172365546432e-14
-8.623357172365546432e-14
-8.623357172365546432e-14
-8.623357172365546432e-14
-8.623357172365546432e-14
-8.623357172365546432e-14
-8.623357172365546432e-14
-8.623357172365546432e-14
-8.623357172365546432e-14
-8.623357172365546432e-14
-8.623357172365546432e-14
-8.623357172365546432e-14
-8.623357172365546432e-14
-8.623357172365546432e-14
-8.623357172365546432e-14
-8.623357172365546432e-14
-8.623357172365546432e-14
-8.623357172365546432e-14
-8.623357172365546432e-14
-8.623357172365546432e-14
-8.623357172365546432e-14
-8.623357172365546432e-14
-8.623357172365546432e-14
-8.623357172365546432e-14
-8.623357172365546432e-14
-8.623357172365546432e-14
-8.623357172365546432e-14
4.006721985536523811e-02
-8.623357172365546432e-14
2.775767953317822001e-01
-8.623357172365546432e-14
1.050651542875232908e-01
-8.623357172365546432e-14
8.213780070358833729e-02
-8.623357172365546432e-14
3.394583904418656539e-01
-8.623357172365546432e-14
4.082404511937108849e-01
-8.623357172365546432e-14
1.182873368398891678e+00
-8.623357172365546432e-14
9.598325112036061313e-01
-8.623357172365546432e-14
1.676590555284255712e+00
-8.623357172365546432e-14
1.152155166509719386e+00
-8.623357172365546432e-14
3.718683193916518359e+00
-8.623357172365546432e-14
3.116561917755599431e+00
-8.623357172365546432e-14
5.481863463221738009e+00
-8.623357172365546432e-14
5.810192070370479023e+00
-8.623357172365546432e-14
1.922558766063488411e+00
-8.623357172365546432e-14
3.786797467670763417e+00
-8.623357172365546432e-14
5.484979802543836769e+00
-8.623357172365546432e-14
4.676289748461532447e+00
-8.623357172365546432e-14
3.633651649556640439e+00
-8.623357172365546432e-14
8.797648501925257492e+00
-8.623357172365546432e-14
3.678838569726939234e+00
-8.623357172365546432e-14
1.456487960878411947e+01
-8.623357172365546432e-14
7.946887866994757132e+00
-8.623357172365546432e-14
2.128415237854142106e+01
-8.623357172365546432e-14
2.790948977730427671e+01
-8.623357172365546432e-14
1.064675069825382003e+01
-8.623357172365546432e-14
2.863448386102186660e+01
-8.623357172365546432e-14
1.669845906608630415e+01
-8.623357172365546432e-14
1.528809292717482293e+01
-8.623357172365546432e-14
3.840710137942955527e+01
-8.623357172365546432e-14
4.431056103379692246e+01
-8.623357172365546432e-14
4.710614000137731949e+01
-8.623357172365546432e-14
3.136729085082875912e+01
-8.623357172365546432e-14
1.329630690902772550e+01
1.780765326823758070e-03
2.243363639706081258e+01
3.561530653732239600e-03
1.485714771806297385e+01
5.564891646508458509e-03
2.286680756283129057e+01
2.047880125937039109e-02
2.466649352133815398e+01
8.681230968608132786e-03
3.463922454335716594e+01
7.078542174453880675e-02
4.302840999842284475e+01
6.433014743449898265e-02
2.814054407847064709e+01
1.319992298570243083e-01
1.451947009294795699e+01
7.100801741041105897e-02
5.623055894079031702e+01
4.031207508788429705e-01
1.427305669083701645e+01
1.805250850152856634e-01
8.551747069845839633e+01
4.899330605656305182e-01
8.028313361567683160e+01
2.479715717719507551e-01
1.190911297893267005e+02
9.371277532855213366e-01
3.440104718088314684e+01
2.359514058153238947e-01
4.023015988285208522e+01
3.372324337832427466e-01
6.922547131823884570e+01
4.298322307824805621e-01
1.477113675277333584e+02
2.008480693086819091e+00
1.080149920516220163e+02
5.130830098154575136e-01
5.925964076186160412e+01
8.627808008870989642e-01
5.148682270557210217e+01
5.836458358941997160e-01
3.103985262634347109e+01
3.750736969800470555e-01
6.806307675109931665e+01
8.180390720485233302e-01
2.706830075600590391e+01
9.787531428020073143e-01
9.988913726927293624e+01
2.451668663821158223e+00
3.470221911679652749e+01
2.256674860524683357e+00
1.728862695499038864e+02
3.514340372653767641e+00
9.409230093885420843e+01
3.852685784766380017e+00
1.281458762853244195e+02
1.652327627705130864e+00
1.005017205417294264e+02
1.981991808849057568e+00
9.579426740004694807e+01
1.261004447116995442e+00
8.716111709519479689e+01
4.382240873855774765e+00
1.708622071602065944e+02
4.214403741794653158e+00
1.010034511725858977e+02
1.953054372286791018e+00
4.125588071115134881e+01
1.625170956469776051e+00
1.709421190042516230e+02
3.211165075747616449e+00
8.946631781087776858e+01
2.444768198179386509e+00
1.943222321725642985e+02
8.878005537302010808e+00
2.561443942398471449e+02
1.255127921538239910e+01
7.155382198317163045e+01
2.101080490086060681e+00
2.512742236664184929e+02
1.386615181363843163e+01
7.362863618468583127e+01
2.367750097790595643e+00
1.553677680507763057e+02
8.957472190015296931e+00
1.974835358191584760e+02
5.196050628252936399e+00
1.512058968861253732e+02
7.992074787165050154e+00
1.161366175163197170e+02
6.614875402467234267e+00
2.047305829126783010e+02
1.567273823778704944e+01
3.573537464033568654e+02
2.916448414144301182e+01
3.670949779328776117e+02
2.825963275970765309e+01
3.406034225471244099e+02
2.426782468377651014e+01
3.123531388053830256e+02
2.904294690788150746e+01
3.683361713657330370e+02
2.140301846411254516e+01
2.655791115374739206e+02
1.213257676789306316e+01
1.908403907671266495e+02
1.670513693606221395e+01
1.140431052788729858e+02
1.392513966509227075e+01
9.547795895885479922e+01
1.302407240967658986e+01
1.797110526652805902e+02
2.932831455151856659e+01
3.026657754270009377e+02
2.963905810106410499e+01
2.164520254857214354e+02
1.696045416480770740e+01
3.570692691423832343e+02
4.451423606806208966e+01
4.498858743201734569e+02
3.592938902270232404e+01
2.550018106869694634e+02
1.633585072639456826e+01
2.077500931201174126e+02
2.406526262784067782e+01
3.886593782547414548e+02
4.691938223771779803e+01
4.520588532103335524e+02
5.629088236623935160e+01
3.558619102507393563e+02
3.466304227960456075e+01
2.664254202590872183e+02
1.584213353950920400e+01
2.617322132400199735e+02
1.349463964731215349e+01
2.568371119520144816e+02
1.736045857636451473e+01
1.584725323982410430e+02
2.091085944688821741e+01
1.663196974069289809e+02
1.990227848486046369e+01
2.687657910899766875e+02
2.045097680121412509e+01
2.671989401979629974e+02
3.411345358058744637e+01
2.705672578138103859e+02
3.396030776247331318e+01
1.806305953609628432e+02
1.795634717388126234e+01
2.958113870880645209e+02
5.107947263704177487e+01
4.463641882905461102e+02
4.472303080264209285e+01
2.030070246718967439e+02
3.218265877488695281e+01
1.784896702466871545e+02
3.185677872006271016e+01
2.488819880453829398e+02
3.821611429811862592e+01
2.392671908540724246e+02
2.658326480008922488e+01
3.556887308226974369e+02
6.288861790243513639e+01
4.945806354732509931e+02
9.252166592052097371e+01
4.976684825501102409e+02
1.210537557752456905e+02
5.563502649633901456e+02
1.370995643490200564e+02
5.612878820235754347e+02
1.358995511143496628e+02
5.979620761442572530e+02
1.453948144330913124e+02
5.839312035378796963e+02
1.438437678333540077e+02
5.800880893667455211e+02
1.277547757004021634e+02
5.661326766910957531e+02
1.382314633099362027e+02
5.638085553438141915e+02
1.426477613206691899e+02
5.949205289658975744e+02
1.239572936407699046e+02
3.086337878244687545e+02
3.909826092193591762e+01
4.912497139292688075e+02
1.302427274577590879e+02
4.162180572626447770e+02
3.415552416143565750e+01
3.043163222893791726e+02
6.917115797576811076e+01
2.827011701556987759e+02
4.116016457483001290e+01
3.498885555572907151e+02
7.268683392241715069e+01
3.780224217657855661e+02
6.444723275481175051e+01
4.109961855371516890e+02
9.180001077179132096e+01
3.897794796453668482e+02
6.441117225694185322e+01
3.646546616480155194e+02
7.951651414244273042e+01
4.383736716730420540e+02
1.043263592725970597e+02
5.006138684008169548e+02
8.675109587867414973e+01
3.989281615123588267e+02
1.417313349643088998e+02
6.163106368813899962e+02
1.674769722737536881e+02
5.208613927634316951e+02
1.023579457993655950e+02
4.158026937501434190e+02
9.106744843543432921e+01
5.697418428174073597e+02
1.649229096036352189e+02
2.468730621609642242e+02
8.676445161862596933e+01
3.828950408915389403e+02
1.172847659608439415e+02
6.178118220519741044e+02
1.426508776599912949e+02
5.048634422578178373e+02
1.432285134129072333e+02
5.861515953048686924e+02
1.659980466697561212e+02
5.554425198379983613e+02
1.315834211532552729e+02
4.647821988754285485e+02
1.521643938233337678e+02
6.029591262472281414e+02
1.561835811661661921e+02
2.801566790992123970e+02
