3.751827688563638219e+01
2.382352373471289297e+02
4.638248149165490020e+01
3.865785539702490041e+02
1.034413189051235946e+02
5.332853472579400886e+02
1.245071049354528867e+02
4.923388745223389265e+02
8.841433069400665090e+01
3.898186564825589357e+02
6.702756171350209513e+01
3.242528805067827307e+02
6.669055187538465646e+01
4.006238952949075838e+02
7.499092165977077684e+01
4.080496867081158712e+02
7.493994725228800746e+01
3.603169399073325962e+02
6.224130970610394087e+01
3.420347126786271019e+02
7.558413910929715485e+01
4.225322059205304868e+02
7.711626507743601167e+01
4.545051795781739088e+02
9.091586078698129825e+01
4.498048494977992391e+02
6.941178389056662468e+01
3.769018751838285084e+02
5.951250943828257078e+01
3.510493919547692485e+02
5.497200304599779486e+01
3.765641975587133743e+02
5.981279099153254464e+01
4.017987552193355896e+02
5.953899832252034230e+01
4.277160137871609322e+02
7.674163657178763742e+01
4.431191886735872458e+02
7.457066104262040085e+01
4.126329314682463405e+02
6.015113640364513259e+01
3.855034169041280734e+02
5.048625518751541108e+01
2.924693357607891357e+02
2.081736926722554415e+01
2.467499667577417028e+02
4.663112085042448740e+01
3.990419078976153742e+02
5.338868007471029387e+01
3.648262829063963864e+02
4.791705601211824472e+01
3.933766256057218129e+02
4.976281927345885236e+01
3.070978777300102820e+02
3.509042595806258191e+01
1.852964231131288955e+02
1.560506915536451977e+01
2.024113586700459280e+02
2.252044870674760446e+01
2.640251711940805990e+02
3.180758507790686807e+01
3.025691689080162519e+02
3.727920914049892787e+01
3.391928338125470077e+02
4.362852791359098603e+01
2.481476449436989355e+02
2.454584667044009905e+01
3.339705168957220849e+02
3.015993195918483494e+01
1.443532893125157557e+02
8.187291186127394482e+00
1.266716251903100812e+02
2.276864287418545985e+01
6.541084939233509488e+01
6.437021465442257728e+00
1.431468208035352347e+02
1.288673088383877996e+01
1.727645097206765570e+02
1.377933950395165041e+01
2.220843636190669486e+02
1.917661661414527430e+01
2.493685821709605648e+02
1.942414299458553728e+01
2.416943739946486005e+02
1.635098723167329737e+01
2.399047048411056551e+02
2.082760866785526588e+01
2.233295637739076369e+02
7.778828139267766062e+00
2.230795888411429644e+02
1.129673004257540292e+01
2.311072789348460788e+02
1.506260351765503991e+01
2.476289970422369606e+02
1.616623282900653535e+01
2.110930348300562684e+02
1.291210678974722725e+01
1.296098879797090433e+02
2.736591116126509071e+00
1.384462681274945055e+02
6.651826283000584539e+00
1.745423813039287495e+02
1.010517544320778427e+01
1.862943194831952383e+02
6.845261916636015798e+00
1.784527193661538433e+02
6.152544204468632927e+00
1.632870540552038960e+02
7.253057176498051817e+00
1.507687189983692804e+02
5.258154819028860949e+00
2.472258762913575580e+01
9.030706164084102427e-01
7.615398401390784500e+01
1.632071422111543324e+00
7.059287649363864148e+01
1.644314183734046919e+00
1.447748855036612667e+02
3.738716803844238878e+00
1.488597385679234435e+02
2.990350175210966022e+00
4.659951226587186568e+01
1.164843119463943477e+00
1.147438364350114739e+02
1.853999300977504650e+00
1.452231931747104738e+02
3.518792285971043654e+00
1.349098907839202752e+02
2.796914541575527657e+00
1.381873893680952392e+02
2.638871618812409725e+00
3.955458203695619090e+01
2.942714702715757968e-01
1.043428313518709558e+02
1.148148444524177858e+00
5.108570531568596351e+01
4.912686345608217042e-01
8.617657646508033054e+01
5.215416451182645075e-01
1.952742738354623953e+01
3.147502715310203647e-01
6.919898243400106708e+01
6.795845678813868807e-01
6.594374341641243120e+01
2.377321711422263062e-01
5.987979228695743927e+01
3.632761266892697849e-01
7.079744191056727232e+01
1.958841859598693114e-01
5.084441161388986785e+01
1.475809264674801669e-01
1.784571712794707210e+01
6.455274310036819563e-02
3.058486708531835774e+01
7.501473939594834051e-02
4.685371651628804557e+01
9.170941433570820034e-02
5.258733567760150862e+01
4.496432450436432804e-02
5.000166442293045321e+01
2.225956658627587306e-02
2.525281050522274739e+01
9.126422300323882436e-03
6.114101932974035947e+01
2.893743656141180721e-03
3.206713162430376940e+01
-8.623357172365546432e-14
7.890571163531274301e+00
-8.623357172365546432e-14
3.279279349501896235e+01
-8.623357172365546432e-14
1.563623254858541856e+01
-8.623357172365546432e-14
5.945752830881390949e+00
-8.623357172365546432e-14
8.103150024430968656e+00
-8.623357172365546432e-14
1.399503470417342577e+01
-8.623357172365546432e-14
6.582599030917021921e+00
-8.623357172365546432e-14
1.190085467972909505e+01
-8.623357172365546432e-14
1.289630249747090751e+01
-8.623357172365546432e-14
6.135849529528869084e+00
-8.623357172365546432e-14
2.132466478972818269e+00
-8.623357172365546432e-14
8.397644090368451941e+00
-8.623357172365546432e-14
1.581475427260799016e+01
-8.623357172365546432e-14
4.928713233550808148e+00
-8.623357172365546432e-14
7.170696780128534620e+00
-8.623357172365546432e-14
5.908579354682179208e+00
-8.623357172365546432e-14
4.571447189839794589e+00
-8.623357172365546432e-14
6.096004905339285074e+00
-8.623357172365546432e-14
1.447094423778925387e+00
-8.623357172365546432e-14
3.952853834404979505e+00
-8.623357172365546432e-14
2.794020797919310350e+00
-8.623357172365546432e-14
2.452781642150474894e+00
-8.623357172365546432e-14
1.188660855711341835e+00
-8.623357172365546432e-14
1.610479642522776311e+00
-8.623357172365546432e-14
1.222495396922597344e+00
-8.623357172365546432e-14
1.448207402108246056e+00
-8.623357172365546432e-14
1.118320625298449222e+00
-8.623357172365546432e-14
8.020121841063353463e-01
-8.623357172365546432e-14
3.143050801992823828e-01
-8.623357172365546432e-14
3.423521340980767991e-01
-8.623357172365546432e-14
3.650568920154828589e-02
-8.623357172365546432e-14
1.482487134650526395e-01
-8.623357172365546432e-14
-8.623357172365546432e-14
-8.623357172365546432e-14
-8.623357172365546432e-14
-8.623357172365546432e-14
-8.623357172365546432e-14
-8.623357172365546432e-14
-8.623357172365546432e-14
-8.623357172365546432e-14
-8.623357172365546432e-14
-8.623357172365546432e-14
-8.623357172365546432e-14
-8.623357172365546432e-14
-8.623357172365546432e-14
-8.623357172365546432e-14
-8.623357172365546432e-14
-8.623357172365546432e-14
-8.623357172365546432e-14
-8.623357172365546432e-14
-8.623357172365546432e-14
-8.623357172365546432e-14
-8.623357172365546432e-14
-8.623357172365546432e-14
-8.623357172365546432e-14
-8.623357172365546432e-14
-8.623357172365546432e-14
-8.623357172365546432e-14
-8.623357172365546432e-14
-8.623357172365546432e-14
-8.623357172365546432e-14
-8.623357172365546432e-14
-8.623357172365546432e-14
-8.623357172365546432e-14
-8.623357172365546432e-14
-8.623357172365546432e-14
-8.623357172365546432e-14
-8.623357172365546432e-14
-8.623357172365546432e-14
-8.623357172365546432e-14
-8.623357172365546432e-14
-8.623357172365546432e-14
-8.623357172365546432e-14
-8.623357172365546432e-14
-8.623357172365546432e-14
-8.623357172365546432e-14
-8.623357172365546432e-14
-8.623357172365546432e-14
-8.623357172365546432e-14
-8.623357172365546432e-14
-8.623357172365546432e-14
-8.623357172365546432e-14
-8.623357172365546432e-14
-8.623357172365546432e-14
-8.623357172365546432e-14
-8.623357172365546432e-14
-8.623357172365546432e-14
-8.623357172365546432e-14
-8.623357172365546432e-14
-8.623357172365546432e-14
-8.623357172365546432e-14
-8.623357172365546432e-14
-8.623357172365546432e-14
-8.623357172365546432e-14
-8.623357172365546432e-14
-8.623357172365546432e-14
-8.623357172365546432e-14
-8.623357172365546432e-14
-8.623357172365546432e-14
-8.623357172365546432e-14
-8.623357172365546432e-14
-8.623357172365546432e-14
-8.623357172365546432e-14
-8.623357172365546432e-14
-8.623357172365546432e-14
-8.623357172365546432e-14
-8.623357172365546432e-14
-8.623357172365546432e-14
-8.623357172365546432e-14
-8.623357172365546432e-14
-8.623357172365546432e-14
-8.623357172365546432e-14
-8.623357172365546432e-14
-8.623357172365546432e-14
-8.623357172365546432e-14
-8.623357172365546432e-14
-8.623357172365546432e-14
-8.623357172365546432e-14
-8.623357172365546432e-14
-8.623357172365546432e-14
-8.623357172365546432e-14
-8.623357172365546432e-14
-8.623357172365546432e-14
-8.623357172365546432e-14
-8.623357172365546432e-14
-8.623357172365546432e-14
-8.623357172365546432e-14
-8.623357172365546432e-14
-8.623357172365546432e-14
-8.623357172365546432e-14
-8.623357172365546432e-14
-8.623357172365546432e-14
-8.623357172365546432e-14
-8.623357172365546432e-14
-8.623357172365546432e-14
-8.623357172365546432e-14
-8.623357172365546432e-14
-8.623357172365546432e-14
-8.623357172365546432e-14
-8.623357172365546432e-14
-8.623357172365546432e-14
-8.623357172365546432e-14
-8.623357172365546432e-14
-8.623357172365546432e-14
-8.623357172365546432e-14
-8.623357172365546432e-14
-8.623357172365546432e-14
-8.623357172365546432e-14
-8.623357172365546432e-14
-8.623357172365546432e-14
-8.623357172365546432e-14
-8.623357172365546432e-14
-8.623357172365546432e-14
-8.623357172365546432e-14
-8.623357172365546432e-14
-8.623357172365546432e-14
-8.623357172365546432e-14
-8.623357172365546432e-14
-8.623357172365546432e-14
-8.623357172365546432e-14
-8.623357172365546432e-14
-8.623357172365546432e-14
-8.623357172365546432e-14
-8.623357172365546432e-14
-8.623357172365546432e-14
-8.623357172365546432e-14
-8.623357172365546432e-14
-8.623357172365546432e-14
-8.623357172365546432e-14
-8.623357172365546432e-14
-8.623357172365546432e-14
-8.623357172365546432e-14
-8.623357172365546432e-14
-8.623357172365546432e-14
-8.623357172365546432e-14
-8.623357172365546432e-14
-8.623357172365546432e-14
-8.623357172365546432e-14
-8.623357172365546432e-14
-8.623357172365546432e-14
-8.623357172365546432e-14
-8.623357172365546432e-14
4.941623782163100109e-02
-8.623357172365546432e-14
1.161949375807020957e-01
-8.623357172365546432e-14
2.481941674377892981e-01
-8.623357172365546432e-14
1.725116410441866754e-01
-8.623357172365546432e-14
3.265478418217783174e-01
-8.623357172365546432e-14
7.307815710299947476e-01
-8.623357172365546432e-14
1.042415503238982577e+00
-8.623357172365546432e-14
1.374750832373276666e+00
-8.623357172365546432e-14
2.414272591956074798e+00
-8.623357172365546432e-14
2.892853273562724592e+00
-8.623357172365546432e-14
9.678459551747006229e-01
-8.623357172365546432e-14
7.886564441545339532e-01
-8.623357172365546432e-14
2.553617478786669892e+00
-8.623357172365546432e-14
5.157318982392678386e+00
-8.623357172365546432e-14
4.050795927384942097e+00
-8.623357172365546432e-14
8.524523619910679528e+00
-8.623357172365546432e-14
9.212344227429067445e+00
-8.623357172365546432e-14
2.824738999808482642e+00
-8.623357172365546432e-14
4.318801109084660972e+00
-8.623357172365546432e-14
7.054947033879487073e+00
-8.623357172365546432e-14
3.136818123349181864e+00
-8.623357172365546432e-14
5.045575958129169258e+00
-8.623357172365546432e-14
6.786941852179763757e+00
-8.623357172365546432e-14
1.457467381808212714e+01
-8.623357172365546432e-14
1.049694381512764352e+01
-8.623357172365546432e-14
1.819096300570144820e+01
-8.623357172365546432e-14
4.488641602138551789e+00
-8.623357172365546432e-14
2.918540813403417999e+01
-8.623357172365546432e-14
2.830081295789242546e+01
-8.623357172365546432e-14
3.723624817698725309e+01
-8.623357172365546432e-14
3.563177861744274111e+01
-8.623357172365546432e-14
3.965541787359239123e+01
-8.623357172365546432e-14
2.157931423147648076e+01
-8.623357172365546432e-14
4.777370440330211920e+01
-8.623357172365546432e-14
6.062481998060277277e+01
3.561530653732239166e-03
4.626873510639862985e+01
1.291054862000401253e-02
1.290520632410545510e+01
1.469131394691553481e-02
4.141904333422935025e+01
8.057963104253093589e-02
5.951963249959022306e+01
3.160858455255068783e-02
1.079722536837758362e+01
2.248216225214810793e-02
2.029293387845099872e+01
5.342295980718036325e-02
7.926676180534386162e+01
1.406804608257033740e-01
1.785929546356475228e+01
4.963883348750926239e-02
3.873810113456867299e+01
3.045108709012868120e-01
7.481351291407753479e+01
2.938262789398434771e-01
4.353103101194275126e+01
1.578203270972077799e-01
4.006432611178372838e+01
2.646662467117151807e-01
4.023772813549143734e+01
4.685638766427377422e-01
7.450989242583962380e+01
5.048469701785015529e-01
1.069169276319170905e+02
1.357610966101775229e+00
1.417731829494912574e+02
1.424389665860847032e+00
6.652694406097495516e+01
9.589421285401520390e-01
1.434377533388189647e+02
2.260013795512639145e+00
1.381600101011940183e+02
2.005586949430594679e+00
1.408302677088933024e+02
2.828077934796426884e+00
1.731941193557931626e+02
3.500762037036095453e+00
1.034922933126063072e+02
7.407983759938738810e-01
1.424710203619735012e+02
2.123117461006553075e+00
5.758616654589936701e+01
9.696267205016045887e-01
4.365946871114604022e+01
8.712394361899100659e-01
1.081113759749409269e+02
7.192065964051027604e-01
5.156896050627572237e+01
3.272378883860088905e+00
2.049832289934334710e+02
5.777693103154402543e+00
2.046146105707634035e+02
6.227781539530520050e+00
2.412531893849070457e+02
9.536220921260536443e+00
2.520582056015898615e+02
1.007712838930897625e+01
2.470733982602414471e+02
9.759484374121688788e+00
7.640618490333123702e+01
2.902870078526585296e+00
2.289302933227005781e+02
1.194960313055321244e+01
2.539324611081610215e+02
1.037206764657819313e+01
2.403432183028567977e+02
1.198833477641347400e+01
2.546131586543717731e+02
7.366135774756735088e+00
9.104251772085768835e+01
1.531903372472942060e+00
1.456425634091974928e+02
3.418179045000715011e+00
2.317557001095067335e+02
4.736390578244695782e+00
1.038896265761727449e+02
5.409297276150216049e+00
2.032696875576157538e+02
1.218978385401998210e+01
2.182554955705479927e+02
1.138977503090636922e+01
3.211941934621517021e+02
2.234437553504952945e+01
2.345018628392653852e+02
1.174392473529528225e+01
2.368564797927700170e+02
8.063750591573118243e+00
9.037450812760108931e+01
4.665382560834214765e+00
2.639071954911729563e+02
1.911963212368420528e+01
2.104455040380591413e+02
9.239055707332701317e+00
1.402305949850568254e+02
8.287681831431859436e+00
2.087633485911283344e+02
1.755211344467303647e+01
1.036449939393886694e+02
4.302106434144892688e+00
2.475337260972472393e+02
2.500906825110214271e+01
3.572727215809825907e+02
2.755222373359327648e+01
1.190728769447258770e+02
6.692561289853613538e+00
2.700710920746005854e+02
3.241593903271196098e+01
2.607919691474123738e+02
1.953432784918800635e+01
2.485046883917441107e+02
1.999866240817937424e+01
2.441776512430224102e+02
2.655833408551249875e+01
3.510827813046488473e+02
4.865740919678044207e+01
1.999708197895178614e+02
2.166657173249500090e+01
2.593962943224478295e+02
2.407683760246559146e+01
3.602241175146674550e+02
1.966142997439608919e+01
1.685870568594151564e+02
2.517200827851427647e+01
3.755358055824237908e+02
4.333381125198763328e+01
4.215605758390360620e+02
6.218833193762838363e+01
3.878745059369067008e+02
4.596244347017037057e+01
3.984720629930046130e+02
5.400304411249371839e+01
2.608885756663971165e+02
4.711036931902871316e+01
3.372936475913992354e+02
6.605281529268555119e+01
2.974336643008780925e+02
3.474473488897649531e+01
4.070025966958937147e+02
5.114803210212775753e+01
2.266640468485437054e+02
3.512448309493973397e+01
2.951233438848803416e+02
1.747665351394529054e+01
3.248427590213211715e+02
3.408629690935207890e+01
4.065638606384766263e+02
6.143751675667062528e+01
4.268387642679925307e+02
8.381461385460211488e+01
4.401268351373835230e+02
9.849591099663292937e+01
5.545859717157554769e+02
1.084704227839788331e+02
4.836576435536605345e+02
6.118487067591549788e+01
3.500926757828877385e+02
5.635343174834700619e+01
4.966852774939908954e+02
1.291415466987321281e+02
5.566224994627410751e+02
1.058662760890411505e+02
5.704212047896229478e+02
1.061505307543488783e+02
5.293707798780635585e+02
1.078845509914259821e+02
5.252892657487893757e+02
1.319649501245454530e+02
5.736882413775024361e+02
1.259446277455996750e+02
5.537547994994210967e+02
1.139943568280488364e+02
5.413869391127100243e+02
8.661486733116562675e+01
3.109438856448007868e+02
3.718148964318482541e+01
4.034989409152012172e+02
1.065948317034125523e+02
3.452222826137930838e+02
7.459225282220914721e+01
5.396219780780779729e+02
1.360219787305745740e+02
5.648438477857456519e+02
1.451415005653385890e+02
5.405907144159160680e+02
1.371774728320723398e+02
5.702148586073676597e+02
1.374038526242555065e+02
5.233266397628705136e+02
1.015105240994230940e+02
4.585348289173020362e+02
1.303602579693350663e+02
4.873340335710628892e+02
7.024251091556941162e+01
4.454088076926597068e+02
1.284575102175333257e+02
4.356898357297251891e+02
1.122803702008994833e+02
5.208767518643763879e+02
8.507895723670714005e+01
3.495782571990770862e+02
7.184208337046493398e+01
4.520548464883480051e+02
1.048852969895804250e+02
4.298562711144390391e+02
8.575809661325682498e+01
3.128083469420738538e+02
6.780419799170005035e+01
3.537018419091994019e+02
9.947622230909607310e+01
3.883637712104748516e+02
1.451159020637642527e+02
6.340301422667924953e+02
1.961817963651883758e+02
6.359502524805315034e+02
1.892773240014326461e+02
6.003291584550503330e+02
1.239546224927795066e+02
3.805722551182525422e+02
5.081035447701275132e+01
2.817742818030428680e+02
6.509031163349158078e+01
2.663813463172462548e+02
5.846363866073353677e+01
4.628663179793407494e+02
1.263909320556561227e+02
4.589341655418612618e+02
1.304134583334763988e+02
5.629934100154218868e+02
1.780317909620058572e+02
6.104583742301714437e+02
1.724344003482009668e+02
5.551012806822296852e+02
1.404057777740914332e+02
5.386654845018623519e+02
1.494048753536232255e+02
5.444932616298360699e+02
1.623919968827665627e+02
2.972876415440717324e+02
5.333481192357132983e+01
4.754779206201721991e+02
1.308619886001914949e+02
5.262355199243756942e+02
1.328072521241731181e+02
5.602621611952762350e+02
1.705269780874160688e+02
5.690054963547308944e+02
1.603548013487833259e+02
5.561194332578891135e+02
1.490133295773692623e+02
5.602679486825885533e+02
1.707580323885823930e+02
5.809844821131780463e+02
1.702598632883798189e+02
5.498188629356216097e+02
1.255935943805328918e+02
4.555847685576122785e+02
9.932263129965016901e+01
3.364896320463000166e+02
9.641931602979181548e+01
5.368241731538390695e+02
1.500268076440461016e+02
5.543275381476880739e+02
1.543469443271259536e+02
5.684027072915720282e+02
1.213598248158080253e+02
4.489754580467916298e+02
7.633896101224048891e+01
2.026208211916234632e+02
4.598737418474708960e+01
2.104724381136286411e+02
3.871561897231645588e+01
3.094907811380434737e+02
8.136160961678575632e+01
4.024525186899766709e+02
8.007834560308234018e+01
3.477785712405701588e+02
