1.284138814670240833e+02
4.826261352380485619e+02
9.273290920742549304e+01
1.654586973713687996e+02
3.101915122941814573e+01
1.238257396022445107e+02
4.606105335014794377e+01
4.710148775196078645e+02
9.891839757044193959e+01
3.088775300785893023e+02
7.763691633989088814e+01
3.818034317461439855e+02
8.521874731486940391e+01
3.458569028571702688e+02
5.900365574611849695e+01
2.083130375590862968e+02
4.038308310530035072e+01
2.894927865168616563e+02
5.589466208100220967e+01
3.305935180489061054e+02
9.276429519631220444e+01
3.647833219428847542e+02
8.040956795388731848e+01
4.054141540242912356e+02
9.436119650321741403e+01
4.718874525297932792e+02
1.171556604746431134e+02
4.957940044478731920e+02
1.047294800234759435e+02
4.483272594677966936e+02
8.625515273513013881e+01
4.455441458575048728e+02
7.632293412429831392e+01
3.186476990446724926e+02
7.150128940602785121e+01
3.827071701495501088e+02
6.102104026583991470e+01
3.666742721243957703e+02
6.895434979721703428e+01
4.326409428943920830e+02
8.353303033728471405e+01
4.348495370910902693e+02
7.964428405464842342e+01
4.238646635763896029e+02
7.468218147121802986e+01
4.318832272477925471e+02
8.234303390757816032e+01
4.139967751129924523e+02
6.601163509450083211e+01
3.780678312816217499e+02
6.754799038029108260e+01
4.238853649733151201e+02
6.920054060366210535e+01
1.955583059051046462e+02
9.694041248357804008e+00
5.543544722232570621e+01
1.380983511017493903e+01
3.608451594224267183e+02
6.009081297819609802e+01
2.156435580273048629e+02
2.255851256561027185e+01
1.621124167264419498e+02
4.409842736422853626e+00
1.070947815689420963e+02
2.553172287454978218e+01
3.189125878870502220e+02
4.817081507120268213e+01
2.565299299331228440e+02
3.773708842518026074e+01
1.927907739914229808e+02
2.464534693308110036e+01
2.148740448104147163e+02
2.093178343947940334e+01
9.374994880475610159e+01
4.778015967761175986e+00
9.536087363861064148e+01
2.582911068414349032e+01
3.753670780676993104e+02
4.337476885450652020e+01
3.292688512413520812e+02
3.903103703084509846e+01
3.098638514740306960e+02
3.553405912012864576e+01
3.266642593550826632e+02
3.785038961910482413e+01
2.983251599426616849e+02
3.146100362615730361e+01
2.755360382672167248e+02
2.617235320090509632e+01
2.749232323990942746e+02
2.528508687677296507e+01
2.395024744728901851e+02
1.932085860562484569e+01
5.815756962017110965e+01
2.630858174841323560e+00
9.359479962564913080e+01
1.004908133541017534e+01
1.876454751749869274e+02
2.146979716387162895e+01
1.867225935443167089e+02
1.902213522203595630e+01
2.509746099001661150e+02
2.305222975249563078e+01
2.682438042535266618e+02
2.248238484788492642e+01
2.669071172800159388e+02
2.238555573323429826e+01
2.701523394926406354e+02
2.158487912312306989e+01
2.380636160887481196e+02
1.422786977066669856e+01
1.527841001570979813e+02
7.412435673256362101e+00
7.013143567830350378e+01
1.990005252820146620e+00
4.009437652667531893e+01
1.785439835891529770e+00
3.899052461965794691e+01
1.124108112610914478e+00
6.287659773647849448e+01
3.236986172987782240e+00
1.025723054255921909e+02
2.074146414516568004e+00
6.510544813877029924e+01
3.325134056669753146e+00
1.242482261760535067e+02
1.351155691791734226e+00
1.207570357526495570e+02
3.186234361170890317e+00
1.821907683830005453e+02
6.974589998502746191e+00
1.925029577954615263e+02
7.930860979052577697e+00
1.744001426734419056e+02
4.272278614919182260e+00
1.220391867880236276e+02
2.593239507310373337e+00
7.276006789648623396e+01
9.478123452469747745e-01
2.116150216665059958e+01
6.660062322637085863e-01
9.322150669399593426e+01
1.263007808109777308e+00
4.900287767020065388e+01
1.278812100386086392e+00
8.676556459695488499e+00
3.623857440258216323e-01
6.542665368461139508e+01
8.144775413947034082e-01
7.473426885703011635e+01
8.934990027762693687e-01
5.168181650886857170e+01
9.003994684180388619e-01
9.074935922891532414e+01
7.528185419505053488e-01
8.949236150378382604e+01
6.007857021656903829e-01
4.142082409955623490e+01
2.688955643631262271e-01
1.882268950542221830e+01
5.141959881442528107e-02
1.945441600514298131e+01
2.292735358388811248e-02
4.175004308936843955e+01
1.460227568064409176e-01
1.074536057823136836e+01
5.297776847547060186e-02
2.259857978546570934e+01
5.186479014614562427e-02
6.488997553421435782e+01
1.992231209478200760e-01
6.596845153532331096e+01
1.173079159100240410e-01
5.266925088263930377e+01
6.722389109072034186e-02
5.731994212952656653e+01
7.479214373007909977e-02
4.415051475004103310e+01
2.136918392282465690e-02
3.882736199657958576e+00
2.225956657784615965e-04
1.240570164990762692e+01
8.903826633695171959e-04
3.994412445221740882e+01
-8.623357172365546432e-14
1.010651101720297262e+01
-8.623357172365546432e-14
1.692328068860850010e+01
-8.623357172365546432e-14
2.483410805773340257e+01
-8.623357172365546432e-14
7.122616116302007860e+00
-8.623357172365546432e-14
5.064941781059302706e+00
-8.623357172365546432e-14
4.050573331719073522e+00
-8.623357172365546432e-14
1.978430278195247416e+00
-8.623357172365546432e-14
1.038564598219586443e+01
-8.623357172365546432e-14
4.360871689932874773e+00
-8.623357172365546432e-14
1.071553275900566327e+01
-8.623357172365546432e-14
1.215528152581113375e+01
-8.623357172365546432e-14
1.005486882272261973e+01
-8.623357172365546432e-14
4.203941745499070848e+00
-8.623357172365546432e-14
1.612861416147559979e+01
-8.623357172365546432e-14
9.532881986272590424e+00
-8.623357172365546432e-14
7.776379586943270361e+00
-8.623357172365546432e-14
3.723357702899652288e+00
-8.623357172365546432e-14
2.266023878490956545e+00
-8.623357172365546432e-14
7.095682040732513407e+00
-8.623357172365546432e-14
3.137708506012631293e+00
-8.623357172365546432e-14
8.336207686589796051e-01
-8.623357172365546432e-14
1.435519449154029736e+00
-8.623357172365546432e-14
7.610545815874476538e-01
-8.623357172365546432e-14
8.423019996276481791e-01
-8.623357172365546432e-14
1.795011449523676639e+00
-8.623357172365546432e-14
2.991685749205689193e-01
-8.623357172365546432e-14
1.015036236337184539e-01
-8.623357172365546432e-14
1.046199629558074717e-01
-8.623357172365546432e-14
4.747965552869074513e-01
-8.623357172365546432e-14
1.878707419887671037e-01
-8.623357172365546432e-14
1.197564682345190201e-01
-8.623357172365546432e-14
1.106300459341119508e-01
-8.623357172365546432e-14
-8.623357172365546432e-14
-8.623357172365546432e-14
-8.623357172365546432e-14
-8.623357172365546432e-14
-8.623357172365546432e-14
-8.623357172365546432e-14
-8.623357172365546432e-14
-8.623357172365546432e-14
-8.623357172365546432e-14
-8.623357172365546432e-14
-8.623357172365546432e-14
-8.623357172365546432e-14
-8.623357172365546432e-14
-8.623357172365546432e-14
-8.623357172365546432e-14
-8.623357172365546432e-14
-8.623357172365546432e-14
-8.623357172365546432e-14
-8.623357172365546432e-14
-8.623357172365546432e-14
-8.623357172365546432e-14
-8.623357172365546432e-14
-8.623357172365546432e-14
-8.623357172365546432e-14
-8.623357172365546432e-14
-8.623357172365546432e-14
-8.623357172365546432e-14
-8.623357172365546432e-14
-8.623357172365546432e-14
-8.623357172365546432e-14
-8.623357172365546432e-14
-8.623357172365546432e-14
-8.623357172365546432e-14
-8.623357172365546432e-14
-8.623357172365546432e-14
-8.623357172365546432e-14
-8.623357172365546432e-14
-8.623357172365546432e-14
-8.623357172365546432e-14
-8.623357172365546432e-14
-8.623357172365546432e-14
-8.623357172365546432e-14
-8.623357172365546432e-14
-8.623357172365546432e-14
-8.623357172365546432e-14
-8.623357172365546432e-14
-8.623357172365546432e-14
-8.623357172365546432e-14
-8.623357172365546432e-14
-8.623357172365546432e-14
-8.623357172365546432e-14
-8.623357172365546432e-14
-8.623357172365546432e-14
-8.623357172365546432e-14
-8.623357172365546432e-14
-8.623357172365546432e-14
-8.623357172365546432e-14
-8.623357172365546432e-14
-8.623357172365546432e-14
-8.623357172365546432e-14
-8.623357172365546432e-14
-8.623357172365546432e-14
-8.623357172365546432e-14
-8.623357172365546432e-14
-8.623357172365546432e-14
-8.623357172365546432e-14
-8.623357172365546432e-14
-8.623357172365546432e-14
-8.623357172365546432e-14
-8.623357172365546432e-14
-8.623357172365546432e-14
-8.623357172365546432e-14
-8.623357172365546432e-14
-8.623357172365546432e-14
-8.623357172365546432e-14
-8.623357172365546432e-14
-8.623357172365546432e-14
-8.623357172365546432e-14
-8.623357172365546432e-14
-8.623357172365546432e-14
-8.623357172365546432e-14
-8.623357172365546432e-14
-8.623357172365546432e-14
-8.623357172365546432e-14
-8.623357172365546432e-14
-8.623357172365546432e-14
-8.623357172365546432e-14
-8.623357172365546432e-14
-8.623357172365546432e-14
-8.623357172365546432e-14
-8.623357172365546432e-14
-8.623357172365546432e-14
-8.623357172365546432e-14
-8.623357172365546432e-14
-8.623357172365546432e-14
-8.623357172365546432e-14
-8.623357172365546432e-14
-8.623357172365546432e-14
-8.623357172365546432e-14
-8.623357172365546432e-14
-8.623357172365546432e-14
-8.623357172365546432e-14
-8.623357172365546432e-14
-8.623357172365546432e-14
-8.623357172365546432e-14
-8.623357172365546432e-14
-8.623357172365546432e-14
-8.623357172365546432e-14
-8.623357172365546432e-14
-8.623357172365546432e-14
-8.623357172365546432e-14
-8.623357172365546432e-14
-8.623357172365546432e-14
-8.623357172365546432e-14
-8.623357172365546432e-14
-8.623357172365546432e-14
-8.623357172365546432e-14
-8.623357172365546432e-14
-8.623357172365546432e-14
-8.623357172365546432e-14
-8.623357172365546432e-14
-8.623357172365546432e-14
-8.623357172365546432e-14
-8.623357172365546432e-14
-8.623357172365546432e-14
-8.623357172365546432e-14
-8.623357172365546432e-14
-8.623357172365546432e-14
-8.623357172365546432e-14
-8.623357172365546432e-14
-8.623357172365546432e-14
-8.623357172365546432e-14
-8.623357172365546432e-14
-8.623357172365546432e-14
-8.623357172365546432e-14
-8.623357172365546432e-14
-8.623357172365546432e-14
-8.623357172365546432e-14
-8.623357172365546432e-14
-8.623357172365546432e-14
-8.623357172365546432e-14
-8.623357172365546432e-14
-8.623357172365546432e-14
-8.623357172365546432e-14
-8.623357172365546432e-14
-8.623357172365546432e-14
-8.623357172365546432e-14
-8.623357172365546432e-14
-8.623357172365546432e-14
-8.623357172365546432e-14
-8.623357172365546432e-14
-8.623357172365546432e-14
1.048425586216631539e-01
-8.623357172365546432e-14
1.293280818666570353e-01
-8.623357172365546432e-14
1.222050205590352462e-01
-8.623357172365546432e-14
2.726796906827955169e-01
-8.623357172365546432e-14
5.745194135937806701e-01
-8.623357172365546432e-14
3.080724015551095096e-01
-8.623357172365546432e-14
3.855356932756407451e-01
-8.623357172365546432e-14
1.827733012405611035e+00
-8.623357172365546432e-14
2.321895390622700894e+00
-8.623357172365546432e-14
3.273269266523540111e+00
-8.623357172365546432e-14
3.329808565652886188e+00
-8.623357172365546432e-14
2.726351715496781569e+00
-8.623357172365546432e-14
1.333793229854380424e+00
-8.623357172365546432e-14
1.734465428408780818e+00
-8.623357172365546432e-14
3.175327173543573966e+00
-8.623357172365546432e-14
4.478402201508827396e+00
-8.623357172365546432e-14
5.092988834958111610e+00
-8.623357172365546432e-14
5.614085288744687929e+00
-8.623357172365546432e-14
6.445925292076798208e+00
-8.623357172365546432e-14
9.430042788643616447e+00
-8.623357172365546432e-14
1.795278564322744330e+01
-8.623357172365546432e-14
8.771159617687500187e+00
-8.623357172365546432e-14
8.109605298741019652e+00
-8.623357172365546432e-14
2.205322040409999929e+01
-8.623357172365546432e-14
2.386648469822451091e+01
-8.623357172365546432e-14
3.067546352132482923e+01
-8.623357172365546432e-14
1.864305480307032425e+01
-8.623357172365546432e-14
1.247225775400083769e+01
-8.623357172365546432e-14
1.215661709980631322e+01
-8.623357172365546432e-14
1.517501432891612723e+01
-8.623357172365546432e-14
3.843336766800145909e+01
-8.623357172365546432e-14
5.898339954052452150e+00
-8.623357172365546432e-14
9.158698671955953330e+00
-8.623357172365546432e-14
4.451623942905485620e+01
3.784126319595421378e-03
4.909213853221196189e+01
9.349017966187063780e-03
2.793642385287379071e+01
2.025620559350572655e-02
4.800898802211988681e+01
6.054602111481128396e-02
7.540005249362798168e+01
1.115204285975692072e-01
3.464590241333305443e+01
4.051241118709310307e-02
3.300826609957488245e+01
1.108526415999842030e-01
8.093956823430846725e+01
1.903192943132775150e-01
3.508641923607704172e+01
1.578203270972032557e-01
4.835579206953531894e+01
1.302184645301157628e-01
4.937550281485625447e+01
2.559850157430329509e-01
1.028182736363714440e+02
3.906553935904911734e-01
9.925652038688870960e+01
6.421884960163088962e-01
1.066400186235827761e+02
3.870938629366756922e-01
5.219757066667443723e+01
3.817515669559487512e-01
7.140223433471857106e+01
4.028981552129977661e-01
1.158639378256368957e+02
8.033477581015308067e-01
3.315428885638137046e+01
3.681732313382747313e-01
7.710535788980870109e+01
8.051285234284349945e-01
1.620879312031969448e+02
2.507317580287051317e+00
1.783852728793971494e+02
3.370543572505920071e+00
1.389201743001181342e+02
1.029950145950628171e+00
1.020745815167213237e+02
1.480261177992602928e+00
6.036059892522271042e+01
5.300002804210850460e-01
7.144742125488886586e+01
8.643389705481380192e-01
6.622866586871776917e+01
1.184208942394070485e+00
1.023098651355391269e+02
3.613395443963057563e+00
6.867232108856788386e+01
7.154224700854195929e-01
1.148451174629793883e+02
4.804727447664810747e+00
3.766964193842360231e+01
1.279702483049544037e+00
1.555736690416999579e+02
5.187146801618397696e+00
2.014898126133707592e+02
6.252934849773096992e+00
2.027056301403175667e+02
7.512158531563226660e+00
1.940284058936243810e+02
6.221326265220477048e+00
9.141781401350361591e+01
2.403810595660497818e+00
4.854655655518037349e+01
1.024162658638173351e+00
8.684414086700513735e+01
6.092220779019609900e+00
6.085164496411776014e+01
2.354839549170516744e+00
9.439480844876283072e+01
2.043428212627397489e+00
1.129432600938411468e+02
4.184575922568939177e+00
1.617342266901398204e+02
8.213112283367570043e+00
1.553274782352549153e+02
6.528285688446317181e+00
2.655975869777407183e+02
1.856002661970322265e+01
2.121646103655234583e+02
6.426114277814940046e+00
2.799523362779496551e+02
2.010328237113525418e+01
2.840825988580479020e+02
1.819986683233598512e+01
2.329770825280999418e+02
1.335240101682534153e+01
2.683174834189274520e+02
1.334394238152252044e+01
1.377871623608725713e+02
4.131820749759269162e+00
2.168526976842758245e+02
1.406849127390839271e+01
1.935569482733254461e+02
1.092499528058326241e+01
3.188616134795674952e+02
3.254882864523251129e+01
3.335157539503629778e+02
2.434617835816047560e+01
3.753141002992237532e+02
3.958730359983815816e+01
4.254237236200980306e+02
4.729334295636857632e+01
4.284114026473187664e+02
4.352969543794758067e+01
4.038849217998086942e+02
4.262172771689012052e+01
3.905585644758892272e+02
1.613996654043464218e+01
2.940499875840861819e+02
1.180513854340776092e+01
2.650998630688698086e+02
3.486271059188417354e+01
4.176264200405634028e+02
4.454985137460023736e+01
2.979988346965056394e+02
2.772918728795480448e+01
4.110333590133508324e+02
5.333436673223959446e+01
4.700554901997362549e+02
6.467895484297569908e+01
4.880759449253862385e+02
7.319635540157881337e+01
4.950340628446149367e+02
7.546571821505776256e+01
5.089816846719593286e+02
7.346347020061506328e+01
3.754432057854246523e+02
3.988580438776114789e+01
3.705908428652650741e+02
2.313214159654065227e+01
2.341477131348764544e+02
2.188471548504129061e+01
2.452957492726550299e+02
1.372458097014919787e+01
2.758550178563991722e+02
2.722434031777626018e+01
3.814630829730386381e+02
5.034735549201653271e+01
4.498981170817960447e+02
5.627685883928992183e+01
3.744350700147286375e+02
5.220424853665033993e+01
4.289623269203308951e+02
7.198899650993489274e+01
4.959349075043647872e+02
7.058018854068441783e+01
5.167126547430666506e+02
7.650635295296984850e+01
3.640329519532587028e+02
5.464834894783216868e+01
4.297300593718945834e+02
3.780408972060519091e+01
2.963977040719491356e+02
5.659005094115997991e+01
3.063412750617401912e+02
4.199601130014765715e+01
3.308207882237527429e+02
7.790358594759540267e+01
4.772099374962565435e+02
1.097830694255762296e+02
5.349951045674381476e+02
1.165633334077801777e+02
5.612905531715657617e+02
1.384108754166222752e+02
5.653471365862631046e+02
1.332484367339146729e+02
5.907537606965978512e+02
1.407076174970023885e+02
5.225413222537038109e+02
1.029004114370751211e+02
4.481612031010625401e+02
7.354427242732354841e+01
5.084755021277857736e+02
1.296519585605572047e+02
5.596722826807377942e+02
1.517724028557479983e+02
5.190214169894035194e+02
9.806830472250904052e+01
4.519631370740123089e+02
8.265377745712369517e+01
5.153995629101374334e+02
1.347725492580824493e+02
4.254326274467326243e+02
9.817426025946008394e+01
3.793123636494649986e+02
9.521752202979453727e+01
4.865217819863268573e+02
7.164708956716845023e+01
3.879021077994736402e+02
1.092811161990539119e+02
5.002247711768872591e+02
1.177045813866626247e+02
4.654847107968937507e+02
1.314828079122850113e+02
5.782414357227414712e+02
1.805353244159733208e+02
5.927353073141149480e+02
1.506251447938872445e+02
5.585290313408625025e+02
1.321808679204330872e+02
5.097218152609557933e+02
1.640127159259190819e+02
6.044376066598939587e+02
1.480058615936708577e+02
5.598659409100389439e+02
1.435975770269089651e+02
5.236916966548867549e+02
1.452915300441306385e+02
5.741474562361789822e+02
1.705948697655044555e+02
5.481861237265122782e+02
1.725394655024884401e+02
5.752933787240444872e+02
1.609969898447996570e+02
5.372965211568014183e+02
1.314999477785564750e+02
5.289242529723412645e+02
1.728208264241400229e+02
5.740762256231026868e+02
1.861091198891966485e+02
6.175647408628653920e+02
1.952578017561887691e+02
5.807231548014542568e+02
1.231441516733703168e+02
4.351834305898856883e+02
1.137003079534430867e+02
1.733521622785563636e+02
7.217731244325541695e+01
5.438005439176686195e+02
1.353112307694722745e+02
2.465371653011760600e+02
6.183084329825150860e+01
4.826216833247315776e+02
8.850537232134479382e+01
2.789390808069387049e+02
3.434428528608796682e+01
2.014099007693257306e+02
5.074045943793159807e+01
3.573746703959481579e+02
6.159177555311405428e+01
1.612169143626728101e+02
3.590089677747179309e+01
3.361628616088121930e+02
6.919608869034483689e+01
2.753824472577709344e+02
6.483210066108983938e+01
2.436943960524326940e+02
4.833553586394173607e+01
4.158142687247683966e+02
1.182274586057761070e+02
4.233798502161390047e+02
8.738460314372180449e+01
1.067740212144327643e+02
1.247359332799601894e+01
1.090990329443775266e+02
2.246569017294517323e+01
1.366777455622086279e+02
