1.703998759622080001e+02
5.872536664465590093e+02
1.484615149216935777e+02
2.023579357102386211e+02
3.953699697935297763e+01
2.810886871521830699e+02
4.679472866483420290e+01
2.198134426359270321e+02
6.955469030805103614e+01
3.762932986333575514e+02
6.233813882075455126e+01
3.011080509572877304e+02
7.761599234729969510e+01
3.518805641711037424e+02
1.005651603065005588e+02
5.075176729775749891e+02
1.160288812140417463e+02
4.226918070129545981e+02
1.033832214363331587e+02
4.676848463582893487e+02
1.133325799134364900e+02
4.595287185653828033e+02
1.165539843898138770e+02
5.442579780110181673e+02
1.652387728534956750e+02
5.712158713167558517e+02
1.462644956996202836e+02
4.996863122611634367e+02
8.717224687848799647e+01
4.157937899235088253e+02
1.276136500482446365e+02
5.547894241543547196e+02
1.201713865557624956e+02
4.695940493844009893e+02
1.060459107913930410e+02
4.563916778463675996e+02
1.131896734959521353e+02
5.247608236380293647e+02
1.478302336133044719e+02
5.457233252793980682e+02
1.150933116304172330e+02
4.525490088665650887e+02
9.018084989829979747e+01
4.734834634540349612e+02
9.865284094106675639e+01
4.738923716922261633e+02
5.639283118120484772e+01
1.693619123722861843e+02
3.792384618883977510e+01
2.192211155690640965e+02
2.901512244964856180e+01
1.579387479915002928e+02
2.359113385955131292e+01
2.156152883777402565e+02
2.351278018516732971e+01
2.828912668543460427e+02
7.555342090740799676e+01
5.105218240840695785e+02
1.079355253989087373e+02
4.847341161937764582e+02
1.025422550107006288e+02
4.883878014532610337e+02
1.002383898690128348e+02
3.901772581002653055e+02
5.504078510674963098e+01
2.538229440405560808e+02
3.195071409105712590e+01
2.052982018606302859e+02
4.083228115901300725e+01
2.143180008370873963e+02
1.374906649339420284e+01
1.623143109953802252e+02
2.436665715941993327e+01
2.306347083362178978e+02
3.336842588694211997e+01
2.786550487372968519e+02
4.550589975948421539e+01
2.877834743986952617e+02
4.523789457778450895e+01
2.824471885009484140e+02
4.676668161093539311e+01
3.992662843288058525e+02
7.080300680221387211e+01
4.194067401761404312e+02
6.740953587612393960e+01
4.144330626180849322e+02
6.617301695225187075e+01
4.133982153674853066e+02
5.945196341716769695e+01
4.121249681587457872e+02
6.115726881334840215e+01
3.935673900913670309e+02
5.045420141163105399e+01
2.444138252445036699e+02
9.465880690847660262e+00
1.448207402108292001e+02
1.632538873009898239e+01
5.238032170834841139e+01
4.596377904416517168e+00
1.509955439818842819e+02
1.499359886123733787e+01
2.079671238943344633e+02
2.180569402365973275e+01
2.410492917549759966e+02
2.499348655449170664e+01
2.937343469298917853e+02
3.170118434962408926e+01
2.821753991929289782e+02
2.754977518126877456e+01
2.820954873488839780e+02
2.387694669452010388e+01
2.587681293533809139e+02
2.365123468933446205e+01
1.998441628556414855e+02
1.722267185919498189e+01
1.303497959730395053e+02
1.016861520797890961e+01
2.059063332197695502e+02
2.004830124166694816e+01
2.542923982998624979e+02
1.863259280677474194e+01
2.525343377308721244e+02
1.806630943281785662e+01
2.399979724251024891e+02
1.893176138169534894e+01
2.415434541331931371e+02
1.543367049264958091e+01
1.395122787713150956e+02
6.362897108709691274e+00
1.530734745227205451e+02
9.150240036653134013e+00
2.476013951796698507e+02
1.826998446708300960e+01
2.455788909596335543e+02
1.515854224964223107e+01
2.245311351782391682e+02
1.244799482642171284e+01
2.134176013686693807e+02
1.169717964546394207e+01
1.983814867352520537e+02
1.085532283716796975e+01
1.914117938413982927e+02
9.474784517482198964e+00
1.805840728667972996e+02
8.764704343377452744e+00
2.047864544248099890e+02
1.057774604183611800e+01
8.584557670994117018e+01
3.808389247259531984e+00
1.601322056829197038e+02
8.178832550824578718e+00
1.832176021896291331e+02
5.815979557682931400e+00
9.870381534854949734e+01
2.287393062413852540e+00
1.370779725694312958e+02
3.367204637517966948e+00
8.858951348304124451e+01
1.797905193179890837e+00
1.151046640093762790e+02
2.828523126128158260e+00
1.426891641145197980e+02
3.402597348390270504e+00
6.119266152422071059e+01
7.174258310781957970e-01
8.793196588608030595e+01
1.071575535467108375e+00
3.342385220774214361e+01
5.391267027214845520e-01
4.380282031996217285e+01
1.096061058712105130e+00
6.333937412580884541e+01
8.685682881995494542e-01
1.022324018438185931e+02
1.399458951284129338e+00
5.140023299155117087e+01
3.098531668820198592e-01
4.209796011511320302e+01
3.118565278747930658e-01
3.948958410252404860e+01
3.109661452113401947e-01
7.622031752233519342e+01
4.581018803471533229e-01
8.551613512446314758e+01
5.262161541013959942e-01
7.310242003058436921e+01
2.330576621590857711e-01
8.796090332264259359e+01
3.274382244852399038e-01
6.127324115526332093e+01
2.688955643631169012e-01
6.498613686186742200e+01
1.411256521574327516e-01
6.494851819433645801e+01
3.672828486741448739e-02
3.752117062929260527e+01
8.770269235016787956e-02
5.038029965056433213e+01
2.070139692523509031e-02
2.653407115793337212e+01
6.010082978237856963e-03
3.648187146537566150e+01
4.006721985460116701e-03
3.440282794621005991e+01
3.116339322004362932e-03
4.786452343497445128e+01
-8.623357172365546432e-14
2.262773981769383269e+01
-8.623357172365546432e-14
2.365613179398346588e+01
-8.623357172365546432e-14
1.628754746690218269e+01
-8.623357172365546432e-14
1.624658986438329222e+01
-8.623357172365546432e-14
1.365557631373150649e+01
-8.623357172365546432e-14
1.428307349580086516e+01
-8.623357172365546432e-14
1.810748963100261122e+01
-8.623357172365546432e-14
2.082805385918699415e+01
-8.623357172365546432e-14
1.939943487567468239e+01
-8.623357172365546432e-14
2.170508078268939300e+01
-8.623357172365546432e-14
2.180280028000349546e+01
-8.623357172365546432e-14
1.926342892383205552e+01
-8.623357172365546432e-14
1.866019466934181992e+01
-8.623357172365546432e-14
1.596278039040726249e+01
-8.623357172365546432e-14
4.709456502675209322e+00
-8.623357172365546432e-14
5.840242485262063354e+00
-8.623357172365546432e-14
5.465836575279560350e+00
-8.623357172365546432e-14
4.112454926829145485e+00
-8.623357172365546432e-14
6.769356794576546044e+00
-8.623357172365546432e-14
1.195783917018981679e+00
-8.623357172365546432e-14
2.244654694568053444e+00
-8.623357172365546432e-14
2.603033716608375236e+00
-8.623357172365546432e-14
3.345835453595071396e+00
-8.623357172365546432e-14
1.225611736244692107e+00
-8.623357172365546432e-14
1.310420684938706115e+00
-8.623357172365546432e-14
5.756323919231142172e-01
-8.623357172365546432e-14
1.168182054451881058e+00
-8.623357172365546432e-14
5.524824426732894977e-01
-8.623357172365546432e-14
4.307226134459215539e-01
-8.623357172365546432e-14
7.390176106662640909e-02
-8.623357172365546432e-14
8.792528801603259614e-02
-8.623357172365546432e-14
5.898785145376748279e-02
-8.623357172365546432e-14
-8.623357172365546432e-14
-8.623357172365546432e-14
-8.623357172365546432e-14
-8.623357172365546432e-14
-8.623357172365546432e-14
-8.623357172365546432e-14
-8.623357172365546432e-14
-8.623357172365546432e-14
-8.623357172365546432e-14
-8.623357172365546432e-14
-8.623357172365546432e-14
-8.623357172365546432e-14
-8.623357172365546432e-14
-8.623357172365546432e-14
-8.623357172365546432e-14
-8.623357172365546432e-14
-8.623357172365546432e-14
-8.623357172365546432e-14
-8.623357172365546432e-14
-8.623357172365546432e-14
-8.623357172365546432e-14
-8.623357172365546432e-14
-8.623357172365546432e-14
-8.623357172365546432e-14
-8.623357172365546432e-14
-8.623357172365546432e-14
-8.623357172365546432e-14
-8.623357172365546432e-14
-8.623357172365546432e-14
-8.623357172365546432e-14
-8.623357172365546432e-14
-8.623357172365546432e-14
-8.623357172365546432e-14
-8.623357172365546432e-14
-8.623357172365546432e-14
-8.623357172365546432e-14
-8.623357172365546432e-14
-8.623357172365546432e-14
-8.623357172365546432e-14
-8.623357172365546432e-14
-8.623357172365546432e-14
-8.623357172365546432e-14
-8.623357172365546432e-14
-8.623357172365546432e-14
-8.623357172365546432e-14
-8.623357172365546432e-14
-8.623357172365546432e-14
-8.623357172365546432e-14
-8.623357172365546432e-14
-8.623357172365546432e-14
-8.623357172365546432e-14
-8.623357172365546432e-14
-8.623357172365546432e-14
-8.623357172365546432e-14
-8.623357172365546432e-14
-8.623357172365546432e-14
-8.623357172365546432e-14
-8.623357172365546432e-14
-8.623357172365546432e-14
-8.623357172365546432e-14
-8.623357172365546432e-14
-8.623357172365546432e-14
-8.623357172365546432e-14
-8.623357172365546432e-14
-8.623357172365546432e-14
-8.623357172365546432e-14
-8.623357172365546432e-14
-8.623357172365546432e-14
-8.623357172365546432e-14
-8.623357172365546432e-14
-8.623357172365546432e-14
-8.623357172365546432e-14
-8.623357172365546432e-14
-8.623357172365546432e-14
-8.623357172365546432e-14
-8.623357172365546432e-14
-8.623357172365546432e-14
-8.623357172365546432e-14
-8.623357172365546432e-14
-8.623357172365546432e-14
-8.623357172365546432e-14
-8.623357172365546432e-14
-8.623357172365546432e-14
-8.623357172365546432e-14
-8.623357172365546432e-14
-8.623357172365546432e-14
-8.623357172365546432e-14
-8.623357172365546432e-14
-8.623357172365546432e-14
-8.623357172365546432e-14
-8.623357172365546432e-14
-8.623357172365546432e-14
-8.623357172365546432e-14
-8.623357172365546432e-14
-8.623357172365546432e-14
-8.623357172365546432e-14
-8.623357172365546432e-14
-8.623357172365546432e-14
-8.623357172365546432e-14
-8.623357172365546432e-14
-8.623357172365546432e-14
-8.623357172365546432e-14
-8.623357172365546432e-14
-8.623357172365546432e-14
-8.623357172365546432e-14
-8.623357172365546432e-14
-8.623357172365546432e-14
-8.623357172365546432e-14
-8.623357172365546432e-14
-8.623357172365546432e-14
-8.623357172365546432e-14
-8.623357172365546432e-14
-8.623357172365546432e-14
-8.623357172365546432e-14
-8.623357172365546432e-14
-8.623357172365546432e-14
-8.623357172365546432e-14
-8.623357172365546432e-14
-8.623357172365546432e-14
-8.623357172365546432e-14
-8.623357172365546432e-14
-8.623357172365546432e-14
-8.623357172365546432e-14
-8.623357172365546432e-14
-8.623357172365546432e-14
-8.623357172365546432e-14
-8.623357172365546432e-14
-8.623357172365546432e-14
-8.623357172365546432e-14
-8.623357172365546432e-14
-8.623357172365546432e-14
-8.623357172365546432e-14
-8.623357172365546432e-14
-8.623357172365546432e-14
-8.623357172365546432e-14
-8.623357172365546432e-14
-8.623357172365546432e-14
-8.623357172365546432e-14
-8.623357172365546432e-14
-8.623357172365546432e-14
-8.623357172365546432e-14
-8.623357172365546432e-14
-8.623357172365546432e-14
-8.623357172365546432e-14
-8.623357172365546432e-14
-8.623357172365546432e-14
-8.623357172365546432e-14
-8.623357172365546432e-14
-8.623357172365546432e-14
-8.623357172365546432e-14
6.032342544894959968e-02
-8.623357172365546432e-14
8.992864900880120915e-02
-8.623357172365546432e-14
1.504746701236890083e-01
-8.623357172365546432e-14
8.089126497481017308e-01
-8.623357172365546432e-14
9.602777025353177454e-01
-8.623357172365546432e-14
1.108081224668718834e+00
-8.623357172365546432e-14
3.850905019439103127e-01
-8.623357172365546432e-14
9.081903167232662222e-01
-8.623357172365546432e-14
6.762456328934421945e-01
-8.623357172365546432e-14
4.258255087969344821e-01
-8.623357172365546432e-14
6.933854991649267552e-01
-8.623357172365546432e-14
2.262239752171271157e+00
-8.623357172365546432e-14
1.046422225224535429e+00
-8.623357172365546432e-14
1.948825054635383580e+00
-8.623357172365546432e-14
9.774175688068221790e-01
-8.623357172365546432e-14
2.591903933315200970e+00
-8.623357172365546432e-14
2.668922033703991836e+00
-8.623357172365546432e-14
5.301338378206397195e+00
-8.623357172365546432e-14
8.536098594535589612e+00
-8.623357172365546432e-14
5.661943356905355884e+00
-8.623357172365546432e-14
3.474050557132466910e+00
-8.623357172365546432e-14
2.235305676601783365e+00
-8.623357172365546432e-14
1.577624522241359983e+01
-8.623357172365546432e-14
2.674709521016443770e+00
-8.623357172365546432e-14
6.747987610653645163e+00
-8.623357172365546432e-14
1.145009845635538603e+01
-8.623357172365546432e-14
1.422030151802733933e+01
-8.623357172365546432e-14
6.790725978499444260e+00
-8.623357172365546432e-14
8.484678995721100847e+00
-8.623357172365546432e-14
3.167469546538632841e+01
-8.623357172365546432e-14
3.587730163689024465e+01
-8.623357172365546432e-14
2.933365684749931646e+01
-8.623357172365546432e-14
4.827209609917062494e+01
-8.623357172365546432e-14
5.107724668038314775e+01
1.558169660960576075e-03
5.574708115453469048e+01
5.787487312367103551e-03
4.870905139126078609e+01
1.023940062964283707e-02
5.587618664073553276e+01
3.917683719190795388e-02
7.583923374237679127e+01
6.989503908108006536e-02
2.067602101940218162e+01
4.006721985536673691e-02
2.222306089715389987e+01
3.873164586018461308e-02
1.798951392809492233e+01
7.902146138150073496e-02
4.331288725939644735e+01
1.800798936835561470e-01
8.826229785422179930e+01
4.149183211696098605e-01
7.400170652067312460e+01
1.170853202441714119e-01
4.163830006510493575e+01
1.584881140947943523e-01
3.179511972061850500e+01
1.591559010923884465e-01
4.844750148387110755e+01
4.892652735680533271e-01
1.080873356430276857e+02
8.167034980533398603e-01
9.803135384197570090e+01
4.503110320419251300e-01
2.928134686602137293e+01
2.261571965173271859e-01
9.303341335634131326e+01
9.564935762156538956e-01
3.565537375802429665e+01
3.799708016290433976e-01
1.213411267798754807e+02
1.524557715499448296e+00
3.725093949093425749e+01
5.771905615841537163e-01
1.379156000600758887e+02
1.794121066860210334e+00
1.310560920208245363e+02
8.236039636951154597e-01
9.106544507444159819e+01
1.785885027223262700e+00
9.230841927262363811e+01
9.896603304293287717e-01
2.742066969506791096e+01
1.145477296533812028e+00
1.192242419975131185e+02
3.128804679378085929e+00
9.560929040171431836e+01
1.412592095570080142e+00
5.134792301007324511e+01
1.320437489902569705e+00
1.511199749591019383e+02
3.401484370060947171e+00
9.979631487660785183e+01
1.205132934985244431e+00
9.409408170418113571e+01
6.017651230955316954e+00
9.484044497182166822e+01
3.473160174469011707e+00
1.838824954435635277e+02
6.654942622322678858e+00
1.782853274254244127e+02
3.884071773653135828e+00
2.651170029351411586e+02
1.096283654378006567e+01
1.175828215574352384e+02
3.434651124274617384e+00
2.250618032456578419e+02
4.643790781245453303e+00
7.414906485147481874e+01
1.432180514166074836e+00
7.286691381610073392e+01
2.247993629556007456e+00
6.946364868071283638e+01
1.956615902940603613e+00
7.364377268996457815e+01
7.064518647511619953e+00
2.765967066150564619e+02
2.169795772138175849e+01
3.428095681914979878e+02
2.364166307570233272e+01
3.006777735351736283e+02
1.206290432447776162e+01
9.578692174307344942e+01
3.526360538610403328e+00
2.149860104303439812e+02
1.080167728169484853e+01
1.766209796317626513e+02
1.199679341171627733e+01
2.719958767973226941e+02
1.034980807999183661e+01
1.809836320870224995e+02
8.802990797905980713e+00
2.208206880239596330e+02
1.503878578140764333e+01
1.107627129510417916e+02
4.878184017399774142e+00
3.222285955214195496e+02
3.563467236109898550e+01
3.149305740204171116e+02
1.911362204070587723e+01
2.753490579078913356e+02
2.410176831704228562e+01
3.357893460814932496e+02
2.738527698419560252e+01
3.793063535664866777e+02
3.997328448444554283e+01
4.101741397431177347e+02
4.469164481375531750e+01
4.237001653793165019e+02
3.126289348353875397e+01
2.567251463320851599e+02
2.130797011478881586e+01
3.212723245408697039e+02
4.628498459000666543e+01
4.262858366339876284e+02
5.128069911898244015e+01
2.180994560087775938e+02
1.126512145802278297e+01
3.005522295796264984e+02
5.145187518603150068e+01
4.486885322334933903e+02
6.757581483852401050e+01
3.778628206733612842e+02
3.201437645149411537e+01
2.755930227576777725e+02
2.024106908830479057e+01
2.906215691384556976e+02
5.615932832771395766e+01
4.102046353493408901e+02
2.491312951911494977e+01
2.988625058800562329e+02
4.703780313195720453e+01
4.354830443561380662e+02
5.662032395171742394e+01
2.968709424575750404e+02
2.356798391030149986e+01
3.926988218031673341e+02
6.083806662850005864e+01
4.268592430692519883e+02
5.262183800581034632e+01
5.160862705393266197e+02
1.097650391766413236e+02
5.545361102866020246e+02
9.096616740746644325e+01
3.561316961977660753e+02
4.337654961983344037e+01
4.182703893019068460e+02
8.080400747379751181e+01
4.797686746753582270e+02
5.317343006582025566e+01
1.529138734302964338e+02
1.679105886308554219e+01
2.137621794594261360e+02
6.950950338788075555e+01
4.556802620982675762e+02
9.233290479586867150e+01
5.580239617750181651e+02
1.328246145861104992e+02
5.654303873652962693e+02
1.021340145595068805e+02
4.523971986224461830e+02
9.238944409499801225e+01
4.964795990987329901e+02
1.038557920349614818e+02
4.336018883839251430e+02
5.740942558720371380e+01
3.247258962967428033e+02
6.435262959681976724e+01
2.919856353788675278e+02
3.429353347427105803e+01
2.479522059490707306e+02
3.536622198806752948e+01
2.600756562946634176e+02
4.563010814103608226e+01
5.091619871613090709e+02
1.489819435884824941e+02
5.731273002995261550e+02
1.575189325656816379e+02
6.110533724450248201e+02
1.585524442422861569e+02
5.872191641183503634e+02
1.503831833050935813e+02
6.062896025998786627e+02
1.678749733243176649e+02
6.165316743775925943e+02
1.500862406868316157e+02
5.779507257831235165e+02
1.478640681545157634e+02
5.762207122680320026e+02
1.465264907983416549e+02
5.664474269626266505e+02
1.602702149957551683e+02
4.711404214751549944e+02
5.630646406284979832e+01
2.582436939646063934e+02
6.499593107116542967e+01
4.731404435329391163e+02
1.649502888705364683e+02
5.799839145951212913e+02
1.687174979196112190e+02
6.190098319256517243e+02
1.833024111383230377e+02
6.256209232017989734e+02
1.903112808693688862e+02
6.402886420082123777e+02
2.005471199684386931e+02
6.274125957163350904e+02
1.642818340859482191e+02
5.444178016991082814e+02
1.540128282326647025e+02
5.712105290207750841e+02
1.659838005471409588e+02
5.522803258087408267e+02
1.766873131401899570e+02
6.194781732066287532e+02
1.543703168720416556e+02
4.887096747860997539e+02
1.510378371583983323e+02
5.505376243406947196e+02
1.505390002711980628e+02
5.385103353227552816e+02
1.476879949828176848e+02
4.381056664913424470e+02
8.173156361345098730e+01
3.605312995335592632e+02
1.109999999308523115e+02
5.162334062744624816e+02
1.308288218459778705e+02
4.450922766558018679e+02
1.116695676937698778e+02
4.920185593591614293e+02
1.344491177555827335e+02
5.584515680491418834e+02
1.868757393624307497e+02
6.051674978482606093e+02
