1.780248904963641507e+02
5.939290878701410747e+02
1.593488915347459169e+02
4.952134749513011229e+02
1.715520311287177435e+02
5.822040837664445689e+02
1.782666293894919249e+02
5.925093727132634740e+02
1.779427526956604311e+02
5.632438301395186500e+02
1.668285510990930902e+02
5.854953832819030595e+02
1.668646115969630159e+02
5.758273857264513254e+02
1.610969352987724506e+02
5.727493328588901704e+02
1.708341601063077633e+02
5.867568329203515987e+02
1.728386340774090684e+02
5.193644369104990801e+02
1.126320713529639335e+02
3.992264397046160980e+02
8.966754429281844807e+01
4.072042683691660727e+02
1.248151773370079951e+02
5.590817363792015158e+02
1.676750824163721347e+02
5.716234439809520609e+02
1.092613051847920929e+02
2.813854071747792318e+02
2.912975921756830289e+01
2.236084761432347534e+02
4.349630608806803878e+01
1.819267699232864004e+02
8.966019863584492100e+01
4.625471157944923561e+02
1.161729006098554464e+02
4.739629345183048486e+02
1.250978738326546988e+02
4.674709319233944029e+02
8.041401986720458694e+01
4.069542934364012581e+02
1.012863702638984904e+02
3.875448417557626044e+02
4.932430581170766004e+01
3.028311640067377084e+02
7.694976351937008019e+01
3.972780598413125404e+02
9.460048684402072183e+01
4.254673523706072160e+02
1.057140206535904099e+02
4.710787624757110166e+02
1.093022627873109229e+02
4.351689618716045516e+02
9.103762061620862767e+01
4.345510363031672227e+02
8.557601335858046809e+01
4.009406489274313685e+02
9.120211881328177128e+01
4.119624733226653461e+02
8.389697425097163830e+01
4.249228833719050158e+02
8.362095562530083726e+01
4.478905267713726630e+02
9.261493350451783613e+01
4.598439140282456492e+02
6.716000613469090297e+01
3.325367782118950686e+02
6.846797826730515624e+01
4.366946325654333236e+02
8.279423532228356919e+01
4.057981315479059958e+02
5.881378164313689183e+01
2.082731929348967412e+02
2.122783567507793734e+01
1.049315968880800511e+02
1.097374373140738157e+01
8.759985315261192795e+01
7.937316253362626028e+00
1.366606056959371074e+02
2.175538740317456998e+01
7.868934864809376961e+01
1.288806645783395233e+01
1.855357134539322033e+02
1.982392481047647692e+01
1.683070315117588507e+02
2.354705991771031748e+01
2.135175468226420890e+02
3.241059673673125729e+01
1.888096505074532843e+02
2.280403558505777539e+01
1.755874679551581039e+02
2.061814614627765607e+01
1.202410589991778096e+02
1.554029381659822029e+01
2.585005693630128576e+02
4.112633003361875694e+01
3.614038745437443936e+02
4.380215253296456268e+01
2.944065858407995506e+02
3.421451201288949306e+01
2.537690758894171381e+02
2.736324001327511724e+01
2.490894472059676161e+02
2.086055282640307240e+01
1.968137454605750349e+02
1.766229829927550199e+01
2.391603449344577825e+02
2.884016225627982166e+01
2.615850775048841683e+02
3.365401612624505390e+01
3.028242635410957746e+02
3.321795121681836349e+01
3.306284655684466429e+02
3.402864463189342814e+01
2.978592672140092077e+02
2.704292485009746372e+01
2.764264209306709290e+02
2.562365488455142781e+01
2.653948023261390290e+02
2.283787012626904200e+01
2.683904947973305752e+02
2.269852523943845313e+01
1.373831512273302451e+02
8.300147188720217173e+00
1.631071967571861876e+02
1.085999734615111301e+01
2.209241950085860822e+02
1.635833288864678536e+01
1.950189566067171540e+02
6.132510594540904414e+00
5.805050110489077042e+01
5.154202643070584955e+00
6.768867084111683141e+01
7.173590523784758588e+00
2.388404749626119781e+02
1.555854666119903840e+01
2.187191623425416367e+02
1.308484102645734382e+01
2.267873648474321726e+02
1.445180101052543975e+01
1.052147385750585045e+02
3.389686799770180503e+00
4.281137922420586506e+01
1.670135280974210268e+00
7.147747166978039957e+01
4.489531984802010989e+00
1.171278360164101429e+02
4.956982883115478522e+00
1.006481884898676924e+02
5.205844837550937854e+00
1.357871403030885347e+02
4.531379969984357992e+00
6.035792777723236213e+01
3.064919723275250085e+00
6.192166232992386199e+01
2.654453315422856452e+00
1.593845068412840362e+02
2.094402620110151769e+00
7.380337378238873214e+01
4.603946157055872845e+00
3.159010911235817431e+01
9.885473521000097685e-01
7.202438922080717987e+01
2.741710816441377929e+00
1.103791806187588662e+02
1.737581767730871585e+00
3.279902617366315809e+01
8.997316814204484592e-01
9.216306430281476025e+01
1.463343907386974507e+00
1.050553600783001968e+02
1.493394322278546626e+00
4.502375754722375234e+01
9.502608975714772477e-01
9.966565122074594285e+01
1.907867452116488449e+00
2.768912006809935633e+01
2.557624200771774214e-01
6.303597623323683052e+01
3.470266430812362635e-01
3.057151134536654524e+01
3.779674406362730221e-01
7.190240679591393302e+01
6.185933554347735619e-01
4.955424713454469554e+01
3.719573576579550123e-01
7.647585734674656521e+01
4.567663063519694644e-01
6.598002650994817486e+01
1.983327382843734499e-01
3.823792867337326129e+01
1.983327382843762809e-01
5.784348713563765187e+01
1.489165004626623601e-01
7.648387079071761718e+01
2.047880125944055441e-01
5.067701967316049405e+01
8.302818336703801649e-02
3.219534672784118357e+01
4.719028116300068298e-02
3.488497015847053717e+01
2.826964956459540948e-02
1.723825355580542862e+01
1.246535728828069255e-02
1.594519533280402968e+01
2.225956658551634954e-03
1.384789896903760642e+01
1.558169660960576075e-03
2.292824396660963870e+01
-8.623357172365546432e-14
2.708722138760431619e+01
-8.623357172365546432e-14
4.867276829772463564e+00
-8.623357172365546432e-14
1.674743011257628567e+01
-8.623357172365546432e-14
3.678482416661596233e+01
-8.623357172365546432e-14
1.180825488272985524e+01
-8.623357172365546432e-14
1.874633919203101229e+01
-8.623357172365546432e-14
2.027712958617469141e+01
-8.623357172365546432e-14
1.877794777658364112e+01
-8.623357172365546432e-14
2.115304353134777671e+01
-8.623357172365546432e-14
2.229295593623504601e+01
-8.623357172365546432e-14
9.173389985902941746e+00
-8.623357172365546432e-14
8.652070936450501293e+00
-8.623357172365546432e-14
4.731493473595692834e+00
-8.623357172365546432e-14
1.255061142838481203e+01
-8.623357172365546432e-14
5.718037464702978134e+00
-8.623357172365546432e-14
8.903604038876311577e+00
-8.623357172365546432e-14
4.216407102787425032e+00
-8.623357172365546432e-14
4.119132796805055285e+00
-8.623357172365546432e-14
6.752884715302644558e+00
-8.623357172365546432e-14
2.101080490086058905e+00
-8.623357172365546432e-14
4.238666669373778895e+00
-8.623357172365546432e-14
3.690858735683570035e+00
-8.623357172365546432e-14
1.884272311534959332e+00
-8.623357172365546432e-14
1.681932851264986262e+00
-8.623357172365546432e-14
1.015926619001221942e+00
-8.623357172365546432e-14
1.226947310239869804e+00
-8.623357172365546432e-14
1.161281588810110232e+00
-8.623357172365546432e-14
2.221504745317654794e-01
-8.623357172365546432e-14
5.778583485817313514e-01
-8.623357172365546432e-14
1.059555369509790762e-01
-8.623357172365546432e-14
8.458635302808034662e-02
-8.623357172365546432e-14
5.921044711963067281e-02
-8.623357172365546432e-14
-8.623357172365546432e-14
-8.623357172365546432e-14
-8.623357172365546432e-14
-8.623357172365546432e-14
-8.623357172365546432e-14
-8.623357172365546432e-14
-8.623357172365546432e-14
-8.623357172365546432e-14
-8.623357172365546432e-14
-8.623357172365546432e-14
-8.623357172365546432e-14
-8.623357172365546432e-14
-8.623357172365546432e-14
-8.623357172365546432e-14
-8.623357172365546432e-14
-8.623357172365546432e-14
-8.623357172365546432e-14
-8.623357172365546432e-14
-8.623357172365546432e-14
-8.623357172365546432e-14
-8.623357172365546432e-14
-8.623357172365546432e-14
-8.623357172365546432e-14
-8.623357172365546432e-14
-8.623357172365546432e-14
-8.623357172365546432e-14
-8.623357172365546432e-14
-8.623357172365546432e-14
-8.623357172365546432e-14
-8.623357172365546432e-14
-8.623357172365546432e-14
-8.623357172365546432e-14
-8.623357172365546432e-14
-8.623357172365546432e-14
-8.623357172365546432e-14
-8.623357172365546432e-14
-8.623357172365546432e-14
-8.623357172365546432e-14
-8.623357172365546432e-14
-8.623357172365546432e-14
-8.623357172365546432e-14
-8.623357172365546432e-14
-8.623357172365546432e-14
-8.623357172365546432e-14
-8.623357172365546432e-14
-8.623357172365546432e-14
-8.623357172365546432e-14
-8.623357172365546432e-14
-8.623357172365546432e-14
-8.623357172365546432e-14
-8.623357172365546432e-14
-8.623357172365546432e-14
-8.623357172365546432e-14
-8.623357172365546432e-14
-8.623357172365546432e-14
-8.623357172365546432e-14
-8.623357172365546432e-14
-8.623357172365546432e-14
-8.623357172365546432e-14
-8.623357172365546432e-14
-8.623357172365546432e-14
-8.623357172365546432e-14
-8.623357172365546432e-14
-8.623357172365546432e-14
-8.623357172365546432e-14
-8.623357172365546432e-14
-8.623357172365546432e-14
-8.623357172365546432e-14
-8.623357172365546432e-14
-8.623357172365546432e-14
-8.623357172365546432e-14
-8.623357172365546432e-14
-8.623357172365546432e-14
-8.623357172365546432e-14
-8.623357172365546432e-14
-8.623357172365546432e-14
-8.623357172365546432e-14
-8.623357172365546432e-14
-8.623357172365546432e-14
-8.623357172365546432e-14
-8.623357172365546432e-14
-8.623357172365546432e-14
-8.623357172365546432e-14
-8.623357172365546432e-14
-8.623357172365546432e-14
-8.623357172365546432e-14
-8.623357172365546432e-14
-8.623357172365546432e-14
-8.623357172365546432e-14
-8.623357172365546432e-14
-8.623357172365546432e-14
-8.623357172365546432e-14
-8.623357172365546432e-14
-8.623357172365546432e-14
-8.623357172365546432e-14
-8.623357172365546432e-14
-8.623357172365546432e-14
-8.623357172365546432e-14
-8.623357172365546432e-14
-8.623357172365546432e-14
-8.623357172365546432e-14
-8.623357172365546432e-14
-8.623357172365546432e-14
-8.623357172365546432e-14
-8.623357172365546432e-14
-8.623357172365546432e-14
-8.623357172365546432e-14
-8.623357172365546432e-14
-8.623357172365546432e-14
-8.623357172365546432e-14
-8.623357172365546432e-14
-8.623357172365546432e-14
-8.623357172365546432e-14
-8.623357172365546432e-14
-8.623357172365546432e-14
-8.623357172365546432e-14
-8.623357172365546432e-14
-8.623357172365546432e-14
-8.623357172365546432e-14
-8.623357172365546432e-14
-8.623357172365546432e-14
-8.623357172365546432e-14
-8.623357172365546432e-14
-8.623357172365546432e-14
-8.623357172365546432e-14
-8.623357172365546432e-14
-8.623357172365546432e-14
-8.623357172365546432e-14
-8.623357172365546432e-14
-8.623357172365546432e-14
-8.623357172365546432e-14
-8.623357172365546432e-14
-8.623357172365546432e-14
-8.623357172365546432e-14
-8.623357172365546432e-14
-8.623357172365546432e-14
-8.623357172365546432e-14
-8.623357172365546432e-14
-8.623357172365546432e-14
-8.623357172365546432e-14
-8.623357172365546432e-14
-8.623357172365546432e-14
-8.623357172365546432e-14
-8.623357172365546432e-14
-8.623357172365546432e-14
-8.623357172365546432e-14
-8.623357172365546432e-14
-8.623357172365546432e-14
-8.623357172365546432e-14
-8.623357172365546432e-14
4.162538951640903234e-02
-8.623357172365546432e-14
7.768588738630653745e-02
-8.623357172365546432e-14
1.952163989622671958e-01
-8.623357172365546432e-14
2.286057488418114236e-01
-8.623357172365546432e-14
3.988914332274335894e-01
-8.623357172365546432e-14
3.225411198362351239e-01
-8.623357172365546432e-14
4.683412809768703333e-01
-8.623357172365546432e-14
1.224498757915374325e+00
-8.623357172365546432e-14
9.789757384678716701e-01
-8.623357172365546432e-14
1.583322971287425718e+00
-8.623357172365546432e-14
2.204142283380885914e+00
-8.623357172365546432e-14
3.768322027404086505e+00
-8.623357172365546432e-14
3.934600989804164506e+00
-8.623357172365546432e-14
5.206735220214383730e+00
-8.623357172365546432e-14
8.453960793831935661e+00
-8.623357172365546432e-14
1.123729699978983376e+01
-8.623357172365546432e-14
1.130852761286616648e+01
-8.623357172365546432e-14
1.303386661897459398e+01
-8.623357172365546432e-14
1.084040892755510832e+01
-8.623357172365546432e-14
1.438791605442260568e+01
-8.623357172365546432e-14
4.792262090376439687e+00
-8.623357172365546432e-14
4.404055249110411907e+00
-8.623357172365546432e-14
1.331522754062612357e+01
-8.623357172365546432e-14
2.320270442261940147e+01
-8.623357172365546432e-14
1.167736863120208746e+01
-8.623357172365546432e-14
2.247771033890180092e+01
-8.623357172365546432e-14
3.294193259114754824e+01
-8.623357172365546432e-14
3.155916831480313434e+01
-8.623357172365546432e-14
2.788500425405927885e+01
-8.623357172365546432e-14
2.995403096826103706e+01
-8.623357172365546432e-14
9.119076643432240559e+00
-8.623357172365546432e-14
7.155337679183952915e+00
-8.623357172365546432e-14
2.087034703570107297e+01
-8.623357172365546432e-14
2.985898261893730776e+01
1.558169660960576075e-03
1.467528705905244379e+01
3.116339322005875611e-03
1.904038806663678329e+01
6.010082978234822064e-03
3.291477591991219498e+01
2.982781922563767368e-02
4.573895742164335587e+01
5.609410779754461090e-02
4.956292836551338610e+01
5.498112946822264480e-02
4.848801389505829462e+01
5.542632079995202243e-02
3.016928097715108947e+01
2.804705389873674362e-02
8.120779601167406270e+01
2.399581278008518781e-01
6.779284561274099019e+01
2.920455136129320173e-01
6.077440426806308693e+01
9.326758399676551847e-02
3.522821267523211475e+01
1.431290131502059859e-01
7.547595761568746298e+01
3.652794876820489867e-01
1.025714150429287912e+02
7.777492565272166036e-01
1.133639659023232582e+02
8.331755773272411236e-01
8.065954288665207628e+01
4.251577217993491864e-01
8.404767151676125536e+01
4.552081366909304094e-01
9.956325721444865451e+01
1.117875433966728504e+00
4.485747858482368144e+01
4.710124289672374398e-01
2.943293451447446074e+01
4.868167212435460245e-01
3.786330016772490126e+01
9.228816306702526395e-01
7.897360331340149742e+01
1.695956378214389604e+00
1.135801062938767672e+02
2.015381158728589472e+00
1.552829591020821738e+02
2.677825860338529207e+00
1.491119394573467787e+02
2.649111019442134118e+00
1.460619336436843980e+02
1.611147429520372043e+00
6.891472776869331085e+01
3.200925675117881397e+00
6.353370014210769767e+01
1.016371810332946435e+00
1.128591189321447104e+02
5.088091730309103333e+00
8.512815087886295373e+01
1.171298393773986701e+00
7.151063842399410930e+01
7.836703012392294276e+00
7.963894175866768421e+01
1.806809019814435757e+00
1.308797962534605972e+02
5.517923961091638851e+00
1.018170383313171072e+02
4.708788715677608927e+00
2.213339936294409256e+02
1.009805238190015508e+01
2.462671567584836794e+02
1.170385751543984831e+01
2.799478843646323867e+02
1.384188888605930323e+01
2.863370477619139933e+02
1.550222995773556178e+01
2.136112595979706441e+02
5.913476459331174162e+00
1.995614663599947960e+02
4.228204673078191256e+00
2.532831495508369812e+02
6.822334563052077527e+00
1.228834921486440521e+02
4.830103353573243830e+00
1.161063445057622374e+02
1.194670938689698403e+01
2.465494080627985625e+02
1.696735463044948844e+01
2.894533870840039071e+02
1.790804391438886256e+01
2.838352950732734143e+02
1.817204237410304302e+01
2.167004422488251123e+02
1.289251837115123145e+01
1.273863798733979138e+02
2.319446838298205193e+00
2.120944927307764942e+02
1.161771299275064706e+01
2.831381254477887524e+02
1.808767861674075306e+01
3.593361834035376887e+02
3.437878761429679031e+01
3.645789791216219555e+02
1.350688240893464531e+01
1.807590330601661890e+02
1.822657831223960656e+01
3.911010301135987675e+02
3.375752311087160962e+01
2.960279726709497936e+02
1.393604685271958132e+01
2.682885459823651786e+02
1.937072003477828730e+01
1.594568504326897198e+02
1.429932297940890074e+01
2.524742369010890002e+02
2.816347143205459957e+01
1.090418258582505615e+02
6.809869205763707356e+00
3.116406100789535571e+02
3.521240838295580744e+01
4.046991767455376134e+02
4.383131256519270380e+01
4.326425010640533060e+02
4.945140793691572867e+01
2.633373505865621951e+02
2.408551883343425359e+01
4.014294690096677982e+02
4.842234817362853505e+01
4.259713089581223358e+02
4.676890756759403445e+01
3.976520205599633186e+02
5.535175125196099799e+01
4.091250463699026909e+02
3.992431343795557552e+01
4.466840582623922842e+02
6.403587596429589723e+01
4.141450238264575887e+02
4.415786040701452464e+01
3.969354851115486440e+02
4.397800310899676646e+01
3.531132989686561814e+02
4.345067397656603703e+01
4.347718512037039318e+02
8.167747286664609874e+01
5.102084093865336172e+02
9.320881874104173903e+01
5.266522190108719315e+02
9.684046702960569064e+01
4.692198660700843789e+02
9.608408695700133251e+01
5.415031340502908961e+02
1.102331578619523498e+02
5.283212413135170209e+02
7.637324074478347313e+01
3.799505454234957256e+02
4.904828718603681637e+01
2.065240361925410184e+02
2.183618962988302314e+01
3.392162063574628519e+02
3.345212185730682108e+01
1.515816383701029793e+02
2.452848420850274280e+01
2.698827761412800328e+02
5.616689658035336663e+01
2.256138404969995008e+02
2.780620538834359579e+01
2.925060640456565011e+02
5.968524367499269800e+01
2.854620241994043113e+02
4.692739568168889264e+01
4.251942274885927873e+02
8.727352790645588243e+01
3.589081319380821355e+02
9.843291642319356072e+01
5.371959079158309578e+02
1.362047297722485553e+02
4.770291898155754780e+02
7.690168285554354100e+01
4.980119476625376933e+02
1.102939264787331126e+02
5.569957923943944706e+02
1.352829611199075543e+02
5.054900490572235299e+02
7.958640918152387655e+01
3.897868253023403327e+02
7.670691164791294625e+01
4.770683666527673950e+02
1.292577416363128577e+02
5.701870341491346608e+02
1.350706048546737463e+02
5.218617376858226180e+02
9.808744794977332049e+01
4.176854078920174516e+02
9.475051632281278557e+01
4.522734354322258810e+02
1.164150846943150555e+02
3.977626506058974769e+02
4.418590746091332733e+01
3.985550911763716613e+02
7.671069577423260455e+01
4.719455499985835445e+02
1.165130267872949901e+02
5.216244507060119986e+02
1.495773869946674779e+02
5.668242814249338153e+02
1.743591850709230755e+02
5.681629717594372551e+02
1.796498388571680778e+02
5.972012441583356122e+02
1.800518466297176303e+02
5.936317000605477006e+02
1.068902161520134797e+02
2.621687233407784561e+02
8.652115455583714265e+01
4.494302209921508506e+02
1.309779609421064208e+02
5.275007536891438349e+02
1.501930866064461725e+02
5.533681508278160663e+02
1.812945982322338807e+02
5.876200589125706983e+02
1.197304245416868156e+02
2.102950293679355411e+02
6.033299706265567153e+01
4.628282541204781069e+02
1.200402777085688797e+02
3.316047701589241683e+02
9.080612112371053968e+01
5.580388756846310798e+02
1.821095209649602964e+02
5.724666363632429693e+02
1.541109929213105829e+02
5.508953355757375903e+02
1.399494566590711315e+02
5.454844801299265100e+02
1.100557491162591219e+02
2.931360097800504718e+02
6.906119571683153424e+01
3.605940715113325723e+02
