1.562194190683702004e+02
6.038726588599322440e+02
1.779612281359271151e+02
5.710607221376488951e+02
1.033611844654126912e+02
4.303824872685404443e+02
1.150930890347513866e+02
5.457671766255730290e+02
1.456908666686898641e+02
5.460469793775635026e+02
1.527647343341678265e+02
5.332368214027818567e+02
1.496935819322483212e+02
5.555061821984353401e+02
1.537975782237746500e+02
5.348228155220598410e+02
1.019096381283164305e+02
1.207750660015844772e+02
1.535887834891943093e+01
1.213449109061952100e+02
2.168660534242273030e+01
2.191220604977546884e+02
6.203028901486526081e+01
4.150792578360868674e+02
9.937894800311363497e+01
4.458869431829346581e+02
1.159309391210617690e+02
2.069899289211933251e+02
3.635988904048244308e+01
2.742196074992996273e+02
5.084663757054850208e+01
3.523469020910881113e+02
8.003293608724615638e+01
3.058764953114168179e+02
2.385758087158998109e+01
2.723259861697982842e+02
5.605982806507297767e+01
3.594750830990366239e+02
7.974801363494083262e+01
4.170251891470661576e+02
1.058698376196949056e+02
5.087439525008172154e+02
1.215957762216233959e+02
5.160092524389380060e+02
1.141586324294561905e+02
4.886671590139197860e+02
9.927232467916502401e+01
4.618978042371685433e+02
8.716245266919001722e+01
2.022161422710835552e+02
1.649010952283802922e+01
1.140954152603509044e+02
1.155560880197471363e+01
8.764882419910186684e+01
1.873187047374988268e+01
2.491250625125057638e+02
3.347549440222248052e+01
1.831684085474732910e+02
4.541129660149220371e+01
3.140495403749291086e+02
5.809791398171967813e+01
2.832086882738674944e+02
4.081736724940014227e+01
2.701323058827130126e+02
4.071719919976155921e+01
3.745655110749248138e+02
6.858016648290039541e+01
4.455185473559303659e+02
7.392513361161607577e+01
4.042039013889912553e+02
6.442964769720852303e+01
4.461242301627452207e+02
7.313380601947116588e+01
4.184823003758087907e+02
6.389029839882113748e+01
4.056207228022127538e+02
4.920299117381200915e+01
2.866155149399093602e+02
3.346926172357831319e+01
3.610490570523578526e+02
5.198654997543577849e+01
3.834105724536788671e+02
4.011975243258375201e+01
3.046869440730420706e+02
4.510634053925912923e+01
3.733167493894300151e+02
4.505536613177637406e+01
3.672688251479173118e+02
4.368395423439101677e+01
2.842223889362102227e+02
2.279067984510595934e+01
2.960954191577064307e+02
3.861901245333166344e+01
1.407474621211920294e+02
2.127836489122896069e+01
1.935609549953109081e+02
1.185989707721020103e+01
8.061546894481111281e+01
9.011562936820142866e+00
3.373878055580593696e+02
2.560495684861889387e+01
9.901277813276810491e+01
4.776012606768403224e+00
4.473304760760593268e+01
3.076717293566021194e+00
5.369118758461888774e+01
3.919019293193718223e+00
1.141670910647589778e+02
8.969269760306069372e+00
1.491649172258223643e+02
1.526627855192020178e+01
7.609477356678812043e+01
4.328372722716789411e+00
1.061318327184163763e+02
7.822234294111155783e+00
1.416251568316920668e+02
1.023583909906969502e+01
9.683067282030765455e+01
5.645471277631449070e+00
6.818172024100461215e+01
2.588564998327238076e+00
1.910981565481965561e+02
1.173724686531937955e+01
1.586205585160402904e+02
1.059733446043211202e+01
6.031630238771588637e+01
3.319569165023156465e+00
8.996515469807803811e+01
3.190686274488163221e+00
9.917304701218984064e+01
4.829658162241526220e+00
1.831668503778122101e+02
1.059978301275660328e+01
4.651559369984128978e+01
2.927800793103306098e+00
5.456175923381123738e+01
3.510333650668224781e+00
4.623467796952149200e+01
3.390799778099496287e+00
1.076477092029472118e+02
3.522799007956587847e+00
1.068775281990592418e+02
3.158632498603811456e+00
7.630423608836576932e+01
2.451891259487013919e+00
1.272000673010701632e+02
5.314471522492346445e+00
1.678377998481184932e+02
3.478502470449737149e+00
2.001268593512878269e+01
6.784715895520744278e-01
1.090912420960723068e+02
3.963315830700566700e+00
1.060561501920227130e+02
1.250097259489679757e+00
5.703101295523563863e+01
5.702900959423889971e-01
5.520550589948865650e+01
9.235494176678458178e-01
2.475775774434218945e+01
4.376230790877010945e-01
2.267982720350590498e+01
2.366191928129043331e-01
5.734509543976913903e+01
6.072409764757376038e-01
6.284031464294275082e+01
9.863213954413656559e-01
9.527339354192622523e+01
9.195426956823012921e-01
8.392457611353871982e+01
8.774721148340929311e-01
9.868355914295595710e+01
4.692316636403306984e-01
8.025241541378765930e+01
3.414617514346461880e-01
6.203051161053114271e+01
2.346158318201400361e-01
5.391578661147521245e+01
1.771861500273348156e-01
4.665649675633292759e+01
1.660563667341545258e-01
7.419113543232303698e+01
2.341706404883939219e-01
7.047823972571895013e+01
9.215460566744515525e-02
6.250575335714979985e+01
9.593873198712074557e-02
6.307114634844324996e+01
8.681230968671363457e-02
6.318912205135092108e+01
3.138598888668146791e-02
4.795267131865642085e+01
7.568252639280128972e-03
1.044930834263285391e+01
8.903826633695171959e-04
2.495163856930936319e+01
-8.623357172365546432e-14
3.356853939055345393e+01
-8.623357172365546432e-14
1.257665512129084462e+01
-8.623357172365546432e-14
6.396286458589221624e+00
-8.623357172365546432e-14
1.244888520908516938e+01
-8.623357172365546432e-14
4.444790255963429360e+00
-8.623357172365546432e-14
1.355474047709530971e+01
-8.623357172365546432e-14
1.361862543319815622e+01
-8.623357172365546432e-14
8.525414002574136063e+00
-8.623357172365546432e-14
1.907266443818698676e+01
-8.623357172365546432e-14
1.110195883494478863e+01
-8.623357172365546432e-14
4.592148586765108398e+00
-8.623357172365546432e-14
9.103272351155926145e+00
-8.623357172365546432e-14
6.452603162052707120e+00
-8.623357172365546432e-14
3.703546688637794571e+00
-8.623357172365546432e-14
4.555420301897616042e+00
-8.623357172365546432e-14
3.867154503047504299e+00
-8.623357172365546432e-14
3.072710571580473449e+00
-8.623357172365546432e-14
6.831683581018338280e+00
-8.623357172365546432e-14
7.094569062403206949e+00
-8.623357172365546432e-14
1.102961524353874623e+00
-8.623357172365546432e-14
2.859241328017324335e+00
-8.623357172365546432e-14
1.369408536392549225e+00
-8.623357172365546432e-14
3.661476107789586543e+00
-8.623357172365546432e-14
4.510901168724902988e+00
-8.623357172365546432e-14
3.463811156502742072e+00
-8.623357172365546432e-14
6.562120229657161241e-01
-8.623357172365546432e-14
6.295005430620832509e-01
-8.623357172365546432e-14
2.993911705864218398e-01
-8.623357172365546432e-14
1.918774639743303645e-01
-8.623357172365546432e-14
2.749056473414210333e-01
-8.623357172365546432e-14
2.682277773655149522e-01
-8.623357172365546432e-14
2.136918392282921575e-02
-8.623357172365546432e-14
-8.623357172365546432e-14
-8.623357172365546432e-14
-8.623357172365546432e-14
-8.623357172365546432e-14
-8.623357172365546432e-14
-8.623357172365546432e-14
-8.623357172365546432e-14
-8.623357172365546432e-14
-8.623357172365546432e-14
-8.623357172365546432e-14
-8.623357172365546432e-14
-8.623357172365546432e-14
-8.623357172365546432e-14
-8.623357172365546432e-14
-8.623357172365546432e-14
-8.623357172365546432e-14
-8.623357172365546432e-14
-8.623357172365546432e-14
-8.623357172365546432e-14
-8.623357172365546432e-14
-8.623357172365546432e-14
-8.623357172365546432e-14
-8.623357172365546432e-14
-8.623357172365546432e-14
-8.623357172365546432e-14
-8.623357172365546432e-14
-8.623357172365546432e-14
-8.623357172365546432e-14
-8.623357172365546432e-14
-8.623357172365546432e-14
-8.623357172365546432e-14
-8.623357172365546432e-14
-8.623357172365546432e-14
-8.623357172365546432e-14
-8.623357172365546432e-14
-8.623357172365546432e-14
-8.623357172365546432e-14
-8.623357172365546432e-14
-8.623357172365546432e-14
-8.623357172365546432e-14
-8.623357172365546432e-14
-8.623357172365546432e-14
-8.623357172365546432e-14
-8.623357172365546432e-14
-8.623357172365546432e-14
-8.623357172365546432e-14
-8.623357172365546432e-14
-8.623357172365546432e-14
-8.623357172365546432e-14
-8.623357172365546432e-14
-8.623357172365546432e-14
-8.623357172365546432e-14
-8.623357172365546432e-14
-8.623357172365546432e-14
-8.623357172365546432e-14
-8.623357172365546432e-14
-8.623357172365546432e-14
-8.623357172365546432e-14
-8.623357172365546432e-14
-8.623357172365546432e-14
-8.623357172365546432e-14
-8.623357172365546432e-14
-8.623357172365546432e-14
-8.623357172365546432e-14
-8.623357172365546432e-14
-8.623357172365546432e-14
-8.623357172365546432e-14
-8.623357172365546432e-14
-8.623357172365546432e-14
-8.623357172365546432e-14
-8.623357172365546432e-14
-8.623357172365546432e-14
-8.623357172365546432e-14
-8.623357172365546432e-14
-8.623357172365546432e-14
-8.623357172365546432e-14
-8.623357172365546432e-14
-8.623357172365546432e-14
-8.623357172365546432e-14
-8.623357172365546432e-14
-8.623357172365546432e-14
-8.623357172365546432e-14
-8.623357172365546432e-14
-8.623357172365546432e-14
-8.623357172365546432e-14
-8.623357172365546432e-14
-8.623357172365546432e-14
-8.623357172365546432e-14
-8.623357172365546432e-14
-8.623357172365546432e-14
-8.623357172365546432e-14
-8.623357172365546432e-14
-8.623357172365546432e-14
-8.623357172365546432e-14
-8.623357172365546432e-14
-8.623357172365546432e-14
-8.623357172365546432e-14
-8.623357172365546432e-14
-8.623357172365546432e-14
-8.623357172365546432e-14
-8.623357172365546432e-14
-8.623357172365546432e-14
-8.623357172365546432e-14
-8.623357172365546432e-14
-8.623357172365546432e-14
-8.623357172365546432e-14
-8.623357172365546432e-14
-8.623357172365546432e-14
-8.623357172365546432e-14
-8.623357172365546432e-14
-8.623357172365546432e-14
-8.623357172365546432e-14
-8.623357172365546432e-14
-8.623357172365546432e-14
-8.623357172365546432e-14
-8.623357172365546432e-14
-8.623357172365546432e-14
-8.623357172365546432e-14
-8.623357172365546432e-14
-8.623357172365546432e-14
-8.623357172365546432e-14
-8.623357172365546432e-14
-8.623357172365546432e-14
-8.623357172365546432e-14
-8.623357172365546432e-14
-8.623357172365546432e-14
-8.623357172365546432e-14
-8.623357172365546432e-14
-8.623357172365546432e-14
-8.623357172365546432e-14
-8.623357172365546432e-14
-8.623357172365546432e-14
-8.623357172365546432e-14
-8.623357172365546432e-14
-8.623357172365546432e-14
-8.623357172365546432e-14
-8.623357172365546432e-14
-8.623357172365546432e-14
-8.623357172365546432e-14
-8.623357172365546432e-14
-8.623357172365546432e-14
-8.623357172365546432e-14
-8.623357172365546432e-14
-8.623357172365546432e-14
-8.623357172365546432e-14
-8.623357172365546432e-14
-8.623357172365546432e-14
-8.623357172365546432e-14
-8.623357172365546432e-14
-8.623357172365546432e-14
-8.623357172365546432e-14
-8.623357172365546432e-14
2.773541996659205644e-01
-8.623357172365546432e-14
3.105209538795903890e-01
-8.623357172365546432e-14
2.453004237815709920e-01
-8.623357172365546432e-14
4.082404511937055003e-01
-8.623357172365546432e-14
1.202461786994868609e+00
-8.623357172365546432e-14
1.527228863489810351e+00
-8.623357172365546432e-14
4.365101007583820358e-01
-8.623357172365546432e-14
7.842045308372639356e-01
-8.623357172365546432e-14
1.191109408035840866e+00
-8.623357172365546432e-14
7.957795054621660258e-01
-8.623357172365546432e-14
2.852563458041424749e+00
-8.623357172365546432e-14
9.796435254654737301e-01
-8.623357172365546432e-14
2.690736408958619652e+00
-8.623357172365546432e-14
4.268939679931220255e+00
-8.623357172365546432e-14
2.332134791252424399e+00
-8.623357172365546432e-14
7.015325005355774302e+00
-8.623357172365546432e-14
3.265033226886596474e+00
-8.623357172365546432e-14
1.029794328984563023e+01
-8.623357172365546432e-14
9.617245743634876831e+00
-8.623357172365546432e-14
1.422720198366911859e+01
-8.623357172365546432e-14
1.029037503720626390e+01
-8.623357172365546432e-14
1.931774226630276559e+01
-8.623357172365546432e-14
1.600818990624341254e+01
-8.623357172365546432e-14
1.129984638189748836e+01
-8.623357172365546432e-14
5.296663869223259269e+00
-8.623357172365546432e-14
2.873621008032152702e+01
-8.623357172365546432e-14
1.033867829669866012e+01
-8.623357172365546432e-14
2.218611001662053894e+01
-8.623357172365546432e-14
4.169817829922223495e+01
-8.623357172365546432e-14
4.015870667410986528e+01
-8.623357172365546432e-14
1.000367181957400753e+01
-8.623357172365546432e-14
1.955324848078640443e+01
-8.623357172365546432e-14
2.111809601180720009e+01
-8.623357172365546432e-14
3.883381727089000179e+01
4.451913317186506278e-03
4.138498619735220529e+01
2.225956658627436732e-02
6.282139401134432433e+01
4.808066382644737846e-02
7.142560687963423049e+01
9.593873198711773409e-02
7.859251953344306685e+01
1.202016595662469128e-01
7.474717940565020058e+01
9.972285830680394092e-02
6.105086808506562335e+01
7.390176106663243205e-02
3.109772749946798598e+01
1.153045549172553863e-01
9.057462163121243748e+01
3.002815532498772644e-01
2.112143494679515854e+01
1.141915765879470412e-01
7.342718710707930541e+01
3.441328994250041906e-01
3.956281807659315319e+01
2.486393587695402696e-01
3.704904522199601757e+01
1.368963345060248138e-01
5.349196446367099611e+01
2.225956658635072638e-01
7.617691136749181169e+01
7.728521518782139887e-01
1.032656909247572230e+02
5.620540563054330363e-01
8.515597533709592426e+01
1.296842349321031262e+00
1.360631589287593783e+02
1.061558730503249892e+00
4.365523939349461813e+01
4.819196165945498489e-01
7.601820065773110002e+01
1.153045549173169482e+00
1.494776641363606302e+02
2.255561882195364465e+00
1.340642498493045878e+02
1.420382943875304615e+00
7.318567080961733495e+01
8.431923822911067123e-01
5.148927125789659698e+01
1.622499808479409555e+00
1.235586248032082466e+02
3.643445858854637009e+00
1.321523756752025918e+02
4.965886709750017225e+00
8.029003408131858066e+01
2.076149775509338991e+00
1.884603979077133999e+02
1.904751112794395018e+00
1.366407946816752599e+02
3.835768514160750264e+00
1.072839878849261055e+02
4.784471242071218100e+00
2.230348471123043623e+02
8.673885311705129553e+00
1.726572186097302790e+02
1.702189056858569582e+00
1.326138164905377153e+02
3.316452825701065699e+00
1.844730417450995219e+02
6.542309215395718525e+00
1.644385414347161145e+02
5.431111651404854079e+00
2.304081059483687852e+02
1.250631489087796488e+01
2.057727758202515815e+02
3.951295664743934566e+00
2.625115206662083551e+02
1.651593062007819768e+01
2.956317523857126162e+02
1.494551819741081289e+01
2.944762582842148504e+02
1.716279362507767914e+01
2.725781870592217615e+02
1.151598677345100796e+01
2.662241937771466382e+02
9.455418694552067294e+00
1.801731612676131817e+02
5.162216087041668011e+00
1.057946002846330487e+02
4.142727937386584181e+00
1.771293881325949826e+02
1.232556721019675372e+01
3.102516131239650576e+02
2.520673320238898540e+01
3.500365816750901331e+02
2.568308792733699519e+01
3.318384956080809047e+02
2.413181873193387617e+01
3.514629747019436650e+02
2.973566462004889388e+01
3.841987837065016720e+02
3.609589058076826973e+01
3.994439156701649267e+02
3.819251915753711302e+01
4.060327473797262314e+02
4.036750140868988268e+01
4.091366213445274980e+02
4.142460822587594294e+01
3.802310159624839230e+02
3.045309045112713520e+01
3.331642753939644308e+02
2.764905284824391885e+01
2.531173157797687736e+02
2.510879110940901882e+01
1.783262850279433565e+02
1.278010755989013703e+01
2.350674784262247101e+02
1.201905297830264807e+01
2.565541928607019599e+02
3.757192244110950696e+01
3.654913987559964994e+02
2.457812304199030606e+01
1.481950679096548242e+02
2.015225341762522859e+01
2.039710865007518237e+02
2.536165978583002811e+01
1.430925074610645424e+02
1.205155194551871922e+01
2.086531637365259257e+02
1.884873319832825445e+01
2.889627862364404791e+02
1.807276470712789518e+01
3.029883165468373249e+02
3.834789093230986623e+01
3.361239073672862219e+02
3.810993616550170771e+01
4.096626149029631279e+02
6.122404751310746462e+01
4.384649358960461996e+02
6.506738427990762830e+01
4.619901814385020771e+02
4.701064646072185838e+01
4.082393382154315873e+02
6.931384179758664743e+01
2.592473778219850828e+02
2.360782853449105900e+01
3.989174769203974620e+02
5.347415681040190805e+01
2.926988318922943222e+02
4.676267488894985291e+01
4.137701727251430839e+02
5.086800675447140208e+01
3.969426081728561826e+02
7.092320846178016325e+01
5.327480013205456544e+02
1.178270090028875359e+02
5.653277707633330920e+02
1.059706734563311130e+02
5.424064272623652414e+02
1.148484563979672970e+02
5.624180002191649237e+02
1.177068073433211879e+02
5.712027381724699353e+02
1.285950743390370690e+02
5.816484849844490554e+02
1.314336142701291408e+02
5.768542195330796858e+02
1.347039897929964809e+02
5.638512937116602188e+02
1.294144489850807531e+02
5.020776574995355190e+02
1.001121781264682369e+02
4.784858558529864467e+02
5.867132041698420153e+01
2.474382325565917142e+02
4.997895966501236842e+01
4.238168055082289811e+02
1.045193497149007698e+02
5.236289246771132184e+02
1.228440927157862603e+02
5.617214983806776445e+02
1.313821946713146360e+02
5.261667378636236663e+02
1.050551374826343221e+02
5.371464916780092835e+02
1.405691629928352882e+02
5.684852902836076964e+02
1.413782982382492719e+02
5.177639740729404139e+02
7.191598513153164163e+01
3.425742845726802557e+02
5.940877985799014738e+01
3.466328713483704860e+02
7.177152054438616346e+01
4.433186343902009980e+02
1.119371276841378915e+02
5.499546462917983263e+02
1.580484876547710087e+02
5.705716794597465196e+02
1.593188411198542553e+02
5.883824490681532779e+02
1.684087577310584152e+02
6.123778166569128416e+02
1.786232276462052937e+02
6.286920756037186493e+02
1.672047377744024459e+02
3.165334854103004432e+02
4.458145995915285908e+01
4.057469345447572664e+02
8.911105512815957752e+01
2.943507143286677774e+02
7.024251091556942583e+01
4.215274090848225228e+02
9.686005544820164914e+01
2.530736870292593039e+02
3.288338993102542673e+01
3.168097266316372043e+02
7.169227648733874503e+01
4.394025088406635859e+02
1.390779946272153609e+02
5.720201094575209027e+02
1.730369668156934324e+02
5.402016171919866565e+02
1.703836264785999219e+02
5.061471514628532304e+02
1.209978842631139173e+02
4.495626654133396300e+02
1.200807901197560454e+02
4.598902139267452753e+02
1.638508888768363079e+02
5.456175923381131270e+02
8.588987324744806529e+01
1.932976243225943449e+02
2.461574170952125229e+01
2.882720718852658592e+02
4.587852490413979467e+01
3.130908208420546543e+02
5.494017186577927703e+01
2.956742681578925271e+02
7.324755240472742912e+01
4.615979678752505038e+02
1.432939565386711251e+02
5.750603210618852472e+02
1.783541094861762701e+02
5.981161123450347077e+02
1.718015608701508086e+02
6.247730563105247938e+02
1.919222057032234545e+02
6.121135956015328929e+02
1.840489970016294592e+02
6.040867958904929083e+02
1.595850655362272050e+02
5.592054995694219315e+02
1.412202553154862130e+02
4.804656217051772273e+02
