1.263909320556561227e+02
4.589341655418612618e+02
1.304134583334763988e+02
5.629934100154218868e+02
1.780317909620058572e+02
6.104583742301714437e+02
1.724344003482009668e+02
5.551012806822296852e+02
1.404057777740914332e+02
5.386654845018623519e+02
1.494048753536232255e+02
5.444932616298360699e+02
1.623919968827665627e+02
2.972876415440717324e+02
5.333481192357132983e+01
4.754779206201721991e+02
1.308619886001914949e+02
5.262355199243756942e+02
1.328072521241731181e+02
5.602621611952762350e+02
1.705269780874160688e+02
5.690054963547308944e+02
1.603548013487833259e+02
5.561194332578891135e+02
1.490133295773692623e+02
5.602679486825885533e+02
1.707580323885823930e+02
5.809844821131780463e+02
1.702598632883798189e+02
5.498188629356216097e+02
1.255935943805328918e+02
4.555847685576122785e+02
9.932263129965016901e+01
3.364896320463000166e+02
9.641931602979181548e+01
5.368241731538390695e+02
1.500268076440461016e+02
5.543275381476880739e+02
1.543469443271259536e+02
5.684027072915720282e+02
1.213598248158080253e+02
4.489754580467916298e+02
7.633896101224048891e+01
2.026208211916234632e+02
4.598737418474708960e+01
2.104724381136286411e+02
3.871561897231645588e+01
3.094907811380434737e+02
8.136160961678575632e+01
4.024525186899766709e+02
8.007834560308234018e+01
3.477785712405701588e+02
7.836792050658678477e+01
3.159930231335836766e+02
4.552170405176053691e+01
2.696372531218324298e+02
6.468941683927130271e+01
3.691869320006636030e+02
9.312512277067703792e+01
4.274914147603045649e+02
9.555230591125327066e+01
4.776043770161668363e+02
1.007341104168909709e+02
4.563594014748173890e+02
7.598013679886841487e+01
4.184190832067038173e+02
8.799050854620242035e+01
4.052365226829321614e+02
6.207035623472070540e+01
2.956849527498541192e+02
3.043817654151427732e+01
8.628052864103855768e+01
1.675499836521565911e+01
7.476565484591685617e+01
1.554251977325686340e+01
2.502736561483618516e+02
3.465146730497964711e+01
2.635359059205123913e+02
5.272579018176863741e+01
3.197586740129975738e+02
5.137686044663552565e+01
3.059000904519983237e+02
4.091108002472869032e+01
3.563596341596101524e+02
6.235728204801883123e+01
3.988571534949484771e+02
5.955702857145530515e+01
3.708626321732842825e+02
5.590356590763674660e+01
4.026668783162032241e+02
5.911317281372337362e+01
4.154527733634059246e+02
5.456353999913814334e+01
2.785455316696919112e+02
4.465291316789508613e+01
3.918400477242657871e+02
6.108047330862545721e+01
3.785602128945119489e+02
4.708410303045683065e+01
3.412658672487342528e+02
3.834878131497330855e+01
1.686070904693429782e+02
2.460327635223288922e+01
2.132742497598533191e+02
3.506059813883686616e+01
3.196088671298713280e+02
3.561953585582025994e+01
3.245309024934462627e+02
4.253558319420093170e+01
3.660236249930766803e+02
4.271210155723071722e+01
2.771805750466166387e+02
2.135582818294948737e+01
3.564524565522752937e+02
3.153134385657019578e+01
9.653395279771152104e+01
1.348640360767520363e+01
2.729846467450885257e+02
3.598793168282443844e+01
3.380170835054555596e+02
3.483822506863918278e+01
3.026237048461527479e+02
2.733563815070803216e+01
3.168780635010571700e+02
2.608376012589139492e+01
2.807465576137507242e+02
2.423087380324315632e+01
3.000981344212648310e+02
2.772985507495240043e+01
2.892470409017482780e+02
2.189161595068306099e+01
2.554815043469055240e+02
1.976938887233992403e+01
2.415543613208204761e+02
1.836837175139470446e+01
2.685957280012568731e+02
2.109294270156462048e+01
2.423430177649749737e+02
1.376932269898778394e+01
2.382187652678549625e+02
1.500650940985741855e+01
2.314892530974679801e+02
8.581062919040027381e+00
1.515800802004419268e+02
4.786474603063993527e+00
3.444890524904381124e+01
1.467795820704237642e+00
3.541586082155509985e+01
2.566528027406751900e+00
1.007755132107415932e+02
6.010750765313550126e+00
7.348372640620864615e+01
3.545281170208799182e+00
1.692025338755279051e+02
2.277376257449988284e+00
3.895424152612218194e+01
2.618615413218825960e+00
1.410199192162089616e+02
4.773118863112181920e+00
7.313002189315145074e+01
3.355407067227191842e+00
9.774086649802377735e+01
3.816625286896482727e+00
1.253389449387849623e+02
4.277620910899901041e+00
1.238077093533095763e+02
4.074836259298207253e+00
1.151186875363256803e+02
5.130162311157318911e+00
9.839373958600155845e+01
3.970661487674056911e+00
1.339493904857190500e+02
3.543055213550168503e+00
1.505634857944431246e+02
3.014167911458364379e+00
1.215699551243832417e+02
1.429731961841573806e+00
1.293058223001393969e+02
2.595910655300741166e+00
1.370087453173477456e+02
2.121781887011370937e+00
9.858094254099282239e+01
1.637636313758128681e+00
8.491468163529980018e+01
1.366514792736320372e+00
5.224965805248649531e+01
4.975013132050011833e-01
2.975414006031556369e+01
5.351199807359444671e-01
4.815278482226774770e+01
4.912686345608169858e-01
7.811839076515373392e+01
5.411300637142606451e-01
3.048737018367011942e+01
2.181437525462314175e-01
3.652728098121183820e+01
4.560985193543696248e-01
8.781755171382646097e+01
4.601052413399175367e-01
1.759707776917748134e+01
3.160858455256580768e-02
2.873019999734320606e+01
6.900465641763484093e-02
2.066377825777968269e+01
4.518692017023203528e-02
4.327682676152655006e+01
6.878206075176714063e-02
4.486460164613131951e+01
3.494751954050295817e-02
2.066066191845759548e+01
1.246535728827917987e-02
1.791761552802099899e+01
1.335573995173190351e-02
2.432569955690103569e+01
8.013443971004972910e-03
4.324722153796672330e+01
-8.623357172365546432e-14
2.075214873712751285e+01
-8.623357172365546432e-14
2.046099360617797203e+01
-8.623357172365546432e-14
2.339658524758654679e+01
-8.623357172365546432e-14
3.547596165133827384e+01
-8.623357172365546432e-14
2.398089887047838786e+01
-8.623357172365546432e-14
2.817949831999677102e+01
-8.623357172365546432e-14
1.267459721427081298e+01
-8.623357172365546432e-14
1.635588433632229410e+01
-8.623357172365546432e-14
1.937183301310760442e+01
-8.623357172365546432e-14
9.755700247802000291e+00
-8.623357172365546432e-14
5.199612158906754544e+00
-8.623357172365546432e-14
1.946866212775824678e+01
-8.623357172365546432e-14
6.320381336529754535e+00
-8.623357172365546432e-14
4.784248646405353966e+00
-8.623357172365546432e-14
5.864728008507054113e+00
-8.623357172365546432e-14
4.961434796432743433e+00
-8.623357172365546432e-14
9.442730741597843647e+00
-8.623357172365546432e-14
8.991974518224150614e+00
-8.623357172365546432e-14
2.462130660116738756e+00
-8.623357172365546432e-14
5.393492983873905189e+00
-8.623357172365546432e-14
9.956704134076367341e-01
-8.623357172365546432e-14
2.816057768839797415e+00
-8.623357172365546432e-14
1.998909079454686211e+00
-8.623357172365546432e-14
1.005909814037365235e+00
-8.623357172365546432e-14
8.376274906445153601e-01
-8.623357172365546432e-14
7.606093902557211628e-01
-8.623357172365546432e-14
4.848133602507712081e-01
-8.623357172365546432e-14
3.973332635663914258e-01
-8.623357172365546432e-14
3.078498058892364941e-01
-8.623357172365546432e-14
3.470266430812212755e-01
-8.623357172365546432e-14
1.288828905349246323e-01
-8.623357172365546432e-14
1.740698107052286447e-01
-8.623357172365546432e-14
-8.623357172365546432e-14
-8.623357172365546432e-14
-8.623357172365546432e-14
-8.623357172365546432e-14
-8.623357172365546432e-14
-8.623357172365546432e-14
-8.623357172365546432e-14
-8.623357172365546432e-14
-8.623357172365546432e-14
-8.623357172365546432e-14
-8.623357172365546432e-14
-8.623357172365546432e-14
-8.623357172365546432e-14
-8.623357172365546432e-14
-8.623357172365546432e-14
-8.623357172365546432e-14
-8.623357172365546432e-14
-8.623357172365546432e-14
-8.623357172365546432e-14
-8.623357172365546432e-14
-8.623357172365546432e-14
-8.623357172365546432e-14
-8.623357172365546432e-14
-8.623357172365546432e-14
-8.623357172365546432e-14
-8.623357172365546432e-14
-8.623357172365546432e-14
-8.623357172365546432e-14
-8.623357172365546432e-14
-8.623357172365546432e-14
-8.623357172365546432e-14
-8.623357172365546432e-14
-8.623357172365546432e-14
-8.623357172365546432e-14
-8.623357172365546432e-14
-8.623357172365546432e-14
-8.623357172365546432e-14
-8.623357172365546432e-14
-8.623357172365546432e-14
-8.623357172365546432e-14
-8.623357172365546432e-14
-8.623357172365546432e-14
-8.623357172365546432e-14
-8.623357172365546432e-14
-8.623357172365546432e-14
-8.623357172365546432e-14
-8.623357172365546432e-14
-8.623357172365546432e-14
-8.623357172365546432e-14
-8.623357172365546432e-14
-8.623357172365546432e-14
-8.623357172365546432e-14
-8.623357172365546432e-14
-8.623357172365546432e-14
-8.623357172365546432e-14
-8.623357172365546432e-14
-8.623357172365546432e-14
-8.623357172365546432e-14
-8.623357172365546432e-14
-8.623357172365546432e-14
-8.623357172365546432e-14
-8.623357172365546432e-14
-8.623357172365546432e-14
-8.623357172365546432e-14
-8.623357172365546432e-14
-8.623357172365546432e-14
-8.623357172365546432e-14
-8.623357172365546432e-14
-8.623357172365546432e-14
-8.623357172365546432e-14
-8.623357172365546432e-14
-8.623357172365546432e-14
-8.623357172365546432e-14
-8.623357172365546432e-14
-8.623357172365546432e-14
-8.623357172365546432e-14
-8.623357172365546432e-14
-8.623357172365546432e-14
-8.623357172365546432e-14
-8.623357172365546432e-14
-8.623357172365546432e-14
-8.623357172365546432e-14
-8.623357172365546432e-14
-8.623357172365546432e-14
-8.623357172365546432e-14
-8.623357172365546432e-14
-8.623357172365546432e-14
-8.623357172365546432e-14
-8.623357172365546432e-14
-8.623357172365546432e-14
-8.623357172365546432e-14
-8.623357172365546432e-14
-8.623357172365546432e-14
-8.623357172365546432e-14
-8.623357172365546432e-14
-8.623357172365546432e-14
-8.623357172365546432e-14
-8.623357172365546432e-14
-8.623357172365546432e-14
-8.623357172365546432e-14
-8.623357172365546432e-14
-8.623357172365546432e-14
-8.623357172365546432e-14
-8.623357172365546432e-14
-8.623357172365546432e-14
-8.623357172365546432e-14
-8.623357172365546432e-14
-8.623357172365546432e-14
-8.623357172365546432e-14
-8.623357172365546432e-14
-8.623357172365546432e-14
-8.623357172365546432e-14
-8.623357172365546432e-14
-8.623357172365546432e-14
-8.623357172365546432e-14
-8.623357172365546432e-14
-8.623357172365546432e-14
-8.623357172365546432e-14
-8.623357172365546432e-14
-8.623357172365546432e-14
-8.623357172365546432e-14
-8.623357172365546432e-14
-8.623357172365546432e-14
-8.623357172365546432e-14
-8.623357172365546432e-14
-8.623357172365546432e-14
-8.623357172365546432e-14
-8.623357172365546432e-14
-8.623357172365546432e-14
-8.623357172365546432e-14
-8.623357172365546432e-14
-8.623357172365546432e-14
-8.623357172365546432e-14
-8.623357172365546432e-14
-8.623357172365546432e-14
-8.623357172365546432e-14
-8.623357172365546432e-14
-8.623357172365546432e-14
-8.623357172365546432e-14
-8.623357172365546432e-14
-8.623357172365546432e-14
-8.623357172365546432e-14
-8.623357172365546432e-14
-8.623357172365546432e-14
-8.623357172365546432e-14
-8.623357172365546432e-14
-8.623357172365546432e-14
-8.623357172365546432e-14
-8.623357172365546432e-14
-8.623357172365546432e-14
-8.623357172365546432e-14
-8.623357172365546432e-14
3.383454121118405211e-02
-8.623357172365546432e-14
1.591559010923712381e-01
-8.623357172365546432e-14
3.009493402474539003e-01
-8.623357172365546432e-14
3.550400870523171548e-01
-8.623357172365546432e-14
7.036248997946428219e-01
-8.623357172365546432e-14
1.275027974066402559e+00
-8.623357172365546432e-14
4.556533280226489624e-01
-8.623357172365546432e-14
4.863715299118241964e-01
-8.623357172365546432e-14
1.139244617889633382e+00
-8.623357172365546432e-14
2.662021568062211685e+00
-8.623357172365546432e-14
3.864038163725416197e+00
-8.623357172365546432e-14
2.892185486565131303e+00
-8.623357172365546432e-14
2.773541996659852682e+00
-8.623357172365546432e-14
2.162962085196124651e+00
-8.623357172365546432e-14
2.245767672897373224e+00
-8.623357172365546432e-14
4.290531459519990598e+00
-8.623357172365546432e-14
1.184030865861419812e+01
-8.623357172365546432e-14
1.272712979141460288e+01
-8.623357172365546432e-14
3.222962646038377788e+00
-8.623357172365546432e-14
1.369408536392547004e+00
-8.623357172365546432e-14
2.331021812923108616e+00
-8.623357172365546432e-14
6.234014218174698030e+00
-8.623357172365546432e-14
1.279613444783230314e+01
-8.623357172365546432e-14
5.488318737531787228e+00
-8.623357172365546432e-14
1.130140455155853374e+01
-8.623357172365546432e-14
1.944306362618394246e+01
-8.623357172365546432e-14
3.510756582433408823e+01
-8.623357172365546432e-14
1.060735126539597140e+01
-8.623357172365546432e-14
1.467350629372554316e+01
-8.623357172365546432e-14
1.448007066009009947e+01
-8.623357172365546432e-14
3.157029809809632681e+01
-8.623357172365546432e-14
1.535108750061420579e+01
-8.623357172365546432e-14
2.899219509606461287e+01
-8.623357172365546432e-14
2.023728496198510385e+01
1.558169660960576075e-03
7.355005991463558601e+00
2.893743656142693400e-03
2.736657894826306148e+01
2.470811891077389841e-02
8.151898475255087817e+00
2.136918392282462914e-02
5.057685162352187547e+01
3.361194554532538625e-02
1.784148781029565711e+01
1.869803593246947490e-02
2.139723097680009545e+01
3.784126319673489225e-02
2.819263146428271227e+01
5.987823411723080386e-02
2.255361546096126091e+01
1.213146378955779620e-01
5.657491443588125435e+01
1.533684137799289915e-01
1.349107811665833090e+01
8.725750101845058948e-02
2.021368982140356962e+01
7.724069605459679688e-02
2.346803845632874541e+01
1.235405945542219358e-01
2.280826490270917617e+01
1.513650527871665541e-01
7.588419806688122549e+01
4.011173898860757592e-01
6.005898179797762282e+01
2.352836188177267196e-01
7.735844916189556386e+01
6.132510594540510063e-01
5.248004456665525908e+01
3.790804189655874179e-01
4.580929765205623028e+01
3.207603545093384856e-01
2.740909472044300088e+01
4.075726641961247565e-01
1.225678514944495276e+02
1.605137346542053756e+00
5.860699026954963387e+01
6.018986804950136049e-01
4.307849402324215049e+01
5.673963522861600328e-01
8.131820346194233196e+01
1.541029794773347339e+00
1.246270839993533173e+02
2.675822499345755112e+00
1.165159205309512345e+02
1.062894304498440023e+00
5.634408273038073389e+01
9.228816306702610772e-01
9.590378446765184606e+01
1.368072962397364645e+00
1.355868042038113401e+02
3.691526522681157996e+00
4.074457846666276595e+01
9.883247564341408609e-01
7.760085584202097664e+01
1.896960264489175207e+00
1.188671985494679433e+02
5.632115537679641015e+00
9.161236262546833586e+01
3.084285546205380868e+00
1.344577989865514098e+02
5.219868364500335645e+00
1.322138120789808511e+02
5.158431960721991949e+00
1.724973949216403355e+02
5.389041070556634949e+00
2.631330077652993964e+02
1.534129329131620345e+01
2.427939965840146215e+02
3.841333405807335843e+00
2.309234149148427946e+02
1.492281343949272454e+01
1.034511131144215312e+02
6.389831184279183063e+00
2.783033475852323591e+02
1.515542591032013497e+01
1.792542863589284536e+02
5.551090715305308620e+00
1.273897188083858794e+02
5.634564090004141157e+00
9.434472442394348946e+01
7.029348532305177422e+00
1.316611070406416388e+02
9.813129929594808232e+00
2.769851360519883769e+02
1.477968442634245427e+01
2.061131245933567584e+02
1.302852432299386720e+01
2.938578875244458573e+02
1.964161896013423814e+01
2.433164286117962831e+02
9.261537869584905991e+00
1.269093573614523649e+02
6.026332461923997741e+00
2.478665066177132701e+02
1.009515863824393023e+01
1.034330828654865968e+02
5.417310720121306211e+00
1.714529760574084207e+02
1.120413024557615955e+01
3.044745878078082342e+02
2.605326451966808676e+01
2.078284467945013887e+02
1.820342836298980060e+01
1.822364004945024760e+02
5.517923961091634411e+00
2.971044453110658310e+02
2.676134133278006288e+01
1.827537128219694296e+02
1.669489753543248511e+01
3.570726080773711715e+02
2.506182342391181805e+01
1.303651550739840559e+02
1.421206547839038770e+01
2.874052843623932745e+02
1.855468432372248344e+01
3.098972408239103515e+02
3.877060010178474414e+01
3.311502298092308365e+02
3.394250010920422511e+01
2.676341147247263166e+02
1.562621574362156629e+01
1.301227483938586431e+02
2.362452320943083706e+01
3.698360209623215837e+02
2.342552268414881667e+01
8.936325601758302639e+01
9.482797961453291791e+00
3.223572558162886708e+02
2.764393314792906153e+01
3.082636112321375776e+02
2.487194932093019872e+01
2.927734014403586116e+02
4.466715929051034806e+01
2.198448286248136867e+02
2.743914513533459854e+01
4.534104540934569627e+02
6.900799535269013063e+01
4.661217795925953169e+02
9.188971682513432881e+01
3.124021098518729218e+02
2.015559235261318705e+01
4.285291557545605201e+02
6.184397644253748183e+01
3.278662759507459441e+02
2.654119421924098532e+01
1.663953799333225732e+02
2.793063636556131968e+01
4.159654111818897491e+02
1.197431124946410250e+02
5.757784146799610880e+02
1.242678145946495079e+02
5.488369934534974846e+02
1.054903120093975843e+02
5.290709435161453484e+02
1.196071065427984195e+02
5.538384954697860394e+02
1.238551222301384769e+02
5.513066923662535146e+02
1.232725893725736199e+02
5.215018004941211984e+02
9.613149983383024733e+01
3.600117612494335049e+02
2.611492351911230614e+01
2.079811474212837652e+02
2.772607094863271016e+01
4.529087234626005625e+02
1.143734372470144649e+02
5.680912959550290680e+02
1.179834937559895991e+02
5.325881776324554266e+02
1.202323777682091190e+02
5.193548652968671604e+02
1.388952435855413228e+02
5.943511292526187617e+02
1.601722729027751768e+02
6.247120650980782557e+02
1.711424551035287891e+02
6.185419358360065871e+02
1.703782841826192396e+02
6.022076432792727019e+02
1.389898467435333487e+02
4.830993736236747509e+02
5.940343756200944370e+01
2.272056221035897181e+02
4.642744581615934152e+01
3.204805517573931297e+02
1.033596262957516529e+02
3.649315706563498907e+02
3.647541619106563360e+01
3.642869336080088942e+02
9.523911380938325522e+01
4.695428523812522599e+02
1.207385603123828588e+02
5.586864064766281217e+02
1.645360383363642995e+02
6.304661630606511835e+02
1.617889852239421771e+02
5.766721362784032863e+02
1.450057172091618440e+02
5.454219307478188057e+02
1.239641941064116253e+02
4.920463838173943145e+02
1.320424134162659584e+02
5.552697856012882767e+02
1.497129477551783623e+02
5.792368835404832907e+02
1.573192642534019683e+02
3.460165039495941528e+02
6.492625862775012990e+01
2.058319862673711782e+02
4.698237681115716669e+01
2.724624373129727246e+02
4.208816590581518113e+01
2.634010129469990602e+02
4.400070786691482994e+01
2.073770227841300766e+02
4.136050067410722875e+01
2.639824328262346853e+02
6.176829391614385401e+01
2.751226781157080268e+02
7.679817587091699238e+01
4.093792506203188282e+02
1.625709637981208573e+02
5.897480734782265017e+02
