1.840309667526945248e+02
3.922716607203753370e+02
2.849580676118888434e+01
1.504695504234486236e+02
6.109761317489697774e+01
4.224798959390525965e+02
1.146352097500700467e+02
4.025471218479687536e+02
1.515293283886250890e+02
6.015207130544179108e+02
1.891504444718904097e+02
6.170928380512348213e+02
1.771859274317242807e+02
5.499081237976328111e+02
1.087635812759211547e+02
4.359135443739180573e+02
1.117436920505024460e+02
4.615901770269450708e+02
1.052430082246231819e+02
4.668881764701636143e+02
1.292190099904526335e+02
3.941485873749368238e+02
8.769868562825531910e+01
4.497841481008738356e+02
1.205121805201996210e+02
4.816571763045446914e+02
1.337744302923502460e+02
5.051821992513345663e+02
1.332163829580303513e+02
5.423329706926302833e+02
1.624322866982878679e+02
5.557301134382942109e+02
1.380522737989160476e+02
4.961512704915843415e+02
1.113672827795272013e+02
4.839009406164491907e+02
1.288005301386291421e+02
4.525450021445794846e+02
1.043232429332749973e+02
4.837059468131528206e+02
1.196416088710072785e+02
4.449544899386322072e+02
9.133144689514851677e+01
4.546894887895089710e+02
1.118937215292944813e+02
5.240632088212131521e+02
1.373653435740611428e+02
5.286444502203507909e+02
1.274751955440774935e+02
4.301683502379797801e+02
7.797637473033277900e+01
4.154334075404758551e+02
8.752394803055241823e+01
4.167674233659961374e+02
1.188656403798069334e+02
4.896127454025082670e+02
8.220725055140134430e+01
3.883530866185133732e+02
7.348216823654760788e+01
1.760506895358201405e+02
2.859107770617850264e+01
2.938877153436716299e+02
3.947667355390392174e+01
3.019496851699179274e+02
6.108737377426723469e+01
2.265917032571380503e+02
5.115203882411331904e+01
2.307468965518130801e+02
2.264465708829945711e+01
1.101935358334286263e+02
2.627586018553164493e+01
3.437584935150744059e+02
6.508764048550122538e+01
4.349243292348203909e+02
8.352390391498430233e+01
3.677999384066677635e+02
6.429297395836830731e+01
4.265066515345242237e+02
7.845028090295632239e+01
3.642150352079351023e+02
5.072599071965045425e+01
2.406559652133951204e+02
3.957461564688392741e+01
3.899270605718345450e+02
7.446537329266695338e+01
4.225221891155664480e+02
6.674709117451399720e+01
3.885126877109374846e+02
6.258188107487514173e+01
2.995229472206734727e+02
3.459181166652821560e+01
2.592291249773844015e+02
4.107446524347255234e+01
3.104521718189081980e+02
4.337677221549930806e+01
3.145646267457372574e+02
4.523210709047204858e+01
3.115834029928269047e+02
4.276530192137211372e+01
1.098729980745851549e+02
6.191498445994754185e+00
2.038577853068272248e+02
8.686795860325215557e+00
1.874642823029740271e+02
7.611213602872513917e+00
5.839708255664032066e+01
4.827877396914607822e+00
6.380816059811746754e+01
7.868089001279052752e+00
1.650947534576818327e+02
1.739429311757578489e+01
1.079466551822019085e+02
1.264165305572300824e+01
1.485716997762959579e+02
1.899319778547369353e+01
2.463132340613173312e+02
3.378200863411660748e+01
3.352172752202239394e+02
3.618581922977715237e+01
2.991276173180997375e+02
3.025720626516720557e+01
2.731903251403464878e+02
2.377210413589837401e+01
9.403398087439796882e+01
5.226101043144516289e+00
1.109781855555976620e+02
1.092877940690294558e+01
1.345450564875699229e+02
7.226123100928562693e+00
1.914618778662176055e+02
1.511825243412093123e+01
1.583445398903695320e+02
1.056060617556462056e+01
2.100178977639353093e+02
1.577246109609391667e+01
2.621121840416489590e+02
2.104731059006259031e+01
1.594624153243362343e+02
8.549454334487398555e+00
1.836182743881833801e+02
1.102716669121464577e+01
1.450074979744887287e+02
7.144207895890771987e+00
1.450709377392598753e+02
8.186623399129802081e+00
1.539560663378695438e+02
7.645715931081362271e+00
1.815530318003014543e+02
1.073578896459923726e+01
1.686974643096834825e+02
1.044307566398865994e+01
1.946182844081628218e+02
7.733418623431608019e+00
7.395451623951007036e+01
2.368195289122322134e+00
1.537192245493907024e+02
7.885451463216411661e+00
1.381669105668358100e+02
2.037640725314948664e+00
8.400604612724481512e+01
2.753063195400415886e+00
1.604100050739174321e+02
3.996482584914231140e+00
1.841349189286528372e+02
6.293224665294406606e+00
1.731162108727409361e+02
4.793152473039898886e+00
1.188783283327611429e+02
2.197909604736704381e+00
1.486124347831489843e+02
3.712673110938199628e+00
9.197586134782353895e+01
9.618358721963825575e-01
3.480171937943755012e+01
5.756323919231128849e-01
5.830136642031898475e+01
5.965563845142837218e-01
5.998040552792779323e+01
8.665649272067745823e-01
3.802779836479806619e+01
4.821422122604056559e-01
8.844304553490304954e+01
1.403020481937940156e+00
1.045876865843208350e+02
9.707396988309177077e-01
8.953710323262245652e+01
5.878751535456074873e-01
7.643178340490560174e+01
3.305545638073319470e-01
2.057696594809290147e+01
5.742968179274936247e-02
5.903326096967835213e+01
2.041202255968267154e-01
8.071808554677419068e+01
3.646117006844503683e-01
7.189127701262077608e+01
2.916003222811935358e-01
5.785417172759909477e+01
6.366236043690939872e-02
1.210653307498701814e+01
3.227637155015082582e-02
2.220391766988961635e+01
3.183118021841236517e-02
3.451746471412979389e+01
4.496432450436130268e-02
1.246112797070765765e+01
1.157497462482644929e-02
5.419314081114075421e+00
1.780765326825270965e-03
2.962770572210506614e+01
2.671147990276485831e-03
2.592482682046481912e+01
-8.623357172365546432e-14
1.451101145764514833e+01
-8.623357172365546432e-14
2.304466149985627865e+01
-8.623357172365546432e-14
3.242128132869270019e+01
-8.623357172365546432e-14
3.423298745315616998e+01
-8.623357172365546432e-14
2.193212836187022319e+01
-8.623357172365546432e-14
5.744971540272463706e+00
-8.623357172365546432e-14
8.063527995907250556e+00
-8.623357172365546432e-14
2.157152338317125739e+01
-8.623357172365546432e-14
1.565893730650350513e+01
-8.623357172365546432e-14
2.254871835631226773e+01
-8.623357172365546432e-14
1.486249001404369707e+01
-8.623357172365546432e-14
4.974790536384559481e+00
-8.623357172365546432e-14
4.159200016660490995e+00
-8.623357172365546432e-14
5.336953684744560888e+00
-8.623357172365546432e-14
1.260136324020170306e+01
-8.623357172365546432e-14
8.159911919226175314e+00
-8.623357172365546432e-14
6.567017334306581411e+00
-8.623357172365546432e-14
5.092988834958108058e+00
-8.623357172365546432e-14
3.269707735869720189e+00
-8.623357172365546432e-14
4.501106959426913079e+00
-8.623357172365546432e-14
4.657814308194858199e+00
-8.623357172365546432e-14
2.861912476007692163e+00
-8.623357172365546432e-14
1.529900011480175959e+00
-8.623357172365546432e-14
7.468084589721858402e-01
-8.623357172365546432e-14
1.209362252636650981e+00
-8.623357172365546432e-14
7.728521518782157651e-01
-8.623357172365546432e-14
4.552081366909154214e-01
-8.623357172365546432e-14
9.202104826798787052e-01
-8.623357172365546432e-14
4.543177540274566106e-01
-8.623357172365546432e-14
2.973878095936399735e-01
-8.623357172365546432e-14
3.343386901269901901e-01
-8.623357172365546432e-14
5.097440748268083910e-02
-8.623357172365546432e-14
-8.623357172365546432e-14
-8.623357172365546432e-14
-8.623357172365546432e-14
-8.623357172365546432e-14
-8.623357172365546432e-14
-8.623357172365546432e-14
-8.623357172365546432e-14
-8.623357172365546432e-14
-8.623357172365546432e-14
-8.623357172365546432e-14
-8.623357172365546432e-14
-8.623357172365546432e-14
-8.623357172365546432e-14
-8.623357172365546432e-14
-8.623357172365546432e-14
-8.623357172365546432e-14
-8.623357172365546432e-14
-8.623357172365546432e-14
-8.623357172365546432e-14
-8.623357172365546432e-14
-8.623357172365546432e-14
-8.623357172365546432e-14
-8.623357172365546432e-14
-8.623357172365546432e-14
-8.623357172365546432e-14
-8.623357172365546432e-14
-8.623357172365546432e-14
-8.623357172365546432e-14
-8.623357172365546432e-14
-8.623357172365546432e-14
-8.623357172365546432e-14
-8.623357172365546432e-14
-8.623357172365546432e-14
-8.623357172365546432e-14
-8.623357172365546432e-14
-8.623357172365546432e-14
-8.623357172365546432e-14
-8.623357172365546432e-14
-8.623357172365546432e-14
-8.623357172365546432e-14
-8.623357172365546432e-14
-8.623357172365546432e-14
-8.623357172365546432e-14
-8.623357172365546432e-14
-8.623357172365546432e-14
-8.623357172365546432e-14
-8.623357172365546432e-14
-8.623357172365546432e-14
-8.623357172365546432e-14
-8.623357172365546432e-14
-8.623357172365546432e-14
-8.623357172365546432e-14
-8.623357172365546432e-14
-8.623357172365546432e-14
-8.623357172365546432e-14
-8.623357172365546432e-14
-8.623357172365546432e-14
-8.623357172365546432e-14
-8.623357172365546432e-14
-8.623357172365546432e-14
-8.623357172365546432e-14
-8.623357172365546432e-14
-8.623357172365546432e-14
-8.623357172365546432e-14
-8.623357172365546432e-14
-8.623357172365546432e-14
-8.623357172365546432e-14
-8.623357172365546432e-14
-8.623357172365546432e-14
-8.623357172365546432e-14
-8.623357172365546432e-14
-8.623357172365546432e-14
-8.623357172365546432e-14
-8.623357172365546432e-14
-8.623357172365546432e-14
-8.623357172365546432e-14
-8.623357172365546432e-14
-8.623357172365546432e-14
-8.623357172365546432e-14
-8.623357172365546432e-14
-8.623357172365546432e-14
-8.623357172365546432e-14
-8.623357172365546432e-14
-8.623357172365546432e-14
-8.623357172365546432e-14
-8.623357172365546432e-14
-8.623357172365546432e-14
-8.623357172365546432e-14
-8.623357172365546432e-14
-8.623357172365546432e-14
-8.623357172365546432e-14
-8.623357172365546432e-14
-8.623357172365546432e-14
-8.623357172365546432e-14
-8.623357172365546432e-14
-8.623357172365546432e-14
-8.623357172365546432e-14
-8.623357172365546432e-14
-8.623357172365546432e-14
-8.623357172365546432e-14
-8.623357172365546432e-14
-8.623357172365546432e-14
-8.623357172365546432e-14
-8.623357172365546432e-14
-8.623357172365546432e-14
-8.623357172365546432e-14
-8.623357172365546432e-14
-8.623357172365546432e-14
-8.623357172365546432e-14
-8.623357172365546432e-14
-8.623357172365546432e-14
-8.623357172365546432e-14
-8.623357172365546432e-14
-8.623357172365546432e-14
-8.623357172365546432e-14
-8.623357172365546432e-14
-8.623357172365546432e-14
-8.623357172365546432e-14
-8.623357172365546432e-14
-8.623357172365546432e-14
-8.623357172365546432e-14
-8.623357172365546432e-14
-8.623357172365546432e-14
-8.623357172365546432e-14
-8.623357172365546432e-14
-8.623357172365546432e-14
-8.623357172365546432e-14
-8.623357172365546432e-14
-8.623357172365546432e-14
-8.623357172365546432e-14
-8.623357172365546432e-14
-8.623357172365546432e-14
-8.623357172365546432e-14
-8.623357172365546432e-14
-8.623357172365546432e-14
-8.623357172365546432e-14
-8.623357172365546432e-14
-8.623357172365546432e-14
-8.623357172365546432e-14
-8.623357172365546432e-14
-8.623357172365546432e-14
-8.623357172365546432e-14
-8.623357172365546432e-14
-8.623357172365546432e-14
-8.623357172365546432e-14
-8.623357172365546432e-14
-8.623357172365546432e-14
-8.623357172365546432e-14
-8.623357172365546432e-14
-8.623357172365546432e-14
5.409074680476993330e-02
-8.623357172365546432e-14
4.264932957944986835e-01
-8.623357172365546432e-14
4.529821800322644254e-01
-8.623357172365546432e-14
3.383454121125452629e-01
-8.623357172365546432e-14
1.782991283566490170e-01
-8.623357172365546432e-14
2.675599903679347635e-01
-8.623357172365546432e-14
3.628309353575494001e-01
-8.623357172365546432e-14
5.952208105191019172e-01
-8.623357172365546432e-14
4.627763893302828668e-01
-8.623357172365546432e-14
2.781332844965087592e+00
-8.623357172365546432e-14
1.030172741616489640e+00
-8.623357172365546432e-14
2.892630677896863567e+00
-8.623357172365546432e-14
2.430076884232395873e+00
-8.623357172365546432e-14
1.109416798663920289e+00
-8.623357172365546432e-14
2.120223717350319781e+00
-8.623357172365546432e-14
2.306981481009849677e+00
-8.623357172365546432e-14
5.616088649737464245e+00
-8.623357172365546432e-14
5.172900679003126889e+00
-8.623357172365546432e-14
4.911128175947580665e+00
-8.623357172365546432e-14
1.588910122500642252e+01
-8.623357172365546432e-14
9.977850722333833744e+00
-8.623357172365546432e-14
1.952586921388518704e+01
-8.623357172365546432e-14
1.451234703164032425e+01
-8.623357172365546432e-14
8.279445791794911358e+00
-8.623357172365546432e-14
5.398167492857045779e+00
-8.623357172365546432e-14
2.112499647744897402e+01
-8.623357172365546432e-14
1.090050975733827876e+01
-8.623357172365546432e-14
8.770046639358186624e+00
-8.623357172365546432e-14
1.128893919427017067e+01
-8.623357172365546432e-14
2.853142206772706047e+01
-8.623357172365546432e-14
2.665961511348041668e+01
-8.623357172365546432e-14
2.397778253115629710e+01
-8.623357172365546432e-14
4.446882655222589875e+01
-8.623357172365546432e-14
5.748822445291941818e+01
4.897104648912870700e-03
6.615877082963663725e+01
1.068459196136615705e-02
6.993889042733150063e+01
3.628309353567906598e-02
7.462875851141080830e+01
5.431334247062705178e-02
6.256340563460849324e+01
3.205377588427554825e-02
4.917182778059110149e+01
2.225956658628192031e-02
6.202516931455041060e+01
7.011763474695228981e-02
2.529866521239064170e+01
3.628309353569111190e-02
5.557078538717073712e+01
1.348929735132532448e-01
5.241059471890582699e+01
9.527094498953869728e-02
2.266535848522477892e+01
1.135237895903544458e-01
1.200302609036046597e+01
2.210374962024558576e-01
1.725049631742791334e+01
1.898741029815605164e-01
3.488497015847053007e+01
9.727430598232100767e-02
5.569499376872261109e+01
2.842546653077130392e-01
2.331110851189493971e+01
3.111887408772064934e-01
5.695889195949587958e+01
2.101303085751509148e-01
2.702289124016972366e+01
2.664470120386281393e-01
1.055586488788177064e+02
1.172633967769170171e+00
7.872919327228335362e+01
1.138131639560311825e+00
6.575186595243803822e+01
8.739105841802732311e-01
9.326246429651489223e+01
1.152822953507305570e+00
1.060681703579793975e+02
1.591113819592649747e+00
1.370712946994554500e+02
3.207603545093796971e+00
1.467459701248831720e+02
2.178098590474848884e+00
8.909013113556842711e+01
2.703424361912835749e+00
1.194412727717299845e+02
2.601252951281467052e+00
1.186886768254454125e+02
2.010929245411311239e+00
1.094284745298555777e+02
3.111887408772469499e+00
1.180041951529149742e+02
4.561430384875935218e+00
1.754650403389332212e+02
3.862925185396103078e+00
1.814504151983383338e+02
4.341283271336880745e+00
2.175476413531017670e+02
9.305166620094166063e+00
2.598579577334488704e+02
1.158232028187834750e+01
2.711827348299231630e+02
1.248939762027233513e+01
2.632821468614280320e+02
1.034802731466492709e+01
1.791708129842296842e+02
8.855968566381516638e+00
2.841658496370808962e+02
1.460383385031024872e+01
2.932637796922562075e+02
1.467016735873758115e+01
2.551774386673358777e+02
1.063584351062650413e+01
7.751471131933179493e+01
2.097296363766375293e+00
7.938362452992218721e+01
3.000589575840686418e+00
8.543243915409846068e+01
4.889981587690553688e+00
1.397673734043947604e+02
7.058508564533308771e+00
1.030108188873434187e+02
6.605971575832692899e+00
2.971418413829309770e+02
1.851016519054978104e+01
3.041847682508538355e+02
1.641375920944681255e+01
1.344931916974236970e+02
9.094145928855516203e+00
3.432616599888669384e+02
2.945007438074594575e+01
3.910235668218783758e+02
3.532170285489481643e+01
3.574962076295095699e+02
2.507584695086121584e+01
3.128728996851741613e+02
1.541452726538531692e+01
2.258718288737352680e+02
1.819675049301390501e+01
2.426481964228739798e+02
9.523532968306325230e+00
2.996226700789803203e+02
3.330498612217100884e+01
1.640216197525536188e+02
1.016705703831786067e+01
3.470088354280140948e+02
3.656200590508655779e+01
3.949750850822881034e+02
4.082026099305636535e+01
4.301957295048808874e+02
4.604569424920333631e+01
2.684637287713998148e+02
2.713174052077701504e+01
3.179373962749018574e+02
3.233357863634243756e+01
4.461248979497430582e+02
4.250152605732379385e+01
2.430753575056660907e+02
2.047523972879325527e+01
3.576164092890758752e+02
1.403532451969472028e+01
1.745541788742195308e+02
1.529610637114590155e+01
3.545701876017330392e+02
4.455563886191271905e+01
4.848438558570471173e+02
7.802601356382037068e+01
4.845364512424898180e+02
5.108303416769559391e+01
3.608324714694726367e+02
1.860632651820283812e+01
2.316561998468656896e+02
2.870059477378336155e+01
2.662976503468815395e+02
4.506538293674024942e+01
3.164268620863518890e+02
4.273369333681949200e+01
4.094604980383587645e+02
2.469832470155663273e+01
2.653685360375670825e+02
5.963137552385374107e+01
4.071991486688511372e+02
5.058419728049538122e+01
3.896777534260671700e+02
7.107346053623808757e+01
5.492679386626091400e+02
1.020821497693606972e+02
5.407066867578311076e+02
8.793708558639518458e+01
4.446762453563029567e+02
7.532948966754925380e+01
4.212656365817669553e+02
4.637201949535931789e+01
3.225622664245490796e+02
3.697002376061445261e+01
4.210107645443530373e+02
7.310286522191610459e+01
3.022824656903839582e+02
4.084897583395275689e+01
3.912837811552730045e+02
6.461952180019017078e+01
4.494182008261942656e+02
1.002695532622337566e+02
5.250971656891492785e+02
1.153412832021892456e+02
5.551135234438520456e+02
1.156845257189508231e+02
5.201303885967357701e+02
1.220761376685569530e+02
5.698262065747696852e+02
1.418470847105579651e+02
5.816533820890980451e+02
1.373669017437221669e+02
5.654074600117123737e+02
1.381680235451651413e+02
5.629390966729513366e+02
1.254887518219111229e+02
5.106077460110927859e+02
1.054851923090827199e+02
4.289518649240351920e+02
4.960477635069573665e+01
3.990879852004490544e+02
1.216338400804860385e+02
5.239047207071180310e+02
1.451639827275908203e+02
5.477774380839870219e+02
1.540907367157169858e+02
3.335582697225426614e+02
4.572159495970598186e+01
1.990860020177102285e+02
3.313826196843920258e+01
4.599071311973505090e+02
1.130363050821721060e+02
5.020473844889779684e+02
9.168492881253992266e+01
4.310295728692058219e+02
1.099566940449498560e+02
5.131758322081608412e+02
1.550352101259760218e+02
5.668781495760727012e+02
1.513042841704370289e+02
5.913739122216934447e+02
1.287916263119945768e+02
5.528410442910511620e+02
1.672853174054450847e+02
6.164027914870574705e+02
1.880931150590385528e+02
6.254784619756466100e+02
1.909772871016326121e+02
6.053535878249222151e+02
1.740030320055413426e+02
5.261021851205232451e+02
6.705449578907159491e+01
4.232320466940056463e+02
8.033700176681580274e+01
4.226121177645755438e+02
9.893731820204033056e+01
4.760660183693837553e+02
1.441433815996063856e+02
5.582238526829635248e+02
1.606766746816220177e+02
5.115666881396329586e+02
1.035566234600408961e+02
5.279762180314286297e+02
1.557524133613884487e+02
5.794463460620609112e+02
1.904604199654974366e+02
6.216473679704688493e+02
1.530071410142931825e+02
2.820371672844277668e+02
