1.448038229402235402e+02
4.949432438129427965e+02
1.374882163816178320e+02
5.031886324678604296e+02
1.547979231461654877e+02
4.591534222727366910e+02
6.348539688261533342e+01
3.498611762903897784e+02
7.225054641732455707e+01
4.590022798156154522e+02
1.102380549666013536e+02
3.029382325220180405e+02
3.632761266893221830e+01
1.678889968512671373e+02
4.895346143237897252e+01
3.756462130326922875e+02
3.363887962096633544e+01
1.951320352049758071e+02
2.360159585584689168e+01
3.034205973299443144e+02
1.097044931555263929e+02
1.716210357851354615e+02
3.238433044815933215e+01
2.809791700845781861e+02
3.797170425700045371e+01
3.124886995658937963e+02
1.061808037649063152e+02
4.494386796274536096e+02
1.000997127691798454e+02
4.452857122894372424e+02
1.123420292003437027e+02
3.231801919929862947e+02
2.868456788584118300e+01
1.607628192043112278e+02
3.553539469412383767e+01
2.533735233911776277e+02
5.389975972353301614e+01
2.988124218552368347e+02
5.787709908118304014e+01
2.394016386362540345e+02
3.384678397288289631e+01
3.582134108649220252e+02
1.034157204035492725e+02
4.778777244938472109e+02
1.358726170387801631e+02
5.011759224571222262e+02
8.018051701371368267e+01
1.371187075762843222e+02
2.053244681492019552e+01
3.253353632298773164e+02
4.742422920789632457e+01
3.690872091423567554e+02
6.170463155570688940e+01
2.800553980712445536e+02
7.900120517596859315e+01
5.045052858314435866e+02
1.231232276807790953e+02
4.687348301141677211e+02
1.122271698367581081e+02
4.210722009481313535e+02
9.895735181196808128e+01
4.910627335699432479e+02
8.233657863326813242e+01
3.572907518299176104e+02
8.433148099073733306e+01
4.208135447843980046e+02
9.194536574160021303e+01
4.434864715222622067e+02
9.563533409462039003e+01
4.390991109480914929e+02
6.609154693854584650e+01
4.068995349025987593e+02
8.047567886664879211e+01
2.755280248232456302e+02
3.053745420848942160e+01
3.366614759003466020e+02
6.051329955200512956e+01
3.616716571297781684e+02
7.442308011615286034e+01
2.449404865899368531e+02
2.957316978396849549e+01
2.049678698924889488e+02
3.327003860263042867e+01
2.760531279990176472e+02
4.307025798360517399e+01
4.005622362954634355e+02
7.324042934341977684e+01
4.284859721953829421e+02
6.432102101226712421e+01
3.414174548971874401e+02
7.617023349751590899e+01
4.123072740090880757e+02
5.871940108081071941e+01
1.941123244596549853e+02
1.775066877862333214e+01
5.831694811692944569e+01
7.559571408392159242e+00
1.916542005215237623e+02
3.949359082450958169e+01
2.954144990158296764e+02
1.562398978696291607e+01
1.483108176559038611e+02
2.846219481564348186e+01
1.208144654344422690e+02
1.918841418443603786e+01
1.643385959807433494e+02
2.691782608588213677e+01
2.582737443794980550e+02
2.833954460375267104e+01
1.293723784042325633e+02
9.976069957006924227e+00
1.376362424994171079e+02
2.544713652152162808e+01
2.861672072688601247e+02
3.460917412846556829e+01
9.241971710555547759e+01
2.997250640852735515e+00
1.784026353413345305e+02
2.101169528352441773e+01
2.597232873556014283e+02
2.114035557839355661e+01
2.786655107335924413e+02
2.801500012292360609e+01
3.007872906027784552e+02
2.994134301530681697e+01
2.672269872518618854e+02
2.409820678638848079e+01
2.447446024039768702e+02
1.858517992994580581e+01
1.583928431498619318e+02
4.434328259667845273e+00
9.046376898961234758e+01
6.118932258923232226e+00
1.242989779878704439e+02
1.576422505645696148e+01
2.528931619442441843e+02
2.491179394511976852e+01
2.114681085270364065e+02
1.631470413813753950e+01
2.385909452211789414e+02
1.849102196328551884e+01
2.232734696661100315e+02
1.722267185919498189e+01
2.193161639183877298e+02
1.379403081789863172e+01
2.714182410444068410e+02
2.118465211590039843e+01
2.579814762702190478e+02
1.283286273269980349e+01
1.738599029923911417e+02
1.136951882531278457e+01
2.396313573634251100e+02
1.476588349505891884e+01
1.945390403511153750e+02
1.013366768843832233e+01
1.848915215969230132e+02
8.434372375235941632e+00
2.147193408226394524e+02
1.110952708758415675e+01
2.088808791027042275e+02
7.334749785869970395e+00
1.993742634050034894e+02
8.398757068697769057e+00
1.780838783478178868e+02
6.092665970351331062e+00
6.069471501968394733e+01
1.766964395624859518e+00
7.768544219504913428e+01
3.176885343204630008e+00
1.871960545256084458e+02
7.438479366162398243e+00
1.332726996614938173e+02
2.733919968136143464e+00
8.747364141006724481e+01
9.885473521000097685e-01
1.462831937355524659e+01
4.296096351166161509e-01
1.333804359637717596e+02
1.917884257080356258e+00
2.452803901717101454e+01
6.884883945159275820e-01
1.092929137693446791e+02
2.518002172248499537e+00
1.015372355793267047e+02
1.025720828299226284e+00
1.073147060868152636e+02
2.313881946651614285e+00
8.930159701813877859e+01
9.945574350783237261e-01
5.504501442440102466e+01
1.008580962027729289e+00
4.315818327162129009e+01
3.399035817736053011e-01
7.307370518968799900e+01
5.633896303006123985e-01
8.927221439024479821e+01
5.678415436178941844e-01
9.974801161711543784e+01
7.318945493593224105e-01
8.713974791127193953e+01
1.495842874602458239e-01
5.507751339161710291e+01
1.148593635855365419e-01
1.885941779028970444e+01
4.696768549714955970e-02
3.847254450519344715e+01
1.760731716980082351e-01
2.509365460413030746e+01
7.857627004976984464e-02
3.043706356318496020e+01
8.636711835498121770e-02
4.560139330013968362e+01
7.167580440798852759e-02
5.529031484818267472e+01
4.162538951640751966e-02
5.435207411656777765e+01
1.268795295414236121e-02
4.538302695192754044e+01
2.893743656142693400e-03
7.459180763087702282e+00
1.558169660960576075e-03
1.990717558950944976e+01
-8.623357172365546432e-14
1.214415174251795726e+01
-8.623357172365546432e-14
1.327004062045581811e+01
-8.623357172365546432e-14
1.348128390736033033e+01
-8.623357172365546432e-14
1.194225747357971379e+01
-8.623357172365546432e-14
1.389152771954686649e+01
-8.623357172365546432e-14
1.040478920946013019e+01
-8.623357172365546432e-14
6.797626444141220858e+00
-8.623357172365546432e-14
1.579917257599754521e+01
-8.623357172365546432e-14
1.941212282862890603e+01
-8.623357172365546432e-14
1.373682373177169325e+01
-8.623357172365546432e-14
2.611047160579464954e+00
-8.623357172365546432e-14
4.864605681782101065e+00
-8.623357172365546432e-14
9.497711871066142564e+00
-8.623357172365546432e-14
3.835100727163151202e+00
-8.623357172365546432e-14
3.440661207252936560e+00
-8.623357172365546432e-14
5.179578548979027808e+00
-8.623357172365546432e-14
9.276451779197762093e+00
-8.623357172365546432e-14
9.740786338188803795e-01
-8.623357172365546432e-14
3.801933972949488094e+00
-8.623357172365546432e-14
2.915335435814939924e+00
-8.623357172365546432e-14
1.357833561767644470e+00
-8.623357172365546432e-14
1.890727585844996783e+00
-8.623357172365546432e-14
2.726129119830920544e+00
-8.623357172365546432e-14
7.249940837175515851e-01
-8.623357172365546432e-14
1.290832266342710311e+00
-8.623357172365546432e-14
5.629444389688859074e-01
-8.623357172365546432e-14
3.372324337832263708e-01
-8.623357172365546432e-14
2.412937017960355146e-01
-8.623357172365546432e-14
1.431290131501997687e-01
-8.623357172365546432e-14
1.945486119646746836e-01
-8.623357172365546432e-14
1.923226553060428945e-01
-8.623357172365546432e-14
4.207058084813842386e-02
-8.623357172365546432e-14
-8.623357172365546432e-14
-8.623357172365546432e-14
-8.623357172365546432e-14
-8.623357172365546432e-14
-8.623357172365546432e-14
-8.623357172365546432e-14
-8.623357172365546432e-14
-8.623357172365546432e-14
-8.623357172365546432e-14
-8.623357172365546432e-14
-8.623357172365546432e-14
-8.623357172365546432e-14
-8.623357172365546432e-14
-8.623357172365546432e-14
-8.623357172365546432e-14
-8.623357172365546432e-14
-8.623357172365546432e-14
-8.623357172365546432e-14
-8.623357172365546432e-14
-8.623357172365546432e-14
-8.623357172365546432e-14
-8.623357172365546432e-14
-8.623357172365546432e-14
-8.623357172365546432e-14
-8.623357172365546432e-14
-8.623357172365546432e-14
-8.623357172365546432e-14
-8.623357172365546432e-14
-8.623357172365546432e-14
-8.623357172365546432e-14
-8.623357172365546432e-14
-8.623357172365546432e-14
-8.623357172365546432e-14
-8.623357172365546432e-14
-8.623357172365546432e-14
-8.623357172365546432e-14
-8.623357172365546432e-14
-8.623357172365546432e-14
-8.623357172365546432e-14
-8.623357172365546432e-14
-8.623357172365546432e-14
-8.623357172365546432e-14
-8.623357172365546432e-14
-8.623357172365546432e-14
-8.623357172365546432e-14
-8.623357172365546432e-14
-8.623357172365546432e-14
-8.623357172365546432e-14
-8.623357172365546432e-14
-8.623357172365546432e-14
-8.623357172365546432e-14
-8.623357172365546432e-14
-8.623357172365546432e-14
-8.623357172365546432e-14
-8.623357172365546432e-14
-8.623357172365546432e-14
-8.623357172365546432e-14
-8.623357172365546432e-14
-8.623357172365546432e-14
-8.623357172365546432e-14
-8.623357172365546432e-14
-8.623357172365546432e-14
-8.623357172365546432e-14
-8.623357172365546432e-14
-8.623357172365546432e-14
-8.623357172365546432e-14
-8.623357172365546432e-14
-8.623357172365546432e-14
-8.623357172365546432e-14
-8.623357172365546432e-14
-8.623357172365546432e-14
-8.623357172365546432e-14
-8.623357172365546432e-14
-8.623357172365546432e-14
-8.623357172365546432e-14
-8.623357172365546432e-14
-8.623357172365546432e-14
-8.623357172365546432e-14
-8.623357172365546432e-14
-8.623357172365546432e-14
-8.623357172365546432e-14
-8.623357172365546432e-14
-8.623357172365546432e-14
-8.623357172365546432e-14
-8.623357172365546432e-14
-8.623357172365546432e-14
-8.623357172365546432e-14
-8.623357172365546432e-14
-8.623357172365546432e-14
-8.623357172365546432e-14
-8.623357172365546432e-14
-8.623357172365546432e-14
-8.623357172365546432e-14
-8.623357172365546432e-14
-8.623357172365546432e-14
-8.623357172365546432e-14
-8.623357172365546432e-14
-8.623357172365546432e-14
-8.623357172365546432e-14
-8.623357172365546432e-14
-8.623357172365546432e-14
-8.623357172365546432e-14
-8.623357172365546432e-14
-8.623357172365546432e-14
-8.623357172365546432e-14
-8.623357172365546432e-14
-8.623357172365546432e-14
-8.623357172365546432e-14
-8.623357172365546432e-14
-8.623357172365546432e-14
-8.623357172365546432e-14
-8.623357172365546432e-14
-8.623357172365546432e-14
-8.623357172365546432e-14
-8.623357172365546432e-14
-8.623357172365546432e-14
-8.623357172365546432e-14
-8.623357172365546432e-14
-8.623357172365546432e-14
-8.623357172365546432e-14
-8.623357172365546432e-14
-8.623357172365546432e-14
-8.623357172365546432e-14
-8.623357172365546432e-14
-8.623357172365546432e-14
-8.623357172365546432e-14
-8.623357172365546432e-14
-8.623357172365546432e-14
-8.623357172365546432e-14
-8.623357172365546432e-14
-8.623357172365546432e-14
-8.623357172365546432e-14
-8.623357172365546432e-14
-8.623357172365546432e-14
-8.623357172365546432e-14
-8.623357172365546432e-14
-8.623357172365546432e-14
-8.623357172365546432e-14
-8.623357172365546432e-14
-8.623357172365546432e-14
-8.623357172365546432e-14
-8.623357172365546432e-14
-8.623357172365546432e-14
-8.623357172365546432e-14
-8.623357172365546432e-14
-8.623357172365546432e-14
-8.623357172365546432e-14
-8.623357172365546432e-14
-8.623357172365546432e-14
-8.623357172365546432e-14
7.902146138148564980e-02
-8.623357172365546432e-14
2.217052832000282747e-01
-8.623357172365546432e-14
4.051241118715985245e-01
-8.623357172365546432e-14
2.383999581398065504e-01
-8.623357172365546432e-14
2.430744671229438658e-01
-8.623357172365546432e-14
1.637858909423983267e+00
-8.623357172365546432e-14
2.322117986288569025e+00
-8.623357172365546432e-14
2.950505551021383788e+00
-8.623357172365546432e-14
2.080601688826612783e+00
-8.623357172365546432e-14
3.344499879599878600e+00
-8.623357172365546432e-14
1.204910339319382739e+00
-8.623357172365546432e-14
1.970639429890017835e+00
-8.623357172365546432e-14
3.222740050372517651e+00
-8.623357172365546432e-14
3.863147781061961439e+00
-8.623357172365546432e-14
6.360448556385196461e+00
-8.623357172365546432e-14
1.117452502201630615e+01
-8.623357172365546432e-14
1.411879789439355903e+01
-8.623357172365546432e-14
1.584191094384334342e+01
-8.623357172365546432e-14
4.829658162241522668e+00
-8.623357172365546432e-14
1.545993678122148296e+01
-8.623357172365546432e-14
1.564023927057096763e+01
-8.623357172365546432e-14
1.100780086828450877e+01
-8.623357172365546432e-14
7.618336664180148432e+00
-8.623357172365546432e-14
6.522275605467998005e+00
-8.623357172365546432e-14
1.291678129873035630e+01
-8.623357172365546432e-14
7.972931559900792386e+00
-8.623357172365546432e-14
2.968446761690027103e+01
-8.623357172365546432e-14
2.826720101234702298e+01
-8.623357172365546432e-14
3.246424229220435365e+01
-8.623357172365546432e-14
1.012721241412827666e+01
-8.623357172365546432e-14
1.137552890829110197e+01
-8.623357172365546432e-14
1.644692596366049742e+01
-8.623357172365546432e-14
2.389564473045264492e+01
-8.623357172365546432e-14
3.430866997954977649e+01
5.787487312367112224e-03
5.275094349201122412e+01
2.893743656142693400e-03
1.419292225112611661e+01
2.626628857181920185e-02
6.617101359125911131e+01
5.475853380235492368e-02
6.595465060403977020e+01
4.941623782163553913e-02
7.878350661475401751e+01
1.382319085011964044e-01
4.833330990728306631e+01
6.855946508590547717e-02
2.902335848928550277e+01
5.564891646581822393e-02
2.943248932314272537e+01
2.426292757905962674e-02
2.750481085676433324e+01
7.234359140559015744e-02
4.034880337275735229e+01
2.005586949430083199e-01
2.916359375877956239e+01
1.649433884048401855e-01
5.843269786317848258e+01
5.943304278556412745e-01
5.335551332049664097e+01
1.360059518425812131e-01
1.291422144857296530e+02
1.090941358397237826e+00
4.367104368577091833e+01
2.027846516016522382e-01
5.940165679668253063e+01
1.539249029446438710e+00
6.675688538381200487e+01
2.473037847743612960e-01
6.262506463405267709e+01
3.899876065928986058e-01
9.348973447136154391e+01
8.565481222429147667e-01
2.604124435371146618e+01
4.162538951648008800e-01
1.505897520830149858e+02
2.389119281713497855e+00
1.276753090476888701e+02
8.694586708630019922e-01
6.815256020877650656e+01
2.199690370063615674e+00
1.666927677429163737e+02
2.341261213552831233e+00
5.256285015435650365e+01
1.277921717722625417e+00
4.604413607954226961e+01
8.396308516372873454e-01
9.081969945932824828e+01
3.075826910902565103e+00
1.454473470102351769e+02
3.076272102234289818e+00
2.161410593405100258e+02
7.183829924414482981e+00
1.404006580737765830e+02
3.677502995731760649e+00
9.635609886068657204e+01
2.026733537687636311e+00
1.429631793791977543e+02
4.029426743462040328e+00
1.492938001163573460e+02
5.072955225030389315e+00
1.654885251905944870e+02
6.724392470072106498e+00
2.320323865221751305e+02
6.243808427472699485e+00
9.534573713333186618e+01
3.988691736609009553e+00
1.462351130717262038e+02
3.082949972210206280e+00
1.395819512147303669e+02
4.184798518234801534e+00
1.469632234947659413e+02
6.658726748642360249e+00
2.306309242098982111e+02
1.293503414333117441e+01
2.961909126983618421e+02
1.714810231113068895e+01
2.543736457179026047e+02
6.531624623434269417e+00
1.102262573963105865e+02
3.015726081119407542e+00
1.739914570309165640e+02
1.179734769510253756e+01
2.269040049763446518e+02
1.165377349062054968e+01
3.084245478985569662e+02
2.071386228259898132e+01
2.860338724650076756e+02
1.694398208553380769e+01
2.862658171488376411e+02
1.901612513905764601e+01
3.193270610168880239e+02
2.276641691752683272e+01
1.281336335237018886e+02
4.060590136682941775e+00
1.253540814440636666e+02
8.696367473957353766e+00
2.262001574808840019e+02
9.242172046654784978e+00
1.882898896276619212e+02
1.384389224705207155e+01
2.403603581691283182e+02
1.661231454339710822e+01
2.965205768795058816e+02
2.178833156172236940e+01
3.268973170172419032e+02
3.344611177432850724e+01
3.669242470571604713e+02
2.677914898604915095e+01
1.951106660210530208e+02
8.773162978680272062e+00
1.787376418184591671e+02
1.277854939022909342e+01
2.549174469296072516e+02
2.374672822998993382e+01
3.202955747590604574e+02
5.142649928012303917e+01
4.705249444590422740e+02
5.908178682483659827e+01
2.499264069096146272e+02
2.216986053301249626e+01
4.349158705995175751e+02
2.591458741983510095e+01
2.777005585220739476e+02
3.783681128348712974e+01
3.716321453901746850e+02
6.283519494262789351e+01
3.327618224300829297e+02
2.088325758432114654e+01
3.620057732242394763e+02
3.950783694712482941e+01
2.182089730763824207e+02
2.048303057709847863e+01
2.833691797489551618e+02
3.152889530424570808e+01
4.340101288351188487e+02
5.204286667889925866e+01
3.627490201525575912e+02
5.904483594430326576e+01
4.875305855440205960e+02
7.492926266032657168e+01
5.214450385993261534e+02
9.480661043061034832e+01
5.372426530056621914e+02
1.013242115270952581e+02
5.327424364288990546e+02
1.057554234474410890e+02
5.187520762337085216e+02
3.865796669485779091e+01
3.976733897438861618e+02
8.740129781866160386e+01
3.400389199384943595e+02
3.237119730387340155e+01
2.346561216357088995e+02
7.556922519968429697e+01
5.113122612935511029e+02
1.165248243575857572e+02
4.669019774014471977e+02
3.642800331423669036e+01
2.194777683718047001e+02
3.425880855039634554e+01
3.781245931764170223e+02
9.220290892700431584e+01
5.369811030982729108e+02
1.150950923957441745e+02
5.172150531609208883e+02
1.056102910732980575e+02
5.141269834883959220e+02
1.215343398178450940e+02
5.586303123688304595e+02
9.951740250728082060e+01
3.826517438287500568e+02
1.038480011866562904e+02
5.107393000496184072e+02
1.566532580211382424e+02
5.922680790114673073e+02
1.454987666090496532e+02
5.691590873641765711e+02
1.411741780126524191e+02
5.836591916341948263e+02
1.575265008183209545e+02
5.509983973690325456e+02
8.127301654177203716e+01
3.132713459270701151e+02
4.604235531421537786e+01
3.559671980006928607e+02
7.782189333822346100e+01
3.433529242118710840e+02
4.193034557871791179e+01
2.982951095277700801e+02
4.787676619659693955e+01
4.667690877889266403e+02
1.348934187046463364e+02
5.806650573326637641e+02
1.739725363993180736e+02
6.236115521260491050e+02
1.867081248260355153e+02
6.230577341093804762e+02
1.873963906248856688e+02
6.272854935911268512e+02
1.898939139958746694e+02
6.068256129632781040e+02
1.319400194099687269e+02
1.982948970212312076e+02
2.164631552690141802e+01
1.752825118929250436e+02
3.081836993880921582e+01
3.013402182367834143e+02
1.242028166602173371e+02
5.031118369631375913e+02
1.402982640674793515e+02
5.031167340677866946e+02
9.975135055210341761e+01
4.115769376293895903e+02
1.415200916774043947e+02
6.051278758197368006e+02
1.240084906439185204e+02
5.484454476772435783e+02
1.827176523240995891e+02
6.223204972640401138e+02
