1.783541094861762701e+02
5.981161123450347077e+02
1.718015608701508086e+02
6.247730563105247938e+02
1.919222057032234545e+02
6.121135956015328929e+02
1.840489970016294592e+02
6.040867958904929083e+02
1.595850655362272050e+02
5.592054995694219315e+02
1.412202553154862130e+02
4.804656217051772273e+02
1.402288142197299123e+02
4.733149585349761423e+02
8.477422377013994037e+01
2.939518228954402730e+02
1.198826799771374851e+02
5.515548865336913877e+02
1.600529616258723138e+02
5.865449218464493697e+02
1.436970772895499806e+02
5.129752735132176440e+02
1.441013110187581958e+02
5.546046697516881068e+02
1.467673393088060152e+02
4.993535317406974627e+02
1.209593752129194968e+02
3.990203161180265852e+02
6.764437430360999315e+01
4.113623554074972049e+02
1.052603706865605488e+02
5.137852991412951269e+02
1.288757674736909564e+02
3.920301444229134518e+02
9.917371479918746502e+01
4.577290326068758191e+02
1.215419080704844674e+02
4.983162359377730013e+02
1.333759840504545480e+02
5.035374398762687065e+02
1.306848024501641135e+02
4.935960948431364841e+02
1.234241770210266367e+02
5.332501771427338326e+02
1.250375504072057282e+02
4.968455463734124464e+02
1.114333936922886465e+02
3.745002905448263846e+02
4.689356114047763668e+01
2.795189425165133912e+02
6.213157004283318230e+01
3.737911007533853081e+02
7.806207406169026797e+01
2.071746833238601084e+02
3.768811737869028633e+01
3.987394003877068371e+02
8.924750627133396108e+01
4.440952706683989391e+02
8.879853081328711539e+01
4.283873623154054258e+02
7.999531741971522081e+01
4.141169767725586439e+02
8.007500666809438883e+01
4.192978908955330439e+02
7.465858633063649563e+01
3.511989762422296053e+02
5.937850684743273177e+01
3.458321947382591475e+02
4.881522952387771142e+01
3.447207745786025157e+02
7.161637136527927794e+01
4.305810426024907542e+02
8.098297438915183477e+01
4.422276930318038239e+02
7.349886291148739303e+01
3.386407965612053204e+02
4.864383086116275479e+01
2.831316701734787671e+02
4.907255011361596786e+01
4.011116023988146253e+02
5.521752606544525577e+01
2.161350492575317048e+02
2.405813956653303975e+01
2.181635635605463222e+02
3.817960860891700747e+01
3.957599574001229712e+02
6.500305413247303932e+01
4.122928052908068821e+02
5.864082481076091824e+01
3.900494881880593425e+02
5.241883075854278218e+01
3.569294790642208568e+02
4.616767667409656895e+01
3.933423458731789424e+02
5.799040027510761064e+01
4.044049052752659463e+02
5.492792910415678165e+01
3.615530136398728587e+02
4.114146653889748251e+01
3.073589824460681825e+02
3.804315746574265944e+01
3.579380600262488201e+02
4.278333217030706948e+01
2.625589335430373126e+02
2.586606156467685480e+01
2.841700789547322756e+02
3.431223151020358131e+01
2.831559331010578831e+02
2.371578743243490095e+01
2.517677182576379096e+02
2.458613648596140067e+01
3.267731086356897663e+02
3.041769774025481610e+01
1.261193653433026327e+02
3.577112350427297915e+00
1.308887000800951341e+02
7.811994893481447377e+00
1.138596864502014228e+02
1.027212219260545112e+01
1.234956302297688353e+02
6.920276656032035234e+00
1.404520776725911162e+02
1.144208501238430031e+01
1.622653399488901300e+02
1.386169990032114718e+01
1.806441736965805376e+02
1.421985632669561106e+01
1.418673409161515622e+02
1.021669587180542749e+01
1.926556584222438460e+02
1.861255919684702320e+01
2.396166660494781695e+02
1.765072332465059546e+01
1.744155017743865130e+02
5.941078321898257464e+00
9.403709721372005959e+01
3.552181635850577557e+00
7.974445210428703490e+01
4.239557052037237206e+00
1.059392874674443306e+02
4.579015442479160036e+00
1.213141927043060093e+02
8.643167109815955484e+00
1.092537369321527052e+02
3.415062705678627353e+00
1.287675859800812930e+02
6.352657708079966881e+00
2.023514804359286927e+02
1.070507076271006852e+01
1.797882933613351497e+02
3.555520570838526240e+00
1.078366929232653177e+02
5.100557087597467287e+00
3.325134056669789828e+01
6.063505938122836225e-01
9.909135440281791318e+01
3.079165845890520448e+00
1.210684470891926452e+02
3.352513323570977199e+00
7.028346851808831275e+01
1.167736863120166779e+00
9.325667680920243185e+01
2.539148760505539393e+00
1.409364458415101922e+02
1.742924063711600136e+00
3.181826966986832517e+01
3.227637155021085280e-01
3.305567897640381148e+01
1.045977033892800057e+00
4.463911223661153116e+01
1.246090537504140894e+00
9.569454454174010039e+01
1.474028499348417398e+00
1.162984445654025052e+02
1.997128314127774251e+00
1.263036745546376096e+02
1.640084866082630377e+00
9.366291389940344914e+01
6.096895288002357471e-01
4.519849514492665321e+01
2.853676436370379821e-01
4.444055690266122838e+01
1.734020237076653315e-01
3.953388064003087266e+01
1.880933376546551072e-01
3.529232022700083604e+01
1.905418899791499754e-01
4.954734666890291805e+01
5.609410779755513721e-02
1.535576200959732951e+01
4.830325949232110172e-02
5.028258015325028651e+01
9.504834932367399458e-02
3.047112070006208739e+01
9.349017966203715391e-03
1.422252747468596823e+01
3.294415854773432434e-02
3.319524645890027159e+01
3.338934987945766514e-02
3.498402522977980311e+01
1.268795295414235948e-02
2.167948228111508868e+01
4.229317651326325138e-03
1.593963044115744587e+01
4.451913317186497604e-03
2.370510284047344385e+01
1.558169660960576075e-03
3.346792614958312839e+01
-8.623357172365546432e-14
4.288928770725812001e+01
-8.623357172365546432e-14
3.303653574913955993e+01
-8.623357172365546432e-14
3.007000331017594519e+01
-8.623357172365546432e-14
2.688176558801224303e+01
-8.623357172365546432e-14
1.789669153542981661e+01
-8.623357172365546432e-14
1.169762483679567211e+01
-8.623357172365546432e-14
1.028881686754522740e+01
-8.623357172365546432e-14
7.933977318374664023e+00
-8.623357172365546432e-14
1.202350489161990410e+01
-8.623357172365546432e-14
1.538759318981583490e+01
-8.623357172365546432e-14
1.760709457414134604e+01
-8.623357172365546432e-14
3.093411968505783705e+00
-8.623357172365546432e-14
4.007167176875689130e+00
-8.623357172365546432e-14
4.331266466373017821e+00
-8.623357172365546432e-14
2.808044324868714803e+00
-8.623357172365546432e-14
3.547507126867439631e+00
-8.623357172365546432e-14
2.176985612145527327e+00
-8.623357172365546432e-14
4.456810421920062382e+00
-8.623357172365546432e-14
1.407027203923493452e+00
-8.623357172365546432e-14
1.418602178548399317e+00
-8.623357172365546432e-14
1.144364318204495801e+00
-8.623357172365546432e-14
2.695410917941751805e+00
-8.623357172365546432e-14
1.692172251894701773e+00
-8.623357172365546432e-14
6.395173480259612742e-01
-8.623357172365546432e-14
8.427471909593744481e-01
-8.623357172365546432e-14
6.279423734010409763e-01
-8.623357172365546432e-14
1.876481463229117685e-01
-8.623357172365546432e-14
2.254894095197208237e-01
-8.623357172365546432e-14
3.810837799583426944e-01
-8.623357172365546432e-14
2.141370305606664637e-01
-8.623357172365546432e-14
3.790804189655652690e-01
-8.623357172365546432e-14
3.316675421358995790e-02
-8.623357172365546432e-14
-8.623357172365546432e-14
-8.623357172365546432e-14
-8.623357172365546432e-14
-8.623357172365546432e-14
-8.623357172365546432e-14
-8.623357172365546432e-14
-8.623357172365546432e-14
-8.623357172365546432e-14
-8.623357172365546432e-14
-8.623357172365546432e-14
-8.623357172365546432e-14
-8.623357172365546432e-14
-8.623357172365546432e-14
-8.623357172365546432e-14
-8.623357172365546432e-14
-8.623357172365546432e-14
-8.623357172365546432e-14
-8.623357172365546432e-14
-8.623357172365546432e-14
-8.623357172365546432e-14
-8.623357172365546432e-14
-8.623357172365546432e-14
-8.623357172365546432e-14
-8.623357172365546432e-14
-8.623357172365546432e-14
-8.623357172365546432e-14
-8.623357172365546432e-14
-8.623357172365546432e-14
-8.623357172365546432e-14
-8.623357172365546432e-14
-8.623357172365546432e-14
-8.623357172365546432e-14
-8.623357172365546432e-14
-8.623357172365546432e-14
-8.623357172365546432e-14
-8.623357172365546432e-14
-8.623357172365546432e-14
-8.623357172365546432e-14
-8.623357172365546432e-14
-8.623357172365546432e-14
-8.623357172365546432e-14
-8.623357172365546432e-14
-8.623357172365546432e-14
-8.623357172365546432e-14
-8.623357172365546432e-14
-8.623357172365546432e-14
-8.623357172365546432e-14
-8.623357172365546432e-14
-8.623357172365546432e-14
-8.623357172365546432e-14
-8.623357172365546432e-14
-8.623357172365546432e-14
-8.623357172365546432e-14
-8.623357172365546432e-14
-8.623357172365546432e-14
-8.623357172365546432e-14
-8.623357172365546432e-14
-8.623357172365546432e-14
-8.623357172365546432e-14
-8.623357172365546432e-14
-8.623357172365546432e-14
-8.623357172365546432e-14
-8.623357172365546432e-14
-8.623357172365546432e-14
-8.623357172365546432e-14
-8.623357172365546432e-14
-8.623357172365546432e-14
-8.623357172365546432e-14
-8.623357172365546432e-14
-8.623357172365546432e-14
-8.623357172365546432e-14
-8.623357172365546432e-14
-8.623357172365546432e-14
-8.623357172365546432e-14
-8.623357172365546432e-14
-8.623357172365546432e-14
-8.623357172365546432e-14
-8.623357172365546432e-14
-8.623357172365546432e-14
-8.623357172365546432e-14
-8.623357172365546432e-14
-8.623357172365546432e-14
-8.623357172365546432e-14
-8.623357172365546432e-14
-8.623357172365546432e-14
-8.623357172365546432e-14
-8.623357172365546432e-14
-8.623357172365546432e-14
-8.623357172365546432e-14
-8.623357172365546432e-14
-8.623357172365546432e-14
-8.623357172365546432e-14
-8.623357172365546432e-14
-8.623357172365546432e-14
-8.623357172365546432e-14
-8.623357172365546432e-14
-8.623357172365546432e-14
-8.623357172365546432e-14
-8.623357172365546432e-14
-8.623357172365546432e-14
-8.623357172365546432e-14
-8.623357172365546432e-14
-8.623357172365546432e-14
-8.623357172365546432e-14
-8.623357172365546432e-14
-8.623357172365546432e-14
-8.623357172365546432e-14
-8.623357172365546432e-14
-8.623357172365546432e-14
-8.623357172365546432e-14
-8.623357172365546432e-14
-8.623357172365546432e-14
-8.623357172365546432e-14
-8.623357172365546432e-14
-8.623357172365546432e-14
-8.623357172365546432e-14
-8.623357172365546432e-14
-8.623357172365546432e-14
-8.623357172365546432e-14
-8.623357172365546432e-14
-8.623357172365546432e-14
-8.623357172365546432e-14
-8.623357172365546432e-14
-8.623357172365546432e-14
-8.623357172365546432e-14
-8.623357172365546432e-14
-8.623357172365546432e-14
-8.623357172365546432e-14
-8.623357172365546432e-14
-8.623357172365546432e-14
-8.623357172365546432e-14
-8.623357172365546432e-14
-8.623357172365546432e-14
-8.623357172365546432e-14
-8.623357172365546432e-14
-8.623357172365546432e-14
-8.623357172365546432e-14
-8.623357172365546432e-14
-8.623357172365546432e-14
-8.623357172365546432e-14
-8.623357172365546432e-14
-8.623357172365546432e-14
-8.623357172365546432e-14
-8.623357172365546432e-14
-8.623357172365546432e-14
-8.623357172365546432e-14
-8.623357172365546432e-14
-8.623357172365546432e-14
-8.623357172365546432e-14
-8.623357172365546432e-14
1.426838218184640072e-01
-8.623357172365546432e-14
3.334483074635358757e-01
-8.623357172365546432e-14
1.618270490827279084e-01
-8.623357172365546432e-14
6.470856006653007420e-01
-8.623357172365546432e-14
9.251075873288778784e-01
-8.623357172365546432e-14
1.246535728835861168e+00
-8.623357172365546432e-14
1.351823478789323518e+00
-8.623357172365546432e-14
8.794754758268589212e-01
-8.623357172365546432e-14
1.562621574362121235e+00
-8.623357172365546432e-14
1.709534713832062236e+00
-8.623357172365546432e-14
1.352268670121053784e+00
-8.623357172365546432e-14
1.788110983881901372e+00
-8.623357172365546432e-14
2.213046110015433054e+00
-8.623357172365546432e-14
2.862580263005282788e+00
-8.623357172365546432e-14
4.442341703638940764e+00
-8.623357172365546432e-14
1.852218535650605125e+00
-8.623357172365546432e-14
2.769535274674316927e+00
-8.623357172365546432e-14
3.414617514346896865e+00
-8.623357172365546432e-14
1.475141477677736734e+00
-8.623357172365546432e-14
4.485747858482332262e+00
-8.623357172365546432e-14
1.063116900164336620e+01
-8.623357172365546432e-14
1.273781438337605998e+01
-8.623357172365546432e-14
1.558703890642957468e+01
-8.623357172365546432e-14
9.076115679920576440e+00
-8.623357172365546432e-14
1.057262634152125536e+01
-8.623357172365546432e-14
2.699484418627092808e+01
-8.623357172365546432e-14
3.385457482118812322e+01
-8.623357172365546432e-14
3.958262909085500070e+01
-8.623357172365546432e-14
3.697670163059035531e+01
-8.623357172365546432e-14
4.310965741646302263e+01
-8.623357172365546432e-14
4.805194898563156158e+01
-8.623357172365546432e-14
3.429598202659554573e+01
-8.623357172365546432e-14
1.336063705646228783e+01
-8.623357172365546432e-14
1.259268200923302672e+01
6.677869975063352014e-04
2.254626980398776936e+01
3.116339322005875611e-03
4.057807690859682026e+01
1.357833561759660100e-02
5.452146941828992510e+01
4.429653750676874197e-02
6.349519109191330557e+01
9.638392331884408637e-02
7.561240875886183233e+01
1.535910094457829944e-01
8.236618385682795918e+01
2.005586949429959409e-01
8.680563181681073104e+01
2.522008894233450094e-01
9.537511976122586077e+01
2.753508386731598478e-01
4.927399919122247951e+01
5.075181181683423998e-02
1.552916403330505446e+01
1.346703778473930246e-01
1.525381319463182628e+01
7.367916540077984466e-02
1.535487162693389074e+01
1.050651542875429556e-01
4.335718379690331403e+01
2.729022863486650352e-01
5.083995970057259228e+01
2.909325352836176215e-01
7.064073456179930588e+01
6.535408749753506275e-01
7.894778221616138580e+01
5.796391139086534139e-01
8.728688364640775887e+01
7.485892242990913603e-01
1.073759198949277476e+02
1.213146378956337035e+00
9.925807855654977629e+01
9.097484863843043890e-01
1.361047843182758470e+02
2.020946050375179048e+00
1.421778618700311938e+02
2.443210028518345567e+00
1.519711807853641687e+02
3.110997026109010744e+00
1.679439779807354114e+02
3.468263069820018085e+00
1.830230535776643706e+02
4.322140044072614984e+00
1.457465155851557768e+02
2.024062389697270703e+00
1.950107205670802557e+02
4.605949518048649161e+00
1.209115171447588750e+02
2.316998285973700611e+00
1.285779344727654916e+02
1.614931555840052546e+00
8.261215206760724072e+01
3.435986698269799522e+00
1.615272127208866380e+02
6.097785670666200808e+00
2.254598042962219040e+02
7.515942657882914268e+00
7.822033958011924426e+01
2.368195289122323022e+00
9.284532001868660700e+01
5.912808672333583537e+00
2.388266740313283947e+02
1.081859455230049072e+01
2.379663417827658236e+02
1.320682345135056579e+01
2.600184492085365946e+02
9.892373986642230221e+00
2.248318619228207353e+02
7.955791693629293171e+00
2.590548325710131508e+02
1.334082604220044033e+01
1.751881313305989636e+02
4.147847637701448598e+00
1.302242520174924607e+02
3.615398804955827661e+00
1.196979255744707444e+02
2.232857124277279226e+00
1.023788697919568023e+02
5.385702135568681825e+00
1.400807881019306080e+02
6.557890912006168804e+00
1.996024239625136829e+02
8.291688553417401408e+00
1.616004466949557639e+02
1.259824690087961585e+01
3.161909106805364900e+02
1.179957365176117712e+01
1.780812071998275314e+02
1.753007647375254763e+01
3.027013907335391423e+02
2.828767981360646289e+01
1.953314809215896730e+02
1.516989462860125748e+01
2.646889514696855485e+02
2.040178315905828299e+01
3.244623430283604080e+02
2.472904290344579437e+01
2.529323387814360728e+02
1.696156714313703162e+01
2.454066019142551340e+02
1.942058146393172890e+01
3.286413540592826621e+02
3.040567757429818485e+01
3.373377215332401988e+02
3.363286953798802159e+01
1.797967519966379939e+02
9.329652143339162151e+00
3.463232407771542398e+02
2.955625251336287107e+01
1.146031559741856398e+02
2.526839220183320123e+01
2.737414720090246760e+02
7.698916295222742789e+00
1.011047322005538120e+02
6.617991741789323257e+00
1.736039179766479776e+02
1.350309828261497458e+01
2.082743059132261010e+02
2.144375347096558215e+01
1.447225755221834049e+02
1.178777608147040468e+01
2.104101113271869394e+02
1.760664938280961067e+01
1.463702286409054523e+02
1.595921885975343635e+01
2.325443565536612880e+02
3.758728154205409311e+01
4.346213765335803032e+02
5.412079721973554314e+01
4.386695013129748872e+02
5.410855445811304776e+01
4.035979959865104547e+02
4.418924639590128578e+01
2.777432968899197476e+02
2.224732382473302295e+01
3.645812050782806182e+02
5.109193799433013083e+01
4.420493939034470259e+02
5.037896407656918996e+01
3.229734006193989444e+02
4.696701771021259475e+01
2.692721962298161884e+02
2.603278571840863620e+01
2.717425629295699423e+02
4.109494404473199580e+01
2.981406281356607906e+02
5.952007769092193001e+01
3.104940198040905557e+02
4.716468266149941968e+01
4.033295456134790697e+02
7.184898383610669725e+01
4.646949413744099502e+02
9.517456106628283408e+01
4.967549499374061952e+02
6.247592553792410541e+01
3.002040899582159454e+02
5.499582078224516835e+01
4.597261609210036113e+02
1.132248436111585193e+02
4.806428078552043530e+02
5.439637065407463723e+01
4.981630901196591026e+02
1.031307979512439204e+02
5.093828020618456662e+02
5.470110412064185113e+01
4.160582335745546629e+02
8.397087601203833174e+01
4.499575501245814166e+02
8.571157411909136670e+01
5.200039542585253685e+02
1.237988055266750536e+02
5.643835199487398313e+02
1.498645354036315211e+02
5.998971002676092894e+02
1.566908766886691353e+02
5.915210479568291930e+02
1.422350689561582158e+02
5.725921803187902697e+02
1.686789888694167985e+02
5.926215609288590258e+02
1.214277164938964120e+02
2.835169832710885771e+02
1.371211561286087885e+02
5.474012514086773535e+02
1.312330555751860288e+02
3.044480989235703419e+02
7.498468898112660952e+01
4.191247114674911245e+02
8.087011838655902807e+01
5.340450662655323413e+02
9.691169764268204290e+01
5.131542404285718249e+02
1.388447143693903740e+02
5.261424749360444366e+02
1.314280493784825410e+02
5.719702480283675641e+02
1.511996642074810779e+02
5.725178333663918693e+02
1.738659130753694342e+02
6.123021341305193346e+02
1.820892647593666993e+02
6.075991329021539968e+02
1.802116703178076023e+02
6.011293898738297230e+02
1.697111649720261255e+02
6.203899250540054027e+02
1.711469070168460291e+02
6.005978314237474933e+02
1.625743027331087944e+02
5.618319058309458569e+02
1.597017056651396558e+02
5.827616859094326855e+02
1.625373518525754548e+02
5.955584881442625829e+02
1.703362136017709929e+02
5.060634554924882877e+02
1.104717804157580758e+02
4.796665032647268276e+02
1.155994941745909586e+02
5.125794984193121309e+02
1.814628805556266400e+02
6.250924810910391898e+02
1.969212591671871735e+02
6.141231892729490482e+02
1.862288763574313180e+02
6.178265133659209596e+02
1.716844755499065514e+02
4.042426330348515648e+02
6.620039621915310590e+01
2.543360270503716833e+02
9.127735614834369926e+01
4.145855406492015618e+02
9.940365612202447210e+01
4.628440584127545776e+02
