1.133325799134365042e+02
4.376566910332955445e+02
7.435140431174480113e+01
7.955502319263715094e+01
3.069193560059872894e+01
3.060343156385142152e+02
7.321750198983582436e+01
4.368159472033288466e+02
1.088141104920722171e+02
5.053277768168092621e+02
1.418121371910173707e+02
5.380526786337400154e+02
1.237088768776661567e+02
4.145134196534617672e+02
1.064904343361225330e+02
4.771019785983127690e+02
1.293892956748382232e+02
4.981297007697795607e+02
1.277532175307410824e+02
4.794076245053276466e+02
1.464274357270323321e+02
5.539595875120154460e+02
1.282193328550593776e+02
5.352802496154091614e+02
1.598303659600088054e+02
5.779324729385230057e+02
1.146260833277696207e+02
4.765363630113534441e+02
1.560328839003764472e+02
5.682315312245231098e+02
1.457609843034368282e+02
5.517639038639371165e+02
1.516822516110732977e+02
5.612745262836235725e+02
1.501332083723287951e+02
5.604208719050370746e+02
1.452868555351474811e+02
5.381655346363328363e+02
1.344529018819023918e+02
5.405517601743899831e+02
1.027036368684517242e+02
2.293830529070670252e+02
1.941791031594136641e+01
1.613079559900110951e+02
4.861444823326876019e+01
3.493285048619781037e+02
7.264877006355447975e+01
4.445144183072200690e+02
8.829501941710377366e+01
4.337203092781644500e+02
8.563566899703187119e+01
3.708539509423156915e+02
4.106289026884763160e+01
3.342707984489718456e+02
7.111887005207424295e+01
4.060396478453678810e+02
8.162315952417542064e+01
4.558572256526290971e+02
9.343163700257122173e+01
4.696127474203335623e+02
9.600439770862215028e+01
4.502313427935936829e+02
6.509654431213570547e+01
3.481300497969687626e+02
6.286346459219255678e+01
4.090569320961485005e+02
7.708287572755648398e+01
4.001027988411210572e+02
5.344076746052238747e+01
3.131204260656145379e+02
4.009393133534359777e+01
2.431060757075553340e+02
2.511992089270220063e+01
1.761553094987760062e+02
2.143841117498485360e+01
2.080592785000019092e+02
3.599193840480998574e+01
2.447259043680444393e+02
2.018208123685095146e+01
2.227465857250109309e+02
4.071007613845390694e+01
1.659274838436773791e+02
1.065721269454940590e+01
1.871368440784887071e+02
4.730558571799107881e+01
2.785515417526702890e+02
2.564702742946710501e+01
1.544337566368127170e+02
1.719150846597408488e+01
1.147977045861504166e+02
1.579049134502886886e+01
2.061431750082483916e+02
2.555887954578514609e+01
1.499050478148186585e+02
1.479014642263804546e+01
5.395696680965996705e+01
8.122738443026959132e+00
9.923693196829270846e+01
6.121603406913597389e+00
1.669289417443975481e+02
1.944751553950121448e+01
2.363952615731008109e+02
2.131576096309403923e+01
1.944030343992728262e+02
2.060278704533307348e+01
2.534983995597271189e+02
2.434729133648981048e+01
2.451312510755818721e+02
2.345868943836249088e+01
1.854308708953104201e+02
1.392758821741676734e+01
2.054669293753549368e+02
2.087524414035006259e+01
3.263105548420253967e+02
3.209807242185880227e+01
3.038232728894915340e+02
1.933666289790116721e+01
5.472492185688923882e+01
1.393293051339748700e+01
2.611757240753611882e+02
1.671003404071121423e+01
1.335912340593445435e+02
9.152020801980034648e+00
2.029311195498373763e+02
1.278856619519295279e+01
3.297131521904154283e+01
1.668354515647304082e+00
1.145007619678884936e+02
4.541841966279945630e+00
7.425101366644032908e+01
5.989158985724781559e+00
8.786941650397270109e+01
4.671170048146681353e+00
4.569198973614614800e+01
2.222840319313418966e+00
7.955279723597847408e+01
2.345045339872510404e+00
4.965152144052706262e+01
2.923571475451894219e+00
8.440983466512123812e+01
2.336141513237975254e+00
4.861422563760290672e+01
3.515898542314822350e+00
1.078990197097070904e+02
4.974122749386967968e+00
1.262161944579528594e+01
1.069126983142612008e+00
4.342485287932583304e+01
1.243864580845504664e+00
8.956025318187225537e+01
5.544190249663532022e+00
1.831848806267471161e+02
7.188059242065892640e+00
1.218274983097873445e+02
5.184920844959753694e+00
5.188170741681403086e+01
1.045754438226935479e+00
7.594296332266922889e+01
3.105209538796556146e+00
1.409640477040772453e+02
2.867254771988413165e+00
1.105873075663412806e+02
2.536477612515170232e+00
1.470495906131210404e+02
3.320459547686613444e+00
1.176507132355236394e+02
1.658337710683443156e+00
1.299847390810232355e+02
2.458791725128791850e+00
1.139560703735203475e+02
1.552827365064117560e+00
1.057004423179727581e+02
1.466905438040791099e+00
1.081757061223755159e+02
1.321105276900156333e+00
1.059784643046363612e+02
6.172577814395976414e-01
2.811093885491078836e+01
2.967200225960755500e-01
3.562309738647407187e+01
3.301093724756057335e-01
2.853097687639532865e+01
1.259891468787167901e-01
2.648465492011167655e+01
2.172533698827756599e-01
7.524957782350423940e+01
3.385680077784096742e-01
8.426537007797584522e+01
8.748009668431222519e-02
5.450076802136461396e+01
3.071820188910250049e-02
2.063127929056359733e+01
5.431334247063612092e-02
3.883003314457032218e+01
3.405713687704720743e-02
2.171020048300426453e+01
4.897104648917399196e-03
1.160346687013538336e+01
5.787487312373154266e-03
9.317409381716673877e+00
1.112978329232699190e-03
2.755222373359327648e+01
-8.623357172365546432e-14
8.289907788090490115e+00
-8.623357172365546432e-14
6.056605472481445318e+00
-8.623357172365546432e-14
1.786686371620410441e+01
-8.623357172365546432e-14
4.645126355240638105e+00
-8.623357172365546432e-14
1.352246410554509204e+01
-8.623357172365546432e-14
6.749990971646415261e+00
-8.623357172365546432e-14
8.246056441915367685e+00
-8.623357172365546432e-14
2.307159557542578199e+01
-8.623357172365546432e-14
1.802223549097687538e+01
-8.623357172365546432e-14
5.499225925159100470e+00
-8.623357172365546432e-14
6.597512940529882464e+00
-8.623357172365546432e-14
3.124575361726686040e+00
-8.623357172365546432e-14
5.864505412841189091e+00
-8.623357172365546432e-14
5.280414385615221917e+00
-8.623357172365546432e-14
8.449508880514668974e+00
-8.623357172365546432e-14
3.462252986841698910e+00
-8.623357172365546432e-14
2.991908344872012737e+00
-8.623357172365546432e-14
7.476988416356418199e-01
-8.623357172365546432e-14
1.764738438966221956e+00
-8.623357172365546432e-14
3.362752724200694043e+00
-8.623357172365546432e-14
2.205477857376062278e+00
-8.623357172365546432e-14
2.037195533983215068e+00
-8.623357172365546432e-14
2.232634528611416425e+00
-8.623357172365546432e-14
2.963638695307329929e+00
-8.623357172365546432e-14
1.224943949247108366e+00
-8.623357172365546432e-14
1.078253405443023949e+00
-8.623357172365546432e-14
1.180202220408524072e+00
-8.623357172365546432e-14
9.017350424132087872e-01
-8.623357172365546432e-14
4.799162556017695924e-01
-8.623357172365546432e-14
2.978330009253662425e-01
-8.623357172365546432e-14
8.124741804012501623e-02
-8.623357172365546432e-14
6.099121244654066853e-02
-8.623357172365546432e-14
-8.623357172365546432e-14
-8.623357172365546432e-14
-8.623357172365546432e-14
-8.623357172365546432e-14
-8.623357172365546432e-14
-8.623357172365546432e-14
-8.623357172365546432e-14
-8.623357172365546432e-14
-8.623357172365546432e-14
-8.623357172365546432e-14
-8.623357172365546432e-14
-8.623357172365546432e-14
-8.623357172365546432e-14
-8.623357172365546432e-14
-8.623357172365546432e-14
-8.623357172365546432e-14
-8.623357172365546432e-14
-8.623357172365546432e-14
-8.623357172365546432e-14
-8.623357172365546432e-14
-8.623357172365546432e-14
-8.623357172365546432e-14
-8.623357172365546432e-14
-8.623357172365546432e-14
-8.623357172365546432e-14
-8.623357172365546432e-14
-8.623357172365546432e-14
-8.623357172365546432e-14
-8.623357172365546432e-14
-8.623357172365546432e-14
-8.623357172365546432e-14
-8.623357172365546432e-14
-8.623357172365546432e-14
-8.623357172365546432e-14
-8.623357172365546432e-14
-8.623357172365546432e-14
-8.623357172365546432e-14
-8.623357172365546432e-14
-8.623357172365546432e-14
-8.623357172365546432e-14
-8.623357172365546432e-14
-8.623357172365546432e-14
-8.623357172365546432e-14
-8.623357172365546432e-14
-8.623357172365546432e-14
-8.623357172365546432e-14
-8.623357172365546432e-14
-8.623357172365546432e-14
-8.623357172365546432e-14
-8.623357172365546432e-14
-8.623357172365546432e-14
-8.623357172365546432e-14
-8.623357172365546432e-14
-8.623357172365546432e-14
-8.623357172365546432e-14
-8.623357172365546432e-14
-8.623357172365546432e-14
-8.623357172365546432e-14
-8.623357172365546432e-14
-8.623357172365546432e-14
-8.623357172365546432e-14
-8.623357172365546432e-14
-8.623357172365546432e-14
-8.623357172365546432e-14
-8.623357172365546432e-14
-8.623357172365546432e-14
-8.623357172365546432e-14
-8.623357172365546432e-14
-8.623357172365546432e-14
-8.623357172365546432e-14
-8.623357172365546432e-14
-8.623357172365546432e-14
-8.623357172365546432e-14
-8.623357172365546432e-14
-8.623357172365546432e-14
-8.623357172365546432e-14
-8.623357172365546432e-14
-8.623357172365546432e-14
-8.623357172365546432e-14
-8.623357172365546432e-14
-8.623357172365546432e-14
-8.623357172365546432e-14
-8.623357172365546432e-14
-8.623357172365546432e-14
-8.623357172365546432e-14
-8.623357172365546432e-14
-8.623357172365546432e-14
-8.623357172365546432e-14
-8.623357172365546432e-14
-8.623357172365546432e-14
-8.623357172365546432e-14
-8.623357172365546432e-14
-8.623357172365546432e-14
-8.623357172365546432e-14
-8.623357172365546432e-14
-8.623357172365546432e-14
-8.623357172365546432e-14
-8.623357172365546432e-14
-8.623357172365546432e-14
-8.623357172365546432e-14
-8.623357172365546432e-14
-8.623357172365546432e-14
-8.623357172365546432e-14
-8.623357172365546432e-14
-8.623357172365546432e-14
-8.623357172365546432e-14
-8.623357172365546432e-14
-8.623357172365546432e-14
-8.623357172365546432e-14
-8.623357172365546432e-14
-8.623357172365546432e-14
-8.623357172365546432e-14
-8.623357172365546432e-14
-8.623357172365546432e-14
-8.623357172365546432e-14
-8.623357172365546432e-14
-8.623357172365546432e-14
-8.623357172365546432e-14
-8.623357172365546432e-14
-8.623357172365546432e-14
-8.623357172365546432e-14
-8.623357172365546432e-14
-8.623357172365546432e-14
-8.623357172365546432e-14
-8.623357172365546432e-14
-8.623357172365546432e-14
-8.623357172365546432e-14
-8.623357172365546432e-14
-8.623357172365546432e-14
-8.623357172365546432e-14
-8.623357172365546432e-14
-8.623357172365546432e-14
-8.623357172365546432e-14
-8.623357172365546432e-14
-8.623357172365546432e-14
-8.623357172365546432e-14
-8.623357172365546432e-14
-8.623357172365546432e-14
-8.623357172365546432e-14
-8.623357172365546432e-14
-8.623357172365546432e-14
-8.623357172365546432e-14
-8.623357172365546432e-14
-8.623357172365546432e-14
-8.623357172365546432e-14
-8.623357172365546432e-14
-8.623357172365546432e-14
-8.623357172365546432e-14
-8.623357172365546432e-14
-8.623357172365546432e-14
-8.623357172365546432e-14
-8.623357172365546432e-14
1.043973672899383004e-01
-8.623357172365546432e-14
8.703490535257533967e-02
-8.623357172365546432e-14
1.326670168546047468e-01
-8.623357172365546432e-14
1.725116410441927539e-01
-8.623357172365546432e-14
3.089627842185552753e-01
-8.623357172365546432e-14
6.640028712709340475e-01
-8.623357172365546432e-14
1.231844414888864092e+00
-8.623357172365546432e-14
1.478480412665697852e+00
-8.623357172365546432e-14
3.718238002584786539e+00
-8.623357172365546432e-14
3.350287366912330977e+00
-8.623357172365546432e-14
2.705205127239751928e+00
-8.623357172365546432e-14
2.394016386362493254e+00
-8.623357172365546432e-14
2.970093969617377372e+00
-8.623357172365546432e-14
4.294092990173805191e+00
-8.623357172365546432e-14
2.005364353764732321e+00
-8.623357172365546432e-14
2.088837728463555088e+00
-8.623357172365546432e-14
1.560840809035207943e+00
-8.623357172365546432e-14
1.677258342281843007e+00
-8.623357172365546432e-14
3.967322552686109560e+00
-8.623357172365546432e-14
3.906999127237083869e+00
-8.623357172365546432e-14
7.651948609725539363e+00
-8.623357172365546432e-14
1.228549999034131446e+01
-8.623357172365546432e-14
1.147636474492729519e+01
-8.623357172365546432e-14
1.528497658785272861e+01
-8.623357172365546432e-14
1.668198698681239733e+01
-8.623357172365546432e-14
1.479036901830390782e+01
-8.623357172365546432e-14
1.013811960175559790e+01
-8.623357172365546432e-14
8.993087496553460625e+00
-8.623357172365546432e-14
7.374817005725416763e+00
-8.623357172365546432e-14
6.599738897188514919e+00
-8.623357172365546432e-14
1.312557603331037370e+01
-8.623357172365546432e-14
6.850826808282604929e+00
-8.623357172365546432e-14
1.416242664490281733e+01
-8.623357172365546432e-14
1.585215034447307048e+01
2.225956658550121842e-03
1.057129076752606700e+01
1.780765326825270965e-03
3.071397257151921778e+01
1.135237895896327662e-02
4.432836868706598921e+01
7.568252639353184597e-02
3.566628094565159302e+01
8.614452268912560495e-02
3.791605534053457660e+01
1.164175332465728213e-01
4.432480715641218438e+01
9.549354065539285286e-02
3.811861739647039826e+01
6.766908242245577021e-02
3.891261613660569907e+01
9.304498833090689425e-02
7.685271180905355948e+01
3.706217836627624385e-01
9.607429274770332484e+01
3.439103037591426104e-01
1.030827172874174096e+02
6.949436688259678085e-01
1.110808021575607398e+02
6.043472328195133025e-01
1.083248452185040804e+02
6.381817740307732523e-01
1.254021621078902484e+02
9.242172046654429929e-01
7.129650139343335979e+01
3.813063756242252578e-01
8.863870712519708661e+01
7.205421704002882288e-01
6.461106316488731238e+01
5.880977492114661809e-01
1.244416618096889522e+02
1.483377517314689698e+00
5.389797895820611728e+01
4.990594828660480653e-01
2.244231762802949248e+01
1.544813921092586528e-01
5.579939113601261624e+01
4.120245775134019905e-01
1.109603779023285881e+02
1.778316774583899251e+00
5.784482270963282247e+01
1.762512482307588835e+00
1.406795704431036143e+02
4.549632814585169882e+00
1.941566209971618377e+02
4.079510768281342514e+00
5.001368458888705248e+01
1.254326577141091414e+00
1.095765006476548535e+02
1.296174562323440194e+00
3.859853365207221998e+01
1.039966950914487986e+00
6.357777408394870378e+01
2.463243638446056316e+00
1.976502599728903249e+02
6.688109376536345074e+00
2.089220593008890603e+02
2.938262789398889296e+00
3.744749146389175820e+01
7.810881915151719479e-01
6.203741207617291309e+01
3.145054162986134827e+00
1.286346963675607640e+02
6.275417012025319430e+00
2.725345583087125192e+02
1.191242965435399803e+01
2.056819567885791287e+02
8.777614891997542301e+00
1.960504649223289277e+02
6.170797049069442153e+00
1.202337133422043109e+02
2.294070932389762341e+00
1.315324467457725177e+02
7.916837452103171913e+00
1.735589536521435150e+02
6.552326020359577008e+00
1.166813091106878062e+02
4.280069463224402959e+00
1.986054179751108109e+02
1.012765760546001204e+01
2.220870347670573040e+02
9.481239791792242855e+00
1.558890871002286644e+02
5.569120964240253713e+00
1.832011301103551943e+02
1.275295088865477844e+01
3.175416211809966285e+02
2.340437609589179146e+01
3.202561753262025945e+02
2.207970928833777080e+01
3.290660665897503918e+02
2.310031041632216642e+01
1.490854505731091137e+02
1.628131478825800116e+01
3.131665033684483319e+02
2.478268845891891559e+01
3.533140802592651539e+02
2.663067767691815035e+01
2.278003977227771770e+02
1.518191479455790116e+01
2.392636293234185985e+02
1.555320436521830807e+01
3.473551942840977631e+02
3.791271640554660394e+01
4.027632622395223052e+02
2.741443701642374364e+01
1.178664084357453561e+02
1.097819564472465004e+01
2.602666433759742404e+02
1.403131779770918719e+01
2.124232665292568640e+02
9.855200510443015816e+00
1.239902377993177254e+02
1.538158310683750329e+01
2.134912805340701993e+02
1.073823751692373918e+01
2.001827308634200335e+02
2.328617779731823489e+01
3.488212093394750468e+02
5.385368242069927192e+01
3.806216713560742733e+02
4.535854142868254257e+01
3.992934410000410708e+02
5.090362206100957110e+01
4.110119898294280461e+02
5.486092780873184438e+01
4.584119561097451765e+02
6.446748896040533339e+01
4.335535851244326295e+02
3.569722174320664010e+01
2.203463366600043400e+02
2.801210637926738656e+01
2.653157808647573574e+02
5.337554693042434195e+01
4.782129535666380207e+02
7.020244369571399545e+01
4.849460272676785735e+02
7.471913235175139789e+01
4.593960515485279643e+02
6.184353125120574646e+01
4.900839804271412277e+02
8.433704588238389022e+01
5.305356229975276392e+02
1.016888232277797499e+02
5.487000971189914935e+02
1.093743837830507459e+02
5.525888434016277415e+02
1.053153518160288087e+02
5.471049765774131401e+02
1.100913644227972839e+02
5.241313230949673425e+02
8.281337854954783495e+01
4.727834000848940263e+02
5.636433893597430256e+01
1.893863958777058372e+02
5.830047603765552111e+01
3.627759542281272616e+02
6.715110230805636604e+01
5.156793656621279069e+02
1.145808964075993259e+02
4.616901224809178075e+02
5.612104187318546167e+01
2.935836496641020403e+02
4.387672208102884497e+01
2.386234441883949273e+02
2.318467417368444572e+01
1.377063601341641288e+02
1.470377930428299251e+01
1.723896586193622511e+02
3.759863392101312485e+01
3.539413548456685703e+02
7.788310714633595921e+01
4.994421248157109403e+02
1.100940355707876108e+02
4.618319159200728450e+02
8.316396672328298223e+01
4.481402791084717023e+02
1.336929602786442217e+02
6.169394696374545219e+02
1.680826550805683723e+02
5.937701545647149715e+02
1.557283730294751365e+02
6.038187907087933581e+02
1.583772614532514638e+02
4.890653826601496803e+02
8.534006195276508322e+01
4.721447731195315782e+02
7.152466195094351065e+01
3.024888118726393600e+02
8.282784726782900009e+01
4.682847416777916578e+02
1.464599346942484317e+02
6.100294323820522777e+02
1.828042420381204352e+02
5.705518684454849563e+02
9.581585917963572285e+01
2.987623378304176640e+02
7.214659424136625887e+01
4.136230369900074493e+02
1.001295405884055896e+02
4.581653201119685832e+02
9.522108356044832078e+01
3.918527356772200392e+02
9.334215354489400340e+01
4.874889601545039000e+02
1.493429937585132450e+02
6.134202321601520680e+02
1.884194403051945699e+02
5.055546018003242921e+02
8.303975834173108694e+01
1.907112852809256935e+02
3.871383820698953571e+01
2.904225686131736666e+02
4.941824118270205446e+01
3.942765798828084485e+02
1.018223806272979317e+02
4.688220876151861489e+02
9.804671294292025152e+01
4.732455086872265611e+02
1.669280513617340773e+02
5.385132290664115544e+02
1.325034090402693607e+02
5.385112257054187239e+02
1.538904006164397913e+02
5.479944688582038452e+02
1.548074947597976347e+02
5.487860190460147578e+02
1.359819115107191294e+02
4.970895112231991106e+02
1.380427021852839289e+02
5.391422844181420260e+02
1.770163095343363295e+02
5.490600343106926857e+02
1.503121752876831465e+02
5.060452026478873790e+02
1.544317532758199434e+02
5.692336569122408036e+02
1.034909577386111295e+02
1.781971795417424573e+02
7.783881060882910674e+01
5.131462269846007302e+02
